   6 126  0
   6 135  0
   7 101  0
   7 128  0
   9 132  0
  10  88  0
  14 156  0
  15 110  0
  15 126  0
  15 131  0
  15 133  0
  16 129  0
  17  90  0
  19 125  0
  19 151  0
  20 164  0
  21 180  0
  22 167  0
  22 169  0
  24 174  0
  25 138  0
  26 175  0
  30  80  0
  30 138  0
  30 154  0
  33  86  0
  33  90  0
  36  88  0
  36 127  0
  47 131  0
  53 147  0
  54 135  0
  56 135  0
  56 142  0
  58 132  0
  78  37  0
  83 129  0
  93 134  0
 109  27  0
 122 235  0
 130 231  0
 131 239  0
 131 244  0
 138  24  0
 138 186  0
 138 197  0
 139 236  0
 141 172  0
 142  92  0
 143 171  0
 144  93  0
 145 172  0
 147 193  0
 147 207  0
 147 210  0
 147 224  0
 148 171  0
 149 252  0
 157  14  0
 158 237  0
 159 239  0
 160   7  0
 160 246  0
 163  14  0
 163 143  0
 164  12  0
 164  16  0
 164  17  0
 167  17  0
 167  98  0
 167 176  0
 169  22  0
 169 177  0
 170  21  0
 171  10  0
 172  23  0
 172  24  0
 173 251  0
 173 252  0
 173 253  0
 174  35  0
 174  36  0
 177 253  0
 178  38  0
 180 112  0
 181 134  0
 182 254  0
 184 134  0
 186 135  0
 186 252  0
 201 198  0
 203 100  0
 204 139  0
 212  89  0
 224  24  0
 230  61  0
 231 105  0
 232 155  0
 234 153  0
 234 156  0
 236 154  0
 239 141  0
 239 144  0
 242 140  0
 245 165  0
 248 218  0
 250 170  0
 252 135  0
 258 174  0
 259 131  0
 259 135  0
 261 139  0
 265 138  0
 272 135  0
 277 142  0
 277 174  0
 278  80  0
 279 139  0
 279 142  0
 279 148  0
 279 153  0
 279 156  0
 280  87  0


count = 123