   5 151  0
   8 118  0
  11 103  0
  11 105  0
  11 108  0
  11 110  0
  11 164  0
  12 121  0
  12 167  0
  13 132  0
  14  95  0
  14 130  0
  15 127  0
  16 175  0
  17  90  0
  17 136  0
  20 188  0
  21 194  0
  28  68  0
  32  77  0
  53 132  0
  75  44  0
  79 239  0
  99 131  0
 104 245  0
 118  14  0
 157   8  0
 160  15  0
 160  16  0
 175 176  0
 177 177  0
 177 239  0
 179 236  0
 196 134  0
 214 126  0
 216 130  0
 228 134  0
 231 239  0
 233 211  0
 234 221  0
 236 220  0
 236 223  0
 236 226  0
 237 216  0
 239 219  0
 263 170  0
 267 201  0
 276 196  0
 279 108  0
 279 120  0
 280 123  0
 280 126  0


count = 52