   5 139  0
   5 169  0
   6 117  0
   6 133  0
   7 120  0
   8  78  0
   9  76  0
   9 122  0
   9 132  0
  11  73  0
  12  76  0
  12 179  0
  14 130  0
  15 125  0
  15 180  0
  25 131  0
  35 131  0
  36 128  0
  36 135  0
  39 136  0
  70  89  0
  70  98  0
  72 163  0
  74  89  0
  86 123  0
  88 125  0
  88 158  0
  88 227  0
  94 150  0
  96 148  0
  99 232  0
 102 134  0
 105 134  0
 107 114  0
 111 136  0
 115 148  0
 119 219  0
 121 217  0
 127 141  0
 128 212  0
 131 130  0
 132 121  0
 133 216  0
 134 220  0
 154 135  0
 156  97  0
 162 109  0
 164 108  0
 168 141  0
 172 142  0
 174  79  0
 176  77  0
 178  75  0
 181  74  0
 181 116  0
 182 114  0
 183  75  0
 187 173  0
 187 175  0
 188 179  0
 190  14  0
 190 181  0
 192 129  0
 197  79  0
 197 162  0
 199 162  0
 202 169  0
 205 168  0
 205 172  0
 208 126  0
 211 139  0
 212 132  0
 213 130  0
 214 169  0
 215 171  0
 216 174  0
 244 130  0
 246 130  0
 263 129  0
 266 131  0
 273 122  0
 275 121  0
 275 134  0
 277 168  0
 278 110  0
 279 113  0
 279 119  0
 279 167  0
 280 115  0
 280 129  0
 280 131  0
 280 136  0
 280 141  0


count = 93