   5 107  0
   5 109  0
   6 133  0
   6 137  0
   7 130  0
   8  99  0
   8 104  0
   8 142  0
   9 131  0
  10  92  0
  11  87  0
  11  89  0
  11 151  0
  14 159  0
  15 135  0
  17  78  0
  17 165  0
  23  64  0
  25  61  0
  27 176  0
  28  71  0
  28 181  0
  33  79  0
  33 132  0
  39 146  0
  43 200  0
  49  46  0
  52  51  0
  52 210  0
  53  48  0
  59  54  0
  62 217  0
  65 165  0
  72 223  0
  74 135  0
  74 138  0
  75 132  0
  80 136  0
  80 145  0
  82 198  0
  85  25  0
  87 170  0
 107  48  0
 108 163  0
 109 229  0
 113  67  0
 117 111  0
 118 137  0
 122  88  0
 123  62  0
 125  60  0
 125  63  0
 125 218  0
 127  61  0
 127 246  0
 128 135  0
 130 239  0
 131  39  0
 131  41  0
 131 135  0
 131 234  0
 132   9  0
 133 239  0
 134  43  0
 134 166  0
 137  92  0
 137  94  0
 140  51  0
 144  67  0
 145  91  0
 146  66  0
 147  95  0
 151  66  0
 151  94  0
 154  96  0
 162 149  0
 164 151  0
 165  56  0
 167 154  0
 168 208  0
 173 251  0
 175  98  0
 177  96  0
 177 135  0
 178 124  0
 179 134  0
 179 229  0
 180  95  0
 182  94  0
 182 129  0
 183 238  0
 184 235  0
 185 137  0
 186 129  0
 193 135  0
 194 138  0
 196 132  0
 198 134  0
 202 228  0
 204 155  0
 205 168  0
 206  95  0
 211 128  0
 217 202  0
 218 129  0
 220 132  0
 223 132  0
 230  96  0
 231 115  0
 233 117  0
 247 152  0
 248 168  0
 257  75  0
 264 147  0
 264 190  0
 266 123  0
 269  84  0
 270 147  0
 270 149  0
 271 115  0
 273 113  0
 275 118  0
 275 123  0
 275 125  0
 275 180  0
 276 114  0
 277 118  0
 277 122  0
 277 129  0
 279 103  0
 280 167  0


count = 131