   5 107  0
   5 109  0
   6 133  0
   6 137  0
   8  99  0
   8 142  0
  10  92  0
  11  87  0
  11  89  0
  14 159  0
  15 135  0
  17  78  0
  17 165  0
  25  61  0
  27 176  0
  28 181  0
  33  79  0
  43 200  0
  52  51  0
  74 135  0
  82 198  0
 122  88  0
 123  62  0
 125  63  0
 131 234  0
 134 166  0
 137  94  0
 173 251  0
 180  95  0
 186 129  0
 193 135  0
 194 138  0
 198 134  0
 266 123  0
 269  84  0
 271 115  0
 273 113  0
 275 123  0
 275 180  0
 276 114  0
 277 118  0
 277 122  0
 277 129  0
 279 103  0


count = 44