   5  83  0
   6 118  0
   6 132  0
   7 140  0
   7 146  0
   7 148  0
   8  75  0
   9 118  0
   9 131  0
   9 140  0
  10 160  0
  11  74  0
  12 118  0
  14  62  0
  14 169  0
  15 130  0
  15 148  0
  17 122  0
  17 124  0
  18 128  0
  19 119  0
  19 126  0
  21 148  0
  22  50  0
  22 118  0
  22 129  0
  24 118  0
  24 132  0
  25 124  0
  26 117  0
  30 180  0
  34 130  0
  41 129  0
  44 132  0
  46  80  0
  51 193  0
  51 195  0
  57 128  0
  59  93  0
  60 182  0
  68  94  0
  68  96  0
  69  92  0
  76 206  0
  77 211  0
  79  19  0
  79  89  0
  79 201  0
  80  66  0
  80  97  0
  81 100  0
  81 206  0
  81 216  0
  83 211  0
  83 213  0
  83 218  0
  83 220  0
  87  51  0
  87 206  0
  88 110  0
  89 112  0
  90 110  0
  91  19  0
  91  23  0
  93  17  0
  93  20  0
  93 112  0
  94  86  0
  94 133  0
  94 207  0
  95 211  0
  98 117  0
  99 133  0
 100 131  0
 101 123  0
 103 125  0
 103 134  0
 105 126  0
 108 117  0
 108 207  0
 111 135  0
 113 142  0
 113 213  0
 114  55  0
 117 132  0
 118 125  0
 118 209  0
 121 131  0
 121 140  0
 121 242  0
 126 173  0
 127 136  0
 127 175  0
 128 127  0
 128 129  0
 129 135  0
 130  76  0
 130 127  0
 132  36  0
 132 128  0
 134  89  0
 134 129  0
 136  30  0
 136  39  0
 136 130  0
 137  34  0
 137  35  0
 138  32  0
 140  10  0
 141  46  0
 141  47  0
 141 131  0
 141 132  0
 143  44  0
 146 132  0
 147 165  0
 148  78  0
 148 129  0
 148 130  0
 150 196  0
 151  59  0
 151 179  0
 151 198  0
 152 131  0
 153  47  0
 153 128  0
 154  49  0
 155 121  0
 155 149  0
 157 121  0
 158 123  0
 158 186  0
 160 130  0
 162 119  0
 162 133  0
 162 171  0
 163 138  0
 163 202  0
 165 119  0
 166 116  0
 166 129  0
 166 140  0
 166 162  0
 166 165  0
 167 137  0
 168 117  0
 169  86  0
 170 141  0
 171 116  0
 171 127  0
 171 184  0
 172 112  0
 172 114  0
 173 118  0
 173 126  0
 173 138  0
 174  33  0
 175  76  0
 175  81  0
 175  86  0
 175  88  0
 175  90  0
 176  98  0
 176 103  0
 176 138  0
 176 140  0
 176 221  0
 178 101  0
 179  72  0
 179 141  0
 179 150  0
 180 105  0
 182  71  0
 182 168  0
 184  90  0
 184  99  0
 185  70  0
 185 122  0
 185 186  0
 186  86  0
 186  92  0
 186  96  0
 187  76  0
 187  82  0
 187 133  0
 189  83  0
 189  88  0
 190  72  0
 191 168  0
 192  67  0
 192 117  0
 193 178  0
 194  71  0
 194  86  0
 197 132  0
 197 138  0
 198  19  0
 199 160  0
 199 190  0
 202 181  0
 203 148  0
 203 150  0
 203 171  0
 204 169  0
 204 191  0
 205  72  0
 206 128  0
 206 167  0
 206 173  0
 208 216  0
 209 178  0
 210 175  0
 211 179  0
 213 181  0
 214 187  0
 215 129  0
 217 134  0
 219 123  0
 221 128  0
 223 128  0
 224 169  0
 224 186  0
 226  58  0
 227 122  0
 229 121  0
 233 132  0
 239 136  0
 240 131  0
 240 201  0
 241  66  0
 241 222  0
 242 202  0
 244  50  0
 244 147  0
 245 149  0
 246  58  0
 246 105  0
 247 127  0
 248  57  0
 250 107  0
 250 118  0
 251  60  0
 252 153  0
 254 132  0
 255 137  0
 257  88  0
 257 180  0
 262 131  0
 263 154  0
 265 131  0
 267 158  0
 268 192  0
 269 189  0
 270 123  0
 275 178  0
 276  98  0
 276 182  0
 277 121  0
 277 174  0
 278 131  0
 278 183  0
 279 109  0
 279 112  0
 279 136  0
 279 166  0
 280 114  0
 280 126  0
 280 131  0
 280 140  0
 280 144  0
 280 146  0
 280 149  0


count = 272