   5 151  0
   6 155  0
   8 118  0
   8 150  0
   9 143  0
   9 160  0
  11 103  0
  11 105  0
  11 108  0
  11 110  0
  11 114  0
  11 164  0
  12 116  0
  12 121  0
  12 167  0
  13 110  0
  13 132  0
  14  95  0
  14 130  0
  15 127  0
  16 116  0
  16 175  0
  17  90  0
  17 136  0
  17 171  0
  20 154  0
  20 156  0
  20 186  0
  20 188  0
  21 132  0
  21 194  0
  22 138  0
  23 132  0
  24 135  0
  25 132  0
  25 169  0
  26  71  0
  28  68  0
  28 179  0
  29 140  0
  30  70  0
  30 138  0
  31  80  0
  31 135  0
  31 205  0
  32  77  0
  34 111  0
  34 130  0
  34 136  0
  36  76  0
  38 121  0
  38 135  0
  39 137  0
  41  97  0
  41 134  0
  43  84  0
  43 130  0
  44 203  0
  44 220  0
  45  85  0
  45 121  0
  46 217  0
  46 223  0
  47 124  0
  47 145  0
  47 196  0
  48 134  0
  48 223  0
  50  44  0
  50  95  0
  50 136  0
  51 129  0
  52  41  0
  52 218  0
  53 125  0
  53 132  0
  53 138  0
  55 129  0
  58 140  0
  59 136  0
  59 154  0
  59 205  0
  61 132  0
  61 192  0
  61 205  0
  63  77  0
  63  89  0
  63 134  0
  65  80  0
  66  54  0
  66  76  0
  67 145  0
  68 161  0
  69 119  0
  70  44  0
  70 191  0
  71 118  0
  71 167  0
  72  46  0
  72 136  0
  73  68  0
  73 153  0
  75  44  0
  75 174  0
  76  69  0
  76 207  0
  77 118  0
  78 167  0
  79 239  0
  80 174  0
  82  24  0
  82 175  0
  83 240  0
  84  32  0
  84 116  0
  84 233  0
  88  47  0
  88 174  0
  89  33  0
  89 239  0
  90 237  0
  92 131  0
  93 133  0
  96 132  0
  97 127  0
  97 175  0
  99 131  0
  99 175  0
 100  45  0
 100 228  0
 101 130  0
 101 175  0
 102 231  0
 103 176  0
 103 237  0
 104 166  0
 104 245  0
 105  19  0
 105  25  0
 105 230  0
 105 233  0
 105 236  0
 106  43  0
 106 169  0
 106 173  0
 106 223  0
 108  32  0
 108  45  0
 108  88  0
 108 130  0
 108 171  0
 109 132  0
 110  87  0
 110 169  0
 112 164  0
 113  16  0
 113  88  0
 115  99  0
 115 132  0
 117  19  0
 117  28  0
 117  94  0
 118  14  0
 119  17  0
 119  95  0
 119 133  0
 119 247  0
 120 217  0
 121  24  0
 123 247  0
 124  36  0
 125  40  0
 125 241  0
 127  24  0
 128  27  0
 128  37  0
 128 129  0
 129  92  0
 129  98  0
 130 128  0
 131 160  0
 132 128  0
 133 186  0
 134 158  0
 134 166  0
 135 222  0
 137  97  0
 139  94  0
 139 132  0
 139 223  0
 141 127  0
 141 210  0
 142 228  0
 144 197  0
 144 230  0
 145 209  0
 145 245  0
 146 204  0
 146 207  0
 147 200  0
 149 199  0
 150 160  0
 150 174  0
 154  89  0
 155  13  0
 155 163  0
 155 169  0
 155 199  0
 155 200  0
 157   8  0
 157   9  0
 157 170  0
 157 212  0
 157 213  0
 157 214  0
 157 215  0
 158 169  0
 159 234  0
 160  10  0
 160  15  0
 160  16  0
 160  17  0
 160  84  0
 160 134  0
 160 225  0
 160 232  0
 160 252  0
 161   9  0
 161  67  0
 161  68  0
 161 167  0
 161 239  0
 162  60  0
 162 242  0
 164 231  0
 164 234  0
 165 225  0
 165 226  0
 165 232  0
 166  66  0
 166  83  0
 166  84  0
 167 122  0
 167 123  0
 167 201  0
 167 219  0
 167 220  0
 167 245  0
 168 253  0
 169   9  0
 169  66  0
 169 201  0
 169 202  0
 169 214  0
 170 218  0
 171  65  0
 172  66  0
 173  17  0
 173  83  0
 173  84  0
 173  85  0
 173 123  0
 173 124  0
 173 188  0
 174 121  0
 174 210  0
 175 144  0
 175 176  0
 176  84  0
 176 206  0
 176 217  0
 177 145  0
 177 177  0
 177 214  0
 177 239  0
 179  87  0
 179 199  0
 179 236  0
 180 233  0
 181 195  0
 181 198  0
 183 122  0
 183 148  0
 183 151  0
 183 244  0
 184 194  0
 184 197  0
 185 134  0
 186  36  0
 187 108  0
 187 110  0
 188  48  0
 188 105  0
 188 233  0
 189 148  0
 190  92  0
 190 233  0
 192 158  0
 193 100  0
 193 134  0
 193 188  0
 194 160  0
 195 126  0
 196  27  0
 196  63  0
 196 134  0
 197 121  0
 197 124  0
 197 149  0
 198  31  0
 198  89  0
 198  94  0
 198 134  0
 198 190  0
 199  26  0
 199  40  0
 200  33  0
 200  38  0
 202  36  0
 202 165  0
 202 213  0
 203 136  0
 203 167  0
 204  26  0
 204 140  0
 205  20  0
 205  30  0
 206  18  0
 207  71  0
 207 113  0
 207 115  0
 208  24  0
 208 118  0
 208 178  0
 210 132  0
 210 206  0
 210 232  0
 211  23  0
 211 186  0
 212  77  0
 212 115  0
 212 129  0
 213  42  0
 214 119  0
 214 126  0
 216  24  0
 216 119  0
 216 130  0
 216 146  0
 217 127  0
 217 135  0
 219  76  0
 219 134  0
 220  38  0
 220 142  0
 221 130  0
 222 151  0
 222 196  0
 224  52  0
 224 207  0
 224 234  0
 228 134  0
 228 240  0
 229 207  0
 229 235  0
 230 116  0
 230 129  0
 230 159  0
 230 237  0
 231  67  0
 231 239  0
 233  41  0
 233 211  0
 234 217  0
 234 221  0
 236  68  0
 236 137  0
 236 220  0
 236 223  0
 236 226  0
 236 228  0
 237 213  0
 237 216  0
 238 139  0
 238 222  0
 239  68  0
 239 219  0
 239 232  0
 241 124  0
 241 129  0
 241 227  0
 243  52  0
 243 123  0
 243 131  0
 244  65  0
 244 188  0
 245 114  0
 245 130  0
 245 204  0
 246  67  0
 246  74  0
 247 103  0
 247 130  0
 247 135  0
 247 201  0
 250  67  0
 250 130  0
 251  97  0
 251 100  0
 252 201  0
 253 130  0
 254 179  0
 254 186  0
 255  70  0
 255 110  0
 255 112  0
 256  62  0
 256 114  0
 257  66  0
 257  73  0
 258 161  0
 259 120  0
 260 104  0
 260 168  0
 260 174  0
 260 201  0
 261 165  0
 261 199  0
 262 131  0
 262 202  0
 263  67  0
 263 170  0
 264  74  0
 264 197  0
 265 167  0
 265 169  0
 266 135  0
 266 155  0
 266 196  0
 267 201  0
 268  74  0
 268 118  0
 268 206  0
 270 200  0
 271 127  0
 271 135  0
 271 188  0
 272 133  0
 274 130  0
 275  94  0
 275 121  0
 275 188  0
 276 136  0
 276 196  0
 279 108  0
 279 111  0
 279 120  0
 279 142  0
 280 123  0
 280 126  0
 280 182  0


count = 461