   5 139  0
   5 169  0
   6 113  0
   6 117  0
   6 133  0
   6 171  0
   7 120  0
   8  78  0
   9  76  0
   9 122  0
   9 132  0
  10  87  0
  10 119  0
  11  73  0
  12  76  0
  12 179  0
  14 114  0
  14 130  0
  15 125  0
  15 180  0
  16 134  0
  17 182  0
  20 179  0
  22 125  0
  22 128  0
  23 179  0
  25 131  0
  26 151  0
  30 125  0
  33 111  0
  34  66  0
  34 109  0
  35 126  0
  35 131  0
  36 128  0
  36 135  0
  39  51  0
  39  62  0
  39 108  0
  39 136  0
  41 131  0
  41 206  0
  41 211  0
  42 145  0
  43  78  0
  43  81  0
  43 180  0
  44 204  0
  52  38  0
  54 200  0
  57  65  0
  57  68  0
  57 125  0
  57 131  0
  59 129  0
  59 133  0
  59 187  0
  60 185  0
  63 131  0
  63 194  0
  65  73  0
  66 104  0
  66 120  0
  67  72  0
  67  88  0
  67  92  0
  68 102  0
  69  96  0
  70  89  0
  70  98  0
  70 102  0
  71 167  0
  72  87  0
  72 106  0
  72 111  0
  72 163  0
  73 102  0
  73 109  0
  74  89  0
  74 129  0
  74 158  0
  75  38  0
  76  31  0
  76 118  0
  77 129  0
  78 111  0
  79 109  0
  79 113  0
  80 167  0
  81  90  0
  81 111  0
  83  20  0
  83 118  0
  83 128  0
  83 130  0
  83 152  0
  84  93  0
  84  97  0
  84 120  0
  84 135  0
  84 167  0
  85 151  0
  85 161  0
  85 163  0
  86  21  0
  86 123  0
  87 102  0
  88  21  0
  88 105  0
  88 109  0
  88 121  0
  88 125  0
  88 158  0
  88 180  0
  88 227  0
  89  60  0
  89  95  0
  89 147  0
  90  33  0
  90 127  0
  90 143  0
  90 153  0
  90 220  0
  91 218  0
  92 111  0
  92 216  0
  93 143  0
  94 150  0
  94 210  0
  94 213  0
  95 189  0
  96  35  0
  96 109  0
  96 148  0
  97 138  0
  97 185  0
  97 224  0
  98  84  0
  99 172  0
  99 232  0
 100  21  0
 100  41  0
 100  83  0
 100 103  0
 100 193  0
 101 220  0
 101 230  0
 102 134  0
 102 147  0
 102 227  0
 103  20  0
 103  75  0
 104 215  0
 105 134  0
 107 114  0
 108  42  0
 108 132  0
 110 144  0
 111 136  0
 111 142  0
 111 205  0
 112  79  0
 112 145  0
 112 148  0
 114 141  0
 114 242  0
 115 148  0
 115 152  0
 117 141  0
 118 113  0
 119 147  0
 119 214  0
 119 219  0
 120 114  0
 121 217  0
 122  89  0
 122 129  0
 123 127  0
 125 118  0
 125 149  0
 125 165  0
 125 213  0
 125 237  0
 127 141  0
 128 171  0
 128 212  0
 128 223  0
 129  66  0
 130  86  0
 130 135  0
 131  24  0
 131 130  0
 131 183  0
 132  94  0
 132 121  0
 132 223  0
 133 213  0
 133 216  0
 134 220  0
 135  77  0
 135 164  0
 135 188  0
 135 192  0
 136  21  0
 136 115  0
 136 159  0
 137 164  0
 137 191  0
 138 125  0
 138 150  0
 139  13  0
 139 114  0
 139 188  0
 139 190  0
 139 217  0
 141 113  0
 141 247  0
 142 143  0
 142 161  0
 143   9  0
 144   7  0
 144 171  0
 145  46  0
 145  65  0
 145 114  0
 147  52  0
 147  65  0
 147 112  0
 148 148  0
 149  16  0
 149  50  0
 149  63  0
 149  65  0
 149  66  0
 150  15  0
 150  39  0
 150  40  0
 150 108  0
 150 163  0
 150 206  0
 151 219  0
 152  17  0
 152  18  0
 152 125  0
 152 208  0
 152 209  0
 153  95  0
 153 108  0
 153 132  0
 153 196  0
 154 115  0
 154 117  0
 154 135  0
 154 136  0
 155 220  0
 155 237  0
 156  95  0
 156  97  0
 156 112  0
 157  98  0
 158 129  0
 158 205  0
 162 109  0
 162 139  0
 163  94  0
 164  92  0
 164 108  0
 166  88  0
 166 104  0
 166 109  0
 166 170  0
 166 188  0
 167  47  0
 167  92  0
 167 195  0
 167 216  0
 167 218  0
 168  62  0
 168  64  0
 168  86  0
 168 141  0
 168 198  0
 169  91  0
 170  87  0
 170 142  0
 170 149  0
 171 182  0
 172  14  0
 172  78  0
 172  80  0
 172 142  0
 172 169  0
 172 185  0
 172 190  0
 173  58  0
 173  96  0
 174  79  0
 176  77  0
 178  68  0
 178  75  0
 178 125  0
 179 137  0
 179 141  0
 180  98  0
 180 152  0
 181  74  0
 181 116  0
 181 121  0
 182  18  0
 182 114  0
 183  75  0
 183 162  0
 183 165  0
 183 251  0
 184  16  0
 184 106  0
 185 110  0
 185 158  0
 185 164  0
 186  73  0
 186 104  0
 186 169  0
 187  65  0
 187 173  0
 187 175  0
 188 179  0
 188 222  0
 188 237  0
 189  40  0
 189  75  0
 189 137  0
 189 153  0
 189 220  0
 190  14  0
 190  51  0
 190  95  0
 190 181  0
 191  20  0
 191  41  0
 191  47  0
 191  73  0
 191  99  0
 191 144  0
 191 156  0
 191 169  0
 192  93  0
 192 129  0
 193 136  0
 193 171  0
 193 178  0
 193 183  0
 194 125  0
 195 193  0
 196  24  0
 196  56  0
 196 106  0
 196 159  0
 196 171  0
 196 186  0
 197  22  0
 197  79  0
 197  84  0
 197 162  0
 198  82  0
 198  86  0
 198 144  0
 198 188  0
 199 162  0
 199 205  0
 200  85  0
 200 121  0
 200 137  0
 200 188  0
 202  21  0
 202  35  0
 202 121  0
 202 169  0
 203 187  0
 204  95  0
 205  33  0
 205  72  0
 205 161  0
 205 168  0
 205 172  0
 205 187  0
 205 209  0
 206 127  0
 206 163  0
 207 242  0
 208 109  0
 208 126  0
 210  78  0
 210 126  0
 210 134  0
 210 185  0
 211  55  0
 211 139  0
 211 241  0
 212  93  0
 212  95  0
 212 132  0
 213 127  0
 213 130  0
 213 206  0
 214  25  0
 214 101  0
 214 169  0
 214 189  0
 214 195  0
 215 171  0
 215 187  0
 216 174  0
 216 184  0
 217  89  0
 217 124  0
 217 177  0
 217 179  0
 218 135  0
 219  84  0
 219 125  0
 219 137  0
 219 183  0
 221 178  0
 222 113  0
 222 120  0
 222 132  0
 222 146  0
 222 206  0
 222 208  0
 223 204  0
 224  81  0
 224  94  0
 224 125  0
 224 132  0
 225 174  0
 226  88  0
 226  93  0
 228  61  0
 228  69  0
 228  72  0
 228 140  0
 229  97  0
 229 127  0
 230  60  0
 230 206  0
 232  67  0
 233  77  0
 233  95  0
 233 141  0
 233 171  0
 234  74  0
 236 125  0
 238  73  0
 238 190  0
 238 196  0
 239 122  0
 239 158  0
 240  99  0
 240 167  0
 241  47  0
 241  55  0
 241 132  0
 241 135  0
 243 179  0
 243 222  0
 244 130  0
 244 181  0
 245  91  0
 246 130  0
 248 129  0
 248 155  0
 249 126  0
 250  76  0
 250 204  0
 251 178  0
 252 119  0
 253 131  0
 254  97  0
 254 152  0
 255 155  0
 256 135  0
 256 212  0
 257  69  0
 258 117  0
 258 124  0
 261 182  0
 262 126  0
 263 129  0
 266 119  0
 266 131  0
 266 162  0
 267 126  0
 267 144  0
 268 131  0
 268 173  0
 269 180  0
 270 182  0
 271 123  0
 273 111  0
 273 122  0
 273 160  0
 274 113  0
 275 121  0
 275 134  0
 275 150  0
 275 178  0
 277 168  0
 278 110  0
 278 179  0
 279 113  0
 279 119  0
 279 123  0
 279 127  0
 279 157  0
 279 167  0
 280 115  0
 280 129  0
 280 131  0
 280 136  0
 280 141  0
 280 178  0


count = 521