   5 107  0
   5 109  0
   5 114  0
   6 133  0
   6 137  0
   7 114  0
   7 130  0
   8  99  0
   8 104  0
   8 142  0
   9 131  0
  10  92  0
  10  94  0
  10 112  0
  10 147  0
  11  87  0
  11  89  0
  11 151  0
  12 134  0
  12 153  0
  13 151  0
  14  90  0
  14 142  0
  14 144  0
  14 159  0
  15 135  0
  15 147  0
  15 149  0
  15 151  0
  16  88  0
  16 156  0
  17  78  0
  17  83  0
  17 165  0
  18  96  0
  19 169  0
  21  69  0
  21 132  0
  22  96  0
  23  64  0
  24  94  0
  25  61  0
  25  78  0
  25  97  0
  27  78  0
  27  93  0
  27 121  0
  27 145  0
  27 163  0
  27 172  0
  27 176  0
  28  71  0
  28 130  0
  28 149  0
  28 181  0
  29  82  0
  29 118  0
  29 170  0
  30 173  0
  32  55  0
  32  71  0
  32  86  0
  32 135  0
  32 169  0
  33  79  0
  33 132  0
  33 161  0
  34 136  0
  35  92  0
  35 102  0
  36 169  0
  37  74  0
  37 102  0
  38 156  0
  38 173  0
  39 144  0
  39 146  0
  39 184  0
  40  67  0
  40 129  0
  41 127  0
  42  68  0
  43 200  0
  44  70  0
  45  78  0
  45  91  0
  45 106  0
  45 119  0
  45 121  0
  45 146  0
  45 171  0
  46 134  0
  46 181  0
  46 204  0
  47 100  0
  47 158  0
  48  63  0
  48 175  0
  49  46  0
  49  79  0
  50  55  0
  50 118  0
  52  51  0
  52  60  0
  52 210  0
  53  48  0
  53 206  0
  54  43  0
  54 125  0
  55 137  0
  55 149  0
  56  57  0
  56 130  0
  57 150  0
  57 187  0
  57 213  0
  59  54  0
  59 131  0
  61  36  0
  61  56  0
  61 181  0
  62 134  0
  62 136  0
  62 214  0
  62 217  0
  63 159  0
  64 100  0
  64 107  0
  64 118  0
  64 151  0
  64 176  0
  64 212  0
  64 218  0
  65 165  0
  66 102  0
  66 104  0
  66 151  0
  66 159  0
  66 212  0
  67  63  0
  67 182  0
  67 190  0
  68 133  0
  68 138  0
  68 164  0
  68 217  0
  69 119  0
  69 127  0
  69 143  0
  70 132  0
  70 173  0
  72 172  0
  72 223  0
  73  41  0
  73  65  0
  74 135  0
  74 138  0
  74 168  0
  74 170  0
  74 186  0
  75  29  0
  75 128  0
  75 132  0
  76 113  0
  76 169  0
  77 139  0
  77 171  0
  77 184  0
  78 110  0
  79 147  0
  80  78  0
  80 129  0
  80 136  0
  80 145  0
  80 168  0
  80 182  0
  82  25  0
  82  95  0
  82 152  0
  82 181  0
  82 198  0
  83  27  0
  83  67  0
  83 225  0
  84  70  0
  84  95  0
  85  25  0
  85 111  0
  85 135  0
  86  58  0
  86 124  0
  86 178  0
  86 198  0
  86 218  0
  87 170  0
  87 176  0
  87 194  0
  88  93  0
  88 125  0
  88 189  0
  88 215  0
  89 158  0
  90  93  0
  90  95  0
  90 121  0
  91  51  0
  91 178  0
  92 104  0
  92 175  0
  93  26  0
  93  83  0
  93 127  0
  93 156  0
  93 199  0
  94  49  0
  94 135  0
  95  25  0
  95 137  0
  95 155  0
  96  39  0
  96  49  0
  96  85  0
  96  96  0
  96 161  0
  96 191  0
  96 214  0
  97  22  0
  97 120  0
  97 232  0
  98  27  0
  98 156  0
  98 188  0
  99  20  0
  99  25  0
  99 105  0
  99 222  0
 100  85  0
 100  96  0
 100 197  0
 101  26  0
 101  72  0
 101 103  0
 102 143  0
 102 197  0
 103  38  0
 103 138  0
 103 141  0
 103 194  0
 104  18  0
 104 108  0
 104 162  0
 105  43  0
 105  58  0
 105 106  0
 105 168  0
 105 192  0
 105 199  0
 106  39  0
 106  45  0
 106 136  0
 106 162  0
 107  48  0
 108 163  0
 108 200  0
 108 231  0
 109 145  0
 109 195  0
 109 229  0
 110 109  0
 110 121  0
 110 143  0
 110 154  0
 110 157  0
 110 165  0
 111  20  0
 111 128  0
 112  63  0
 112 108  0
 112 166  0
 113  67  0
 113 176  0
 113 178  0
 114 167  0
 114 223  0
 115  50  0
 115 115  0
 116  66  0
 116 106  0
 117 111  0
 117 117  0
 117 176  0
 117 221  0
 118 128  0
 118 137  0
 119 164  0
 120  32  0
 120  94  0
 121  38  0
 121 129  0
 121 176  0
 121 246  0
 122  88  0
 122 161  0
 123  62  0
 123  74  0
 123  83  0
 123  86  0
 123 113  0
 123 127  0
 124  50  0
 124  54  0
 124  80  0
 124  91  0
 124 189  0
 124 242  0
 124 244  0
 125  60  0
 125  63  0
 125 126  0
 125 218  0
 126  50  0
 126 116  0
 127  37  0
 127  61  0
 127 156  0
 127 162  0
 127 164  0
 127 191  0
 127 220  0
 127 246  0
 128  42  0
 128  48  0
 128  78  0
 128 135  0
 128 178  0
 128 215  0
 129  11  0
 129 109  0
 129 222  0
 129 248  0
 130  14  0
 130  95  0
 130 204  0
 130 237  0
 130 239  0
 130 242  0
 130 250  0
 131  39  0
 131  41  0
 131  64  0
 131 135  0
 131 164  0
 131 202  0
 131 234  0
 132   9  0
 132  52  0
 132 146  0
 132 166  0
 133 123  0
 133 217  0
 133 226  0
 133 239  0
 134  43  0
 134  50  0
 134 134  0
 134 139  0
 134 166  0
 134 178  0
 134 182  0
 135  64  0
 135 126  0
 135 195  0
 136  28  0
 136  32  0
 136  48  0
 136 107  0
 136 144  0
 136 146  0
 136 148  0
 136 164  0
 136 176  0
 136 235  0
 137  44  0
 137  92  0
 137  94  0
 137 114  0
 137 168  0
 137 198  0
 138  32  0
 138  64  0
 138 108  0
 138 146  0
 139 148  0
 139 188  0
 140  51  0
 140  65  0
 140 137  0
 140 212  0
 141   8  0
 141  11  0
 141 147  0
 142  22  0
 142 167  0
 143  95  0
 144  67  0
 144 146  0
 144 164  0
 145  44  0
 145  91  0
 145  94  0
 145 137  0
 145 140  0
 145 148  0
 146  66  0
 146 162  0
 146 253  0
 147   8  0
 147  39  0
 147  95  0
 147 171  0
 148  66  0
 148 110  0
 148 167  0
 148 173  0
 149 103  0
 149 161  0
 149 221  0
 150 165  0
 150 176  0
 150 218  0
 151  50  0
 151  66  0
 151  94  0
 151 113  0
 151 149  0
 151 199  0
 152  30  0
 152 109  0
 152 152  0
 153  22  0
 153  42  0
 153 105  0
 153 134  0
 154  68  0
 154  69  0
 154  96  0
 154 139  0
 154 169  0
 155  30  0
 155  41  0
 155  43  0
 155  93  0
 156  63  0
 156  66  0
 156  84  0
 156  85  0
 156 154  0
 156 155  0
 156 254  0
 157  32  0
 157  39  0
 157  60  0
 157  67  0
 157  68  0
 157 245  0
 157 246  0
 157 247  0
 159  19  0
 159  20  0
 159 104  0
 159 105  0
 159 155  0
 159 196  0
 159 244  0
 159 245  0
 160  92  0
 161  78  0
 161 104  0
 161 105  0
 161 160  0
 161 161  0
 161 162  0
 162  82  0
 162  84  0
 162  94  0
 162 149  0
 162 176  0
 163  80  0
 163  90  0
 163 154  0
 164 151  0
 164 177  0
 165  56  0
 165  72  0
 165 173  0
 166   9  0
 167 154  0
 167 159  0
 167 176  0
 168 208  0
 169  63  0
 169  90  0
 169  95  0
 169 133  0
 169 144  0
 169 169  0
 169 233  0
 170  83  0
 171  44  0
 171 160  0
 171 170  0
 172  46  0
 172  48  0
 172 176  0
 172 211  0
 173  37  0
 173  61  0
 173  79  0
 173 213  0
 173 251  0
 174  71  0
 174 106  0
 174 136  0
 174 174  0
 174 204  0
 175  33  0
 175  39  0
 175  73  0
 175  98  0
 175 132  0
 175 181  0
 176  85  0
 176 201  0
 177  21  0
 177  40  0
 177  56  0
 177  74  0
 177  96  0
 177 135  0
 177 182  0
 178  32  0
 178 124  0
 178 235  0
 178 240  0
 178 247  0
 178 250  0
 178 252  0
 179 122  0
 179 134  0
 179 152  0
 179 229  0
 180  33  0
 180  58  0
 180  95  0
 180 113  0
 180 220  0
 180 242  0
 181  27  0
 181  31  0
 181 245  0
 182  46  0
 182  94  0
 182 114  0
 182 129  0
 182 137  0
 182 221  0
 183  64  0
 183  84  0
 183  87  0
 183 238  0
 184  50  0
 184 142  0
 184 219  0
 184 226  0
 184 232  0
 184 235  0
 185  66  0
 185 137  0
 186  81  0
 186  83  0
 186 116  0
 186 129  0
 186 140  0
 186 142  0
 186 238  0
 188  89  0
 188 142  0
 188 161  0
 189  39  0
 189  45  0
 189 165  0
 190  85  0
 190 129  0
 190 145  0
 190 188  0
 190 210  0
 191  39  0
 191 158  0
 191 205  0
 191 242  0
 192  41  0
 193 135  0
 193 141  0
 193 149  0
 193 158  0
 193 205  0
 194  22  0
 194  43  0
 194 114  0
 194 138  0
 194 171  0
 194 196  0
 195 103  0
 195 129  0
 195 216  0
 196  95  0
 196 132  0
 196 173  0
 197  42  0
 197  78  0
 197 198  0
 197 221  0
 198 134  0
 198 205  0
 198 246  0
 199  28  0
 199  72  0
 199 213  0
 199 226  0
 200  74  0
 200 246  0
 201  96  0
 201 124  0
 201 221  0
 201 224  0
 202 111  0
 202 122  0
 202 158  0
 202 228  0
 203  26  0
 203  86  0
 203 141  0
 203 144  0
 204  65  0
 204  76  0
 204 115  0
 204 155  0
 204 160  0
 204 223  0
 205 141  0
 205 168  0
 205 170  0
 205 230  0
 205 233  0
 206  56  0
 206  65  0
 206  95  0
 206 162  0
 206 235  0
 207 121  0
 207 123  0
 207 223  0
 208  45  0
 209 125  0
 210  28  0
 210 133  0
 210 146  0
 210 225  0
 211 128  0
 211 144  0
 211 155  0
 211 229  0
 211 240  0
 212 114  0
 212 132  0
 212 137  0
 212 147  0
 212 149  0
 212 173  0
 213  78  0
 213 116  0
 213 175  0
 215  80  0
 215 110  0
 215 144  0
 215 147  0
 215 206  0
 216 166  0
 217 101  0
 217 177  0
 217 181  0
 217 202  0
 217 206  0
 218 129  0
 220  83  0
 220 132  0
 222  96  0
 222 100  0
 223 132  0
 224 114  0
 224 153  0
 226  38  0
 226  63  0
 226 173  0
 226 218  0
 227  91  0
 227 112  0
 228 163  0
 228 199  0
 228 216  0
 229 175  0
 230  96  0
 230 105  0
 230 126  0
 230 146  0
 231 112  0
 231 115  0
 231 148  0
 231 150  0
 231 169  0
 231 175  0
 231 217  0
 232 208  0
 233  97  0
 233 117  0
 233 142  0
 234  52  0
 234 109  0
 234 176  0
 235 122  0
 236  53  0
 236 200  0
 236 219  0
 237  77  0
 237 113  0
 237 122  0
 237 174  0
 237 176  0
 237 178  0
 239 137  0
 239 149  0
 239 151  0
 239 177  0
 239 197  0
 239 199  0
 240 127  0
 240 131  0
 240 155  0
 241  84  0
 241  95  0
 241 129  0
 241 198  0
 241 217  0
 242  81  0
 242 151  0
 243  70  0
 243 108  0
 244  64  0
 244  97  0
 244 101  0
 244 132  0
 245 108  0
 245 128  0
 245 134  0
 245 153  0
 246  85  0
 246  97  0
 246 155  0
 246 190  0
 247 125  0
 247 127  0
 247 152  0
 248 157  0
 248 168  0
 248 178  0
 248 191  0
 249 127  0
 249 131  0
 249 136  0
 249 138  0
 249 155  0
 249 171  0
 250  87  0
 250 134  0
 250 202  0
 251 113  0
 251 160  0
 252 107  0
 252 166  0
 252 200  0
 253 127  0
 253 205  0
 254  77  0
 254 131  0
 255  67  0
 255 137  0
 255 167  0
 255 206  0
 256 150  0
 256 191  0
 257  75  0
 257 139  0
 257 169  0
 258 119  0
 258 146  0
 258 148  0
 258 188  0
 260  98  0
 260 146  0
 260 188  0
 260 194  0
 261  96  0
 261 166  0
 262 149  0
 262 195  0
 263  86  0
 263 137  0
 263 140  0
 264 147  0
 264 190  0
 265 117  0
 266 123  0
 266 145  0
 267 158  0
 268 117  0
 269  84  0
 269 106  0
 270  88  0
 270 145  0
 270 147  0
 270 149  0
 271 115  0
 272 110  0
 272 143  0
 273 113  0
 273 157  0
 275 118  0
 275 123  0
 275 125  0
 275 180  0
 276 114  0
 276 143  0
 277 118  0
 277 122  0
 277 129  0
 277 134  0
 279 103  0
 279 116  0
 279 169  0
 280 167  0


count = 850