   5 128  0
   6 132  0
   6 137  0
   6 140  0
   6 149  0
   6 152  0
   7 104  0
   7 106  0
   8 100  0
   8 134  0
   8 155  0
   9 108  0
   9 114  0
   9 138  0
  10 128  0
  10 135  0
  11 132  0
  11 141  0
  11 162  0
  12  88  0
  12 112  0
  12 152  0
  12 155  0
  13  86  0
  13  98  0
  13 139  0
  13 146  0
  13 166  0
  13 170  0
  14 104  0
  15  92  0
  15 107  0
  15 134  0
  15 136  0
  15 176  0
  16  82  0
  16  86  0
  16 114  0
  16 178  0
  17  80  0
  17 135  0
  17 156  0
  17 160  0
  18 113  0
  18 125  0
  18 128  0
  19 131  0
  19 186  0
  20 119  0
  20 123  0
  20 127  0
  21  67  0
  21  78  0
  21 133  0
  22  80  0
  23  70  0
  23  73  0
  23  76  0
  23 133  0
  23 162  0
  23 166  0
  23 170  0
  25  65  0
  25  76  0
  25  81  0
  25 114  0
  25 130  0
  25 164  0
  26 176  0
  27  67  0
  27 118  0
  28  64  0
  28  73  0
  29  97  0
  29 129  0
  29 177  0
  29 179  0
  30  55  0
  30 101  0
  30 122  0
  30 125  0
  31  63  0
  32  53  0
  32 115  0
  32 128  0
  32 130  0
  32 173  0
  32 190  0
  33  59  0
  33 109  0
  33 150  0
  34  62  0
  34  65  0
  34 153  0
  34 157  0
  36  66  0
  36  82  0
  36 122  0
  36 195  0
  36 198  0
  36 200  0
  37 117  0
  38  62  0
  38  79  0
  38 120  0
  38 160  0
  39  65  0
  39  68  0
  39 128  0
  39 203  0
  40  51  0
  40  82  0
  40 146  0
  41  65  0
  41 132  0
  41 134  0
  41 140  0
  41 198  0
  42  89  0
  42 123  0
  43  47  0
  43 120  0
  43 141  0
  43 147  0
  43 200  0
  44 136  0
  44 139  0
  44 149  0
  44 194  0
  45 203  0
  45 206  0
  46 120  0
  47  43  0
  47  46  0
  47  60  0
  47 103  0
  47 181  0
  48  98  0
  50  45  0
  50  96  0
  50 119  0
  50 129  0
  50 132  0
  51 126  0
  51 200  0
  52  69  0
  52 149  0
  53 125  0
  53 164  0
  54  73  0
  56  39  0
  56 138  0
  56 152  0
  58 143  0
  58 174  0
  59  38  0
  59 120  0
  59 188  0
  60 126  0
  60 214  0
  61  37  0
  61  59  0
  61 198  0
  63 126  0
  63 131  0
  64  37  0
  64  53  0
  64 123  0
  64 133  0
  65  55  0
  65 107  0
  65 144  0
  66  38  0
  66 133  0
  67  48  0
  67 108  0
  67 151  0
  67 172  0
  68  63  0
  68  91  0
  68 118  0
  68 124  0
  68 135  0
  68 197  0
  69 149  0
  70 125  0
  70 178  0
  71 131  0
  72 129  0
  72 177  0
  73 118  0
  73 220  0
  74 208  0
  76  78  0
  76 208  0
  78  53  0
  78  97  0
  79 101  0
  79 126  0
  80 164  0
  80 170  0
  81  95  0
  81 147  0
  82  91  0
  82 143  0
  83  68  0
  83 127  0
  84  96  0
  84 108  0
  86  98  0
  86 209  0
  87 101  0
  87 103  0
  88 133  0
  88 144  0
  89  41  0
  89 131  0
  89 226  0
  90 105  0
  90 168  0
  90 190  0
  91 107  0
  91 109  0
  91 111  0
  92 162  0
  92 166  0
  93 122  0
  93 201  0
  94 115  0
  95 120  0
  95 127  0
  95 140  0
  96  74  0
  96  82  0
  96 112  0
  97  39  0
  97  48  0
  97  61  0
  97 116  0
  98  54  0
  98 174  0
  99  52  0
  99  64  0
  99  88  0
 100 117  0
 100 146  0
 101  51  0
 101  58  0
 101 132  0
 101 163  0
 102  35  0
 102  48  0
 102  55  0
 102  61  0
 102  90  0
 102 127  0
 102 139  0
 103 180  0
 104  44  0
 104  83  0
 104  89  0
 104 116  0
 105  27  0
 105  36  0
 105  57  0
 105  81  0
 105 126  0
 105 134  0
 105 149  0
 106  75  0
 106 178  0
 107  24  0
 107  57  0
 107  70  0
 107  72  0
 107 125  0
 108  55  0
 108  98  0
 108 107  0
 108 118  0
 108 130  0
 108 150  0
 109  44  0
 109  71  0
 109 198  0
 110  35  0
 110  47  0
 110  74  0
 110 165  0
 110 192  0
 111  38  0
 111  55  0
 111  79  0
 111  88  0
 111  90  0
 111 125  0
 111 218  0
 112  50  0
 112 113  0
 112 115  0
 112 123  0
 113  27  0
 113  48  0
 113 127  0
 113 132  0
 113 177  0
 113 236  0
 114  38  0
 114  43  0
 114 158  0
 116  22  0
 116  40  0
 116 142  0
 116 187  0
 117  20  0
 117  24  0
 117  44  0
 117  56  0
 118  27  0
 118  29  0
 118  42  0
 118  53  0
 118  71  0
 118  79  0
 118  86  0
 119 132  0
 120  60  0
 120 128  0
 120 134  0
 120 168  0
 121  46  0
 121  53  0
 121 105  0
 121 125  0
 121 177  0
 122  19  0
 122  87  0
 122 122  0
 122 133  0
 122 173  0
 123  24  0
 123 168  0
 123 196  0
 124  17  0
 124  27  0
 124  45  0
 124  53  0
 124  64  0
 124 141  0
 124 204  0
 125  21  0
 125  90  0
 125 101  0
 125 132  0
 125 146  0
 126 157  0
 126 162  0
 126 181  0
 126 220  0
 126 229  0
 127  47  0
 127  50  0
 127 165  0
 127 167  0
 127 178  0
 127 195  0
 128  18  0
 128  54  0
 128 123  0
 128 142  0
 128 159  0
 128 169  0
 128 180  0
 128 233  0
 129 106  0
 129 161  0
 129 184  0
 129 228  0
 129 230  0
 130  34  0
 130  37  0
 130  57  0
 130  88  0
 130 143  0
 130 199  0
 130 202  0
 131  50  0
 131 126  0
 131 217  0
 131 237  0
 132  12  0
 132  33  0
 132  58  0
 132 188  0
 132 194  0
 132 215  0
 133  47  0
 133 125  0
 133 184  0
 134 159  0
 134 215  0
 135  11  0
 135  19  0
 135  47  0
 135  52  0
 135  68  0
 135 129  0
 135 141  0
 135 150  0
 135 188  0
 135 190  0
 135 222  0
 135 235  0
 135 241  0
 136  36  0
 136  55  0
 136 131  0
 136 169  0
 136 183  0
 136 228  0
 137  10  0
 137 141  0
 137 195  0
 137 213  0
 137 235  0
 137 244  0
 138  18  0
 138 123  0
 138 168  0
 138 209  0
 139  30  0
 139 141  0
 139 191  0
 139 196  0
 140  18  0
 140  27  0
 140  81  0
 140 127  0
 140 154  0
 140 242  0
 141  13  0
 141  95  0
 141 212  0
 141 240  0
 142  22  0
 142 126  0
 142 141  0
 142 202  0
 142 223  0
 142 237  0
 143 107  0
 143 183  0
 144  90  0
 144  97  0
 144 103  0
 145  95  0
 145 208  0
 146  83  0
 146 124  0
 146 167  0
 146 190  0
 146 197  0
 146 234  0
 146 237  0
 147  85  0
 147 121  0
 147 129  0
 147 141  0
 147 144  0
 147 147  0
 147 180  0
 147 206  0
 147 229  0
 147 231  0
 148  67  0
 148  81  0
 148 111  0
 148 113  0
 148 126  0
 148 137  0
 148 197  0
 148 210  0
 149  54  0
 149 181  0
 149 186  0
 149 252  0
 150  56  0
 150 110  0
 150 113  0
 150 172  0
 150 177  0
 150 183  0
 150 208  0
 151   6  0
 151  32  0
 151  33  0
 151 127  0
 151 128  0
 151 196  0
 151 201  0
 151 252  0
 152  46  0
 152 142  0
 152 143  0
 153 134  0
 153 135  0
 154   6  0
 154  32  0
 154  33  0
 154 118  0
 154 127  0
 154 128  0
 154 141  0
 154 163  0
 154 198  0
 154 199  0
 154 215  0
 154 216  0
 154 241  0
 154 252  0
 155 136  0
 156 101  0
 156 119  0
 156 127  0
 156 128  0
 156 205  0
 157  34  0
 157  35  0
 157 203  0
 158  66  0
 158  99  0
 158 130  0
 158 131  0
 158 133  0
 158 140  0
 158 141  0
 159  34  0
 159  73  0
 159  74  0
 159  86  0
 159 134  0
 159 199  0
 159 200  0
 159 234  0
 159 246  0
 159 247  0
 159 248  0
 160  29  0
 160  65  0
 160  66  0
 160 126  0
 160 127  0
 160 128  0
 160 131  0
 160 142  0
 161  75  0
 161  76  0
 161 189  0
 162  25  0
 162  47  0
 162  48  0
 162  58  0
 162  59  0
 162  89  0
 162  90  0
 162 104  0
 162 128  0
 162 129  0
 162 140  0
 162 141  0
 162 145  0
 162 147  0
 162 157  0
 162 158  0
 162 195  0
 162 196  0
 162 251  0
 162 252  0
 163  95  0
 163  96  0
 163 102  0
 163 137  0
 163 191  0
 163 230  0
 164   8  0
 164  89  0
 164 158  0
 164 163  0
 164 220  0
 165  68  0
 165 132  0
 165 135  0
 165 141  0
 165 149  0
 165 199  0
 165 229  0
 166 153  0
 166 160  0
 166 211  0
 167  66  0
 167 105  0
 167 139  0
 168  46  0
 168  98  0
 168 103  0
 168 111  0
 168 123  0
 168 163  0
 169  64  0
 169  89  0
 169 113  0
 169 155  0
 170  49  0
 170  97  0
 170  99  0
 170 107  0
 170 159  0
 170 200  0
 170 245  0
 170 254  0
 171 132  0
 171 135  0
 172 111  0
 172 116  0
 172 156  0
 172 203  0
 173  90  0
 173 132  0
 173 176  0
 173 182  0
 173 244  0
 174 114  0
 174 138  0
 174 145  0
 175  92  0
 175 102  0
 175 118  0
 175 174  0
 175 230  0
 176  61  0
 176 121  0
 176 124  0
 176 135  0
 176 141  0
 176 143  0
 176 181  0
 177 126  0
 177 156  0
 177 217  0
 178  42  0
 178 112  0
 178 133  0
 178 138  0
 178 162  0
 178 173  0
 178 210  0
 179  64  0
 179 141  0
 179 153  0
 179 158  0
 179 167  0
 179 176  0
 179 192  0
 180  71  0
 180 104  0
 180 136  0
 180 226  0
 181  40  0
 181 131  0
 181 162  0
 181 172  0
 182  22  0
 182  63  0
 182 113  0
 182 186  0
 183 124  0
 183 171  0
 184  69  0
 184 106  0
 184 130  0
 184 158  0
 184 169  0
 184 190  0
 184 216  0
 185 181  0
 185 227  0
 186 104  0
 186 108  0
 186 161  0
 186 246  0
 187  44  0
 187 100  0
 187 113  0
 187 154  0
 187 166  0
 187 173  0
 187 190  0
 187 197  0
 187 210  0
 187 235  0
 188  39  0
 188  69  0
 188 124  0
 188 229  0
 189  12  0
 189  85  0
 189 107  0
 189 146  0
 189 179  0
 189 187  0
 189 239  0
 190 110  0
 190 158  0
 191 167  0
 191 229  0
 192  51  0
 192  79  0
 192  83  0
 192  93  0
 192 107  0
 192 113  0
 192 115  0
 192 117  0
 192 132  0
 192 136  0
 192 152  0
 192 186  0
 192 208  0
 193  37  0
 193  39  0
 193 119  0
 193 146  0
 193 178  0
 194 143  0
 194 155  0
 194 203  0
 195  60  0
 195 138  0
 195 237  0
 196 245  0
 196 248  0
 197  43  0
 197 127  0
 197 129  0
 197 131  0
 197 151  0
 198  85  0
 198 121  0
 198 141  0
 198 149  0
 198 174  0
 199 184  0
 199 191  0
 199 220  0
 200 109  0
 200 134  0
 200 197  0
 201  76  0
 202 174  0
 202 178  0
 203 180  0
 204  92  0
 204 140  0
 204 142  0
 204 149  0
 204 170  0
 205 131  0
 205 134  0
 205 237  0
 205 240  0
 206 139  0
 206 145  0
 206 242  0
 207 112  0
 207 128  0
 207 179  0
 207 195  0
 208 157  0
 209  58  0
 209 134  0
 209 144  0
 209 181  0
 210  94  0
 210  97  0
 210 140  0
 210 159  0
 210 211  0
 210 214  0
 212  32  0
 212  43  0
 212  99  0
 212 114  0
 212 131  0
 212 144  0
 212 161  0
 212 238  0
 213 186  0
 214  31  0
 214 180  0
 214 191  0
 215 146  0
 215 163  0
 216 124  0
 216 136  0
 216 192  0
 217 139  0
 217 179  0
 218  51  0
 219 167  0
 220  92  0
 220 131  0
 220 137  0
 220 191  0
 221 139  0
 222 111  0
 222 114  0
 222 150  0
 222 187  0
 222 193  0
 223  43  0
 223  87  0
 223  98  0
 223 135  0
 223 137  0
 223 173  0
 223 189  0
 223 215  0
 224 148  0
 225  64  0
 225 143  0
 225 184  0
 225 194  0
 225 228  0
 227 184  0
 228  58  0
 228 117  0
 228 130  0
 228 179  0
 228 191  0
 228 222  0
 229 109  0
 229 111  0
 229 115  0
 229 124  0
 229 161  0
 230  87  0
 230 118  0
 230 143  0
 230 145  0
 230 190  0
 230 219  0
 231 106  0
 231 140  0
 231 227  0
 232 119  0
 232 189  0
 233  61  0
 233 132  0
 233 167  0
 233 224  0
 234 141  0
 234 157  0
 234 159  0
 234 162  0
 234 206  0
 235 105  0
 235 107  0
 235 110  0
 235 113  0
 235 133  0
 235 164  0
 235 167  0
 236  95  0
 238  97  0
 238 209  0
 238 214  0
 239  75  0
 239  80  0
 239 119  0
 239 137  0
 240 147  0
 242  54  0
 242  90  0
 242  92  0
 242 137  0
 243 104  0
 243 107  0
 243 110  0
 243 114  0
 244  76  0
 244  90  0
 244 133  0
 244 202  0
 245 117  0
 245 138  0
 245 168  0
 246  98  0
 246 183  0
 247  61  0
 247  73  0
 247  75  0
 247 168  0
 247 212  0
 248 111  0
 250  76  0
 250 109  0
 250 167  0
 251  97  0
 251 209  0
 252  87  0
 252 132  0
 252 135  0
 252 152  0
 252 164  0
 253  74  0
 254  85  0
 255  94  0
 255 119  0
 255 121  0
 255 176  0
 255 181  0
 256  64  0
 256  69  0
 256 168  0
 257 175  0
 257 190  0
 257 207  0
 258 165  0
 258 204  0
 259  70  0
 259 131  0
 260 141  0
 261  71  0
 261  89  0
 261 129  0
 262  97  0
 263  72  0
 263 100  0
 263 131  0
 263 161  0
 263 180  0
 264  95  0
 265 114  0
 265 131  0
 265 134  0
 265 156  0
 266  93  0
 266 119  0
 266 145  0
 267  76  0
 267 138  0
 267 149  0
 268 156  0
 269  88  0
 269 154  0
 270  95  0
 271  82  0
 271 124  0
 271 135  0
 271 152  0
 271 158  0
 271 178  0
 271 192  0
 272 147  0
 272 161  0
 272 189  0
 273 100  0
 273 156  0
 274 121  0
 274 141  0
 274 146  0
 274 187  0
 275 113  0
 276 123  0
 276 161  0
 276 182  0
 277 109  0
 277 150  0
 277 171  0
 278 116  0
 278 141  0
 278 145  0
 279  98  0
 279 100  0
 279 103  0
 279 107  0
 279 160  0
 279 171  0
 280 157  0
 280 167  0


count = 990