   5 128  0
   6 137  0
   6 152  0
   7 106  0
   9 108  0
   9 114  0
   9 138  0
  10 128  0
  10 135  0
  11 132  0
  12 112  0
  13  86  0
  13 170  0
  16 114  0
  17  80  0
  18 125  0
  18 128  0
  20 119  0
  20 123  0
  20 127  0
  21  67  0
  23  70  0
  23  73  0
  25  65  0
  27  67  0
  28  64  0
  29 129  0
  30  55  0
  32  53  0
  36 122  0
  41 132  0
  42 123  0
  50  45  0
  50 119  0
  56  39  0
  64 123  0
  68 124  0
  86  98  0
  87 101  0
  87 103  0
 113 132  0
 120 168  0
 122  19  0
 122 173  0
 124  27  0
 132 194  0
 135  19  0
 137 141  0
 137 244  0
 142 126  0
 142 202  0
 160 126  0
 160 127  0
 165 132  0
 165 135  0
 166 160  0
 169 155  0
 170 254  0
 175 102  0
 176 135  0
 178 133  0
 179 153  0
 186 108  0
 192 115  0
 192 117  0
 197 127  0
 199 191  0
 200 109  0
 231 227  0
 271 135  0
 274 121  0
 274 141  0
 276 123  0
 278 116  0
 278 141  0
 279 103  0


count = 76