   6 118  0
   6 132  0
   7 146  0
   7 148  0
   8  75  0
   9 118  0
   9 131  0
  10 160  0
  11  74  0
  12 118  0
  14 169  0
  15 130  0
  17 122  0
  17 124  0
  18 128  0
  19 119  0
  19 126  0
  22  50  0
  22 129  0
  25 124  0
  30 180  0
  51 193  0
  51 195  0
  68  96  0
  76 206  0
  77 211  0
  79  89  0
  81 216  0
  83 211  0
  83 220  0
  87 206  0
  91  19  0
  91  23  0
  93  17  0
  93  20  0
  99 133  0
 100 131  0
 103 125  0
 114  55  0
 126 173  0
 127 136  0
 128 127  0
 128 129  0
 129 135  0
 130 127  0
 136  30  0
 136  39  0
 141  46  0
 143  44  0
 148 129  0
 148 130  0
 153 128  0
 160 130  0
 162 119  0
 162 133  0
 165 119  0
 166 165  0
 167 137  0
 168 117  0
 171 116  0
 173 118  0
 173 138  0
 175  76  0
 176  98  0
 179  72  0
 179 150  0
 180 105  0
 182  71  0
 182 168  0
 186  86  0
 186  92  0
 186  96  0
 187  76  0
 187  82  0
 187 133  0
 189  83  0
 194  71  0
 197 138  0
 199 190  0
 202 181  0
 203 171  0
 204 169  0
 204 191  0
 206 167  0
 206 173  0
 214 187  0
 215 129  0
 217 134  0
 221 128  0
 227 122  0
 240 131  0
 244  50  0
 247 127  0
 248  57  0
 251  60  0
 262 131  0
 265 131  0
 267 158  0
 268 192  0
 278 131  0
 279 136  0
 279 166  0
 280 114  0
 280 126  0
 280 140  0
 280 144  0
 280 146  0
 280 149  0


count = 108