   5 151  0
   8 118  0
   9 160  0
  11 103  0
  11 105  0
  11 108  0
  11 110  0
  11 164  0
  12 121  0
  12 167  0
  13 132  0
  14  95  0
  14 130  0
  15 127  0
  16 175  0
  17  90  0
  17 136  0
  20 186  0
  20 188  0
  21 132  0
  21 194  0
  23 132  0
  28  68  0
  29 140  0
  30 138  0
  32  77  0
  44 220  0
  45  85  0
  45 121  0
  46 223  0
  47 196  0
  51 129  0
  52  41  0
  53 132  0
  53 138  0
  58 140  0
  59 154  0
  59 205  0
  61 132  0
  61 205  0
  72  46  0
  73 153  0
  75  44  0
  79 239  0
  82 175  0
  89 239  0
  96 132  0
  97 127  0
  99 131  0
 100 228  0
 101 130  0
 101 175  0
 102 231  0
 103 237  0
 104 245  0
 105  25  0
 105 230  0
 105 236  0
 108  45  0
 108 171  0
 110  87  0
 113  16  0
 117  19  0
 118  14  0
 119  17  0
 123 247  0
 125 241  0
 127  24  0
 128  27  0
 128  37  0
 128 129  0
 129  92  0
 134 166  0
 139 132  0
 157   8  0
 157   9  0
 157 212  0
 157 213  0
 157 214  0
 157 215  0
 160  15  0
 160  16  0
 160  17  0
 160 232  0
 160 252  0
 164 231  0
 164 234  0
 165 225  0
 166  83  0
 167 219  0
 169 201  0
 171  65  0
 173  83  0
 173  84  0
 175 176  0
 176 206  0
 176 217  0
 177 177  0
 177 214  0
 177 239  0
 179 236  0
 183 122  0
 183 148  0
 183 151  0
 183 244  0
 185 134  0
 187 108  0
 187 110  0
 188 233  0
 190  92  0
 193 100  0
 196 134  0
 198 134  0
 199  40  0
 200  38  0
 202  36  0
 202 213  0
 206  18  0
 207 115  0
 208  24  0
 210 206  0
 212 129  0
 214 126  0
 216 130  0
 217 127  0
 224  52  0
 224 207  0
 228 134  0
 230 237  0
 231 239  0
 233 211  0
 234 217  0
 234 221  0
 236  68  0
 236 220  0
 236 223  0
 236 226  0
 237 216  0
 238 222  0
 239  68  0
 239 219  0
 243 131  0
 245 130  0
 246  74  0
 247 130  0
 250 130  0
 255 112  0
 257  66  0
 257  73  0
 258 161  0
 259 120  0
 260 168  0
 262 202  0
 263  67  0
 263 170  0
 264  74  0
 264 197  0
 265 169  0
 266 135  0
 266 196  0
 267 201  0
 268  74  0
 270 200  0
 271 127  0
 271 135  0
 271 188  0
 272 133  0
 275  94  0
 276 136  0
 276 196  0
 279 108  0
 279 111  0
 279 120  0
 280 123  0
 280 126  0


count = 175