   5 139  0
   5 169  0
   6 117  0
   6 133  0
   6 171  0
   7 120  0
   8  78  0
   9  76  0
   9 122  0
   9 132  0
  10  87  0
  11  73  0
  12  76  0
  12 179  0
  14 130  0
  15 125  0
  15 180  0
  17 182  0
  20 179  0
  23 179  0
  25 131  0
  33 111  0
  35 126  0
  35 131  0
  36 128  0
  36 135  0
  39 136  0
  41 131  0
  43 180  0
  54 200  0
  57 125  0
  59 129  0
  60 185  0
  63 194  0
  67  92  0
  69  96  0
  70  89  0
  70  98  0
  70 102  0
  72  87  0
  72 106  0
  72 163  0
  73 109  0
  74  89  0
  76 118  0
  78 111  0
  79 109  0
  80 167  0
  81  90  0
  83  20  0
  83 118  0
  83 152  0
  84  97  0
  84 120  0
  84 135  0
  85 163  0
  86 123  0
  88  21  0
  88 105  0
  88 125  0
  88 158  0
  88 227  0
  89 147  0
  90 127  0
  90 153  0
  90 220  0
  91 218  0
  94 150  0
  96 109  0
  96 148  0
  98  84  0
  99 232  0
 100 103  0
 101 220  0
 101 230  0
 102 134  0
 102 147  0
 104 215  0
 105 134  0
 107 114  0
 110 144  0
 111 136  0
 115 148  0
 115 152  0
 119 147  0
 119 219  0
 120 114  0
 121 217  0
 122 129  0
 125 149  0
 125 213  0
 127 141  0
 128 212  0
 130  86  0
 131 130  0
 132 121  0
 133 216  0
 134 220  0
 135 192  0
 143   9  0
 144   7  0
 145  46  0
 150  39  0
 152 208  0
 153 132  0
 154 115  0
 154 135  0
 156  95  0
 156  97  0
 158 205  0
 162 109  0
 164  92  0
 164 108  0
 166  88  0
 166 188  0
 167  92  0
 168  62  0
 168  64  0
 168 141  0
 168 198  0
 169  91  0
 170 142  0
 172  80  0
 172 142  0
 174  79  0
 176  77  0
 178  75  0
 178 125  0
 179 141  0
 181  74  0
 181 116  0
 182 114  0
 183  75  0
 183 251  0
 184 106  0
 185 110  0
 186  73  0
 186 104  0
 187  65  0
 187 173  0
 187 175  0
 188 179  0
 189  75  0
 190  14  0
 190 181  0
 191  20  0
 191  41  0
 192  93  0
 192 129  0
 193 171  0
 193 183  0
 196 159  0
 197  79  0
 197 162  0
 198  82  0
 198 188  0
 199 162  0
 199 205  0
 200 121  0
 200 188  0
 202 169  0
 203 187  0
 205 168  0
 205 172  0
 207 242  0
 208 126  0
 210 126  0
 210 185  0
 211 139  0
 211 241  0
 212 132  0
 213 127  0
 213 130  0
 214 169  0
 214 189  0
 215 171  0
 215 187  0
 216 174  0
 217 177  0
 217 179  0
 222 146  0
 224  94  0
 226  93  0
 230 206  0
 238  73  0
 239 158  0
 240 167  0
 241 132  0
 243 179  0
 244 130  0
 246 130  0
 248 129  0
 254 152  0
 255 155  0
 258 124  0
 262 126  0
 263 129  0
 266 131  0
 268 173  0
 269 180  0
 270 182  0
 273 122  0
 275 121  0
 275 134  0
 275 178  0
 277 168  0
 278 110  0
 278 179  0
 279 113  0
 279 119  0
 279 157  0
 279 167  0
 280 115  0
 280 129  0
 280 131  0
 280 136  0
 280 141  0
 280 178  0


count = 218