   5 107  0
   5 109  0
   5 114  0
   6 133  0
   6 137  0
   7 130  0
   8  99  0
   8 104  0
   8 142  0
   9 131  0
  10  92  0
  10  94  0
  11  87  0
  11  89  0
  11 151  0
  14  90  0
  14 159  0
  15 135  0
  17  78  0
  17 165  0
  18  96  0
  23  64  0
  25  61  0
  27  78  0
  27 176  0
  28  71  0
  28 130  0
  28 181  0
  30 173  0
  32  71  0
  32 135  0
  33  79  0
  33 132  0
  37  74  0
  39 146  0
  43 200  0
  46 181  0
  46 204  0
  49  46  0
  52  51  0
  52  60  0
  52 210  0
  53  48  0
  55 137  0
  57 150  0
  59  54  0
  61  56  0
  62 134  0
  62 136  0
  62 214  0
  62 217  0
  64 176  0
  64 218  0
  65 165  0
  66 102  0
  66 104  0
  67  63  0
  67 190  0
  68 133  0
  70 132  0
  72 223  0
  73  41  0
  74 135  0
  74 138  0
  75 132  0
  76 113  0
  77 139  0
  77 171  0
  78 110  0
  79 147  0
  80 136  0
  80 145  0
  82  25  0
  82 198  0
  83  27  0
  83 225  0
  84  70  0
  85  25  0
  86  58  0
  86 124  0
  86 198  0
  87 170  0
  88 189  0
  88 215  0
  91 178  0
  93  26  0
  93  83  0
  93 127  0
  95  25  0
  96  39  0
  96 214  0
  97  22  0
  97 120  0
  98  27  0
  98 188  0
  99  20  0
  99  25  0
 102 197  0
 103  38  0
 103 141  0
 104  18  0
 105 192  0
 106 162  0
 107  48  0
 108 163  0
 109 229  0
 110 121  0
 110 154  0
 110 165  0
 112  63  0
 112 166  0
 113  67  0
 114 167  0
 117 111  0
 117 176  0
 118 137  0
 121  38  0
 122  88  0
 123  62  0
 123  86  0
 124  50  0
 124  91  0
 125  60  0
 125  63  0
 125 126  0
 125 218  0
 126  50  0
 127  61  0
 127 220  0
 127 246  0
 128  78  0
 128 135  0
 129  11  0
 129 109  0
 129 248  0
 130  95  0
 130 204  0
 130 237  0
 130 239  0
 130 242  0
 131  39  0
 131  41  0
 131 135  0
 131 164  0
 131 234  0
 132   9  0
 132 166  0
 133 239  0
 134  43  0
 134  50  0
 134 134  0
 134 166  0
 134 182  0
 135  64  0
 135 195  0
 136  32  0
 136  48  0
 136 107  0
 136 148  0
 136 235  0
 137  92  0
 137  94  0
 137 198  0
 138  32  0
 140  51  0
 140 137  0
 142  22  0
 144  67  0
 144 164  0
 145  91  0
 145  94  0
 145 137  0
 145 140  0
 146  66  0
 146 253  0
 147  95  0
 147 171  0
 148  66  0
 148 110  0
 148 173  0
 150 165  0
 150 176  0
 151  66  0
 151  94  0
 151 113  0
 151 149  0
 152 109  0
 152 152  0
 154  96  0
 155  93  0
 156  66  0
 156  84  0
 156 154  0
 156 254  0
 157  32  0
 157  67  0
 157 245  0
 159  19  0
 159 104  0
 161 104  0
 161 105  0
 161 160  0
 162  84  0
 162 149  0
 164 151  0
 164 177  0
 165  56  0
 165 173  0
 167 154  0
 168 208  0
 169 133  0
 170  83  0
 173  79  0
 173 251  0
 174 174  0
 175  98  0
 177  74  0
 177  96  0
 177 135  0
 177 182  0
 178  32  0
 178 124  0
 178 247  0
 178 250  0
 178 252  0
 179 122  0
 179 134  0
 179 229  0
 180  33  0
 180  95  0
 181  31  0
 182  94  0
 182 129  0
 182 137  0
 182 221  0
 183  64  0
 183  84  0
 183  87  0
 183 238  0
 184 142  0
 184 235  0
 185 137  0
 186  81  0
 186  83  0
 186 129  0
 186 142  0
 186 238  0
 188 161  0
 189  45  0
 190 129  0
 192  41  0
 193 135  0
 193 149  0
 194  43  0
 194 138  0
 195 129  0
 196  95  0
 196 132  0
 198 134  0
 199  72  0
 199 213  0
 200  74  0
 201 221  0
 202 158  0
 202 228  0
 203  26  0
 203 141  0
 203 144  0
 204 155  0
 204 223  0
 205 141  0
 205 168  0
 205 170  0
 206  95  0
 206 235  0
 207 121  0
 209 125  0
 211 128  0
 211 144  0
 212 114  0
 212 132  0
 213  78  0
 213 116  0
 215 147  0
 215 206  0
 217 101  0
 217 177  0
 217 181  0
 217 202  0
 218 129  0
 220 132  0
 222  96  0
 223 132  0
 224 153  0
 226  38  0
 226 173  0
 226 218  0
 228 216  0
 229 175  0
 230  96  0
 230 126  0
 231 112  0
 231 115  0
 231 169  0
 233  97  0
 233 117  0
 233 142  0
 235 122  0
 237 113  0
 240 127  0
 241  84  0
 241 129  0
 244  64  0
 244 132  0
 245 128  0
 245 134  0
 246  85  0
 247 125  0
 247 127  0
 247 152  0
 248 168  0
 248 191  0
 249 127  0
 249 131  0
 249 138  0
 250 134  0
 251 160  0
 252 107  0
 252 166  0
 252 200  0
 255  67  0
 257  75  0
 257 139  0
 258 146  0
 258 148  0
 258 188  0
 260  98  0
 260 188  0
 261  96  0
 264 147  0
 264 190  0
 266 123  0
 266 145  0
 268 117  0
 269  84  0
 269 106  0
 270  88  0
 270 145  0
 270 147  0
 270 149  0
 271 115  0
 272 110  0
 272 143  0
 273 113  0
 275 118  0
 275 123  0
 275 125  0
 275 180  0
 276 114  0
 277 118  0
 277 122  0
 277 129  0
 279 103  0
 279 116  0
 279 169  0
 280 167  0


count = 366