   5 109  0
   6 126  0
   6 135  0
   7 101  0
   7 128  0
   7 151  0
   9  94  0
   9  96  0
   9 132  0
   9 140  0
  10  88  0
  11 100  0
  11 103  0
  11 133  0
  11 140  0
  12 119  0
  13  81  0
  13  89  0
  13 116  0
  14  91  0
  14 118  0
  14 153  0
  14 156  0
  15  81  0
  15  98  0
  15 110  0
  15 123  0
  15 126  0
  15 131  0
  15 133  0
  15 137  0
  15 170  0
  16 129  0
  16 159  0
  16 172  0
  17  90  0
  17 163  0
  18 158  0
  18 169  0
  19  72  0
  19 110  0
  19 125  0
  19 130  0
  19 151  0
  19 153  0
  19 156  0
  20 100  0
  20 164  0
  21 108  0
  21 180  0
  22  84  0
  22 161  0
  22 167  0
  22 169  0
  23  91  0
  23 103  0
  24  82  0
  24  87  0
  24 174  0
  24 184  0
  25  64  0
  25  70  0
  25  91  0
  25  96  0
  25 138  0
  25 151  0
  26  94  0
  26 119  0
  26 140  0
  26 175  0
  28  88  0
  28 165  0
  29 131  0
  30  80  0
  30 126  0
  30 138  0
  30 154  0
  30 160  0
  31  78  0
  31 176  0
  31 193  0
  32  75  0
  32 162  0
  33  86  0
  33  90  0
  33 126  0
  33 195  0
  34  80  0
  34 124  0
  35 168  0
  36  72  0
  36  88  0
  36 127  0
  36 194  0
  37  60  0
  37 149  0
  37 191  0
  38  71  0
  38 132  0
  39  67  0
  42  54  0
  42  56  0
  42 132  0
  42 136  0
  43 124  0
  43 128  0
  43 142  0
  43 172  0
  44  87  0
  44 139  0
  45  55  0
  45 156  0
  47  91  0
  47 131  0
  47 200  0
  48  55  0
  48 203  0
  49 108  0
  49 133  0
  50  87  0
  51  50  0
  51 128  0
  51 143  0
  51 151  0
  51 163  0
  52  70  0
  53 126  0
  53 142  0
  53 147  0
  53 157  0
  54 135  0
  55  48  0
  55 128  0
  55 150  0
  55 170  0
  56 135  0
  56 142  0
  56 145  0
  56 148  0
  56 182  0
  57  49  0
  57  65  0
  58  47  0
  58 132  0
  58 156  0
  58 217  0
  59  68  0
  60 152  0
  60 155  0
  61  47  0
  62  82  0
  62 166  0
  63 188  0
  64 130  0
  65 194  0
  66  77  0
  66 155  0
  67  91  0
  68  49  0
  68 187  0
  69  39  0
  69 155  0
  70 158  0
  70 186  0
  70 202  0
  71  63  0
  71  70  0
  71 101  0
  71 129  0
  72  51  0
  72 185  0
  73 130  0
  75  38  0
  75  82  0
  75 227  0
  76 211  0
  77  81  0
  77 130  0
  78  37  0
  78 144  0
  79 137  0
  80  81  0
  80 130  0
  80 158  0
  80 172  0
  81 138  0
  82  57  0
  82  79  0
  83 129  0
  83 183  0
  83 216  0
  84  95  0
  84 116  0
  84 132  0
  85 134  0
  86  82  0
  86 177  0
  86 231  0
  87 128  0
  87 158  0
  87 160  0
  87 163  0
  88  30  0
  88  73  0
  89  63  0
  89  82  0
  89 158  0
  89 231  0
  90  47  0
  90  49  0
  90 101  0
  91 132  0
  92  70  0
  92  81  0
  93  43  0
  93 108  0
  93 134  0
  95  82  0
  96 132  0
  96 135  0
  96 184  0
  97  56  0
  97  79  0
  97  84  0
  97 106  0
  97 211  0
  98  90  0
  98 103  0
  98 126  0
  98 146  0
  99  43  0
 100  79  0
 101  64  0
 102  78  0
 102 106  0
 102 129  0
 103  25  0
 104 140  0
 105 113  0
 106  35  0
 106 132  0
 107  29  0
 107 111  0
 107 158  0
 108 207  0
 109  27  0
 109  74  0
 109 157  0
 111  82  0
 111 104  0
 111 143  0
 111 151  0
 112  32  0
 112 102  0
 113 171  0
 113 202  0
 114 205  0
 116  93  0
 116 102  0
 116 168  0
 116 193  0
 117  33  0
 119  88  0
 119 140  0
 119 146  0
 120  19  0
 120 106  0
 120 213  0
 120 216  0
 121 141  0
 121 144  0
 121 226  0
 121 232  0
 122  35  0
 122  62  0
 122  78  0
 122  89  0
 122 235  0
 123  15  0
 123 133  0
 123 231  0
 124  18  0
 124  44  0
 125  95  0
 125 105  0
 125 198  0
 127 102  0
 127 106  0
 127 135  0
 127 187  0
 128  15  0
 128 168  0
 128 171  0
 128 220  0
 128 233  0
 129  85  0
 129 189  0
 129 191  0
 129 236  0
 130  15  0
 130  78  0
 130 121  0
 130 204  0
 130 213  0
 130 231  0
 130 247  0
 131  76  0
 131 100  0
 131 228  0
 131 239  0
 131 244  0
 132  27  0
 133 102  0
 133 242  0
 134  28  0
 134  48  0
 134 119  0
 134 167  0
 134 202  0
 134 204  0
 135  22  0
 135  77  0
 135 127  0
 135 144  0
 136  89  0
 136 105  0
 136 199  0
 137  81  0
 137 126  0
 137 144  0
 138  24  0
 138  44  0
 138 173  0
 138 186  0
 138 197  0
 138 209  0
 139  47  0
 139 107  0
 139 143  0
 139 147  0
 139 192  0
 139 236  0
 140  32  0
 140  51  0
 140 229  0
 140 251  0
 141 124  0
 141 172  0
 141 202  0
 142  10  0
 142  30  0
 142  92  0
 142 214  0
 142 250  0
 143  75  0
 143 121  0
 143 135  0
 143 157  0
 143 171  0
 143 236  0
 143 247  0
 144  10  0
 144  93  0
 144 126  0
 144 205  0
 145 121  0
 145 172  0
 145 189  0
 145 249  0
 146 117  0
 147  75  0
 147 126  0
 147 128  0
 147 193  0
 147 201  0
 147 207  0
 147 210  0
 147 224  0
 148  37  0
 148 171  0
 149  22  0
 149  56  0
 149 102  0
 149 117  0
 149 124  0
 149 184  0
 149 247  0
 149 252  0
 150  49  0
 151  72  0
 151 133  0
 151 153  0
 151 218  0
 151 240  0
 151 242  0
 152  23  0
 152 159  0
 152 220  0
 152 254  0
 153  13  0
 153 118  0
 153 140  0
 153 237  0
 154  26  0
 154 210  0
 155 118  0
 155 175  0
 155 203  0
 155 242  0
 156  36  0
 156 217  0
 156 249  0
 157  14  0
 157 118  0
 157 198  0
 157 200  0
 158  37  0
 158 234  0
 158 237  0
 159 118  0
 159 215  0
 159 239  0
 159 244  0
 160   7  0
 160  10  0
 160 137  0
 160 157  0
 160 185  0
 160 194  0
 160 246  0
 160 253  0
 161  52  0
 161 215  0
 161 250  0
 162  43  0
 162 130  0
 162 176  0
 163  14  0
 163  19  0
 163  52  0
 163 143  0
 163 157  0
 164  12  0
 164  16  0
 164  17  0
 164  66  0
 164  99  0
 165   8  0
 165  52  0
 165  93  0
 165 210  0
 165 252  0
 166   9  0
 166  18  0
 166  21  0
 166  22  0
 166 234  0
 166 235  0
 167  17  0
 167  26  0
 167  54  0
 167  55  0
 167  98  0
 167 154  0
 167 176  0
 167 177  0
 167 205  0
 167 207  0
 167 208  0
 167 231  0
 168  52  0
 168 101  0
 168 110  0
 168 111  0
 168 121  0
 168 164  0
 168 165  0
 168 193  0
 168 230  0
 169  12  0
 169  22  0
 169  55  0
 169  56  0
 169  90  0
 169  91  0
 169 177  0
 169 178  0
 169 182  0
 169 183  0
 169 184  0
 169 238  0
 169 239  0
 170  21  0
 170  99  0
 170 155  0
 170 214  0
 170 227  0
 171  10  0
 171  13  0
 171  14  0
 171  77  0
 171 154  0
 171 225  0
 172  23  0
 172  24  0
 172  48  0
 172  49  0
 172  50  0
 172 149  0
 172 150  0
 172 151  0
 172 157  0
 172 176  0
 172 177  0
 172 222  0
 172 223  0
 173  11  0
 173  21  0
 173  85  0
 173  99  0
 173 100  0
 173 113  0
 173 152  0
 173 155  0
 173 158  0
 173 159  0
 173 251  0
 173 252  0
 173 253  0
 173 254  0
 174  35  0
 174  36  0
 174  48  0
 174  49  0
 174  56  0
 174 242  0
 174 243  0
 175  59  0
 175 115  0
 175 173  0
 175 174  0
 175 175  0
 175 223  0
 176  41  0
 176  74  0
 176  79  0
 176 113  0
 176 179  0
 176 180  0
 176 243  0
 177  29  0
 177  31  0
 177  42  0
 177  49  0
 177  50  0
 177 100  0
 177 101  0
 177 159  0
 177 170  0
 177 253  0
 178  38  0
 178 112  0
 178 147  0
 179  40  0
 179 117  0
 179 136  0
 179 168  0
 179 201  0
 180 112  0
 180 175  0
 181  57  0
 181  78  0
 181  97  0
 181 134  0
 181 144  0
 181 232  0
 182 254  0
 183  77  0
 184  91  0
 184 134  0
 184 139  0
 184 194  0
 184 206  0
 184 232  0
 185 104  0
 185 123  0
 185 161  0
 185 175  0
 185 208  0
 186  50  0
 186  96  0
 186 115  0
 186 135  0
 186 245  0
 186 252  0
 187  46  0
 187 103  0
 187 121  0
 187 184  0
 187 206  0
 187 236  0
 188  20  0
 188 109  0
 188 130  0
 188 161  0
 189  12  0
 189  32  0
 189  55  0
 189  96  0
 189  98  0
 189 138  0
 189 206  0
 189 230  0
 189 232  0
 190  83  0
 191  95  0
 191 204  0
 192 109  0
 193  41  0
 193 249  0
 194 237  0
 195 105  0
 195 194  0
 195 202  0
 195 205  0
 195 232  0
 196 199  0
 196 239  0
 197  16  0
 197  20  0
 197  45  0
 197  70  0
 197 251  0
 198 185  0
 199  47  0
 199  70  0
 199  73  0
 199  91  0
 199 139  0
 199 146  0
 199 172  0
 199 210  0
 201  84  0
 201 198  0
 201 213  0
 202  54  0
 203  92  0
 203 100  0
 203 142  0
 204  89  0
 204 139  0
 204 238  0
 205  86  0
 205 175  0
 205 231  0
 206 186  0
 207 145  0
 207 159  0
 207 238  0
 208 161  0
 210 136  0
 210 157  0
 210 168  0
 211 195  0
 211 215  0
 212  36  0
 212  67  0
 212  89  0
 212 139  0
 212 218  0
 212 231  0
 212 236  0
 213  34  0
 213  63  0
 213 180  0
 213 233  0
 214  58  0
 214 178  0
 215 129  0
 216  97  0
 216 152  0
 216 239  0
 217 226  0
 218  38  0
 218  88  0
 218 211  0
 218 223  0
 220  33  0
 220  36  0
 220  87  0
 220 112  0
 220 139  0
 220 152  0
 220 161  0
 220 225  0
 221  41  0
 221  43  0
 221  78  0
 221 190  0
 221 223  0
 222  39  0
 223  28  0
 223  48  0
 223 154  0
 223 234  0
 224  24  0
 224  84  0
 226  76  0
 226 120  0
 226 133  0
 226 150  0
 226 207  0
 226 215  0
 227  69  0
 227 209  0
 228  53  0
 228 115  0
 228 128  0
 228 161  0
 229 185  0
 230  27  0
 230  61  0
 230 107  0
 230 177  0
 231 105  0
 231 109  0
 231 190  0
 231 228  0
 232  45  0
 232 139  0
 232 141  0
 232 151  0
 232 155  0
 233  84  0
 233 111  0
 233 126  0
 233 188  0
 233 190  0
 234  33  0
 234  37  0
 234  63  0
 234  89  0
 234 138  0
 234 153  0
 234 156  0
 234 208  0
 235  87  0
 235 113  0
 236  67  0
 236 154  0
 237  36  0
 237  78  0
 237 134  0
 237 181  0
 237 201  0
 238 125  0
 238 227  0
 239 141  0
 239 144  0
 240  33  0
 240  87  0
 240  93  0
 240 196  0
 241 117  0
 241 203  0
 242  94  0
 242 140  0
 242 224  0
 243  40  0
 243 133  0
 243 202  0
 244  94  0
 245 147  0
 245 165  0
 245 175  0
 246  99  0
 246 143  0
 247  95  0
 247 154  0
 247 188  0
 247 195  0
 248  99  0
 248 218  0
 249 186  0
 249 190  0
 250  56  0
 250  96  0
 250 133  0
 250 170  0
 250 194  0
 250 203  0
 251  94  0
 251 179  0
 252  75  0
 252 135  0
 252 165  0
 253 132  0
 253 172  0
 254 115  0
 255 132  0
 255 147  0
 256 205  0
 257 100  0
 258 102  0
 258 104  0
 258 165  0
 258 174  0
 259 122  0
 259 131  0
 259 135  0
 259 139  0
 260 128  0
 261 139  0
 263 123  0
 263 126  0
 263 175  0
 264 146  0
 264 150  0
 265 138  0
 265 170  0
 266 130  0
 266 134  0
 269  67  0
 269  70  0
 269 184  0
 270 106  0
 270 119  0
 270 172  0
 270 175  0
 270 186  0
 271 129  0
 271 132  0
 271 139  0
 272  95  0
 272 108  0
 272 135  0
 272 174  0
 273  71  0
 274  97  0
 274 124  0
 275 127  0
 276 155  0
 277 137  0
 277 142  0
 277 174  0
 278  80  0
 278 110  0
 279 124  0
 279 127  0
 279 129  0
 279 131  0
 279 139  0
 279 142  0
 279 148  0
 279 153  0
 279 156  0
 279 160  0
 280  87  0


count = 858