   6 118  0
   6 132  0
   7 146  0
   7 148  0
   8  75  0
   9 118  0
   9 131  0
  12 118  0
  15 130  0
  17 122  0
  17 124  0
  18 128  0
  19 126  0
  22 129  0
  30 180  0
  51 193  0
  51 195  0
  76 206  0
  77 211  0
  91  19  0
  91  23  0
  93  17  0
  93  20  0
 136  39  0
 160 130  0
 162 133  0
 167 137  0
 168 117  0
 173 138  0
 175  76  0
 179 150  0
 182  71  0
 186  86  0
 187  76  0
 187  82  0
 189  83  0
 279 136  0
 280 114  0
 280 126  0
 280 140  0
 280 144  0
 280 146  0


count = 42