   5 128  0
   6 132  0
   6 137  0
   6 152  0
   7 104  0
   7 106  0
   8 100  0
   8 134  0
   9 108  0
   9 114  0
   9 138  0
  10 128  0
  10 135  0
  11 132  0
  12  88  0
  12 112  0
  12 152  0
  12 155  0
  13  86  0
  13  98  0
  13 139  0
  13 146  0
  13 170  0
  14 104  0
  15 176  0
  16  82  0
  16 114  0
  17  80  0
  17 135  0
  17 156  0
  17 160  0
  18 125  0
  18 128  0
  19 131  0
  19 186  0
  20 119  0
  20 123  0
  20 127  0
  21  67  0
  21  78  0
  21 133  0
  22  80  0
  23  70  0
  23  73  0
  23  76  0
  23 133  0
  23 170  0
  25  65  0
  25  76  0
  25 114  0
  26 176  0
  27  67  0
  27 118  0
  28  64  0
  28  73  0
  29 129  0
  30  55  0
  30 122  0
  30 125  0
  31  63  0
  32  53  0
  32 128  0
  32 173  0
  33  59  0
  33 150  0
  34  62  0
  34  65  0
  34 153  0
  36  82  0
  36 122  0
  38 120  0
  39 128  0
  40  51  0
  41 132  0
  41 134  0
  41 140  0
  42 123  0
  43 120  0
  43 141  0
  43 200  0
  44 139  0
  45 203  0
  45 206  0
  47  43  0
  47  46  0
  50  45  0
  50  96  0
  50 119  0
  50 129  0
  51 126  0
  52  69  0
  53 125  0
  56  39  0
  59 120  0
  60 126  0
  61  37  0
  63 126  0
  64 123  0
  66 133  0
  68 124  0
  81  95  0
  83 127  0
  86  98  0
  87 101  0
  87 103  0
  89  41  0
  89 226  0
  90 105  0
  90 168  0
  91 107  0
  92 162  0
  97  61  0
  99  52  0
  99  88  0
 101  51  0
 101  58  0
 101 132  0
 101 163  0
 102  55  0
 102  90  0
 102 127  0
 105  36  0
 105  57  0
 105 126  0
 110  47  0
 110 192  0
 111  55  0
 113  48  0
 113 132  0
 114  38  0
 116  40  0
 116 142  0
 117  20  0
 117  24  0
 118  42  0
 118  86  0
 120 128  0
 120 134  0
 120 168  0
 121  53  0
 121 125  0
 122  19  0
 122  87  0
 122 173  0
 123  24  0
 124  17  0
 124  27  0
 124  45  0
 125  21  0
 126 181  0
 127  47  0
 127  50  0
 127 165  0
 127 167  0
 127 178  0
 127 195  0
 128  18  0
 128 123  0
 128 169  0
 128 180  0
 129 184  0
 130  57  0
 131 237  0
 132  12  0
 132 194  0
 133  47  0
 135  11  0
 135  19  0
 135  47  0
 135  52  0
 135 129  0
 135 141  0
 135 235  0
 135 241  0
 136  55  0
 137  10  0
 137 141  0
 137 195  0
 137 213  0
 137 235  0
 137 244  0
 138 168  0
 138 209  0
 139 141  0
 139 196  0
 142 126  0
 142 202  0
 142 223  0
 145 208  0
 146 197  0
 147 206  0
 148  67  0
 148 126  0
 148 197  0
 149 186  0
 149 252  0
 150 183  0
 150 208  0
 151 127  0
 151 201  0
 151 252  0
 152 142  0
 153 134  0
 154 127  0
 154 198  0
 154 252  0
 156 127  0
 159 199  0
 159 246  0
 159 247  0
 160 126  0
 160 127  0
 160 128  0
 160 131  0
 162 128  0
 162 129  0
 162 157  0
 162 158  0
 164  89  0
 164 158  0
 164 163  0
 165 132  0
 165 135  0
 166 160  0
 168  46  0
 169 155  0
 170 107  0
 170 254  0
 172 156  0
 173 132  0
 173 244  0
 174 145  0
 175 102  0
 175 174  0
 176 121  0
 176 135  0
 176 141  0
 176 143  0
 177 126  0
 178 133  0
 178 162  0
 178 173  0
 179 141  0
 179 153  0
 179 167  0
 179 192  0
 180  71  0
 180 136  0
 183 171  0
 184 106  0
 184 158  0
 185 227  0
 186 104  0
 186 108  0
 187  44  0
 187 154  0
 187 166  0
 189 179  0
 189 187  0
 190 110  0
 192  79  0
 192 113  0
 192 115  0
 192 117  0
 192 132  0
 193 119  0
 193 146  0
 193 178  0
 195 138  0
 195 237  0
 197 127  0
 197 129  0
 197 131  0
 198 141  0
 199 191  0
 200 109  0
 200 134  0
 206 139  0
 212 144  0
 213 186  0
 216 136  0
 216 192  0
 220 131  0
 220 137  0
 220 191  0
 222 193  0
 223  43  0
 223  87  0
 225 184  0
 227 184  0
 228  58  0
 231 140  0
 231 227  0
 232 119  0
 233 224  0
 236  95  0
 239 137  0
 242  54  0
 244 202  0
 245 138  0
 247  75  0
 252 135  0
 252 152  0
 256  64  0
 259  70  0
 263 131  0
 265 131  0
 265 134  0
 266 119  0
 267 138  0
 271 124  0
 271 135  0
 271 152  0
 274 121  0
 274 141  0
 274 187  0
 276 123  0
 276 182  0
 277 150  0
 277 171  0
 278 116  0
 278 141  0
 278 145  0
 279  98  0
 279 100  0
 279 103  0
 279 171  0
 280 157  0


count = 328