   5 109  0
   6 126  0
   6 135  0
   7 101  0
   7 128  0
   7 151  0
   9  94  0
   9  96  0
   9 132  0
  10  88  0
  11 100  0
  11 103  0
  11 133  0
  11 140  0
  12 119  0
  13  81  0
  13  89  0
  13 116  0
  14 153  0
  14 156  0
  15  81  0
  15  98  0
  15 110  0
  15 123  0
  15 126  0
  15 131  0
  15 133  0
  15 137  0
  15 170  0
  16 129  0
  16 159  0
  16 172  0
  17  90  0
  17 163  0
  18 169  0
  19 110  0
  19 125  0
  19 130  0
  19 151  0
  19 153  0
  20 100  0
  20 164  0
  21 108  0
  21 180  0
  22 167  0
  22 169  0
  23  91  0
  24  82  0
  24  87  0
  24 174  0
  24 184  0
  25  64  0
  25  91  0
  25  96  0
  25 138  0
  26  94  0
  26 140  0
  26 175  0
  29 131  0
  30  80  0
  30 126  0
  30 138  0
  30 154  0
  30 160  0
  31  78  0
  31 193  0
  32  75  0
  32 162  0
  33  86  0
  33  90  0
  33 126  0
  33 195  0
  34  80  0
  34 124  0
  35 168  0
  36  72  0
  36  88  0
  36 127  0
  36 194  0
  37  60  0
  37 149  0
  37 191  0
  38  71  0
  42  54  0
  43 124  0
  43 128  0
  43 142  0
  44 139  0
  45  55  0
  45 156  0
  47  91  0
  47 131  0
  47 200  0
  49 133  0
  51  50  0
  51 128  0
  51 143  0
  53 142  0
  53 147  0
  54 135  0
  55 150  0
  56 135  0
  56 142  0
  56 145  0
  56 148  0
  57  49  0
  58  47  0
  58 132  0
  58 156  0
  58 217  0
  59  68  0
  60 152  0
  60 155  0
  65 194  0
  69  39  0
  70 186  0
  71 129  0
  72  51  0
  72 185  0
  73 130  0
  75  38  0
  75  82  0
  75 227  0
  77  81  0
  77 130  0
  78  37  0
  78 144  0
  80  81  0
  81 138  0
  82  79  0
  83 129  0
  84  95  0
  84 132  0
  85 134  0
  86  82  0
  86 177  0
  87 158  0
  89 158  0
  90  49  0
  91 132  0
  93  43  0
  93 108  0
  93 134  0
  95  82  0
  96 132  0
  96 135  0
  97  56  0
  97 106  0
  99  43  0
 102 106  0
 102 129  0
 105 113  0
 106  35  0
 106 132  0
 107  29  0
 107 111  0
 107 158  0
 109  27  0
 109 157  0
 112  32  0
 116 102  0
 121 141  0
 121 144  0
 121 226  0
 121 232  0
 122 235  0
 123 133  0
 123 231  0
 127 102  0
 127 106  0
 127 187  0
 128 171  0
 128 220  0
 128 233  0
 129  85  0
 129 189  0
 129 236  0
 130  15  0
 130  78  0
 130 204  0
 130 213  0
 130 231  0
 130 247  0
 131  76  0
 131 239  0
 131 244  0
 132  27  0
 133 102  0
 134  28  0
 134 119  0
 134 204  0
 135  77  0
 136  89  0
 136 199  0
 138  24  0
 138 173  0
 138 186  0
 138 197  0
 138 209  0
 139 143  0
 139 192  0
 139 236  0
 140  32  0
 140 251  0
 141 124  0
 141 172  0
 141 202  0
 142  10  0
 142  30  0
 142  92  0
 142 250  0
 143 121  0
 143 157  0
 143 171  0
 144  10  0
 144  93  0
 144 126  0
 145 121  0
 145 172  0
 145 189  0
 145 249  0
 146 117  0
 147  75  0
 147 128  0
 147 193  0
 147 201  0
 147 207  0
 147 210  0
 147 224  0
 148 171  0
 149  56  0
 149 102  0
 149 117  0
 149 124  0
 149 247  0
 149 252  0
 151  72  0
 151 153  0
 151 218  0
 151 242  0
 152  23  0
 152 159  0
 152 254  0
 153  13  0
 153 140  0
 154  26  0
 154 210  0
 155 118  0
 155 175  0
 155 203  0
 155 242  0
 156 217  0
 157  14  0
 157 118  0
 158 237  0
 159 118  0
 159 215  0
 159 239  0
 159 244  0
 160   7  0
 160  10  0
 160 137  0
 160 157  0
 160 194  0
 160 246  0
 160 253  0
 161 215  0
 161 250  0
 162  43  0
 162 176  0
 163  14  0
 163  19  0
 163 143  0
 164  12  0
 164  16  0
 164  17  0
 165   8  0
 165 252  0
 166   9  0
 166  18  0
 166  21  0
 166 234  0
 167  17  0
 167  98  0
 167 176  0
 167 177  0
 167 205  0
 167 207  0
 167 208  0
 168 164  0
 168 165  0
 168 230  0
 169  12  0
 169  22  0
 169 177  0
 169 178  0
 169 182  0
 169 183  0
 169 238  0
 170  21  0
 171  10  0
 171  13  0
 171  14  0
 171 225  0
 172  23  0
 172  24  0
 172  48  0
 172  49  0
 172  50  0
 172 149  0
 172 150  0
 172 151  0
 172 157  0
 172 176  0
 172 177  0
 172 222  0
 173  21  0
 173  85  0
 173  99  0
 173 100  0
 173 158  0
 173 159  0
 173 251  0
 173 252  0
 173 253  0
 174  35  0
 174  36  0
 174  48  0
 174  49  0
 174  56  0
 174 242  0
 174 243  0
 175  59  0
 175 223  0
 176  41  0
 176 113  0
 176 179  0
 177  29  0
 177  42  0
 177  49  0
 177  50  0
 177 100  0
 177 170  0
 177 253  0
 178  38  0
 178 112  0
 179  40  0
 179 136  0
 179 168  0
 180 112  0
 181  57  0
 181  78  0
 181  97  0
 181 134  0
 181 144  0
 181 232  0
 182 254  0
 184  91  0
 184 134  0
 184 139  0
 184 206  0
 185 104  0
 185 123  0
 185 161  0
 185 208  0
 186  50  0
 186 135  0
 186 245  0
 186 252  0
 187  46  0
 187 236  0
 188  20  0
 188 109  0
 188 130  0
 188 161  0
 189  12  0
 189  55  0
 189  96  0
 189  98  0
 189 138  0
 189 230  0
 193  41  0
 193 249  0
 194 237  0
 195 205  0
 196 199  0
 196 239  0
 197  16  0
 197  20  0
 197  45  0
 199  47  0
 199  70  0
 199  73  0
 199  91  0
 199 146  0
 201 198  0
 201 213  0
 203 100  0
 203 142  0
 204 139  0
 205  86  0
 205 231  0
 206 186  0
 207 145  0
 207 159  0
 208 161  0
 212  36  0
 212  89  0
 212 139  0
 212 231  0
 213  34  0
 213 180  0
 214 178  0
 216 152  0
 216 239  0
 217 226  0
 218  88  0
 218 211  0
 218 223  0
 220  36  0
 220  87  0
 220 112  0
 220 139  0
 220 225  0
 221  41  0
 221  43  0
 222  39  0
 223  28  0
 223 154  0
 224  24  0
 226  76  0
 226 120  0
 226 207  0
 226 215  0
 227 209  0
 229 185  0
 230  61  0
 230 107  0
 230 177  0
 231 105  0
 231 109  0
 231 190  0
 231 228  0
 232 139  0
 232 141  0
 232 151  0
 232 155  0
 233 111  0
 233 126  0
 233 190  0
 234  33  0
 234  37  0
 234  63  0
 234  89  0
 234 138  0
 234 153  0
 234 156  0
 234 208  0
 236  67  0
 236 154  0
 237  36  0
 237  78  0
 237 181  0
 239 141  0
 239 144  0
 240  93  0
 242  94  0
 242 140  0
 242 224  0
 243 133  0
 244  94  0
 245 147  0
 245 165  0
 245 175  0
 247  95  0
 247 188  0
 248  99  0
 248 218  0
 249 186  0
 249 190  0
 250  96  0
 250 133  0
 250 170  0
 251  94  0
 252  75  0
 252 135  0
 253 132  0
 253 172  0
 255 132  0
 258 102  0
 258 174  0
 259 122  0
 259 131  0
 259 135  0
 259 139  0
 260 128  0
 261 139  0
 263 123  0
 263 126  0
 263 175  0
 264 146  0
 265 138  0
 266 130  0
 266 134  0
 269  67  0
 270 106  0
 271 129  0
 271 132  0
 271 139  0
 272  95  0
 272 108  0
 272 135  0
 272 174  0
 274  97  0
 275 127  0
 277 142  0
 277 174  0
 278  80  0
 278 110  0
 279 124  0
 279 127  0
 279 129  0
 279 131  0
 279 139  0
 279 142  0
 279 148  0
 279 153  0
 279 156  0
 279 160  0
 280  87  0


count = 530