 139   1  1
 165   1  1
 129   2  1
 179   2  1
 122   3  1
 189   3  1
 119   4  1
 192   4  1
 115   5  1
 117   5  1
 112   6  1
 137   6  1
 197   6  1
 131   7  1
 172   7  1
 146  10  1
 204  11  1
 139  12  1
 140  12  1
  85  14  1
 210  14  1
 146  16  1
 135  17  1
 136  17  1
 215  18  1
  68  20  1
 155  20  1
 166  20  1
 168  20  1
 142  21  1
 150  21  1
 158  21  1
  78  22  1
 220  22  1
 144  24  1
 137  25  1
 146  25  1
  60  26  1
  85  26  1
  69  27  1
  89  28  1
 140  28  1
 144  28  1
  74  29  1
 171  29  1
  55  30  1
 101  30  1
 151  30  1
 163  30  1
 157  31  1
 231  32  1
  87  33  1
  88  33  1
 158  33  1
 144  35  1
 167  35  1
  80  37  1
 193  37  1
 194  37  1
 226  37  1
 168  38  1
 169  38  1
 107  39  1
 108  39  1
 134  39  1
 150  39  1
 199  39  1
  45  40  1
 117  40  1
 138  40  1
 156  40  1
 157  40  1
 192  40  1
 193  40  1
 161  41  1
 162  41  1
 171  41  1
 201  41  1
 239  41  1
  42  43  1
 222  44  1
 135  45  1
 136  45  1
 187  45  1
 191  45  1
  86  46  1
  87  46  1
 234  46  1
 158  47  1
 159  47  1
 173  47  1
  82  48  1
 136  48  1
 137  48  1
 142  48  1
 155  49  1
 164  49  1
 165  49  1
 220  49  1
 221  49  1
 244  49  1
  40  50  1
 182  50  1
  48  51  1
 207  51  1
 208  51  1
 218  51  1
  80  52  1
 246  52  1
  29  54  1
  88  54  1
  89  54  1
 154  54  1
 164  54  1
 165  54  1
 144  56  1
 154  56  1
 179  56  1
 215  56  1
  87  57  1
 139  57  1
  80  58  1
 153  58  1
  35  59  1
 141  59  1
 221  59  1
  69  60  1
  37  61  1
 145  61  1
  67  62  1
 234  63  1
  41  64  1
 155  64  1
 162  64  1
 146  65  1
 210  65  1
  18  67  1
  26  67  1
  36  67  1
  37  67  1
 189  67  1
 206  67  1
 146  68  1
 259  68  1
  45  69  1
  34  70  1
  39  70  1
  40  70  1
 146  70  1
 159  70  1
 160  70  1
 182  70  1
 238  71  1
  63  72  1
 144  72  1
 145  72  1
 157  72  1
  40  73  1
  41  73  1
 179  73  1
 240  73  1
 241  73  1
 263  73  1
 151  74  1
 155  74  1
 209  74  1
  12  75  1
  19  75  1
  49  75  1
  53  75  1
  64  75  1
  69  75  1
  58  78  1
 176  78  1
 211  78  1
 174  79  1
  62  80  1
 190  80  1
   9  81  1
  10  81  1
 169  81  1
 182  81  1
 183  81  1
 198  81  1
  27  82  1
 242  82  1
 220  83  1
 227  84  1
 228  84  1
 190  85  1
 231  85  1
 247  85  1
  30  86  1
  32  86  1
  34  87  1
 182  87  1
 190  87  1
  38  88  1
 194  88  1
 163  90  1
 152  91  1
 193  91  1
 194  91  1
 230  91  1
 150  93  1
 164  94  1
 201  94  1
 232  94  1
 252  94  1
 236  95  1
 240  96  1
 242  96  1
 248  96  1
 143  98  1
 177  98  1
 178  98  1
 138  99  1
 161  99  1
 190  99  1
 191  99  1
 198  99  1
 200  99  1
 202  99  1
 168 101  1
 244 101  1
 245 101  1
 249 101  1
  74 102  1
 182 102  1
 183 102  1
  80 103  1
  98 103  1
 115 103  1
 206 103  2
  84 104  1
 162 104  1
 164 104  1
 165 104  1
 170 106  1
 171 106  1
 213 106  1
   6 107  1
   7 107  1
 123 107  1
 272 107  1
 273 107  1
  47 108  1
 216 108  1
 217 108  1
  42 109  1
 155 109  1
 159 109  1
 183 109  1
 202 109  1
   5 110  1
   6 110  1
  30 110  1
 191 111  1
 214 112  1
 215 112  1
  14 113  1
  24 113  1
  28 113  1
 143 113  1
  76 114  1
   3 115  1
   4 115  1
 161 115  1
 166 115  1
 204 115  1
 125 116  1
 139 116  1
  84 117  1
 133 117  1
 222 117  1
 223 117  1
  80 118  1
 120 118  1
 204 118  1
 155 119  1
 264 119  1
 194 120  1
 199 120  1
  79 121  1
 166 121  1
 167 121  1
   7 122  1
 262 122  1
  27 123  1
  29 123  1
  74 123  1
  90 123  1
 258 123  1
  63 124  1
  65 124  1
 139 124  1
 156 124  1
 231 124  1
  80 125  1
 104 125  1
 135 125  1
 137 125  1
 144 125  1
 153 125  1
 215 125  1
 220 125  1
 248 125  1
 253 125  1
  51 126  1
 125 126  1
 210 126  1
   6 127  1
  32 127  1
  34 127  1
  70 127  1
  76 127  1
  77 127  1
 145 127  1
  83 128  1
 264 128  1
  43 129  1
 150 129  1
  14 130  1
  15 130  1
  48 130  1
  51 130  1
  59 130  1
 132 130  1
 136 130  1
 140 130  1
 225 130  1
 232 130  1
 244 130  1
 266 130  1
 161 131  1
 209 131  1
 210 131  1
 222 131  1
  35 132  1
  36 132  1
  63 132  1
  82 132  1
 124 132  1
 142 132  1
  67 133  1
  87 134  1
 195 134  1
 196 134  1
 197 134  1
 234 134  1
 235 134  1
   9 135  1
  10 135  1
  80 135  1
 166 135  1
 167 135  1
 193 135  1
 202 135  1
 238 135  1
 250 135  1
 275 135  1
 276 135  1
  30 136  1
  72 136  1
 141 136  1
 200 136  1
  10 137  1
 240 137  1
  16 138  1
  33 138  1
  34 138  1
 141 138  1
  10 139  1
  81 139  1
 136 139  1
 192 139  1
 205 139  1
  54 140  1
 125 140  1
 129 140  1
 143 140  1
  34 141  1
  76 141  1
  91 141  1
 243 141  1
 131 142  1
 132 142  1
 192 142  1
  33 143  1
  34 143  1
 188 143  1
  42 144  1
 124 144  1
  14 145  1
  15 145  1
  67 145  1
  68 145  1
  83 145  1
  86 145  1
 197 145  1
 148 146  1
 151 147  1
 152 147  1
  78 148  1
 120 148  1
 135 148  1
 254 148  1
   5 149  1
   6 149  1
 132 149  1
 133 149  1
 272 149  1
  14 150  1
  15 150  1
  42 150  1
  96 150  1
  97 150  1
 189 150  1
 190 150  1
 200 150  1
  77 151  1
  78 151  1
 162 151  1
 214 151  1
 129 152  1
 175 152  1
 177 152  1
 195 152  1
 259 152  1
 219 153  1
  99 154  1
 100 154  1
  82 155  1
  91 155  1
 108 155  1
 158 155  1
 181 155  1
 204 155  1
 104 156  1
 148 156  3
 149 156  1
 150 156  1
 163 156  1
 165 156  1
 269 156  1
 114 157  1
 156 158  1
 178 158  1
 199 158  1
 208 158  1
 143 159  1
 169 159  1
 170 159  1
  37 160  1
  94 160  1
 104 160  1
 151 160  1
 173 160  1
 143 161  1
 153 161  1
 178 161  1
  46 162  1
  99 162  1
 145 162  1
 190 162  1
 200 162  1
 247 162  1
 248 162  1
 251 162  1
 252 162  1
 256 162  1
 166 164  1
 185 164  1
 186 164  1
 246 164  1
 103 165  1
 238 165  1
 240 165  1
 151 166  1
  48 167  1
  49 167  1
 257 167  1
   7 168  1
   8 168  1
 186 168  1
 262 168  1
  40 169  1
 164 169  1
  13 170  1
 170 170  1
 171 170  1
  20 172  1
 235 172  1
 262 172  1
 165 173  1
 259 173  1
 281 173  1
 282 173  1
 236 176  1
 207 177  1
 229 177  1
 230 177  1
 222 178  1
 220 179  1
  29 180  1
 216 180  1
  41 182  1
  15 183  1
  67 183  1
  68 183  1
  31 184  1
  52 184  1
 277 184  1
 278 184  1
 150 185  1
 252 185  1
 257 185  1
  38 186  1
  63 186  1
 181 186  1
 182 186  1
 211 186  1
 249 186  1
  48 187  1
  54 187  1
  25 188  1
  41 188  1
  42 188  1
 275 188  1
  35 190  1
  52 190  1
 135 190  1
 151 190  1
 190 190  1
 191 190  1
 248 191  1
 273 191  1
  34 192  1
  35 192  1
  69 192  1
 203 192  1
  21 193  1
 133 193  1
  54 194  1
 244 194  1
 145 195  1
 258 195  1
 259 195  1
  54 196  1
 138 196  1
 153 196  1
 159 197  1
 255 197  1
 261 197  1
 269 197  1
  46 198  1
  69 198  1
  70 198  1
 219 198  1
 225 198  1
  51 199  1
 256 200  1
 132 201  1
 154 201  1
 168 201  1
 213 201  1
 267 201  1
  44 202  1
  98 202  1
  99 202  1
 139 202  1
 143 202  1
 148 202  1
  41 203  1
  48 203  1
  91 203  1
 129 203  1
 212 204  1
 217 204  1
  86 205  1
  88 205  1
  94 205  1
 238 205  1
 239 205  1
 243 205  1
 102 206  1
 103 206  1
 145 206  1
 133 207  1
  79 208  1
 168 208  1
 169 208  1
  46 209  1
  47 209  1
  94 209  1
  98 209  1
 148 209  1
 149 209  1
 191 209  1
 210 209  1
 225 209  1
  40 210  1
 207 210  1
 129 211  1
 130 211  1
 156 211  1
 228 212  1
  61 213  1
 105 215  1
 134 215  1
 148 215  1
 149 215  1
 154 215  1
 179 216  1
 182 216  1
 186 216  1
 196 216  1
 197 216  1
 151 217  1
  46 218  1
 146 218  1
 192 218  1
 193 218  1
 104 219  1
 105 219  1
 110 219  1
 111 219  1
 133 219  1
 176 219  1
 197 219  1
 238 219  1
 247 219  1
  58 220  1
 208 220  1
 209 220  1
 143 221  1
 246 221  1
  60 222  1
  61 222  1
  98 222  1
  99 222  1
  93 223  1
  94 223  1
 142 223  1
 143 223  1
 206 223  1
 107 224  1
 204 224  1
 227 224  1
 129 225  1
 183 225  1
  65 226  1
  90 226  1
 106 226  1
 109 226  1
 110 226  1
 140 226  1
 231 226  1
 233 226  1
  57 227  1
  67 228  1
  68 228  1
  69 228  1
 144 228  1
 145 228  1
  61 229  1
  96 229  1
 181 229  1
  90 230  1
 167 230  1
 168 230  1
 177 230  1
 190 232  1
 227 232  1
  66 233  1
 116 233  1
 159 233  1
 160 233  1
 203 233  1
  76 234  1
  91 234  1
 142 234  1
 143 234  1
 218 234  1
  69 235  1
  86 235  1
  88 235  1
 208 235  1
 210 235  1
 180 236  1
 181 236  1
 232 236  1
  93 237  1
  94 237  1
 141 237  1
 142 237  1
 211 237  1
 212 237  1
 110 238  1
 112 238  1
 115 238  1
 152 238  1
  74 239  1
 148 239  1
  80 240  1
  93 240  1
 204 240  1
 108 242  1
 179 242  3
 180 242  1
 181 242  1
 190 242  1
 191 242  1
 208 242  1
 219 242  1
 220 242  1
 141 243  1
 142 243  1
 155 243  1
  90 244  1
  92 244  1
  95 245  1
 214 245  1
 114 246  1
 137 246  1
 143 246  1
 157 246  1
 163 246  1
 149 247  1
 212 247  1
 107 248  1
 189 249  1
 135 250  1
 142 250  1
 164 250  1
 205 250  1
 202 251  1
 118 252  1
 121 253  1
 194 254  1
 186 257  1


count = 741