 143   1  1
 155   1  1
 177   1  1
 192   2  1
 127   4  1
 200   4  1
 124   5  1
 121   6  1
 144   6  1
 149   6  1
 154   6  1
 155   6  1
 118   7  1
 157   7  1
 162   9  1
 210   9  1
 130  10  1
 125  11  1
 107  12  1
 104  13  1
 215  13  1
 133  14  1
 134  14  1
 166  14  1
 167  14  1
 179  14  1
 208  15  1
 221  15  1
 149  16  1
 129  17  1
 130  17  1
 146  17  1
 213  17  1
 164  19  1
 205  19  1
  98  20  1
  99  20  1
 164  21  1
 167  23  1
 168  23  1
 232  23  1
  96  25  1
 202  25  1
 203  25  1
  87  28  2
 138  28  1
  63  29  1
 104  29  1
  96  30  1
 134  31  1
 201  31  1
  78  32  1
 245  33  1
 167  34  1
 168  34  1
  83  35  1
  91  36  1
  92  36  1
  93  36  1
 134  36  1
 135  36  1
 100  37  1
 101  37  1
  60  38  1
  61  38  1
  70  39  1
 109  39  1
 107  40  1
  89  42  1
  93  42  1
 256  42  1
  47  43  1
  65  45  1
  51  48  1
 107  48  1
 108  48  1
  68  51  1
 264  52  1
 111  55  1
 112  55  1
  38  61  1
 244  62  1
 245  62  1
 263  62  1
 236  63  1
  34  66  1
 255  66  1
 257  66  1
  25  67  1
 238  67  1
 265  68  1
 271  68  1
 272  68  1
 237  69  1
 237  71  1
 256  72  1
 263  72  1
 250  73  1
  17  74  1
  24  74  1
 246  75  1
 262  75  1
 257  77  1
 198  78  1
 199  78  1
 251  78  1
 186  79  1
 276  79  1
 277  79  1
 182  81  1
 226  81  1
 189  82  1
 190  82  1
 198  82  1
 231  82  1
  20  83  1
 247  84  1
 278  84  1
 279  84  1
 226  85  1
 251  85  1
 170  86  1
 231  86  1
 227  87  1
 279  87  1
 280  87  1
 234  90  1
 253  90  1
 238  91  1
 211  92  1
 216  92  1
 257  92  1
 152  93  1
 193  93  1
  98  94  1
 104  94  1
  17  95  1
  18  95  1
 145  96  1
 163  96  1
   9  97  1
  10  97  1
 134  97  1
 138  97  1
 242  97  1
  89  98  1
 125  98  1
 145  98  1
 258  98  1
 260  98  1
 119  99  1
 140  99  1
 141  99  1
 157  99  1
 213  99  1
 101 100  1
 109 100  1
 215 100  1
 235 100  1
 236 100  1
 258 100  1
  87 101  1
  88 101  1
 104 101  1
 105 101  1
 229 101  1
  17 102  1
 171 102  1
 222 102  1
 237 103  1
 241 103  1
 242 103  1
  92 104  1
  95 104  1
  17 106  1
  85 107  2
  98 107  1
  99 107  1
 140 107  1
 147 107  1
 163 107  1
   7 108  1
   8 108  1
 256 108  1
 163 109  1
 100 110  1
 158 110  1
 147 111  1
 160 111  1
 103 113  1
 104 113  1
 133 113  1
 136 113  1
 137 113  1
 150 113  1
 145 114  1
  10 116  1
 263 116  1
  87 117  1
  89 117  1
 138 117  1
 150 117  1
 193 117  1
 194 117  1
  91 118  1
 256 118  1
  14 119  1
  97 119  1
  98 119  1
   5 120  1
  86 120  1
  95 120  1
 238 120  1
  43 121  1
 102 121  1
 104 121  1
 236 121  1
 260 121  1
 269 121  1
 271 121  1
  46 122  1
  82 122  1
  88 122  1
 112 122  1
 113 122  1
 193 122  1
 217 122  1
 229 123  1
 260 123  1
 267 123  1
  11 124  1
  63 124  1
 260 125  1
 279 125  1
 280 125  1
 110 126  1
 273 126  1
 274 126  1
  15 127  1
  19 127  1
  36 127  1
  91 127  1
 128 127  1
 215 127  1
 238 127  1
  33 128  1
  40 128  1
 132 128  1
 226 128  1
  14 129  1
  77 129  1
 140 129  1
 241 129  1
 264 129  1
 266 129  1
 100 130  1
 195 130  1
 236 130  1
 256 130  1
 260 130  1
 261 130  1
  14 131  1
  89 131  1
 243 131  1
 145 132  1
 195 132  1
  86 133  1
  87 133  1
 178 133  1
 211 133  1
 242 133  1
 247 133  1
 248 133  1
   7 134  1
  34 134  1
  39 134  1
 197 134  1
 198 134  1
 236 134  1
 191 135  1
 242 135  1
  99 136  1
 126 136  1
 127 136  1
 164 136  1
 165 136  1
 200 136  1
  95 137  1
  97 137  1
 248 137  1
  12 138  1
 132 138  1
 174 138  1
 257 138  1
 274 138  1
   8 139  1
  26 139  1
  91 139  1
 172 139  1
 264 139  1
 270 139  1
   1 140  1
  19 141  1
 153 141  1
 174 141  1
 279 142  1
 280 142  1
   1 143  1
 125 143  1
  46 144  1
  89 144  1
  79 145  1
 273 145  1
   9 146  1
 172 147  1
 203 148  1
  48 149  1
 104 149  1
 168 149  1
 164 151  1
 183 151  1
  45 152  1
 139 152  1
 198 152  1
 203 152  1
   7 153  1
   8 153  1
  82 153  1
 102 153  1
 103 153  1
 104 153  1
 107 153  1
  79 154  1
 150 155  1
   1 157  1
  83 157  1
  85 157  1
 172 158  1
   1 160  1
   2 160  1
 190 161  1
 185 163  1
   9 164  1
  17 164  1
 178 166  1
  21 167  1
  22 167  1
 278 167  1
 279 167  1
   2 172  1
   3 172  1
  16 174  1
 187 176  1
 192 176  1
 199 177  1
  15 182  1
  16 182  1
 130 183  1
 271 184  1
 130 185  1
 136 185  1
 137 185  1
 200 185  1
   1 186  1
 192 186  1
 196 186  1
 197 186  1
 251 186  1
 126 187  1
 146 187  1
 259 187  1
 155 188  1
 167 188  1
 246 188  1
 261 188  1
 152 189  1
 248 189  1
   9 191  1
 168 191  1
 122 192  1
 128 192  1
 134 192  1
 146 192  1
 162 192  1
 171 193  1
 175 193  1
 258 193  1
 259 193  1
  29 194  1
  31 194  1
 118 194  1
 136 194  1
 141 194  1
 113 195  1
 124 195  1
 131 195  1
 132 195  1
  31 196  1
 146 196  1
 168 197  1
 170 197  1
  22 200  1
 142 200  1
 171 200  1
 173 200  1
 164 201  1
 137 203  1
 261 203  1
  27 204  1
  82 204  1
  86 204  1
 160 205  1
 161 205  1
 172 205  1
 175 205  1
 178 205  1
 125 206  1
 259 206  1
  32 208  1
 119 208  1
 134 208  1
 135 208  1
 125 209  1
 177 209  1
  37 211  1
  85 211  1
 170 211  1
 175 211  1
  81 212  1
 104 212  1
  79 213  1
  96 213  1
 122 214  1
  86 215  1
 125 215  1
 169 215  1
 131 216  1
 173 216  1
  59 217  1
 143 217  1
 144 217  1
  53 218  1
 102 219  1
 106 220  1
 167 221  1
 168 221  1
  86 222  1
  87 222  1
 106 222  1
 171 222  1
 141 223  1
  78 224  1
  79 224  1
 151 225  1
 170 225  1
 171 225  1
  98 226  1
 242 226  1
 118 227  1
 103 228  1
 104 228  1
 115 228  1
  76 229  1
 157 229  1
 166 229  1
 238 229  1
  85 231  1
  86 231  1
 141 231  1
 160 231  1
 163 231  1
 234 232  1
 167 234  1
 168 234  1
  67 235  1
  88 236  1
  94 236  1
 225 237  1
 143 239  1
 144 239  1
 222 239  1
 102 240  1
 103 240  1
 165 240  1
 166 240  1
  80 241  1
  89 243  1
 109 243  1
 137 243  1
 140 244  1
 146 244  1
 163 244  1
 118 245  1
 119 245  1
 150 245  1
 211 245  1
 206 247  1
 130 249  1
 116 250  1
 138 250  1
 159 250  1
 193 252  1
 125 253  1
 179 256  1


count = 504