 154   1  1
 160   1  1
 164   1  1
 172   1  1
 179   1  1
 139   3  1
 136   4  1
 133   5  1
 196   5  1
 128   7  1
 181   8  1
 123   9  1
 186   9  1
 186  11  1
 191  11  1
 209  11  1
 111  13  1
 132  13  1
 180  13  1
 181  13  1
 198  13  1
 108  14  1
 105  15  1
 129  15  1
 193  15  1
 194  15  1
 125  16  1
 179  16  1
 180  16  1
 203  17  1
 217  17  1
 179  18  1
 198  18  1
 194  19  1
 202  19  1
 179  20  1
 180  20  1
 191  20  1
 221  20  1
  86  21  1
 202  22  1
  94  24  1
 226  24  1
  73  25  1
  70  26  1
  67  27  1
  88  27  1
 180  28  1
 181  28  1
  93  29  1
  75  30  1
 170  31  1
 171  31  1
  56  33  1
 123  33  1
 177  33  1
 118  34  1
 126  36  1
  50  37  1
 141  37  1
 118  38  1
 119  38  1
 132  38  1
 137  39  1
  43  41  1
 119  41  1
 149  42  1
 125  43  1
 126  43  1
 129  45  1
 145  46  1
 155  48  1
 249  48  1
 132  49  1
 133  49  1
 138  49  1
 159  49  1
 118  50  1
 124  50  1
 128  51  1
 129  51  1
  41  52  1
  36  53  1
  37  53  1
 111  53  1
 112  53  1
 131  53  1
 133  53  1
 134  53  1
  33  55  1
  34  55  1
  45  55  1
 254  55  1
 115  56  1
 156  56  1
 157  56  1
 162  58  1
  50  59  1
 106  59  1
 113  59  1
 152  59  1
 155  59  1
 148  60  1
  23  62  1
  24  62  1
 185  62  1
 103  63  1
 108  63  1
  15  65  1
 262  66  1
 182  67  1
 264  69  1
 184  72  1
  16  74  1
 153  75  1
   8  76  1
   9  76  1
 151  76  1
 267  76  1
 268  76  1
 159  77  1
 160  77  1
 148  78  1
 202  78  1
   7  79  1
   8  79  1
 140  79  1
  15  80  1
 216  80  1
   6  82  1
   7  82  1
  12  82  1
  13  82  1
 196  82  1
   5  85  1
   6  85  1
 139  85  1
 195  87  1
 131  88  1
 192  89  1
 225  90  1
 128  91  1
 192  93  1
 274  93  1
 275  93  1
  73  95  1
  77  95  1
   9  96  1
 176  96  1
 232  96  1
 180  97  1
   9 100  1
  80 100  1
 184 102  1
 233 102  1
  73 103  1
 187 104  1
 176 105  1
 177 105  1
   1 106  1
 189 106  1
 190 106  1
 182 107  1
  85 108  1
 190 108  1
 230 108  1
 272 108  1
 173 110  1
  49 111  1
  81 111  1
 232 111  1
 239 111  1
 168 112  1
 191 112  1
 192 112  1
   1 113  1
   7 113  1
  93 114  1
 117 114  1
 200 114  1
 271 114  1
  84 115  1
 107 115  1
  26 116  1
  47 116  1
  48 116  1
 211 116  1
 214 116  1
 165 117  1
 174 117  1
 203 117  1
 267 117  1
 268 117  1
  13 118  1
  46 118  1
 230 118  1
  63 119  1
  67 119  1
 124 119  1
 165 119  1
 175 119  1
 179 120  1
 207 120  1
 208 120  1
 261 120  1
  47 121  1
  57 121  1
  24 122  1
 127 122  1
 169 122  1
 232 122  1
  21 123  1
  31 123  1
 151 123  1
 175 123  1
 258 123  1
  15 124  1
 116 124  1
 128 124  1
 129 124  1
 202 124  1
  56 125  1
  89 126  1
 132 126  1
 133 126  1
 144 126  1
 145 126  1
 182 126  1
 195 126  1
 197 126  1
 226 126  1
 227 126  1
  34 127  1
  49 127  1
  62 127  1
  63 127  1
 122 127  1
 123 127  1
 179 127  1
 145 128  1
 188 128  1
   8 129  1
  29 129  1
  37 129  1
  63 129  1
  89 129  1
 209 129  1
  21 130  1
 134 130  1
 144 130  1
 145 130  1
   7 131  1
 111 131  1
 123 131  1
 183 131  1
 222 131  1
 223 131  1
 233 131  1
 238 131  1
 188 132  1
   6 133  1
   7 133  1
  13 133  1
  19 133  1
  90 133  1
 155 133  1
 196 133  1
 197 133  1
 221 133  1
  30 134  1
 230 134  1
 158 135  1
 177 135  1
 243 135  1
  33 136  1
 168 136  1
 209 136  1
 245 136  1
 163 137  1
 219 137  1
 174 138  1
 181 139  1
 182 139  1
 187 140  1
 192 140  1
 213 140  1
 107 141  1
 124 141  1
 282 142  1
 283 142  1
 117 143  1
 168 143  1
 211 143  1
 262 143  1
 192 144  1
 264 144  1
 266 144  1
   8 145  1
 181 145  1
 226 145  1
 244 145  1
 245 145  1
 247 146  1
 248 146  1
 249 146  1
 281 146  1
 282 146  1
 238 147  1
 178 148  1
 179 148  1
 180 148  1
 191 148  1
 185 150  1
 273 150  1
  15 151  1
 243 151  1
 244 151  1
  19 152  1
   7 153  1
   8 153  1
  84 153  1
 172 153  1
 267 154  1
 186 155  1
  72 156  1
  73 156  1
 180 156  1
  11 157  1
  82 157  1
  21 158  1
  22 158  1
 264 158  1
  19 159  1
  68 159  1
  75 159  1
 182 159  1
 236 160  1
  11 161  1
  26 161  1
  68 161  1
  83 162  1
  96 163  1
 269 163  1
  81 164  2
  83 164  1
   9 165  1
  10 165  1
  87 165  1
 236 165  1
 198 166  1
  87 167  1
  99 167  1
 188 167  1
 199 168  1
  86 170  1
 175 170  1
 176 170  1
 182 171  1
 276 171  1
 277 171  1
 100 172  1
 179 173  1
 193 173  1
  10 174  1
  11 174  1
 203 174  1
 102 175  1
 108 175  1
 109 175  1
  67 176  1
 206 177  1
 207 177  1
 218 177  1
  64 178  1
  16 179  1
  71 179  1
 176 179  1
  64 180  1
 210 180  1
 187 181  1
 216 181  1
 217 181  1
  86 182  1
  14 183  1
  15 183  1
  60 183  1
 270 183  1
  92 184  1
  55 185  1
  76 185  1
 195 185  1
 269 185  1
 217 186  1
 101 187  1
  11 188  1
 102 189  1
 103 189  1
 176 190  1
 177 190  1
 185 190  1
 213 190  1
  88 191  1
  89 191  1
  98 191  1
 154 192  1
 157 192  1
 158 192  1
 181 192  1
 265 193  1
  23 194  1
 162 194  1
 165 194  1
 167 194  1
  86 196  1
  98 196  1
 151 197  1
 111 198  1
  27 199  1
 107 199  1
 131 200  1
 138 201  1
 143 201  1
 152 202  1
 160 202  1
 161 202  1
 115 203  1
 232 203  1
 117 204  1
 127 204  1
 128 204  1
 147 204  1
 163 204  1
 235 204  1
 132 206  1
 122 207  1
 123 207  1
 106 208  1
 113 208  2
 220 208  1
 253 208  1
 117 209  1
 138 209  1
  32 210  1
 163 210  1
 111 211  1
 131 211  1
 138 211  1
 210 211  1
 211 211  1
  34 212  1
  82 212  1
 124 212  1
 125 212  1
  38 214  1
 247 214  1
  65 215  1
  67 215  1
 117 216  1
 110 218  1
 111 218  1
  68 220  1
  85 222  1
  50 223  1
 109 223  1
 113 223  1
  63 224  1
  64 224  1
  71 225  1
  73 226  1
  81 226  1
  87 226  1
 238 226  1
 239 226  1
  87 228  1
  92 229  1
  93 229  1
 135 232  1
  72 233  1
  97 234  1
  80 235  1
  93 237  1
 110 238  1
 111 238  1
 135 238  1
 146 238  1
 100 239  1
 224 239  1
 125 240  1
 106 241  1
 122 241  1
 123 241  1
 109 242  1
 221 242  1
 111 243  1
 217 243  1
 218 243  1
 168 245  1
 170 245  1
 165 246  1
 166 246  1
 213 246  1
 206 249  1
 129 251  1
 161 251  1
 171 251  1
 199 252  1
 197 253  1
 141 255  1
 179 256  1


count = 509