 166   1  1
 187   1  1
 195   3  1
 138   4  1
 136   5  1
 200   5  1
 152  10  1
 122  11  1
 141  11  1
 142  11  1
 148  12  1
 114  13  1
 133  14  1
 146  14  1
 106  15  1
 222  16  1
 102  17  1
 103  17  1
 142  18  1
  99  19  1
 117  19  1
 132  21  1
 133  21  1
 134  21  1
 128  23  1
 118  24  1
 140  24  1
 101  25  1
  53  27  1
  83  27  1
  96  28  1
 131  28  1
  86  29  1
 145  30  1
  98  31  1
  99  31  1
 100  31  1
 133  31  1
 237  31  1
  60  32  1
  80  32  1
 116  33  1
 119  33  1
 120  33  1
 208  34  1
 214  34  1
  37  35  1
  75  35  1
  90  35  1
  59  36  1
  66  36  1
 140  36  1
 204  36  1
  59  38  1
 113  38  1
  68  39  1
  90  39  1
  94  39  1
 125  39  1
  29  40  1
 102  40  1
 106  40  1
 117  40  1
  76  41  1
  58  42  1
 117  42  1
 135  42  1
 199  42  1
  96  43  1
 122  43  1
 146  43  1
  81  44  1
  90  45  1
 110  45  1
 144  46  1
 200  46  1
  64  47  1
 125  47  1
 126  47  1
 133  47  1
 134  47  1
 140  47  1
 104  48  1
 114  48  1
 257  49  1
 258  49  1
  99  51  1
 111  51  1
  25  52  1
  90  52  1
  91  52  1
 104  52  1
 259  52  1
  96  53  1
 186  54  1
 187  54  1
  25  55  1
  15  56  1
  98  56  1
 103  56  1
  21  57  1
  60  58  1
  55  59  1
  56  59  1
  83  60  1
 186  60  1
 184  61  1
 268  61  1
 145  64  1
 152  64  1
  57  66  1
 145  66  1
 184  66  1
 185  66  1
 202  67  1
 203  67  1
 194  68  1
 273  68  1
 124  69  1
 140  69  1
 178  69  1
 179  69  1
 176  71  1
  56  72  1
 106  72  1
 204  72  1
 151  73  1
 189  73  1
 197  73  1
 187  74  1
 175  75  1
 176  75  1
 221  76  2
 222  76  1
 277  77  1
 278  77  1
 145  78  1
 110  79  1
 181  79  1
 225  79  1
 141  80  1
   4  81  1
   5  81  1
  90  81  1
 110  81  1
 118  81  1
 120  81  1
 194  81  1
  88  82  1
 270  82  1
  95  83  1
 137  83  1
 111  84  1
 152  84  1
 117  85  1
 229  85  1
 266  85  1
 267  85  1
 169  86  1
 119  87  1
 128  87  1
 161  87  1
 228  87  1
 237  87  3
 135  88  1
 233  88  1
 270  88  1
 271  88  1
 272  88  1
 101  89  1
 131  89  1
 132  89  1
 171  89  1
 186  89  1
  92  90  1
  82  91  1
  91  92  1
 176  92  1
 192  93  1
 193  93  1
  49  94  1
  53  94  1
  60  94  1
  62  94  1
  94  94  1
 228  94  1
 229  94  1
  44  95  1
  73  95  1
  78  95  1
 129  95  1
 186  95  1
 187  95  1
  65  96  1
  66  96  1
  94  96  1
 168  97  1
 169  97  1
 194  97  1
 209  97  1
  36  98  1
  37  98  1
  94  98  1
 205  98  1
 185  99  1
 211  99  1
 268 100  1
 270 100  1
  28 101  1
 179 101  1
 183 101  1
 229 101  1
  73 102  1
  74 102  1
 102 102  1
 103 102  1
 172 103  1
 173 103  1
 216 103  1
 232 103  1
 233 103  1
 266 103  1
  83 104  1
 116 105  1
 172 105  1
 187 105  1
 193 105  1
 225 105  1
 233 105  1
 178 106  1
 179 106  1
  27 107  1
 162 107  1
  77 108  1
 160 108  1
 196 108  1
 201 108  1
  24 109  1
  88 109  1
 149 109  1
 156 110  1
 157 110  1
 167 110  1
 220 110  1
   5 111  1
  79 111  1
 142 111  1
 178 111  1
 179 111  1
 187 111  1
  90 112  1
  91 112  1
 155 112  1
 156 112  1
 174 112  1
 191 112  1
 226 112  1
 238 112  1
 152 113  1
 241 113  1
  97 114  1
 170 114  1
 206 114  1
  16 115  1
  17 115  1
 195 115  1
 268 115  1
 112 116  1
 115 116  1
 167 116  1
 218 116  1
  28 117  1
 118 117  1
 194 117  1
 235 117  1
 163 118  1
 164 118  1
 221 118  1
 243 118  1
  12 119  1
  13 119  1
  20 119  1
 211 120  1
  13 121  1
  56 121  1
  60 121  1
 159 121  1
 195 121  1
 207 121  1
 209 121  1
 225 121  1
 172 122  1
 230 122  1
 231 122  1
 244 122  1
  14 123  1
  89 123  1
 113 123  1
 237 123  1
 238 123  1
  21 124  1
 151 124  1
 157 124  1
 193 124  1
 194 124  1
 197 124  1
 202 124  1
 203 124  1
 214 124  1
 216 124  1
 174 125  1
 229 125  1
  42 126  1
 123 126  1
 177 126  1
 218 126  1
 219 126  1
  51 127  1
  21 128  1
 185 128  1
 186 128  1
 197 128  1
 198 128  1
 211 128  1
 212 128  1
 219 128  1
  46 129  1
  63 129  1
 202 129  1
  13 130  1
  55 130  1
  89 130  1
 169 130  1
 177 131  1
 182 131  1
   5 132  1
  42 132  1
 102 132  1
 103 132  1
 115 132  1
 186 132  1
  87 133  1
 156 133  1
 202 133  1
 203 133  1
 245 133  1
 250 133  1
 273 133  1
 124 134  1
 147 134  1
 223 134  1
 154 136  1
 118 137  1
 119 137  1
 190 137  1
 240 137  1
 179 138  1
 180 138  1
 269 138  1
 190 139  1
 162 140  1
 163 140  1
 169 140  1
 170 140  1
 223 140  1
 230 140  1
 156 141  1
 157 141  1
 214 141  1
 270 141  1
 279 141  1
   1 142  1
  79 142  1
 104 142  1
 110 142  1
 112 142  1
 205 142  1
 257 142  1
  91 143  1
 167 143  1
 181 143  1
 222 143  1
 262 144  1
  88 145  1
 170 145  1
 174 145  1
 216 145  1
 219 145  1
 232 145  1
 267 145  1
 212 146  1
 213 146  1
  85 147  1
 196 147  1
 205 147  1
 249 147  1
 199 148  1
 226 148  1
  84 149  1
 165 149  1
 247 149  1
  73 150  1
  97 150  1
 240 150  1
 282 150  1
 283 150  1
 264 151  1
 265 151  1
  73 152  1
 103 152  1
 104 152  1
 256 152  1
 257 152  1
 168 153  1
 210 153  1
 261 153  2
 265 153  1
   6 154  1
 172 154  1
 225 154  1
 205 155  1
 266 155  1
   1 156  1
  95 156  1
 221 156  1
 263 156  1
 264 156  1
 269 156  1
 192 157  1
 212 158  2
 213 158  1
 214 158  1
 242 158  1
 247 158  1
 252 158  1
 272 158  1
   6 159  1
   7 159  1
  78 159  1
 171 159  1
 196 159  1
  64 160  1
  84 160  1
  91 160  1
 217 160  1
 241 160  1
 242 160  1
 250 160  1
 274 160  1
 282 160  1
 283 160  1
  68 161  1
  76 162  1
 257 162  1
 267 162  1
 229 163  1
 244 163  1
 245 163  1
 158 164  1
 226 164  1
 265 164  1
  63 165  1
 164 165  1
 250 166  1
 251 166  1
 261 166  1
 203 167  2
 204 167  1
 205 167  1
 214 167  1
 215 167  1
 219 167  1
 244 167  1
 245 167  1
 253 167  1
 255 167  1
 279 167  1
  59 168  1
 173 169  1
 182 169  1
  59 170  1
  69 170  1
 171 170  1
  54 171  1
 178 171  1
 169 172  1
 189 172  1
 194 172  1
 195 172  1
 200 172  1
 202 172  1
 228 173  1
 263 173  1
  20 174  1
 157 174  1
 176 174  1
 190 174  1
 256 174  1
 257 174  1
  15 175  1
  90 176  1
 190 176  1
 206 176  1
 220 176  1
 257 176  1
   3 177  1
   4 177  1
 275 177  1
 228 178  1
 234 178  1
 266 178  1
  12 179  1
 134 179  1
 169 179  1
 208 179  1
 256 179  1
   4 180  1
   5 180  1
  92 180  1
 140 180  1
 164 181  1
 211 181  1
 212 181  1
  97 182  1
 196 182  1
 272 182  1
 220 183  1
  22 184  1
 163 184  1
 144 185  1
 217 185  1
 218 185  1
 208 186  1
 209 186  1
 270 186  1
 156 187  1
 195 188  1
 199 188  1
 206 188  1
 207 188  1
   9 189  1
  21 189  1
 160 189  1
 121 190  1
 122 190  1
 145 190  1
 152 190  1
  81 191  1
 165 191  1
 169 191  1
 184 191  1
 194 191  1
 116 192  1
 266 192  1
  11 193  1
  74 193  1
  76 193  1
 149 193  1
  84 194  1
  85 194  1
  94 194  1
 120 194  1
 121 194  1
 149 195  1
  90 196  1
 108 196  1
 118 197  1
 262 197  1
 105 198  1
  76 199  1
 114 200  1
  94 201  1
 118 201  1
 122 201  1
 147 203  1
 256 203  1
 119 204  1
 114 205  1
 115 205  1
  81 206  1
  82 206  1
  94 206  1
  95 206  1
 108 206  1
 121 208  1
 128 208  1
 148 208  1
 136 209  1
  77 210  1
  79 210  1
  81 210  1
  90 210  2
 131 210  1
  87 211  1
  88 211  1
  98 211  1
 142 211  1
 143 211  1
 150 211  1
 158 211  1
 108 212  1
 137 213  1
 162 213  1
 116 214  1
 166 215  1
 125 217  1
 168 217  1
 169 217  1
  40 218  1
  99 218  1
 240 218  1
  86 219  1
  87 219  1
  91 219  1
 119 219  1
 121 219  1
 143 219  1
 172 219  1
 117 220  1
  96 221  1
  97 221  1
 134 221  1
 147 221  1
 113 223  1
 134 223  1
 135 223  1
  70 224  1
  74 224  1
 106 224  1
 152 224  1
  53 225  1
 110 225  1
 139 225  1
  76 226  1
 146 226  1
 211 226  1
  58 227  1
  89 227  1
  90 227  1
  91 227  1
 174 227  1
  85 229  1
  91 229  1
 126 229  1
 182 229  1
 180 230  1
 219 230  1
 130 231  1
 123 232  1
 187 232  1
  86 233  1
  89 234  1
 119 235  1
 189 235  1
 116 236  1
  96 238  1
 100 240  1
 102 240  1
 217 240  1
 105 241  1
 108 242  1
 208 243  1
 117 245  1
 122 247  1
 176 247  1
 179 248  1
 188 248  1
 183 249  1
 173 252  1
 193 252  1
 142 254  1
 187 255  1
 149 256  1


count = 673