 144   1  1
 149   1  1
 166   1  1
 169   1  1
 137   3  1
 177   3  1
 134   4  1
 171   7  1
 200   7  1
 119   8  1
 114   9  1
 149   9  1
 154  10  1
 179  10  1
 182  10  1
 183  10  1
 147  11  1
 173  11  1
 206  11  1
 176  13  1
 120  15  1
 121  15  1
 169  15  1
 170  15  1
 186  15  1
 187  15  1
 197  15  1
 215  15  1
 216  15  1
 121  17  1
 148  17  1
 149  17  1
 219  17  1
 209  18  1
  87  19  1
 112  19  1
 114  19  1
 149  19  1
 182  19  1
 183  19  1
 184  19  1
 196  19  1
 197  19  1
  74  20  1
 153  20  1
 187  20  1
 188  20  1
 224  20  1
 149  21  1
 208  21  1
 117  23  1
 118  23  1
  78  24  1
 105  24  2
 126  24  1
 228  24  1
  65  25  1
  82  26  1
 106  26  1
 107  26  1
 232  26  1
 101  28  1
 194  28  1
 195  28  1
 215  28  1
 219  28  1
  77  29  1
 124  29  1
 186  29  1
 126  30  1
 129  30  1
 130  30  1
 118  31  1
 228  31  1
  99  33  1
 210  33  1
 228  33  1
 240  33  1
  75  34  1
  76  34  1
 107  34  1
 108  34  1
 189  34  1
 190  34  1
 206  34  1
  86  35  1
  88  35  1
 102  35  1
 103  35  1
 147  35  1
 214  35  1
  63  36  1
  90  36  1
 183  36  1
  67  37  1
 226  37  1
 227  37  1
  62  39  1
 179  39  1
  90  40  1
 188  40  1
 189  40  1
 211  40  1
 212  40  1
  57  41  1
 103  41  1
 130  42  1
 131  42  1
  90  43  1
  91  43  1
 104  43  2
 109  43  1
 135  43  1
 251  43  1
  77  44  1
  80  44  1
 121  44  1
 124  44  1
 126  44  1
 153  44  1
 114  45  1
 216  45  2
 217  45  1
 187  46  1
  70  47  1
 129  47  1
 130  47  1
 172  47  1
 189  47  1
 190  47  1
  75  48  1
  81  48  1
 157  48  1
  83  49  1
 110  49  1
 161  49  1
 183  49  1
 198  49  1
 199  49  1
  47  50  1
 114  50  1
 181  50  1
  37  51  1
 195  51  1
 217  51  1
 125  52  1
 129  52  1
 171  52  1
  88  53  1
 211  53  1
 260  53  1
 120  54  1
 121  54  1
 191  54  1
 220  54  1
 221  54  1
 102  55  1
 103  55  1
 104  55  1
 116  55  1
 124  56  1
 125  56  1
  47  57  1
 100  57  1
 195  57  1
 205  57  1
 207  57  1
 208  57  1
  84  59  1
  85  59  1
 119  59  1
 228  59  1
 235  59  1
 255  59  1
 263  59  1
 264  59  1
 114  60  1
 168  60  1
 178  60  1
 183  60  1
 240  60  1
  41  61  1
  76  61  1
  78  61  1
  99  61  1
 118  61  1
  51  62  1
  69  62  1
 123  62  1
 175  62  1
 176  62  1
 185  62  1
 245  62  1
 162  63  1
 212  63  1
 241  63  1
 247  63  1
 248  63  1
  35  64  1
 222  64  1
 105  65  1
 118  65  1
 159  65  1
  42  66  1
 107  66  1
 109  66  1
 132  66  1
  44  67  1
  69  67  1
  70  67  1
  75  67  1
  76  67  1
  87  67  1
  93  67  1
 113  67  1
 128  67  1
 166  67  1
  24  68  1
 116  68  1
 122  68  1
 123  68  1
 139  68  1
 224  68  1
 225  68  1
 229  68  1
 235  68  1
 238  68  1
  35  69  1
  36  69  1
  65  69  1
  66  69  1
  72  69  1
 251  69  1
 172  70  1
  48  71  1
 118  71  1
 161  71  1
 123  72  1
 234  72  1
 250  72  1
  47  73  1
 114  73  1
 171  73  1
 242  73  1
  63  74  1
 211  74  1
  30  75  1
  92  75  1
 115  75  1
 117  75  1
 235  75  1
 242  75  1
  20  76  1
 122  76  1
 176  77  1
 211  77  1
 215  77  1
  35  78  1
 138  78  1
 232  78  1
  25  79  1
  27  79  1
  53  79  1
 206  79  1
 207  79  1
 216  79  1
 235  79  1
 251  79  1
 125  80  1
 126  80  1
 142  80  1
 182  80  1
 227  80  1
 274  80  1
 275  80  1
  29  81  1
  16  82  1
  17  82  1
  39  82  1
  40  82  1
  91  82  1
 106  82  1
 145  82  1
 189  82  1
 233  82  1
 249  82  1
 250  82  1
 265  82  1
  34  83  1
 137  83  1
  87  84  1
  89  84  1
  91  84  1
 236  84  1
  38  85  1
  81  85  1
  82  85  1
  97  85  1
 115  85  1
 116  85  1
 150  85  1
 171  85  1
 177  85  1
 229  85  1
 235  86  1
 236  86  1
 268  86  1
 269  86  1
  24  87  1
 136  87  1
 140  87  1
 144  87  1
 180  87  1
 181  87  1
 204  87  1
 249  87  1
 255  87  1
 256  87  1
 158  88  1
 264  88  1
 112  90  1
 188  90  1
 216  90  1
 217  90  1
  40  91  1
 107  91  1
 118  91  1
 235  91  1
 110  92  1
 241  92  1
  22  93  1
 140  93  1
 205  93  1
 152  94  1
 166  95  1
 207  95  1
 243  95  1
  18  96  1
 159  96  1
 162  96  1
 184  96  1
 264  96  1
 266  96  1
 268  96  1
 118  97  1
 214  97  1
 240  97  1
  11  98  1
 113  98  1
 174  98  1
 176  98  1
 259  98  1
 242  99  1
 254  99  1
 111 100  1
  16 101  1
  19 101  1
  29 101  1
 103 101  1
 141 101  1
 150 101  1
 151 101  1
 152 101  1
 166 101  1
 177 101  1
 184 101  1
 246 101  1
 247 101  1
  24 103  1
 102 103  1
 148 103  1
 166 103  1
 226 103  1
  66 104  1
 140 104  1
 141 104  1
 142 104  1
 173 104  1
 192 104  1
 265 104  1
  64 105  1
  70 105  1
  96 105  1
  97 105  1
 153 105  1
 206 105  1
 225 105  1
  74 106  1
 106 106  1
 108 106  1
 137 106  1
 209 106  1
 211 106  1
   4 107  1
  18 107  1
  37 107  1
  43 107  1
  98 107  1
 103 107  1
 110 107  1
 144 107  1
 152 107  1
 185 107  1
 202 107  1
 225 107  1
 234 107  1
 235 107  1
 131 108  2
 133 108  1
 264 108  1
 265 108  1
  31 109  1
  32 109  1
  61 109  1
 199 109  1
 224 109  1
 225 109  1
 234 109  1
 255 109  1
   9 110  1
  39 110  1
 105 110  1
 142 110  1
 219 110  1
 220 110  1
 267 110  1
 268 110  1
  14 111  1
  15 111  1
  72 111  1
 114 111  1
 167 111  1
 252 111  1
 134 112  1
 185 112  2
 186 112  1
 191 112  1
 161 113  1
 233 113  1
  19 114  1
 107 114  1
 214 114  1
 216 114  1
  26 115  1
  34 115  1
  66 115  1
 206 115  1
 224 115  1
 229 115  1
 245 115  1
  64 116  1
 135 116  1
 148 116  1
 149 116  1
 231 116  1
 232 116  1
 235 116  1
 267 116  1
 273 116  1
 274 116  1
  11 117  1
 186 117  1
 190 117  1
 106 118  1
 119 118  1
 130 118  1
 260 118  1
   6 120  1
  14 120  1
 110 120  1
 119 120  1
 145 120  1
 182 120  1
 257 120  1
 141 121  1
  22 122  1
 271 122  1
 274 122  1
 119 123  1
 147 123  1
 154 123  1
 155 123  1
 164 123  1
 223 123  1
 224 123  1
  24 124  1
  49 124  1
 211 124  1
  32 125  1
  44 125  1
 163 125  1
 227 125  1
 247 125  1
 268 125  1
  16 126  1
  18 126  1
  42 126  1
  70 126  1
 134 126  1
 137 126  1
 148 126  1
 182 126  1
  76 127  1
 107 127  1
 239 127  1
 251 127  1
 153 128  1
 179 128  1
 209 128  1
 222 128  1
  80 129  1
 218 129  1
 219 129  1
  21 130  1
  50 130  1
 256 130  1
 265 130  1
  28 131  1
  40 131  1
  67 131  1
 108 131  1
 268 131  1
   5 132  1
  75 132  1
 127 132  1
 179 132  1
 209 132  1
 215 132  1
 223 132  1
 273 132  1
  52 133  1
  10 134  1
  11 134  1
  61 134  1
 125 134  1
 134 134  1
 184 134  1
 212 134  1
 169 135  1
 191 135  1
  11 136  1
 238 136  1
 239 136  1
 243 136  1
  34 137  1
 148 137  1
 189 137  1
 201 137  1
 227 137  1
 228 137  1
  29 138  1
  73 138  1
 136 138  1
 140 138  1
 218 138  1
 220 138  1
  34 139  1
 169 139  1
 201 139  1
 232 139  1
 233 139  1
 279 139  1
 280 139  1
 152 140  1
 179 140  1
 180 140  1
 247 140  1
  50 141  1
 161 141  1
  41 142  1
  99 142  1
 142 142  1
 280 142  1
 281 142  1
 103 143  1
 172 143  1
 271 143  1
 249 144  1
 175 145  1
 179 145  1
   7 146  1
  92 146  1
 108 146  1
 152 146  1
 273 146  1
 275 146  1
  43 147  1
 130 147  1
 137 147  1
 162 147  1
 200 147  1
 228 147  1
 232 147  1
  90 148  1
 152 148  1
 157 148  1
 158 148  1
 266 148  1
   2 149  1
  44 149  1
 105 149  1
 128 149  1
 168 149  1
 212 149  1
 213 149  1
 228 149  1
 195 150  1
 196 150  1
 197 150  1
 250 150  1
  90 151  1
 227 151  1
 232 151  1
 152 152  1
 255 152  1
 262 152  1
 274 152  1
 120 153  1
 213 153  1
 235 153  1
  11 154  1
  14 154  1
  50 154  1
 127 154  1
 156 154  1
 185 154  1
 262 154  1
   6 155  1
  97 155  1
 132 155  1
 133 155  1
 196 155  1
 227 155  1
 127 156  1
 168 156  1
 170 156  1
 177 156  1
 191 156  1
 201 156  1
 222 156  1
 107 157  1
 135 157  1
 181 157  1
 236 157  1
   8 158  1
   9 158  1
  69 158  1
 104 158  1
 124 158  1
 125 158  1
 137 158  2
 184 158  1
 186 158  1
 191 158  1
 198 158  1
 209 158  1
 246 158  1
 249 158  1
  15 159  1
 154 159  1
 173 159  1
 244 160  1
 135 161  1
 227 161  1
 253 161  1
 254 161  1
 155 162  1
  30 163  1
  95 163  1
 101 163  1
 102 163  1
 159 163  1
 160 163  1
 192 163  1
  10 164  1
  11 164  1
 165 164  1
 253 164  1
  41 165  1
 206 165  1
 236 165  1
  36 166  1
 152 167  1
 160 167  1
 161 167  1
 194 167  1
 199 167  1
  49 168  1
 197 168  1
 232 168  1
 255 168  1
 147 169  1
 243 169  1
 247 169  1
 259 169  1
 261 169  1
 263 169  1
 268 169  1
 269 169  1
  32 170  1
 181 170  1
 237 171  1
 150 172  1
 193 172  1
 267 172  2
 165 173  1
 176 173  1
 178 173  1
 197 173  1
 201 173  1
 220 173  1
 245 173  1
 246 173  1
 205 174  1
 207 174  1
 233 174  1
 243 174  1
  13 175  1
  14 175  1
 173 175  1
 219 175  1
  55 176  1
 165 176  1
 243 176  1
  33 177  1
  57 177  1
  62 177  1
  48 178  1
 242 178  1
 243 178  1
  32 179  1
  71 179  1
 187 179  1
  15 180  1
  76 180  1
  77 180  1
 178 180  1
 194 180  1
 262 180  1
 265 180  1
 272 180  1
 273 180  1
  63 181  1
 166 181  1
  36 182  1
  67 182  1
 182 182  1
  43 183  1
  44 183  1
  26 184  1
  27 184  1
 157 184  1
 202 184  1
  20 185  1
 186 185  1
  38 186  2
  39 186  1
  59 186  1
  29 188  1
  30 188  1
 186 188  1
 191 188  1
  22 189  1
 163 189  1
 268 189  1
 202 190  1
  57 191  1
 244 191  1
 245 191  1
 200 192  1
  61 193  1
  84 193  1
 192 193  1
 194 193  1
 196 193  1
 207 193  1
 223 193  1
  50 194  1
  51 194  1
  94 194  1
  95 194  1
 142 194  1
 150 194  1
 158 194  1
 159 194  1
 190 194  1
 198 194  1
  27 195  1
 234 195  1
 245 195  1
  36 196  1
  57 196  1
 108 196  1
 227 196  1
 165 197  1
 188 197  1
 221 197  1
 241 197  1
 160 198  1
 173 198  1
 205 198  1
 212 198  1
  60 199  1
  97 199  1
  98 199  1
 248 199  1
 249 199  1
  30 200  1
  67 200  1
  53 201  1
  57 201  1
  58 201  1
 130 201  1
 200 201  1
 203 201  1
 249 202  1
 257 202  1
 158 203  1
 133 205  1
 244 205  1
  34 206  1
 211 206  1
 212 206  1
 254 206  1
 100 207  1
 101 207  1
 143 207  1
 151 207  1
 152 207  1
 153 207  1
  60 208  1
 167 209  1
 171 209  1
 179 209  1
 202 209  1
 203 209  1
 150 210  1
  66 211  1
  67 211  1
 174 211  1
  60 212  1
 162 212  1
 251 212  1
 193 213  1
 144 214  1
 151 214  1
 168 214  1
 128 215  1
 184 215  1
 114 216  1
 148 216  1
 101 217  1
 104 217  1
 105 217  1
 106 217  1
 157 217  1
 202 217  1
 203 217  1
  66 218  1
 161 218  1
 162 218  1
 165 218  1
 181 218  1
 197 218  1
 121 219  1
 207 219  1
 208 219  1
 116 220  1
 117 220  1
 244 220  1
  49 221  1
 104 221  1
 169 221  1
 170 221  1
 174 221  1
 135 222  1
 159 222  1
 183 222  1
 184 222  1
  51 223  1
 128 223  1
 154 223  1
 177 223  1
 211 223  1
 212 223  1
  55 225  1
  67 225  1
 200 225  1
 105 226  1
 106 226  1
 120 226  1
 192 226  1
  99 227  1
 135 227  1
 173 228  1
 236 228  1
  75 229  1
  80 229  1
 143 229  1
 146 229  1
 148 229  1
 150 229  1
 164 229  1
 178 229  1
 179 229  1
 204 229  1
 213 229  1
 104 230  1
 105 230  1
 137 230  1
 138 230  1
  70 231  1
  74 231  1
  96 231  1
  97 231  1
 193 231  1
 194 231  1
 216 231  1
 110 232  1
 123 232  1
  63 233  1
 116 233  1
 219 233  1
  77 235  1
 134 235  1
 165 235  1
 199 235  1
  68 236  1
 150 236  1
 151 236  1
 160 236  1
 204 236  1
 119 237  1
 184 237  1
  84 238  1
 158 238  1
 189 238  1
 193 238  1
 194 238  1
 195 238  1
 108 239  1
 109 239  1
 116 239  1
 207 239  1
 222 239  1
 137 240  1
 138 240  1
 153 240  1
 195 240  1
 199 240  1
  96 241  1
 116 241  1
 185 241  1
 203 241  1
 208 241  1
 104 242  1
 156 242  1
 136 243  1
 137 243  1
 203 243  1
 116 244  1
 158 245  1
 159 245  1
 135 246  1
 171 246  1
 213 246  1
 183 247  1
 102 248  1
 130 248  1
 156 248  1
 163 248  1
 104 249  1
 106 249  1
 111 250  1
 160 250  1
 161 250  1
 177 250  1
 204 250  1
 173 251  1
 201 251  1
 195 253  1
 142 256  1


count = 982