 151   1  1
 178   1  1
 184   2  1
 187   3  1
 124   7  1
 199   7  1
 202   8  1
 112  12  1
 113  12  1
 210  12  1
 211  12  1
 218  16  1
 102  17  1
 103  17  1
 185  17  1
  99  19  1
 226  20  1
 175  21  1
 209  22  1
 175  24  1
 231  24  1
  97  26  1
 171  26  1
 180  26  1
 204  27  1
 224  27  1
 235  27  1
 175  28  1
  75  33  1
 175  33  1
 187  33  1
 219  33  1
 205  34  1
 126  35  1
  86  36  1
 122  36  1
 107  37  1
 137  37  1
 172  37  1
 181  37  1
 245  37  1
 101  38  1
 190  38  1
 140  39  1
 200  39  1
 227  39  1
  39  40  1
  71  40  1
 210  40  1
 215  40  1
  51  42  1
  63  42  1
 170  42  1
 180  42  1
  34  43  1
 118  43  1
 124  43  1
 197  43  1
 221  43  2
  51  44  1
  59  44  1
 141  44  1
 146  44  1
 150  44  1
 193  44  1
 250  44  1
  87  45  1
  88  45  1
 172  45  1
 209  45  1
  28  46  1
  29  46  1
 225  46  1
 232  46  1
 110  47  1
 130  47  1
 131  47  1
 190  47  1
 217  47  1
 218  47  1
  97  48  1
 187  48  1
 119  49  1
 206  49  1
 207  49  1
 147  50  1
 230  50  1
 108  51  1
 219  51  1
 235  52  1
 232  53  1
  31  54  1
  32  54  1
  76  54  1
  93  54  1
 206  54  1
 217  54  1
 119  55  1
 120  55  1
 152  55  1
 153  55  1
 157  55  1
 159  55  1
 109  56  1
 208  56  1
 100  58  1
 114  58  1
 115  58  1
 157  58  1
  15  59  1
  64  59  1
  71  61  1
  14  62  1
 118  62  1
 139  64  1
 190  64  1
  65  65  1
  70  65  1
 184  65  1
  75  66  1
  79  66  1
  11  67  1
 144  68  1
 151  68  1
 269  68  1
 192  71  1
 216  71  1
 258  71  1
 259  71  1
 239  72  1
 150  73  1
 151  73  1
 217  74  1
 246  74  1
 273  74  1
 180  75  1
 259  75  1
 193  76  1
 261  76  1
 167  77  1
 171  77  1
 148  78  1
 182  78  1
 207  79  1
 231  79  1
 203  80  1
 236  80  1
 251  80  1
   9  81  1
  10  81  1
 221  81  1
 224  81  1
 258  81  1
 259  81  1
 277  81  1
 141  82  1
 145  82  1
 165  82  1
 226  82  1
 237  83  1
 238  83  1
 259  83  1
 131  84  1
 140  84  1
 160  84  1
 186  84  1
   3  85  1
   4  85  1
  15  86  1
 158  86  1
 192  86  1
   8  87  1
 175  88  1
 176  88  1
 197  88  1
 198  88  1
  18  89  1
 188  89  1
 237  89  1
  14  90  1
 159  90  1
  29  92  1
 161  92  1
  24  93  1
 180  93  1
 196  93  1
  78  94  1
 190  94  1
  68  96  1
   1  98  1
 161  99  1
 162  99  1
 189 100  1
   1 101  1
 176 102  1
 161 103  1
 191 103  1
 282 103  1
 283 103  1
  81 104  1
 173 104  1
 182 104  1
 164 105  1
 173 107  1
 182 108  1
 204 108  1
 206 108  1
  78 109  1
 163 109  1
 178 109  1
   1 110  1
  49 110  1
 160 111  1
 174 111  1
 185 111  1
  18 112  1
  26 112  1
 106 112  1
 111 112  1
  80 113  1
  89 113  1
  90 113  1
 102 113  1
 114 113  1
  93 114  1
 172 114  1
 203 114  1
  60 116  1
 162 116  1
 169 116  1
 195 116  1
 196 116  1
  39 117  1
  40 117  1
 183 117  1
 279 117  1
   1 118  1
  27 118  1
  28 118  1
  46 118  1
  47 118  1
  60 118  2
 211 118  1
  17 119  1
  50 119  1
  51 119  1
 165 119  1
 176 119  1
   3 120  1
  61 120  1
  87 120  1
  91 120  1
 115 120  1
 123 120  1
  13 121  1
  21 121  1
  94 121  1
 218 121  1
 254 121  1
  28 122  1
  29 122  1
  36 122  1
  44 122  1
 121 122  1
 129 122  1
 159 122  1
 161 122  1
 172 122  1
 202 122  1
 203 122  1
   7 123  1
   8 123  1
  21 123  1
  46 123  1
  70 123  1
  71 123  1
 118 123  1
 148 123  1
 139 124  1
 192 124  1
 198 124  1
 199 124  1
 262 124  1
 267 124  1
  23 125  1
  48 125  1
  68 125  1
  87 125  1
 115 125  1
 249 125  1
 253 125  1
 260 125  1
  16 126  1
 214 126  1
  51 127  1
  52 127  1
 194 127  1
 238 127  1
 245 127  1
  10 128  1
 257 128  1
  76 129  1
 186 129  1
 251 129  1
 263 129  1
 267 129  1
   8 130  1
  90 130  1
  92 130  1
 115 130  1
 140 130  1
 162 130  1
  15 131  1
  16 131  1
  46 131  1
  47 131  1
  51 131  1
  71 131  1
  97 131  1
 133 131  1
 224 131  1
 228 131  1
 247 131  1
  77 132  1
  83 132  1
 184 132  1
 185 132  1
 192 132  1
 193 132  1
 213 132  1
   1 133  1
  33 133  1
 177 134  1
 242 134  1
   1 135  1
  57 135  1
  59 135  1
  67 135  1
  96 135  1
  98 135  1
  15 136  1
 112 136  1
  72 137  1
 121 137  1
 159 137  1
 170 137  1
 201 137  1
 210 137  1
 224 137  1
 229 137  1
  25 138  1
  76 138  1
  82 138  1
  89 138  1
 157 138  1
 180 138  1
 182 138  1
 227 138  1
 254 138  1
 198 139  1
  46 140  1
  28 141  1
 113 141  1
 162 141  1
 163 141  1
 197 141  1
 206 141  1
 207 141  1
  34 142  1
 100 142  1
 204 142  1
   1 143  1
  16 143  1
  45 143  1
  46 143  1
  81 143  1
 103 143  1
 165 143  1
 250 144  1
 253 144  1
 254 144  1
 176 145  1
  38 146  1
 171 147  1
 191 147  1
 192 147  1
 249 147  1
 178 148  1
 238 148  1
  45 149  1
 199 149  1
 219 149  1
 247 149  1
 247 151  1
 253 151  1
  55 153  1
 182 153  1
 188 153  1
 240 153  1
 241 153  1
  63 155  1
  78 155  1
 135 155  1
  61 156  1
 192 156  1
  66 157  1
 170 157  1
  46 158  1
 232 158  1
 237 158  1
 242 158  1
  62 159  1
  74 159  1
 131 159  1
 239 160  1
 254 160  1
 170 161  1
 247 161  1
 139 162  1
 141 162  1
 180 162  1
 181 162  1
 265 162  1
 175 163  1
 176 163  1
 101 164  1
 192 164  1
 273 164  1
 274 164  1
 166 165  1
  47 166  1
 147 166  1
 150 166  1
 153 167  1
  93 168  1
 218 168  1
 114 169  1
 265 169  1
  69 171  1
 192 171  1
 134 172  1
 164 172  1
 213 172  1
   4 173  1
   5 173  1
 154 173  1
  61 174  1
 134 174  1
 175 175  1
 176 175  1
 207 175  1
  61 176  1
  68 176  1
  76 177  1
 138 177  1
  61 178  1
  68 178  1
  81 178  1
 182 178  1
  54 179  1
  55 179  1
 142 179  1
 143 179  1
 199 179  1
 269 179  1
  66 180  1
 178 180  1
 170 181  1
 204 181  1
 205 181  1
 206 181  1
  59 182  1
  82 182  1
 176 183  1
   5 184  1
  38 184  1
 167 184  1
 195 184  1
  61 185  1
 180 185  1
  45 186  1
  68 186  1
 143 186  1
 159 186  1
 205 186  1
   8 187  1
   9 187  1
  61 187  1
 240 187  1
 264 187  1
  46 188  1
  67 188  1
 148 188  1
  12 189  1
 187 189  1
 190 189  1
  26 190  1
  46 190  1
 200 190  1
  34 191  1
  49 191  1
  56 191  1
  68 191  1
 154 191  1
 160 191  1
 173 191  1
 196 191  1
 197 191  1
  40 192  1
  24 193  1
  25 193  1
  38 193  1
  65 193  1
 193 194  1
 260 194  1
  16 195  1
  17 195  1
  51 195  1
  72 195  1
  77 195  1
 174 195  1
  28 196  1
  43 196  1
  45 196  1
  47 196  1
 187 196  1
 233 196  1
 229 197  1
  53 198  1
  81 198  1
 154 198  1
 159 198  1
 216 198  1
  32 199  1
  40 199  1
  41 199  1
  62 199  1
  67 199  1
  68 199  1
 182 199  1
 227 199  1
 234 199  1
  72 200  1
 175 200  1
 212 200  1
 141 201  1
 142 201  1
 235 201  1
 239 201  1
  21 202  1
  22 202  1
  55 202  1
 255 202  1
  25 203  1
 196 203  1
 197 203  1
  28 204  1
  57 204  1
 230 204  1
 134 205  1
 143 205  1
 144 205  1
 167 205  1
 207 205  1
 208 205  1
  81 207  1
  48 208  1
 214 210  1
  60 211  1
  69 211  1
  84 211  1
 133 211  1
 219 211  1
 245 211  1
  93 212  1
 113 212  1
 115 212  1
 199 212  1
  55 213  1
  78 213  1
 233 213  1
  38 214  1
  95 214  1
 126 214  1
 213 214  1
 211 215  1
 231 215  1
 101 216  1
 121 216  1
 216 216  1
 222 216  1
  82 217  1
  94 217  1
 205 217  1
 220 218  1
  91 219  1
  73 220  1
  74 220  1
 101 220  1
 105 221  1
 106 221  1
 219 222  1
  88 223  1
 230 223  1
 212 224  1
  88 225  1
 212 226  1
  87 227  1
 223 227  1
 224 227  1
  92 228  1
  95 228  1
  98 230  1
  99 230  1
  84 231  1
 133 233  1
  89 235  1
  90 235  1
 216 236  1
  93 237  1
 215 238  1
 147 239  1
 148 239  1
 212 239  1
 130 240  1
 131 240  1
 179 240  1
 141 241  1
 152 241  1
 209 241  1
 105 242  1
 131 244  1
 132 244  1
 180 245  1
 197 245  1
 113 246  1
 114 246  1
 154 246  1
 155 246  1
 151 248  1
 152 248  1
 187 248  1
 121 249  1
 142 249  1
 143 249  1
 184 249  1
 123 250  1
 180 250  1
 168 254  1
 138 255  1
 143 256  1
 165 256  1


count = 652