 152   1  1
 170   1  1
 139   2  1
 189   4  1
 164   6  1
 109   8  1
 145   8  1
 141   9  1
 152   9  1
 153   9  1
 104  10  1
 147  10  1
 137  11  1
 138  11  1
 143  12  1
 163  12  1
 164  12  1
 118  13  1
 158  13  1
 181  13  1
 206  13  1
  95  14  1
 106  16  1
 109  16  1
 111  16  1
 116  16  1
 211  16  1
  83  18  1
 108  18  1
 183  18  1
 197  18  1
 198  18  1
 214  18  1
 215  18  1
 135  19  1
 178  19  1
 189  19  1
 101  20  1
 109  20  1
 220  20  1
 140  21  1
 114  22  1
 160  22  1
 161  22  1
 188  22  1
 189  22  1
 193  22  1
 194  22  1
  97  23  1
 104  23  1
 141  23  1
 145  23  1
 116  24  1
 117  24  1
  89  27  1
  93  27  1
  55  29  1
  56  29  1
 160  29  1
 161  29  1
 214  29  1
 221  29  1
 105  30  1
 184  30  2
  71  31  1
  75  32  1
  76  32  1
  83  32  1
  92  32  1
  93  32  1
 207  32  1
  48  33  1
 186  33  1
  77  34  1
 236  34  1
  80  35  1
  88  35  1
 101  35  1
 116  35  1
 117  35  1
  63  36  1
 140  37  1
  63  38  1
 118  38  1
 119  38  1
 190  38  1
 207  38  1
 208  38  1
  91  39  1
 103  39  1
 126  39  1
 161  39  1
 162  39  1
 177  39  1
 203  39  1
 217  39  1
 246  39  1
 175  40  1
 223  40  1
  78  41  1
  87  41  1
 203  41  1
 225  41  1
  82  42  1
 119  42  1
 193  42  1
  99  43  1
 228  43  1
 229  43  1
  97  44  1
 156  44  1
 157  44  1
 181  44  1
 195  44  1
 252  44  1
  42  45  1
  66  45  1
  67  45  1
 109  45  1
 110  45  1
 129  45  1
  78  46  1
  87  46  1
  93  46  1
 135  46  1
 187  46  1
 174  47  1
 181  47  1
 182  47  1
  37  48  1
  41  48  1
 165  48  1
 194  48  1
 210  48  1
 223  48  1
 227  48  1
 115  49  1
 101  50  1
 102  50  1
 106  50  1
 107  50  1
  78  51  1
 168  51  1
 185  51  1
 186  51  1
 214  51  1
 247  51  1
 172  52  1
 198  52  1
 217  52  1
 222  52  1
  83  53  1
 208  54  1
 245  54  1
 103  55  1
 107  55  1
 190  55  1
 113  56  1
 187  56  1
 243  56  1
  21  57  1
 203  57  1
 215  57  1
 109  59  1
  19  60  1
  66  60  1
 135  60  1
 205  61  1
 206  61  1
 269  61  1
 112  62  1
 113  62  1
  60  65  1
 245  65  1
  15  66  1
 120  66  1
 249  66  1
 155  67  1
 181  67  1
 122  68  1
 123  68  1
 197  68  1
 145  69  1
 185  69  1
 189  69  1
 253  69  1
 254  69  1
 255  69  1
 187  70  1
 239  70  1
 178  71  1
 203  71  1
 231  72  1
 223  73  1
 238  73  1
 245  73  1
 246  73  1
 115  74  1
 180  74  1
 276  75  1
 176  76  1
 177  76  1
 198  76  1
 206  76  1
 190  77  1
 191  77  1
 255  77  1
 256  77  1
 246  79  1
 108  80  1
 168  80  1
 174  80  1
 205  81  1
 168  82  1
 180  82  1
 186  82  1
 211  82  1
  39  83  1
 197  83  1
 249  83  1
 279  83  1
 280  83  1
   6  84  1
   7  84  1
  34  85  1
 191  85  1
 192  85  1
  14  86  1
  19  86  1
   5  87  1
   6  87  1
 177  87  1
  33  88  1
 179  88  1
 189  88  1
 223  88  1
 183  89  1
 184  89  1
 207  89  1
 211  89  1
 218  89  1
 247  89  1
 281  89  1
 282  89  1
 173  90  1
 175  90  1
  38  91  1
  39  91  2
 224  91  1
 276  91  1
   4  92  1
   5  92  1
  16  92  1
 182  92  1
 183  92  1
 273  92  1
  13  93  1
  96  93  1
 171  93  1
 188  93  1
 189  93  1
 217  93  1
  28  94  1
  85  94  1
 204  94  1
 206  94  1
  66  95  1
 217  95  1
 230  95  1
  62  96  1
  98  96  1
  99  96  1
 219  96  1
 258  96  1
  76  97  1
  77  97  1
 267  97  1
  14  98  1
  20  98  1
  22 100  1
  69 100  1
 181 100  1
 182 100  1
 234 100  1
 261 100  1
  27 101  1
  28 101  1
  74 101  1
 224 101  1
 226 101  1
 258 101  1
  34 102  1
  36 102  1
  64 102  1
   2 103  1
   3 103  1
 107 103  1
 213 103  1
 251 103  1
  40 104  1
 163 104  1
 164 104  1
 182 104  1
  56 105  1
 111 105  1
 112 105  1
 113 105  1
  79 106  1
 178 106  1
 257 106  1
 270 106  1
  93 107  1
 214 107  1
 224 107  1
 229 107  1
 231 107  1
  61 108  1
 173 108  1
 186 108  1
 188 108  1
 192 108  1
 221 108  1
 233 108  1
 234 108  1
  82 109  1
  83 109  1
  97 109  1
 149 109  1
 150 109  1
 101 110  1
 181 110  1
 266 110  1
  89 111  1
 230 111  1
 257 111  1
 222 112  1
 172 113  1
 176 114  1
 152 115  1
 181 115  1
 182 115  1
 196 115  1
  85 116  1
  86 116  1
 170 116  1
 201 116  1
  62 117  1
  91 117  1
 266 117  1
 268 117  1
 165 118  1
 166 118  1
  10 119  1
 180 119  1
 214 119  1
 259 119  1
 128 120  1
 145 120  1
 152 120  1
 242 120  1
 243 120  1
  92 121  1
 134 121  1
 141 121  1
 265 121  1
  10 122  1
 147 122  1
 205 122  1
 253 122  1
 281 122  1
   1 123  1
   2 123  1
 209 123  1
 248 123  1
  23 124  1
 157 124  1
 237 124  1
   5 125  1
 117 125  1
 199 125  1
 201 125  1
 204 125  1
 243 125  1
 246 125  1
   1 126  1
  11 126  1
  32 126  1
 167 126  1
 169 126  1
 174 126  1
 223 126  1
  14 127  1
  15 127  1
 185 127  1
 213 127  1
 162 128  1
 228 128  1
 229 128  1
 237 128  1
   5 129  1
   6 129  1
  94 129  1
 176 129  1
 177 129  1
  16 130  1
  59 130  1
 142 130  1
 144 130  1
 190 130  1
 240 130  1
 267 130  1
 148 131  1
 167 131  1
 204 131  1
 222 131  1
 223 131  1
  25 132  1
 101 132  1
 132 132  1
 153 132  1
   6 133  1
  98 133  1
 139 133  1
 177 133  1
 194 133  1
 229 133  1
 257 133  1
 260 133  1
  95 134  1
 122 134  1
 158 134  1
 197 134  1
 235 134  1
 113 135  1
  13 136  1
 116 137  1
 225 137  1
 252 137  1
   7 138  1
  78 138  1
 155 138  1
 205 138  1
 219 138  1
  90 139  1
 250 139  1
 258 139  1
 259 139  1
  78 140  1
  13 141  1
  88 141  1
  96 141  1
 201 141  1
  18 142  1
  69 142  1
  75 142  1
 197 142  1
 262 142  1
 263 142  1
  21 143  1
  84 143  1
 115 143  1
 165 143  1
 229 143  1
 277 143  1
 278 143  1
 178 144  1
 234 144  1
  26 145  1
  43 145  1
  91 145  1
 174 145  1
   8 146  1
   9 146  1
  45 146  1
  47 146  1
   1 147  1
 159 147  1
 230 147  1
 171 148  1
 220 148  1
 221 148  1
 222 148  1
  70 149  1
  81 149  1
  82 149  1
 157 149  1
 159 149  1
 153 150  1
 163 150  1
 178 150  1
 179 150  1
  49 151  1
  68 151  1
 230 151  1
 235 151  1
  19 152  1
  61 152  1
  88 152  1
 248 153  1
 111 154  1
 112 154  1
 150 154  1
  52 155  1
  41 156  1
 109 157  1
 117 157  1
 122 157  1
 123 157  1
 175 157  1
 176 157  1
 220 157  1
 231 157  1
 246 157  1
 247 157  1
 224 158  1
 226 158  1
  39 159  1
 218 159  1
   9 161  1
  11 161  1
  25 161  1
  87 161  1
 118 161  1
 120 161  1
 122 161  1
 278 161  1
 279 161  1
 230 162  1
 148 163  1
 149 163  1
  13 164  1
  32 164  1
  98 164  1
 230 164  1
 251 164  1
 177 165  1
 178 165  1
 277 165  1
 278 165  1
  10 166  1
 234 167  1
 236 167  1
 249 167  1
  37 168  1
  42 168  1
  43 168  1
 238 168  1
 239 168  1
 276 168  1
 277 168  1
  42 170  1
 189 170  1
 220 170  1
 223 170  1
 149 171  1
 150 171  1
 230 171  1
 191 172  1
 212 172  1
 227 172  1
  38 173  1
 128 173  1
 243 173  1
 153 174  1
 165 174  1
 135 175  1
 155 175  1
 156 175  1
 157 175  1
 193 175  1
 232 175  1
 186 176  1
 197 176  1
 274 176  1
 275 176  1
  16 177  1
 200 177  1
 225 177  1
 229 177  1
  19 178  1
 169 178  1
 174 178  1
 159 179  1
 190 179  1
 191 179  1
  28 180  1
 194 180  1
 231 180  1
 258 180  1
  51 181  1
 179 181  1
 184 181  1
 253 181  1
 254 181  1
  22 182  1
  33 182  1
 136 182  1
 177 183  1
  45 184  1
 168 184  1
 190 184  1
 201 184  1
 202 184  1
 263 184  1
  26 185  1
  27 185  1
 181 185  1
  21 186  1
 165 186  1
  14 187  1
  15 187  1
  37 187  1
  54 187  1
 229 187  1
 175 188  1
 199 188  1
 248 188  1
 261 188  1
  28 189  1
  45 189  1
 115 189  1
 208 189  1
  60 190  1
 164 190  1
 165 190  1
 175 190  1
 176 190  1
 195 190  1
  24 191  1
  25 191  1
 238 191  1
  32 192  1
  60 192  1
  78 192  1
 107 192  1
 119 192  1
 220 192  1
 115 193  1
 154 193  1
 155 193  1
 179 193  1
 267 193  1
  18 194  1
  43 194  1
 164 194  1
 214 194  1
  28 195  1
  29 195  1
 175 195  1
 205 195  1
  43 196  1
  78 196  1
  59 197  1
  74 197  1
 147 197  1
  42 198  1
  43 198  1
  66 198  1
 235 198  1
 247 198  1
 263 198  1
  72 199  1
 100 199  1
 101 199  1
 102 199  1
 151 199  1
 152 199  1
 215 200  1
  98 201  1
 261 201  1
 177 202  1
 197 204  1
 198 204  1
  41 205  1
 155 205  1
 156 205  1
 143 206  1
 132 207  1
 150 207  1
 140 208  1
  28 209  1
 127 209  1
 160 209  1
  71 210  1
 100 210  1
 101 210  1
 123 210  1
 191 210  1
  32 211  1
 106 211  1
 107 211  1
  67 212  1
  68 212  1
 163 212  1
 172 212  1
 189 212  1
 131 213  1
 112 214  1
 114 214  1
 125 215  1
 155 215  1
  66 216  1
  67 216  1
 248 216  1
 129 217  1
 118 218  1
 119 218  1
 135 218  1
  69 219  1
  70 219  1
  89 220  1
  90 220  1
 151 220  1
  55 221  1
  57 221  1
 112 221  1
 114 221  1
 122 221  1
 123 221  1
 192 221  1
 237 221  1
  43 222  1
 100 222  1
 101 222  1
 149 222  1
 178 222  1
 179 222  1
  72 223  1
  93 223  1
  94 223  1
 119 223  1
  48 226  1
  68 226  1
  98 226  1
 116 226  1
 147 226  1
  90 228  1
 108 228  1
 136 228  1
 228 228  1
  95 229  1
 114 229  1
 115 229  1
  54 230  1
  70 230  1
 136 230  1
 225 230  1
 194 231  1
  57 232  1
  58 232  1
 180 232  1
 181 232  1
  90 233  1
  99 233  1
 100 233  1
 105 233  1
 119 233  1
 128 234  1
 134 234  1
  66 235  1
 123 235  1
 137 236  1
 218 236  1
  94 237  1
 112 237  1
 113 237  1
 132 237  1
 149 237  1
 150 237  1
 214 238  1
 114 239  1
  77 240  1
 180 240  1
 181 240  1
 150 241  1
  86 242  1
 128 242  1
 121 243  1
 136 243  1
 207 243  1
  91 244  1
 138 244  1
  94 245  1
 181 245  1
 146 246  1
 125 247  1
 126 247  1
 140 248  1
 133 250  1
 187 252  1
 188 252  1
 126 254  1
 182 254  1
 184 254  1
 130 255  1
 147 257  1


count = 796