 147   1  1
 171   1  1
 175   1  1
 177   2  1
 179   2  1
 121   5  1
 194   8  1
 112   9  1
 113   9  1
 109  11  1
 201  12  1
 104  13  1
 134  14  1
 100  15  1
 114  15  1
 116  15  1
 206  15  1
  96  16  1
  98  16  1
 109  19  1
 123  20  1
 128  20  1
 104  21  1
 105  21  1
  66  22  1
  94  22  1
 100  22  1
  63  23  1
  60  24  1
 117  24  1
 135  24  1
 168  26  1
  77  27  1
  78  27  1
 100  27  1
 101  27  1
 174  27  1
 223  27  1
  66  28  1
  70  28  1
 147  28  1
  50  29  1
 173  29  1
  75  32  1
 123  32  1
 171  32  1
 101  33  1
 102  33  1
  43  34  1
  53  34  1
  54  34  1
 134  34  1
 135  34  1
  82  35  1
  83  35  1
  41  36  1
 159  37  1
  37  38  1
 101  38  1
 102  38  1
 128  38  1
 130  38  1
 134  40  1
 138  40  1
 152  40  1
 157  40  1
 164  40  1
 238  40  1
  78  41  1
 123  41  1
 148  41  1
  42  42  1
  43  42  1
  49  42  1
  50  42  1
  76  42  1
 126  42  1
 164  42  1
  62  43  1
  64  43  1
 121  43  1
 148  43  1
 170  43  1
  97  44  1
 101  44  1
 130  44  1
 159  44  1
  62  45  1
 148  45  1
 172  46  1
 173  46  1
  78  47  1
  81  47  1
 118  47  1
 119  47  1
 219  47  1
 244  47  1
  53  48  1
  60  48  1
 185  48  1
 223  48  1
 227  48  1
 228  48  1
 236  48  1
 238  48  1
 133  49  1
 134  49  1
 178  49  1
  47  50  1
 129  50  1
 145  50  1
  55  51  1
  59  51  1
 125  51  1
 134  51  1
 247  51  1
 189  52  2
 208  53  1
 118  54  1
 192  54  1
 203  54  1
  25  55  1
  29  55  1
  86  56  1
 143  56  1
 196  56  1
  82  57  1
  55  60  1
  80  60  1
  81  60  1
 256  61  1
 143  62  1
  11  63  1
  56  63  1
 138  63  1
  16  64  1
 152  64  1
  80  65  1
  20  66  1
 154  66  1
 158  66  1
 179  67  1
   7  68  1
 136  68  1
 182  68  1
 183  68  1
  25  69  1
 198  69  1
  13  70  1
   6  71  1
   7  71  1
 195  71  1
 248  71  1
 203  72  1
 177  73  1
  12  75  1
 190  75  1
 191  75  1
 180  76  1
  11  77  1
  12  77  1
 204  77  1
 253  77  1
 198  78  1
 199  78  1
 200  78  1
 247  79  1
  10  80  1
  11  80  1
 173  80  1
 197  81  1
 247  81  1
  10  82  1
 194  83  1
 196  83  1
 206  83  1
 207  83  1
 208  83  1
 246  83  1
 247  83  1
 170  84  1
 172  84  1
 174  84  1
 210  84  1
 188  85  1
   1  86  1
   2  86  1
 211  86  1
 227  86  1
 246  87  1
 247  87  1
   7  88  1
   8  88  1
 203  88  1
 211  88  1
 228  89  1
 229  89  1
 230  89  1
 233  89  1
 244  89  1
   1  90  1
 252  91  1
 253  91  1
 254  91  1
 263  91  1
 214  92  1
 235  92  1
 236  92  1
 229  93  1
 230  93  1
 197  94  1
 245  94  1
 212  96  1
 222  96  1
 216  97  1
 236  97  1
 267  97  1
 268  97  1
  79  98  1
 277  98  1
 278  98  1
 243  99  1
 268  99  1
  80 100  1
 197 100  1
 198 100  1
 225 100  1
 226 100  1
 245 101  1
 272 103  1
 231 104  1
 232 104  1
 249 104  1
 177 105  1
 240 106  1
 272 106  1
 186 107  1
 187 107  1
 252 107  1
  84 108  1
 173 108  1
 179 108  1
 272 108  1
 273 108  1
 191 109  1
 197 109  1
 233 109  1
 279 109  1
 280 109  1
   1 110  1
  76 110  1
  77 110  1
 183 110  1
 237 110  1
 179 111  1
 180 111  1
 227 111  1
 255 111  1
  88 112  1
 187 112  1
 251 112  1
  78 113  1
  79 113  1
 166 114  1
 167 114  1
 259 114  1
  91 115  1
 107 116  1
 196 116  1
 201 116  1
 202 116  1
 266 116  1
  80 117  1
  81 117  1
 214 117  1
 273 118  1
   7 119  1
   9 119  1
 121 119  1
 163 119  1
 185 119  1
 198 119  1
 224 119  1
 229 119  1
 203 120  1
 232 120  1
 242 120  1
  11 121  1
 207 121  1
 208 121  1
 278 121  1
  83 122  1
  15 123  1
  17 123  1
  34 123  1
 167 123  1
 177 123  1
 199 123  1
 223 123  1
  23 124  1
  29 124  1
 118 124  1
 212 124  1
 214 124  1
 267 124  1
 268 124  1
  38 125  1
  85 125  1
  90 125  1
 128 125  1
 192 125  1
 251 126  1
  10 127  1
  38 127  1
 133 127  1
 138 127  1
 139 127  1
 165 127  1
 223 127  1
 240 127  1
  22 128  1
  32 128  1
  34 128  1
  45 128  1
  56 128  1
 125 128  1
 171 128  1
 172 128  1
 199 128  1
 200 128  1
 265 128  1
  42 129  1
  49 129  1
 259 129  1
 269 129  1
  14 131  1
  50 131  1
  55 131  1
 106 131  1
 141 131  1
 254 131  1
 276 131  1
   9 132  1
  87 132  1
 113 132  1
 135 132  1
 180 132  1
  41 133  1
  42 133  1
 121 133  1
 172 133  1
 223 133  1
 224 133  1
 279 133  1
  19 134  1
 216 134  1
 200 135  1
 201 135  1
 252 135  1
 127 136  1
 223 136  1
 282 137  1
 283 137  1
   3 138  1
   4 138  1
   8 138  1
 227 138  1
 228 138  1
 122 139  1
 211 139  1
 223 140  1
 204 141  1
 273 141  1
 119 142  1
 176 143  1
 199 143  1
  80 144  1
  93 144  1
 170 145  1
  78 147  1
 176 147  1
 197 147  1
 172 148  1
 193 148  1
 276 148  1
  89 149  1
 186 150  1
  75 151  1
  87 151  1
 262 151  1
 273 151  1
 254 152  1
 193 153  1
 194 153  1
 198 153  1
 272 153  1
 180 154  1
 253 156  1
 254 156  1
  74 159  1
 143 159  1
 259 160  1
 141 161  1
 143 161  1
 145 161  1
  76 162  1
  77 162  1
  82 162  1
 265 163  1
 138 166  1
 139 166  1
 254 166  1
 280 167  1
 281 167  1
 248 168  1
 249 168  1
 143 169  1
 155 169  1
 147 170  1
  12 172  1
 154 172  1
 198 173  1
 250 173  1
 147 174  1
 148 174  1
 158 174  1
 221 175  1
  29 176  1
  30 176  1
 232 176  1
 248 176  1
  14 177  1
 206 177  1
 185 178  1
 246 178  1
 253 178  1
 192 179  1
 206 179  1
   8 180  1
  15 180  1
 207 181  1
  29 182  1
  34 182  1
 219 182  1
 234 182  1
  76 183  1
  82 183  1
 211 183  1
 212 183  1
 188 184  1
 216 184  1
 211 185  1
  19 186  1
  20 186  1
  83 186  1
 197 186  1
 202 186  1
 178 187  1
 194 187  1
  14 188  1
  73 188  1
  81 188  1
  86 188  1
  87 188  1
 186 188  1
 189 188  1
 190 188  1
  73 190  1
  89 190  1
  74 192  1
 203 192  1
 269 192  1
  76 193  1
  77 193  1
 199 193  1
  24 194  1
 195 194  1
  34 195  1
 204 195  1
 205 195  1
 210 195  1
 211 195  1
  19 197  1
  20 197  1
  81 197  1
 111 197  1
 178 197  1
  27 198  1
 202 198  1
 203 198  1
  83 199  1
  84 199  1
 185 199  1
 197 199  1
 207 200  2
 212 200  1
 229 200  1
  90 201  1
 112 201  1
 113 201  1
  30 202  1
 107 202  1
 152 202  1
 213 202  1
 148 203  1
 222 203  1
 223 203  1
 102 205  1
 146 205  1
 227 205  1
 228 205  1
  94 206  1
 111 206  1
 153 206  1
 225 206  1
 262 206  1
 107 207  1
 124 208  1
 125 208  1
 143 208  1
 216 208  1
 224 208  1
  74 209  1
  88 209  1
  89 209  1
  29 210  1
 138 210  1
 140 210  1
 215 210  1
 216 210  1
 211 211  1
 140 212  1
 259 212  1
  74 213  1
  95 213  1
  96 213  1
 125 213  1
 126 213  1
 145 213  1
  35 214  1
  95 215  1
  38 216  1
 112 216  1
 116 216  1
 139 216  1
 208 216  1
  78 217  1
 128 218  1
 136 218  1
  89 219  1
  98 219  1
 109 220  1
 110 220  1
  85 222  1
  96 222  1
 248 222  1
  49 223  1
  50 223  1
 103 223  1
 131 223  1
  91 224  1
 100 224  1
 208 225  1
  57 226  1
  72 226  1
 108 226  1
 242 226  1
  80 227  1
  84 227  1
 114 227  1
 115 227  1
  62 228  1
 107 229  1
 108 229  1
 128 229  1
 129 229  1
  67 230  1
 119 231  1
 125 231  1
 235 231  1
 100 233  1
 119 234  1
 233 234  1
 234 234  1
 108 235  1
  82 236  1
 103 237  1
 141 240  1
 144 241  1
 105 243  1
 145 244  1
 146 244  1
 137 246  1
 213 246  1
 149 250  1
 205 250  1
 156 252  1
 198 253  1
 195 254  1
 184 256  1


count = 600