 125   1  1
 159   1  1
 170   2  1
 177   4  1
 144   8  1
 150   8  1
  97   9  1
 134  10  1
  90  11  1
 124  11  1
 138  11  1
 107  12  1
 108  12  1
  83  14  1
 125  14  1
 126  14  1
 143  14  1
 202  16  1
  71  19  1
 207  19  1
 129  21  1
 144  21  1
 125  23  1
 213  23  1
  62  25  1
  74  25  1
  75  25  1
 194  25  1
  82  26  1
 203  26  1
 205  26  1
 137  27  1
 139  27  1
 219  28  1
  65  30  1
 123  30  1
 197  30  1
  87  31  1
  88  31  1
 132  31  1
 142  31  1
 224  31  1
  54  32  1
 191  32  1
  62  33  1
  63  33  1
  64  33  1
 153  33  1
  60  34  1
 136  34  1
 190  34  1
 127  35  1
 153  36  1
  48  38  1
  49  38  1
  97  38  1
 158  39  1
 234  39  1
  53  40  1
 147  40  1
  94  41  1
  95  41  1
 197  41  1
 156  42  1
  90  44  1
  91  44  1
 161  44  1
 163  44  1
 143  45  1
 144  45  1
 178  45  1
 181  45  1
 197  45  1
 198  45  1
  93  46  1
 105  47  1
 106  49  1
  94  50  1
  95  50  1
 188  50  1
 149  51  1
 184  51  1
  45  53  1
  46  53  1
 115  53  1
 175  53  1
 177  53  1
  61  54  1
  32  55  1
  57  55  1
 165  55  1
 176  55  1
  50  56  1
  63  56  1
 151  56  1
 152  56  1
  96  58  1
  97  58  1
 155  59  1
 244  59  1
  99  60  1
 187  60  1
  95  61  1
  52  62  1
  53  62  1
 101  62  1
  26  63  1
  55  64  1
  60  64  1
  62  64  1
  85  64  1
 145  65  1
 157  65  1
 168  65  1
 245  65  1
  32  66  1
  34  66  1
  95  66  1
 231  66  1
 208  67  1
 225  67  1
  33  68  1
  59  68  1
  64  68  1
  91  68  1
 100  68  1
 153  68  1
 250  68  1
  45  69  1
 254  69  1
  33  70  1
  55  70  1
  57  70  1
  84  70  1
 197  70  1
 200  70  1
 201  70  1
 235  70  1
  29  71  1
  90  71  1
 214  71  1
 254  72  1
  67  73  1
 194  73  1
 195  73  1
 204  73  1
 256  73  1
 257  73  1
  75  75  1
  77  75  1
  70  76  1
 205  76  1
 206  76  1
  36  78  1
  45  78  1
 196  78  1
 198  78  1
  32  79  1
 251  79  1
 252  79  1
 242  81  1
 198  82  1
 199  82  1
 176  84  1
 177  84  1
 198  85  1
 199  85  1
 203  85  1
 246  85  1
  42  86  1
 161  86  1
 215  86  1
 275  86  1
 205  87  1
  17  88  1
  34  89  1
 196  89  1
 197  89  1
 213  90  1
  27  91  1
  52  91  1
 247  91  1
  23  92  1
  45  92  1
 146  92  1
 147  92  1
  19  93  1
  32  93  1
  50  93  1
 214  93  1
 175  94  1
 233  94  1
 236  94  1
 258  94  1
 277  94  1
 278  94  1
  52  95  1
 173  95  1
 260  95  1
  14  96  1
 138  96  1
   7  97  1
   8  97  1
 102  97  1
 264  97  1
 167  98  1
  48  99  1
 124  99  1
 136  99  1
 193  99  1
 209  99  1
 214  99  1
 171 100  1
 172 100  1
 226 101  1
 227 101  1
  30 102  1
  40 102  1
 262 102  1
 159 103  1
 241 103  1
   4 104  1
   5 104  1
 104 104  1
 105 104  1
 265 104  1
 169 105  1
 158 106  1
 159 106  1
 205 106  1
 247 106  1
 253 106  1
 254 106  1
 111 107  1
  20 108  1
  22 108  1
  60 108  1
  65 108  1
  76 108  1
  77 108  1
 143 108  1
 155 109  1
   1 110  1
 123 110  1
 124 110  1
 151 110  1
 166 110  1
 243 110  2
 244 110  1
 245 110  1
  32 111  1
  41 111  1
  58 111  1
 141 111  1
 279 111  1
 280 111  1
  30 112  1
 108 112  1
   1 113  1
 113 113  1
 256 113  1
  44 114  1
  54 114  1
 143 114  1
 155 114  1
 247 115  1
  76 116  1
 258 116  1
 154 117  1
 272 117  1
 139 118  1
 254 118  1
 133 119  1
 152 119  1
 153 119  1
 254 120  1
 120 121  1
  33 122  1
 186 122  1
 188 122  1
 189 122  1
 190 122  1
 254 122  1
 275 122  1
 276 122  1
 209 123  1
   1 124  1
 132 124  1
 251 124  1
 253 124  1
  10 125  1
  32 126  1
  40 126  1
 132 126  1
 191 126  1
 195 126  1
 204 126  1
 134 127  1
 135 127  1
 236 127  1
 254 127  1
 265 127  1
  65 128  1
 197 128  1
 267 128  1
 268 128  1
  68 129  1
  73 129  1
 191 129  1
  13 130  1
 209 130  1
  68 131  1
  73 131  1
 181 131  1
 219 131  1
 236 131  1
 237 131  1
 274 131  1
  10 132  1
  28 132  1
  63 132  1
 185 132  1
 212 132  1
 253 132  1
 254 132  1
  59 133  1
  65 133  1
  67 133  1
  68 133  1
  78 134  1
  79 134  1
  12 135  1
  13 135  1
  53 135  1
 143 135  1
 144 135  1
 182 135  1
 278 135  1
 272 136  1
   9 137  1
 188 137  1
 258 137  1
  55 138  1
  79 138  1
  80 138  1
 146 138  1
 157 138  1
 253 138  1
 254 138  1
  29 139  1
  30 139  1
  34 139  1
  35 139  1
  46 139  1
  77 139  1
 184 139  1
  32 140  1
 164 140  1
 165 140  1
 259 140  1
 280 140  1
 281 140  1
  34 141  1
  41 141  1
 159 141  1
   1 142  1
   2 142  1
  16 142  1
  56 142  1
  57 142  1
  82 142  1
 271 142  1
  37 143  1
 116 144  1
 135 144  1
 183 144  1
  71 145  1
 170 145  1
   8 146  1
  55 146  1
  63 146  1
  66 146  1
 185 146  1
 186 146  1
 230 146  1
 246 146  1
 256 146  1
 257 146  1
  20 147  1
 273 147  1
  47 148  1
  59 148  1
 191 148  1
 247 148  1
  27 149  1
  28 149  1
 156 149  1
 157 149  1
 172 149  1
  33 150  1
  45 150  1
  70 150  1
  71 150  1
 110 150  1
 122 150  1
 135 150  1
 255 150  1
  28 151  1
  61 151  1
 144 151  1
 198 151  1
 265 151  1
 266 151  1
   5 152  1
 133 153  1
 250 154  1
 157 155  1
 158 155  1
 171 155  1
 209 155  1
 211 155  1
 213 155  1
  61 156  1
 216 156  1
 224 156  1
 218 157  1
 219 157  1
 121 158  1
 137 158  1
 138 158  1
 207 158  1
 250 158  1
 124 159  1
 198 159  1
 256 159  1
  20 160  1
 160 160  1
 247 160  1
  17 162  1
 103 162  1
 203 162  1
 205 162  1
  10 163  1
  11 163  1
  94 163  1
  97 163  1
 236 163  1
 245 163  1
 270 163  1
 275 163  1
 182 164  1
 199 164  1
 268 165  1
 201 167  1
 245 167  1
 254 167  1
  18 168  1
 225 168  1
 263 168  1
  97 169  1
 240 170  1
 257 170  1
  49 172  1
 163 172  1
 164 172  1
 195 172  1
 278 172  1
  38 173  1
 167 173  1
 201 173  1
 261 173  1
  54 174  1
 187 174  1
 277 174  1
  35 175  1
 183 175  1
 211 175  1
 242 175  1
 243 175  1
 221 176  1
 234 176  1
 262 176  1
 263 176  1
 186 177  1
  40 178  1
 209 178  1
 246 178  1
 274 178  1
  19 179  1
  26 179  1
  32 179  1
  33 179  1
 215 179  1
  36 180  1
  37 180  1
 224 180  1
 225 180  1
  32 181  2
  42 181  1
 258 181  1
 265 181  1
  37 182  1
  53 182  1
 170 183  1
  29 184  1
  23 185  1
 166 186  1
 271 186  1
 272 186  1
  75 187  1
  79 187  1
  25 188  1
  58 188  1
 235 188  1
 236 188  1
  39 189  1
  42 189  1
  47 190  1
  52 190  1
  54 190  1
  72 191  1
 166 191  1
 167 191  1
 198 191  1
 236 191  1
 204 192  1
 212 192  1
 268 192  1
 169 193  1
  79 194  1
  91 194  1
 195 194  1
 225 194  1
  43 195  1
  44 195  1
 234 195  1
  39 196  1
 209 197  1
 211 197  1
 217 197  1
 218 197  1
 219 197  1
 265 197  1
  31 198  1
  32 198  1
  89 200  1
 107 200  1
  55 201  1
 170 201  1
 195 201  1
 222 201  1
 262 201  1
  87 202  1
  43 203  1
  44 203  1
 218 203  1
 219 203  1
 167 204  1
 191 204  1
 211 204  1
 212 204  1
 109 205  1
  70 207  1
  73 207  1
  85 208  1
 179 208  1
 191 209  1
 220 210  1
 163 211  1
  75 212  1
 224 212  1
 174 213  1
  44 214  1
 176 214  1
 161 215  1
 233 215  1
 160 217  1
 161 217  1
 186 217  1
  69 218  1
  70 218  1
 115 218  1
 116 218  1
  49 219  1
  50 219  1
  69 220  1
 124 220  1
 134 220  1
 135 220  1
  73 221  1
  79 221  1
 180 221  1
  58 222  1
 160 222  1
 161 222  1
 188 222  1
 189 222  1
 127 223  1
 220 224  1
 221 224  1
  87 225  1
 133 225  1
 134 225  1
 238 225  1
  74 226  1
  75 226  1
 168 226  3
 169 226  1
 170 226  1
 172 226  1
 225 226  1
 229 226  1
 131 227  1
  66 228  1
  74 228  1
  75 228  1
  86 228  1
 106 228  1
 107 228  1
  82 229  1
 221 229  1
 223 229  1
  60 230  1
  93 230  1
  97 230  1
  98 230  1
 112 230  1
 173 230  1
 174 230  1
 123 231  1
 129 231  1
 184 231  1
 185 231  1
 127 233  1
 155 233  1
 156 233  1
 178 233  1
 179 233  1
 227 234  1
  96 235  1
 121 235  1
 185 235  1
  69 236  1
 102 236  1
 103 236  1
  82 237  1
  95 237  1
 127 237  1
 128 237  1
 222 237  1
 119 238  1
 164 238  1
 105 239  1
 106 239  1
 154 239  1
 207 239  1
 208 239  1
  98 240  1
  76 241  1
  78 241  1
 112 241  1
 166 241  1
 215 242  1
  85 243  1
 114 244  1
 149 244  1
 150 244  1
 168 244  1
 111 245  1
 117 245  1
 176 245  1
 172 246  1
 208 246  1
 209 246  1
 124 247  1
 152 247  1
 178 248  1
 183 248  1
 155 249  1
 172 250  1
 199 250  1
 125 251  1
 189 253  1
 114 254  1
 118 255  1
 122 256  1


count = 686