 148   1  1
 174   1  1
 185   2  1
 197   7  1
 120   9  1
 206  12  1
 207  12  1
 112  14  1
 185  14  1
 212  15  1
 110  16  1
 106  18  1
 113  19  1
 103  20  1
 186  21  1
 187  21  1
 221  21  1
  97  23  1
  98  23  1
 138  23  1
 187  23  1
 224  23  1
 225  23  1
 128  24  1
 111  25  1
 112  25  1
 103  27  1
 104  27  1
 117  29  1
 118  29  1
 136  29  1
 144  29  1
  86  30  1
 100  30  1
 238  30  1
  84  31  1
  94  31  1
 146  33  1
  82  34  1
  83  34  1
  89  34  1
 138  34  1
 148  35  1
 149  35  1
 150  35  1
 152  35  1
 244  35  1
  99  37  1
 148  37  1
  72  38  1
  78  38  1
  66  39  1
 116  39  1
 248  40  1
 119  41  1
 121  41  1
  90  42  1
  91  42  1
  98  42  1
  82  43  1
 138  43  1
 139  43  1
 108  47  1
 102  48  1
  80  49  1
  81  49  1
  86  49  1
  46  50  1
 130  50  1
 137  50  1
 114  51  1
 257  51  1
 119  52  1
 157  52  1
  51  53  1
  88  53  1
 127  53  1
  40  54  1
 145  54  1
  87  55  1
 139  56  1
 158  56  1
  35  57  1
 132  58  1
 155  58  1
 102  59  1
 103  59  1
 104  59  1
  90  60  1
  96  60  1
 113  60  1
 124  60  1
 161  60  1
 162  60  1
  42  61  1
  76  61  1
 129  61  1
 144  61  1
 267  61  1
 268  61  1
  70  62  1
  71  62  1
  86  62  1
 152  62  1
 157  64  1
 191  64  1
 196  64  1
 197  64  1
 128  65  1
 129  65  1
 135  66  1
  39  67  1
  40  67  1
  78  67  1
 131  67  1
 199  67  1
 101  68  1
 102  68  1
  32  69  1
  83  69  1
  91  69  1
 185  69  1
  70  70  1
 104  71  1
 105  71  1
 110  71  1
 196  72  1
 197  72  1
  76  73  1
  77  73  1
 170  74  1
 172  76  1
 194  76  1
 174  77  1
  17  78  1
  18  78  1
  22  79  1
  23  79  1
 182  79  1
 186  83  1
 192  83  1
 193  83  1
 281  84  1
 282  84  1
 282  87  1
 283  87  1
 175  89  1
 176  89  1
 190  89  1
 191  89  1
   9  90  1
 182  90  1
 204  90  1
  23  92  1
  28  92  1
 190  92  1
 182  94  1
 282  95  1
 283  95  1
 206  97  2
 208  97  1
  26  98  1
  27  98  1
 270  98  1
 273 100  1
 280 100  1
  48 101  1
  42 102  1
  43 102  1
 204 102  1
 205 102  1
 207 102  1
 265 102  1
 211 104  1
  14 105  1
  45 106  1
  71 106  1
  72 106  1
  84 106  1
 276 106  1
 176 107  1
 177 107  1
 269 107  1
 270 107  1
  46 108  1
  50 108  1
  68 108  1
  69 108  1
 203 108  1
 204 108  1
 275 108  1
   3 109  1
   4 109  1
 173 109  1
 212 109  1
 208 110  1
 266 110  1
 267 110  1
  56 111  1
 184 112  1
 185 112  1
 197 112  1
 201 112  1
 116 113  1
 177 113  1
 169 114  1
 184 114  1
   3 115  1
   4 115  1
 121 115  1
 194 115  1
 195 115  1
 238 115  1
 239 115  1
  57 116  1
  58 116  1
 211 116  1
 246 116  1
 123 117  1
  80 118  1
 179 118  1
 181 118  1
 196 118  1
 198 118  1
 235 118  1
 125 119  1
 126 119  1
 201 119  1
 259 119  1
   1 120  1
   2 120  1
 241 120  1
 242 120  1
 263 120  1
 257 121  1
 120 122  1
 198 122  1
   1 123  1
 128 123  1
 167 123  1
 203 123  1
 209 123  1
 102 124  1
 103 124  1
 234 124  1
 238 124  1
 114 125  1
 115 125  1
 186 125  1
 226 125  1
 227 125  1
 241 125  1
 260 125  1
 107 126  1
 109 126  1
 124 126  1
   1 127  1
  10 127  1
  11 127  1
 198 127  1
 206 127  1
 212 127  1
 216 127  1
 231 127  1
 175 128  1
  14 129  1
 167 129  1
 188 129  1
 189 129  1
 198 129  1
 270 129  1
 271 129  1
  16 130  1
 122 130  1
 176 130  1
   2 131  1
   4 131  1
  37 131  1
 160 131  1
 215 131  1
 238 131  1
 239 131  1
 251 131  1
  20 132  1
  58 132  1
  63 132  1
 138 132  1
 192 132  1
 194 132  1
 229 132  1
 170 133  1
 174 133  1
 178 133  1
 202 133  1
 204 133  1
 206 133  1
 257 133  1
  70 134  1
 132 134  1
 271 134  1
 272 134  1
 126 135  1
 162 135  1
 163 135  1
 200 135  1
 209 135  1
 210 135  1
 231 135  1
 241 135  1
 222 136  1
 251 136  1
 264 136  1
 265 136  1
  17 137  1
  18 137  1
  23 137  1
  50 137  1
 117 137  1
 253 137  1
 254 137  1
 218 138  1
  17 139  1
 188 139  1
  55 140  1
  60 140  1
 108 140  1
 119 140  1
 235 140  1
 273 140  1
  17 141  1
  36 141  1
 201 141  1
 261 141  1
  81 142  1
  83 142  1
 194 142  1
 209 142  1
  56 143  1
  57 143  1
 171 143  1
 264 143  1
 265 143  1
  95 144  1
 112 144  1
  20 145  1
 116 145  1
 196 145  1
   3 146  1
 184 146  1
 206 146  1
 212 146  1
   9 148  1
  56 148  1
 200 148  1
 201 148  1
  13 149  1
   1 151  1
   7 151  1
 281 151  1
 282 151  1
  75 153  1
 176 153  1
  26 154  1
  87 154  1
  88 154  1
 197 154  1
 282 154  1
 283 154  1
  23 155  1
 180 155  1
 181 155  1
   7 156  1
   1 157  1
 190 157  1
  69 159  1
  70 159  1
  86 159  1
   1 160  1
   2 160  1
 175 160  1
 184 160  1
 188 160  1
 178 161  1
 179 161  1
  76 162  1
  95 162  1
 122 162  1
 123 162  1
 122 164  1
   3 165  1
   4 165  1
 122 166  1
 130 166  1
 282 166  1
 283 166  1
 125 168  1
 128 168  1
 180 168  1
 182 168  1
  15 169  1
  95 169  1
 281 169  1
 282 169  1
 178 170  1
 116 171  1
 178 172  1
 185 172  1
 195 172  1
  21 173  1
  22 173  1
   8 174  1
 129 174  1
 178 174  1
 279 174  1
 280 174  1
 109 175  1
 111 175  1
 125 175  1
 184 176  1
  83 177  1
  84 177  1
 117 178  1
 183 178  1
 184 178  1
 138 179  1
  19 180  1
  21 180  1
  87 181  1
  14 182  1
  15 182  1
  80 183  1
 137 184  1
 195 184  1
 208 184  1
 209 184  1
  84 185  1
 120 185  1
 273 185  1
 271 186  1
  74 187  1
  84 187  1
 129 187  1
 193 187  1
 194 187  1
 208 188  1
  21 189  1
  76 190  1
 190 190  1
 201 190  1
  73 192  1
 190 192  1
 113 193  1
  91 194  1
 166 194  1
  23 195  1
 107 195  1
 193 195  1
 194 195  1
  77 196  1
 102 196  1
 115 196  1
 166 196  1
 194 197  1
  83 198  1
  84 198  1
  89 198  1
 166 198  1
 138 199  1
  17 200  1
  18 200  1
  28 200  1
 123 200  1
  88 201  1
 149 201  1
 153 202  1
 156 202  1
 158 202  1
 111 204  1
  32 206  1
  33 206  1
  88 206  1
  89 206  1
  97 206  1
 105 206  1
 159 206  1
 160 206  1
  36 208  1
 105 208  1
  96 209  1
  97 209  1
 139 210  1
  47 212  1
  76 213  1
 128 213  1
 133 213  1
 134 213  1
  52 214  1
  93 214  1
  42 216  1
  76 219  1
 112 219  1
  98 220  1
 123 220  1
  65 221  1
  66 221  1
 220 221  1
 217 224  1
 219 224  1
 213 225  1
 119 227  1
 118 229  1
 225 229  1
  99 231  1
 114 231  1
 101 232  1
  83 233  1
 104 233  1
 112 233  1
 113 233  1
 217 233  1
 218 233  1
  85 236  1
  88 237  1
 124 237  1
 211 238  1
  91 239  1
  94 241  1
 124 242  1
 125 242  1
 205 243  1
 199 245  1
 200 245  1
 136 246  1
 109 247  1
 128 248  1
 114 249  1
 144 249  1
 151 249  1
 117 250  1
 121 251  1
 143 252  1
 188 252  1
 152 253  1
 129 254  1
 179 254  1


count = 545