 140   1  1
 144   1  1
 148   1  1
 149   1  1
 166   1  1
 133   2  1
 123   4  1
 176   8  1
 109   9  1
 193   9  1
 181  10  1
 102  12  1
 103  12  1
 200  13  1
 202  15  1
 108  16  1
 109  16  1
  92  17  1
  93  17  1
 174  17  1
 175  17  1
 196  17  1
 179  18  1
 180  18  1
 104  20  1
 195  20  1
 196  20  1
 173  21  1
 174  21  1
  96  22  1
 202  23  1
 216  24  1
 195  25  1
 200  25  1
  85  28  1
 178  28  1
  70  30  1
  77  30  1
 107  30  1
  52  31  1
  86  31  1
  86  33  1
  90  33  1
  91  33  1
 227  33  1
  76  34  1
  77  34  1
 176  34  1
  45  35  1
 131  36  1
 181  37  1
 140  42  1
  35  43  1
  76  43  1
  77  43  1
  97  46  1
  93  47  1
  70  48  1
  71  48  1
 244  48  1
 147  49  1
 137  50  1
  91  51  1
  92  51  1
 118  51  1
  32  52  1
  35  52  1
 149  52  1
  90  54  1
 111  54  1
 139  54  1
 151  55  1
  41  56  1
 142  57  1
 254  57  1
 255  57  1
  80  58  1
  81  58  1
  96  58  1
  97  58  1
 108  59  1
 109  59  1
 184  59  1
 257  61  1
  73  62  1
  74  62  1
 199  62  1
 174  63  1
 175  63  1
  85  64  1
  91  64  1
  95  64  1
 260  64  1
  20  65  1
  81  65  1
 170  66  1
  73  68  1
 209  68  1
 189  69  1
  21  71  1
  71  72  1
  32  73  1
  33  73  1
  14  74  1
  15  74  1
 221  75  1
 267  75  1
 167  76  1
 168  76  1
  59  77  1
  60  77  1
 174  77  1
 178  78  1
 182  78  1
 212  78  1
 224  80  1
 225  80  1
   5  81  1
   6  81  1
  59  81  1
  60  81  1
 208  82  1
 182  83  1
 192  83  1
  10  84  1
 274  84  1
 170  85  1
 202  85  1
 202  87  1
 182  88  1
 209  88  1
 206  90  1
  75  93  1
  63  94  1
  59  96  1
 202  96  1
 203  96  1
 236  96  1
 237  96  1
   9  97  1
 166  98  1
 178  98  1
 240  98  1
 247  98  1
  59  99  1
 207 100  1
 208 100  1
 162 102  1
   1 103  1
 159 103  1
 203 103  1
 204 103  1
 213 103  1
 241 103  1
  88 104  1
  95 104  1
 159 105  1
 249 105  1
 256 105  1
 257 105  1
 237 106  1
 238 106  1
 133 107  1
 136 107  1
 166 108  1
  64 109  1
  65 109  1
 130 109  1
 159 109  1
 236 109  1
   8 110  1
 246 111  1
 128 112  1
 198 112  1
 118 113  1
 119 113  1
 192 113  1
 193 113  1
 249 113  1
  66 114  1
 282 114  1
 283 114  1
 118 115  1
 122 117  1
 123 117  1
 116 118  1
 151 119  1
 226 119  1
 231 120  1
 232 120  1
 242 120  1
 251 120  1
 168 121  1
 169 121  1
 264 121  1
 279 121  1
  72 122  1
 113 122  1
 117 122  1
 118 122  1
 171 122  1
 254 122  1
 137 123  1
 139 123  1
 165 123  1
 236 123  1
   1 124  1
 187 124  1
   7 125  1
 103 125  1
 177 125  1
 258 125  1
 277 125  1
 278 125  1
  57 126  1
  62 126  1
 200 126  1
 216 126  1
  54 127  1
 205 127  1
 222 127  1
 251 127  1
  49 128  1
 228 128  1
 229 128  1
 185 129  1
 268 129  1
   4 130  1
  40 130  1
 111 131  1
 120 131  1
 164 131  1
 165 131  1
 200 131  1
 204 131  1
 205 131  1
  36 132  1
  76 132  1
  80 133  1
 224 133  1
 134 134  1
  40 135  1
  60 135  1
 142 135  1
 175 135  1
 176 135  1
 187 135  1
 196 135  1
 220 135  1
 279 135  1
 280 135  1
  72 136  1
 118 137  1
 148 137  1
  71 138  1
 125 138  1
 177 138  1
 188 138  1
 249 138  1
   3 139  1
  47 139  1
 151 139  1
 152 139  1
 135 140  1
 174 140  1
 213 140  1
 214 140  1
 246 140  1
 117 141  1
 119 141  1
 139 141  1
 183 141  1
 194 141  1
 199 141  1
 200 141  1
   1 142  1
 211 142  1
 225 142  1
  40 143  1
  41 143  1
 153 143  1
 154 143  1
 209 144  1
   1 145  1
 203 145  1
 204 145  1
 147 146  1
 148 146  1
  65 148  1
  47 149  1
 254 149  1
 255 149  1
 183 150  1
 188 150  1
   1 151  1
  43 151  1
 282 151  1
 283 151  1
 116 152  1
 124 152  1
 125 152  1
 231 152  1
 232 152  1
 249 152  1
  47 155  1
 103 155  1
  64 156  1
  40 157  1
  47 157  1
 106 157  1
 192 157  1
   7 158  1
  29 158  1
  30 158  1
  35 158  1
  92 158  1
  96 158  1
 176 158  1
 234 158  1
 248 158  1
 250 158  1
 254 159  1
  10 161  1
 100 161  1
 185 162  1
 186 162  1
 280 162  1
 281 162  1
  60 164  1
 165 164  1
  93 165  1
 192 165  1
 204 165  1
 205 165  1
  62 167  1
 237 167  1
 170 168  1
 171 168  1
 278 168  1
 279 168  1
 256 169  1
 205 170  1
 206 170  1
   5 171  1
   6 171  1
  28 171  1
 198 171  1
  24 172  1
  80 172  1
 162 174  1
  29 175  1
 231 175  1
 232 175  1
 206 176  1
 244 179  1
  20 180  1
 172 181  1
 228 181  1
 235 183  1
 205 184  1
 235 189  1
 172 190  1
 229 190  1
 226 191  1
 175 192  1
  95 193  1
 180 194  1
 218 194  1
 266 194  1
  18 195  1
 111 196  1
 182 196  1
 183 196  1
 208 197  1
 128 198  1
 107 199  1
 126 200  1
 132 200  1
 154 200  1
 122 201  1
 147 201  1
 148 201  1
 259 202  1
 220 203  1
 108 204  1
 109 204  1
 114 204  1
 133 204  1
 222 204  1
 257 205  1
 258 205  1
 255 206  1
 155 208  1
  34 210  1
 115 210  1
 127 210  1
 153 210  1
 253 210  1
 110 211  1
 227 211  1
 114 212  1
 230 214  1
 167 215  1
 130 216  1
 131 216  1
 233 217  1
 145 218  1
  70 219  1
 197 221  1
 198 221  1
 233 221  1
 201 222  1
  68 223  1
  93 223  1
  94 223  1
 132 223  1
  84 224  1
  85 224  1
  66 225  1
  54 226  1
  55 226  1
 122 226  1
 136 226  1
 137 226  1
 150 226  1
 151 226  1
  58 228  1
  95 228  1
  96 228  1
 136 228  1
 170 228  1
  71 229  1
 177 229  1
 175 230  1
  96 231  1
  97 231  1
 159 231  1
 142 232  1
 143 232  1
  67 233  1
  68 233  1
  84 235  1
 163 235  1
 202 235  1
 203 235  1
  79 237  1
 112 237  1
 121 237  1
 122 237  1
 140 237  1
 141 237  1
  97 238  1
 146 238  1
 220 239  1
  99 240  1
 144 240  1
 146 240  1
 173 240  1
  86 241  1
  88 241  1
 160 241  1
 161 241  1
 217 241  1
  91 242  1
 105 242  1
 168 243  1
 169 243  1
 215 243  1
 121 245  1
 208 247  1
 111 248  1
 167 248  1
 142 250  1
 150 252  1
 159 252  1
 196 252  1
 130 254  1
 190 254  1
 135 256  1


count = 479