 155   1  1
 166   1  1
 167   1  1
 175   1  1
 179   1  1
 134   2  1
 182   2  1
 186   3  1
 119   4  1
 190   4  1
 193   5  1
 112   6  1
 199   7  1
 181  10  1
 182  10  1
 157  11  1
 165  11  1
 207  11  1
 153  12  1
 176  12  1
 172  13  1
 210  13  1
 118  14  1
 124  14  1
 145  14  1
 195  14  1
 128  15  1
 213  15  1
 150  16  1
 157  17  1
 161  17  1
 216  17  1
  99  18  1
 176  18  1
 177  18  1
 204  18  1
 110  19  1
 119  19  1
 120  19  1
 143  20  1
 144  20  1
 170  20  1
 171  20  1
 222  20  1
  92  21  1
 208  21  1
 209  21  1
  83  22  1
  98  22  1
 154  22  1
 155  22  1
 205  22  1
 224  22  1
 107  23  1
  79  24  1
 154  24  1
 119  25  1
 120  25  1
 128  25  1
 143  25  1
 144  25  1
 159  25  1
 160  25  1
  60  26  1
  84  26  1
  91  26  1
 101  26  1
 176  26  1
 209  26  1
 109  27  1
 153  27  1
  85  28  1
  86  28  1
 105  28  1
 133  28  1
 134  28  1
  56  29  1
 159  29  1
 238  29  1
 120  30  1
  70  31  1
  92  31  1
  98  31  1
  99  31  1
 154  31  1
 181  31  1
 182  31  1
  50  32  1
 160  32  1
 164  32  1
 166  32  1
 173  32  1
  92  33  1
 135  33  1
 221  33  1
  89  34  1
 123  34  1
 124  34  1
  82  35  1
  83  35  1
 118  35  1
 119  35  1
 139  35  1
 101  36  1
 200  36  1
 220  37  1
  98  38  1
  90  39  1
 103  39  1
 125  39  1
 185  39  1
 198  39  1
 219  39  1
 220  39  1
  64  40  1
 142  40  1
 143  40  1
 163  40  1
 190  40  1
  54  41  1
  38  42  1
 227  42  1
 166  43  1
  54  45  1
  79  45  1
 113  45  1
 161  45  1
 166  45  1
  62  46  1
  64  46  1
 196  46  2
  81  47  1
 222  47  1
 115  48  1
  86  49  1
 140  49  1
 173  49  1
  41  50  1
  95  50  1
 115  50  1
 127  50  1
 176  50  1
  89  51  1
 162  51  1
 104  52  1
 105  52  1
 125  52  1
 185  52  1
  38  53  1
  39  53  1
  50  53  1
  84  53  1
 131  53  1
 140  53  1
 190  53  1
 201  53  1
 263  53  1
  59  55  1
  93  55  1
 128  55  1
 166  55  1
 175  55  1
 186  55  1
 213  55  1
  51  56  1
  52  56  1
 145  56  1
 147  56  1
 148  56  1
 244  56  1
 103  57  1
 134  57  1
 220  57  1
 141  58  1
 190  58  1
  45  59  1
 121  59  1
 128  59  1
 220  59  1
  20  60  1
  88  60  1
  89  60  1
 139  60  1
 193  60  1
 155  61  1
 157  61  1
 204  61  1
 206  61  1
 268  61  1
  55  62  1
 177  62  1
  49  63  1
  18  64  1
  66  64  1
 137  64  1
 142  64  1
 168  64  1
 176  64  1
 221  64  1
  57  65  1
 227  65  1
  49  67  1
  61  68  1
 199  68  1
 200  68  1
 242  68  1
 252  68  1
 253  68  1
 256  68  1
 232  69  1
  57  71  1
 226  71  1
  19  73  1
  33  73  1
  34  73  1
 236  73  1
 253  73  1
  11  74  1
  12  74  1
 242  74  1
 212  75  1
 250  75  1
 260  75  1
  29  76  1
 231  76  1
 220  77  1
 212  78  1
 207  79  1
 233  79  1
 276  79  1
 277  79  1
  16  80  1
 191  80  1
 237  80  1
 254  80  1
  29  81  1
  43  81  1
 166  81  1
 229  81  1
 239  81  1
 241  81  1
  59  82  1
  20  83  1
  46  83  1
 213  83  1
 214  83  1
 231  83  1
 242  83  1
  24  84  1
 192  84  1
 233  84  1
 244  84  1
  15  85  1
  16  85  1
  39  85  1
  40  85  1
 177  85  1
 198  85  1
 265  85  1
 234  86  1
 260  86  1
  25  87  1
  26  87  1
  27  87  1
  40  87  1
 107  87  1
 138  87  1
 139  87  1
 144  87  1
  56  88  1
  57  88  1
  61  88  1
 124  88  1
 129  88  1
 167  88  1
 227  88  1
 229  88  1
 249  88  1
 250  88  1
  13  89  1
  14  89  1
  34  89  1
  43  89  1
 185  89  1
 205  89  1
 236  89  1
  51  90  1
  23  91  1
  65  91  1
 154  91  1
 188  91  1
 189  91  1
 227  91  1
 107  92  1
 122  92  1
 150  92  1
 173  92  1
 179  92  1
 181  92  1
 182  92  1
 202  92  1
 270  92  1
  44  93  1
  45  93  1
 112  93  1
 168  93  1
 238  93  1
  14  94  1
  50  94  1
  51  94  1
 204  94  1
 147  95  1
 188  95  1
 229  95  1
 263  95  1
  47  96  1
  62  96  2
 205  96  1
 255  96  1
  34  97  1
  39  97  1
 127  97  1
 259  97  1
 267  97  1
  59  98  1
  75  98  1
  79  98  1
 180  98  1
 184  98  1
  70  99  1
  71  99  1
  88  99  1
 127  99  1
 209  99  1
 215  99  1
 230  99  1
 112 100  1
 227 100  1
  82 101  1
  96 101  1
 126 101  1
 154 101  1
 169 101  1
 273 101  1
  67 102  1
  93 102  1
 133 102  1
  82 103  1
  84 103  1
 163 103  1
   1 104  1
  99 104  1
 100 104  1
 143 104  1
 169 104  1
 177 104  1
 215 104  1
 266 104  1
  72 105  1
  73 105  1
  74 105  1
 119 105  1
 121 105  1
  55 106  1
 125 106  1
 129 106  1
 209 106  1
 210 106  1
 271 106  1
 273 106  1
 275 106  1
  24 107  1
  25 107  1
  78 107  1
 143 107  1
 144 107  1
 199 107  1
  44 108  1
  67 108  1
 100 108  1
 163 108  1
 214 108  1
  26 109  1
  94 110  1
 218 110  1
 222 110  1
   1 111  1
  62 111  1
 104 111  1
 282 111  1
 283 111  1
 136 112  1
 214 112  1
 238 112  1
 256 112  1
 257 112  1
  47 113  1
  48 113  1
 196 113  1
 223 113  1
 245 113  1
 261 113  1
  38 115  1
  44 115  1
 131 115  1
 191 115  1
 216 115  1
 217 115  1
 266 115  1
  63 116  1
 151 116  1
 153 116  1
 178 116  1
 180 116  1
 244 116  1
  71 117  1
  81 117  1
 188 117  1
 210 117  1
  85 118  1
 102 118  1
 119 118  1
 129 118  1
 223 118  1
 224 118  1
 227 118  1
 236 118  1
  36 119  1
  37 119  1
 133 119  1
 134 119  1
 172 119  1
 205 119  1
 110 120  1
 155 120  1
 156 120  1
 212 120  1
 217 120  1
 255 120  1
  87 121  1
 166 121  1
 167 121  1
 168 121  1
 202 121  1
 203 121  1
 249 121  1
 250 121  1
 251 121  1
 274 121  1
  23 122  1
  43 122  1
  77 122  1
  81 122  1
 102 122  1
 110 122  1
 175 122  1
 183 122  1
 184 122  1
 222 122  1
 259 122  1
  34 123  1
 116 123  1
 126 123  1
 137 123  1
 138 123  1
 142 123  1
  51 124  1
  52 124  1
  55 124  1
  96 124  1
  97 124  1
 113 124  1
 114 124  1
 202 124  1
 244 124  1
 256 124  1
 269 124  1
  88 125  1
 156 125  1
 198 125  1
  10 126  1
  19 126  1
  45 126  1
  65 126  1
 148 126  1
 194 126  1
 221 126  1
  92 127  1
 125 127  1
 130 127  1
 158 127  1
  26 128  1
  67 128  1
  98 128  1
 206 128  1
 229 128  1
 238 128  1
 253 128  1
 262 128  1
  50 129  1
  82 129  1
  91 129  1
  92 129  1
 146 129  1
 245 129  1
  17 130  1
  54 130  1
 142 130  1
 182 130  1
 188 130  1
 189 130  1
  23 131  1
  75 131  1
  89 131  1
 110 131  1
 139 131  1
 140 131  1
 167 131  1
  35 132  1
  36 132  1
 147 132  1
 179 132  1
 216 132  1
 220 132  1
 253 132  1
 261 132  1
 265 132  1
  11 133  1
  39 133  1
 124 133  1
 133 133  1
 157 133  1
 227 133  1
 246 133  1
 278 133  1
 279 133  1
  15 134  1
  43 134  1
  59 134  1
 136 134  1
 165 134  1
 218 134  1
   4 135  1
   5 135  1
  76 135  1
  78 135  1
 145 135  1
  26 136  1
  31 136  1
  43 136  1
  81 136  1
  82 136  1
  96 136  1
 185 136  1
 258 136  1
 259 136  1
 168 137  1
 189 137  1
 263 137  1
 270 137  1
  70 138  1
 105 138  1
 193 138  1
 203 138  1
  21 139  1
  33 139  1
  34 139  1
  38 139  1
  56 139  1
 159 139  1
  17 140  1
 111 140  1
  12 141  1
  48 141  1
 115 141  1
 153 141  1
 163 141  1
 177 141  1
  19 142  1
 119 142  1
 127 142  1
 183 142  1
 187 142  1
 208 142  1
 225 142  1
 229 142  1
 238 142  1
 239 142  1
 123 143  1
 149 143  1
 205 143  1
 217 143  1
 111 144  1
 270 144  1
   6 145  1
   7 145  1
  19 145  1
  74 145  1
 116 145  1
 194 145  1
 196 145  1
 272 145  1
  13 146  1
  46 146  1
  68 146  1
 147 146  1
 230 146  1
 232 146  1
 239 146  1
 240 146  1
 137 147  1
 279 147  1
 280 147  1
  80 149  1
 106 149  1
 107 149  1
 115 149  1
 196 149  2
 197 149  1
 257 149  1
  72 150  1
 189 150  1
 215 150  1
 265 150  1
   7 151  1
   8 151  1
  18 151  1
  67 151  1
 140 151  1
  24 152  1
  40 152  1
 114 152  1
 130 152  1
 158 152  1
 214 152  1
  30 153  1
  35 153  1
  90 153  1
  99 153  1
 181 153  1
 272 153  1
 273 153  1
  84 154  1
 176 154  1
 126 155  1
 127 155  1
 150 155  1
 164 155  1
 234 155  1
  23 156  1
 117 156  1
 118 156  1
 133 156  1
 134 156  1
 155 156  1
 197 156  1
 230 156  1
 265 156  1
 106 157  1
 115 157  1
 140 157  1
 167 157  1
 168 157  1
 176 157  1
 177 157  1
 249 157  1
  10 158  1
  36 158  1
 111 158  1
 112 158  1
 134 158  1
 158 158  1
 162 158  1
 202 158  1
 269 158  1
  83 159  1
 106 159  1
 246 159  1
  41 160  1
  43 160  1
 125 160  1
 146 160  1
 147 160  1
 162 160  1
 215 160  1
 157 161  1
 206 161  1
 207 161  1
 208 161  1
 219 161  1
 235 161  1
  23 162  1
  77 162  1
 130 162  1
 131 162  1
 263 162  1
 269 162  1
  30 163  1
  56 163  1
 230 163  1
 244 163  1
 249 163  1
 124 164  1
 125 164  1
 161 165  1
 162 165  1
  20 166  1
  21 166  1
  48 166  1
  65 166  1
  66 166  1
  70 166  1
 144 166  1
 147 166  1
 166 166  1
 167 166  1
 234 166  1
 238 166  1
  31 167  1
 159 167  1
 214 167  1
 259 167  1
 260 167  1
  56 168  1
  57 168  1
 132 168  1
  50 169  1
  61 169  1
 148 169  1
  16 170  1
  17 170  1
 246 170  1
 279 170  1
 280 170  1
  42 171  1
  53 171  1
 125 171  1
 146 171  1
 232 171  1
  30 172  1
  75 172  1
  81 172  1
 153 172  1
 266 172  1
 278 172  1
  35 173  1
  65 173  1
  70 173  1
 157 173  1
 166 173  1
 167 173  1
 245 173  1
  26 174  1
 113 174  1
 114 174  1
 125 174  1
 134 174  1
 148 174  1
 249 174  1
 143 175  1
 251 175  1
  60 176  1
  75 176  1
  82 176  1
  88 176  1
 115 176  1
 143 177  1
 231 177  1
  32 178  1
  33 178  1
  65 178  1
  66 178  1
 149 178  1
 243 178  1
 244 178  1
 264 178  1
  42 179  1
 159 179  1
 220 179  1
 252 179  1
  38 180  1
 125 180  1
 193 180  1
 229 180  1
  24 181  1
  47 181  1
  51 181  1
 166 181  1
 188 181  1
 212 181  1
 234 181  1
  45 183  1
 168 183  1
 221 183  1
 243 183  1
  53 184  1
  54 184  1
 129 184  1
 137 184  1
  27 185  1
 239 185  1
 241 185  1
 143 186  1
 253 187  1
 258 188  1
 151 189  1
 248 189  1
 249 189  1
  45 190  1
 106 190  1
 107 190  1
 147 190  1
 258 190  1
  57 191  1
 135 191  1
 136 191  1
 158 191  1
 181 191  1
 242 191  1
 260 191  1
 249 192  1
 255 192  1
 108 193  1
 109 193  1
 180 193  1
 181 193  1
  47 194  1
  50 194  1
 246 194  1
  37 195  1
 153 195  1
 214 195  1
 231 195  1
 235 195  1
 164 196  1
 240 196  1
  40 197  1
 138 197  1
 140 197  1
 242 197  1
 244 197  1
 255 197  1
  54 198  1
  56 198  1
 108 198  1
 109 198  1
 142 198  1
 155 198  1
 216 198  1
 218 198  1
 230 199  1
 245 199  1
  56 200  1
  62 200  1
 136 200  1
 253 200  1
 254 200  1
 105 201  1
 235 201  1
 265 201  1
  82 202  1
  83 202  1
 216 202  1
 221 202  1
 105 203  1
 107 203  1
 203 203  1
 233 203  1
  65 204  1
  78 204  1
 159 204  1
 250 204  1
 145 205  1
 146 205  1
 162 206  1
 163 206  1
 172 206  1
 212 206  1
 261 206  1
  76 207  1
 200 207  1
  94 208  1
 101 208  1
 102 208  1
 163 208  1
 173 209  1
 174 209  1
 205 209  1
  69 210  1
 146 210  1
  58 211  1
 111 211  1
 112 211  1
 163 211  1
 199 212  1
  83 213  1
  84 213  1
 166 213  1
 174 213  1
 179 213  1
 232 213  1
 239 213  1
 241 213  1
 242 213  1
 113 214  1
 147 214  1
 172 214  1
  86 215  1
 151 215  1
 152 215  1
 166 215  1
 202 216  1
 203 216  1
 219 216  1
 220 216  1
 166 217  1
 167 217  1
 183 217  1
 154 218  1
 155 218  1
 172 218  1
 132 219  1
  72 220  1
 142 220  1
 204 220  1
 208 220  1
 214 220  1
 178 221  1
 187 221  1
 226 221  1
 231 221  1
  91 222  1
 174 222  1
 175 222  1
 197 222  1
 202 222  1
 192 223  1
 137 224  1
 141 224  1
 184 224  1
 128 225  1
 232 225  1
  97 227  1
 146 227  1
 188 227  1
  82 228  1
 151 228  1
 198 228  1
 123 229  1
  85 230  1
  86 230  1
 117 230  1
 143 230  1
 195 230  1
 201 230  1
 203 230  1
 239 230  1
 151 231  1
 152 231  1
 162 231  1
 163 231  1
 168 232  1
 170 233  1
 171 233  1
  93 234  1
 135 234  1
 177 234  1
 188 234  1
 189 234  1
 153 235  1
 154 235  1
 214 236  1
 219 236  1
  99 237  1
 157 237  1
 229 237  1
 183 238  1
 184 238  1
 157 239  1
 226 239  1
 125 240  1
 152 240  1
 193 240  1
 129 241  1
 131 241  1
 138 241  1
 139 241  1
 171 241  1
 167 242  1
 196 243  1
 199 243  1
 219 243  1
 114 244  1
 184 244  1
 116 245  1
 145 245  1
 158 245  1
 159 245  1
 141 246  1
 176 247  1
 187 247  1
 211 247  1
 153 248  1
 149 249  1
 168 249  1
 160 250  1
 148 255  1
 153 256  1
 175 256  1


count = 1009