 147   1  1
 164   1  1
 165   1  1
 169   1  1
 183   1  1
 127   3  1
 119   5  1
 197   5  1
 199   6  1
 152   8  1
 159   8  1
 172   9  1
 108  10  1
 145  11  1
 153  12  1
 213  12  1
 137  13  1
 165  13  1
 156  14  1
 130  15  1
 111  17  1
 119  17  1
 222  17  1
 226  20  1
  74  21  1
  97  21  1
  98  21  1
 117  22  1
 171  22  1
 177  22  1
  68  23  1
 120  23  1
  65  24  1
  94  24  1
  95  24  1
  99  25  1
 196  25  1
  60  26  1
 121  26  1
 122  26  1
  97  27  1
  55  28  1
 111  28  1
 170  29  1
 209  29  1
  53  30  1
  95  30  1
 122  30  1
 189  30  1
  78  31  1
  81  31  1
  82  31  1
 189  34  1
 190  34  1
 232  34  1
  91  35  1
 100  35  1
 125  35  1
  79  36  1
 129  36  1
 130  36  1
 178  36  1
  43  37  1
 103  37  1
 109  37  1
  87  38  1
  88  38  1
  81  39  1
  82  39  1
  38  40  1
 120  40  1
 186  41  1
  56  42  1
  89  42  1
 101  42  1
 125  42  1
 182  42  1
 244  42  1
  50  43  1
  61  43  1
 129  43  1
  46  44  1
 144  44  1
 231  44  1
 243  44  1
  30  46  1
  86  46  1
 244  46  1
  59  47  1
  60  47  1
  61  47  1
  93  47  1
 128  47  1
 129  47  1
 141  47  1
 142  47  1
 233  47  1
  45  48  1
 237  48  1
 257  48  1
 250  49  1
  47  50  1
  86  50  1
 237  50  1
  88  51  1
  91  51  1
  92  51  1
 200  52  1
 201  52  1
  23  53  1
 119  53  1
 143  53  1
 260  53  1
  49  54  1
  50  54  1
 114  54  1
 225  54  1
  32  55  1
 121  56  1
 229  56  1
 234  57  1
 243  57  1
 252  57  1
 262  57  1
 123  59  1
 124  59  1
 204  59  1
 217  59  1
 224  59  1
 191  60  1
 234  60  1
 170  61  1
 171  61  1
 199  61  1
 237  61  1
 247  61  1
 252  61  1
  50  62  1
 228  62  1
 229  62  1
 257  62  1
  83  63  1
 131  63  1
 169  63  1
 184  64  1
 190  64  1
 126  65  1
 137  65  1
 138  65  1
 146  65  1
 147  65  1
 205  66  1
 267  66  1
 268  66  1
  96  67  1
 151  67  1
 167  67  1
 179  67  1
 100  68  1
 101  68  1
 102  68  1
 106  69  1
 268  69  1
 269  69  1
 158  70  1
 159  70  1
 139  71  1
 164  71  1
  61  72  1
  86  72  1
 178  72  1
  63  74  1
  89  74  1
 270  74  1
 271  74  1
  69  75  1
   8  76  1
 148  76  1
 175  76  1
 176  76  1
 158  77  1
 191  77  1
  64  78  1
  65  78  1
 153  78  1
 154  78  1
 160  78  1
 184  78  1
 204  78  1
 212  78  1
 241  79  1
 242  79  1
  82  80  1
 210  80  1
 223  80  1
   5  81  1
   6  81  1
 134  81  1
 216  81  1
  67  82  1
 108  82  1
 141  82  1
 166  82  1
 174  82  1
 192  82  1
 225  82  1
 244  83  1
 245  83  1
   4  84  1
   5  84  1
 130  84  1
 275  84  1
 190  86  1
 203  86  1
  20  87  1
  21  87  1
 225  87  1
 226  87  1
 246  87  1
 249  87  1
 128  88  1
 277  88  1
 278  88  1
 113  90  1
 177  90  1
 244  90  1
 245  90  1
  20  91  1
 120  91  1
 200  92  1
  77  93  1
 105  93  1
 110  93  1
 247  93  1
 252  94  1
   1  95  1
   2  95  1
  87  95  1
 232  95  1
 233  95  1
   9  96  1
  11  96  1
  12  96  1
  13  96  1
 182  96  1
 200  97  1
 201  97  1
 107  98  1
 179  98  1
 238  98  1
  91  99  1
  99  99  1
 185  99  1
  89 100  1
 173 100  1
 258 100  1
  15 101  1
  44 101  1
 132 101  1
   1 102  1
 267 102  1
  26 103  1
 110 103  1
 112 103  1
 244 103  1
 263 103  1
  29 104  1
  39 104  1
 122 104  1
 180 104  1
 248 104  1
 259 104  1
 100 105  1
 184 105  1
 250 105  1
 254 106  1
   6 107  1
  38 107  1
 171 107  1
 211 107  1
 212 107  1
  24 108  1
  25 108  1
 101 108  1
 102 108  1
 169 109  1
 202 109  1
  34 110  1
 102 110  1
 265 110  1
 196 111  1
 255 111  1
   1 112  1
 218 112  1
 220 112  1
 133 113  1
 223 114  1
 258 114  1
   1 115  1
   2 115  1
  35 115  1
  36 115  1
 208 115  1
 228 115  1
 268 115  1
  30 116  1
  31 116  1
 125 116  1
 162 116  1
 213 116  1
  25 117  1
  72 117  1
  79 117  2
  81 117  1
  83 117  1
  87 117  1
 133 117  1
 260 117  1
   2 118  1
   3 118  1
  25 119  1
  67 119  1
  87 119  1
 131 119  1
 216 119  1
 217 119  1
 255 119  1
 124 120  1
 193 120  1
 199 120  1
 205 120  1
 268 120  1
  36 121  1
  81 121  1
  87 121  1
  88 121  1
 130 121  1
 160 121  1
 210 121  1
 260 121  1
 273 121  1
  30 122  1
  41 122  1
  72 122  1
 123 122  1
 250 122  1
 251 122  1
   5 123  1
  16 124  1
  98 124  1
 121 124  1
 122 124  1
 123 124  1
 146 124  1
 193 124  1
 242 124  1
 271 124  1
 272 124  1
  44 125  1
 107 125  1
 117 125  1
 133 125  1
 220 125  1
 260 125  1
  30 126  1
  49 126  1
 203 126  1
 249 126  1
 250 126  1
 239 127  1
 256 127  1
  23 128  1
  41 128  1
 216 128  1
  91 130  1
 267 130  1
  13 131  1
  14 131  1
  56 131  1
  60 131  1
 103 131  1
 212 131  1
 218 131  1
 240 131  1
 274 131  1
  76 132  1
  33 133  1
  50 133  1
 196 133  1
 203 133  1
  60 134  1
  74 134  1
  94 134  1
 145 134  1
 152 134  1
 157 134  1
 169 134  1
 170 134  1
 215 134  1
 255 134  1
  70 135  1
 124 135  1
 194 135  1
 203 135  1
  50 137  1
  52 137  1
  54 137  1
  67 137  1
  90 137  1
  91 137  1
 163 138  1
 173 139  1
 213 139  1
 110 140  1
 121 140  1
 126 140  1
 204 140  1
 260 140  1
  51 141  1
  52 141  1
 250 141  1
 169 142  1
 205 142  1
 263 142  1
 264 142  1
 268 142  1
  88 143  1
 162 143  1
 212 143  1
 213 143  1
 272 143  1
 260 144  1
 275 144  1
  39 147  1
  86 147  1
 205 147  1
 210 148  1
  53 149  1
 205 149  1
 226 149  1
 227 149  1
 219 150  1
 224 150  1
 253 150  1
  78 152  1
  11 153  1
  12 153  1
  51 153  1
  74 153  1
 167 153  1
 251 153  1
 252 153  1
 205 154  1
 219 155  1
 223 155  1
 233 155  1
  55 156  1
  56 156  1
 114 156  1
 209 156  1
 249 156  1
   4 157  1
   5 157  1
  14 157  1
  68 157  1
  60 158  1
 205 158  1
 224 158  1
  72 159  1
 182 159  1
 183 159  1
 186 159  1
 187 159  1
 215 159  1
  48 160  1
 106 160  1
 174 160  1
 180 161  1
 190 161  1
 213 161  2
 214 161  1
   5 162  1
   6 162  1
  73 162  1
 206 162  1
  31 163  1
  46 163  1
 163 163  1
 197 163  1
 198 163  1
  81 164  1
 104 164  1
 169 164  1
 170 164  1
 183 164  1
 208 164  1
 209 164  1
  92 165  1
  98 165  1
  73 166  1
 174 166  1
 251 166  1
 162 167  1
 220 167  1
 224 167  1
  34 168  1
  39 168  1
  40 168  1
 123 168  1
 195 169  1
 216 169  1
 126 170  1
 170 170  1
 176 170  1
 211 170  1
 280 170  1
 281 170  1
  75 171  1
 166 171  1
 167 171  1
  79 172  1
 153 172  1
 197 172  1
 212 172  1
  97 173  1
 142 173  1
 162 173  1
 215 173  1
  43 175  1
  17 176  1
  18 176  1
 114 176  1
 115 176  1
 218 176  1
 144 177  1
 223 177  1
 255 178  1
  98 179  1
 155 179  1
 200 179  1
 261 179  1
  18 180  1
  41 180  1
  42 180  1
 107 180  1
 168 180  2
 169 180  1
 103 181  1
 114 181  1
 134 181  1
 160 181  1
 161 181  1
 249 181  1
 260 182  1
 222 183  1
  10 184  1
  11 184  1
  22 184  1
 247 184  1
  41 185  1
  78 185  1
  98 185  1
 103 185  1
 222 185  1
 223 185  1
 164 186  1
  34 187  1
  75 187  1
 107 187  1
 123 187  1
 218 187  1
 242 187  1
  19 188  1
  20 188  1
  94 189  1
 202 189  1
  46 190  1
  98 190  1
 209 190  1
  36 191  1
 153 191  1
 247 191  1
 249 191  1
 271 191  1
 272 191  1
  39 192  1
  87 192  1
  89 192  1
  95 192  1
 257 192  1
  39 194  1
  95 194  1
 172 194  1
  50 195  1
 209 195  1
 210 195  1
  15 196  1
 262 196  1
  43 197  1
 148 197  1
 206 197  1
 227 197  1
 172 198  1
 173 198  1
 196 198  1
  90 200  1
 252 200  1
 118 201  1
 188 201  1
 141 202  1
 172 202  1
 178 202  1
 179 202  1
 197 202  1
 205 202  1
 220 202  1
 259 202  1
 152 203  1
 195 203  1
 228 203  1
  99 204  1
 100 204  1
 141 204  1
 188 204  1
 267 204  1
  35 205  1
 118 205  1
 144 205  1
 145 205  1
 146 205  1
 180 205  1
 181 205  1
 195 205  1
 201 205  1
 236 205  1
 246 205  1
  89 206  1
  90 206  1
 173 206  1
 220 206  1
 221 206  1
 222 206  1
 225 206  1
 122 207  1
 195 207  1
 108 208  1
 150 208  1
 172 208  1
 215 208  1
 216 208  1
 227 208  1
 216 210  1
 247 210  1
 149 211  1
 150 211  1
 220 211  1
  89 212  1
  90 212  1
 126 212  1
 127 212  1
 176 212  1
 215 212  1
 216 212  1
 171 213  1
 250 213  1
  88 214  1
 151 214  1
 157 214  1
 167 214  1
 223 214  1
 171 215  1
  99 216  1
 161 216  1
 182 216  1
  39 217  1
 170 217  1
 171 217  1
 201 217  1
  86 218  1
  87 218  1
 105 218  1
 158 218  1
 176 218  1
 185 218  1
 164 219  1
 197 219  1
 128 220  1
 107 221  1
 170 221  1
  99 222  1
 100 222  1
 127 223  1
 160 223  1
 168 223  1
  47 224  1
  93 224  1
 102 224  1
  51 226  1
  53 226  1
  93 226  1
  55 227  1
  99 227  1
  96 228  1
  97 228  1
 129 228  1
 130 228  1
 160 228  1
 199 228  1
  82 229  1
 189 229  1
  86 230  1
  91 230  1
  65 231  1
 158 231  1
  67 232  1
 163 232  1
  82 233  1
 163 234  1
  97 235  1
  98 235  1
 157 235  1
 103 236  1
 128 236  1
 129 236  1
 160 236  1
 203 237  2
 160 238  1
 127 240  1
 159 240  1
 130 242  1
 228 242  1
 123 243  1
 124 243  1
 134 243  1
 136 243  1
 203 244  1
 131 245  1
 161 245  1
 109 246  1
 170 246  1
 204 246  1
 112 247  1
 137 247  1
 213 249  1
 126 250  1
 171 250  1
 210 250  1
 133 251  1
 202 253  1
 198 254  1
 195 255  1
 166 256  1
 192 256  1
 171 257  1


count = 754