 134   1  1
 136   1  1
 137   1  1
 152   1  1
 170   2  1
 173   3  1
 130   4  1
 191   7  1
 141   8  1
 194   8  1
 171   9  1
 137  10  1
 169  11  1
 171  11  1
 175  12  1
 201  12  1
 177  13  1
 186  13  1
  95  14  1
 160  14  1
 161  14  1
 206  15  1
 179  17  1
 168  18  1
 169  18  1
 161  19  1
 201  20  1
  95  21  1
 174  21  1
 100  22  1
 176  22  1
  58  23  1
  56  24  1
  84  24  1
 102  25  1
  52  26  1
  84  26  1
 123  26  1
 127  26  1
 226  26  1
 194  27  1
 208  27  1
  71  28  1
 129  28  1
 230  28  1
 211  29  1
 212  29  1
 106  30  1
 124  30  1
 125  30  1
 135  30  1
 233  30  1
 118  31  1
 202  31  1
 204  31  1
  68  32  1
  87  32  1
 112  32  1
 113  32  1
 130  32  1
 187  32  1
 188  32  1
 194  32  1
 236  32  1
  95  33  1
 206  33  1
  93  35  1
  41  36  1
 113  38  1
 114  38  1
 189  38  1
 129  39  1
  37  40  1
 138  40  1
 139  40  1
 180  40  1
 184  40  1
 230  40  1
 124  41  1
 125  41  1
 148  41  1
 131  42  1
 219  42  1
 103  43  1
 104  43  1
 178  43  1
  43  44  1
 211  44  1
 231  44  1
 232  44  1
  47  45  1
 115  45  1
 138  45  1
 139  45  1
 218  45  1
 250  45  1
 251  45  1
 125  46  1
 146  46  1
 177  47  1
 139  48  1
 140  48  1
 145  48  1
 232  48  1
 233  48  1
  38  49  1
  40  49  1
 208  49  1
 182  51  1
  47  52  1
 146  52  1
 232  52  1
 256  53  1
  25  54  1
 135  54  1
 174  54  1
 226  54  1
  36  55  1
  37  55  1
  58  55  1
 141  55  1
 142  55  1
 258  56  1
  44  57  1
  30  58  1
 136  58  1
 137  58  1
 187  58  1
 222  58  1
 121  59  1
 122  59  1
 140  59  1
 141  59  1
 260  59  1
 116  60  1
 117  60  1
  20  61  1
  62  63  1
  67  63  1
  30  65  1
  32  65  1
  58  65  1
  71  66  1
 219  66  1
 220  66  1
  15  67  1
  28  67  1
 264  67  1
 265  67  1
  23  68  1
  69  69  1
  12  71  1
  45  71  1
  53  73  1
  54  73  1
 165  78  1
  14  79  1
 246  80  1
  18  81  1
 243  81  1
 178  82  1
 163  84  1
  24  86  1
 260  86  1
 268  86  1
 269  86  1
 162  88  1
 221  88  1
 228  88  1
 255  88  1
 157  89  1
 230  89  1
 115  90  1
 153  90  1
 260  91  1
  13  92  1
 113  92  1
 130  92  1
 148  92  1
 233  92  1
 235  92  1
 257  92  1
  25  93  1
  26  93  1
 264  93  1
  32  94  1
  36  94  1
 126  94  1
 127  94  1
  13  98  1
  14  98  1
 208  98  1
 204  99  1
 206  99  1
  27 100  1
  81 100  1
 128 100  1
 197 100  1
 198 100  1
 209 100  1
  37 101  1
  49 101  1
  70 101  1
  89 101  1
 191 102  1
 265 102  1
 266 102  1
  37 103  1
 268 104  1
  36 105  1
  29 106  1
  46 106  1
 193 106  1
   3 107  1
   4 107  1
  57 107  1
  93 108  1
  94 108  1
 196 108  1
 197 108  1
   2 110  1
   3 110  1
 277 110  1
 278 110  1
  57 112  1
 198 112  1
 200 112  1
  92 113  1
 160 114  1
 166 115  1
 190 115  1
 191 115  1
 208 115  1
 209 115  1
 271 115  1
  60 116  1
  61 116  1
  97 116  1
 102 116  1
 158 116  1
  62 118  1
 271 118  1
 164 119  1
  68 120  1
 265 120  1
 266 120  1
  16 121  1
 204 121  1
 240 121  1
  26 122  1
  27 122  1
  41 122  1
  42 122  1
  97 122  1
 212 122  1
 213 122  1
 274 122  1
  75 123  1
 102 123  1
 151 123  1
 206 123  1
 271 123  1
  40 124  1
  42 124  1
 196 124  1
 232 124  1
 256 124  1
  93 125  1
 170 125  1
 179 125  1
 217 126  1
  15 127  1
  19 127  1
 101 127  1
 102 127  1
 106 127  1
 107 127  1
 211 127  1
 223 127  1
  25 128  1
 265 128  1
  40 129  1
  94 129  1
 165 129  1
 242 129  1
 248 129  1
  48 130  1
  67 130  1
  78 130  1
 169 130  1
 186 130  1
 230 130  1
 275 130  1
  14 131  1
 108 131  1
 123 131  1
 236 131  1
  18 132  1
 247 133  1
 248 133  1
 154 134  1
 155 134  1
 166 134  1
  28 135  1
  29 135  1
 128 135  1
 123 136  1
 165 136  1
 166 136  1
 156 137  1
 228 137  1
 280 137  1
 281 137  1
  30 139  1
 250 139  1
   4 140  1
   5 140  1
  17 140  1
 228 140  1
 229 140  1
 267 140  1
 232 141  1
  29 143  1
 134 143  1
 224 143  1
 225 143  1
 254 144  1
 264 144  1
 265 144  1
 226 146  1
 236 146  1
 237 146  1
 249 146  1
 161 147  1
 245 147  1
 114 148  1
 123 148  1
 261 148  1
  12 149  1
  13 149  1
 131 149  1
  99 152  1
 100 152  1
  73 153  1
 170 153  1
 171 153  1
 175 153  1
 176 153  1
 107 154  1
 211 154  1
 213 154  1
 215 154  1
 259 154  1
 263 154  1
 281 154  1
 282 154  1
  88 155  1
  94 155  1
 123 155  1
 256 155  1
   8 156  1
   9 156  1
  34 156  1
  71 156  1
 204 156  1
 205 156  1
  38 157  1
 169 157  1
 216 157  1
 217 157  1
 245 158  1
 247 158  1
  23 159  1
 100 159  1
 107 159  1
 153 159  1
   9 160  1
  10 160  1
  18 160  1
 183 160  1
 187 160  1
 118 161  1
 208 161  1
 217 161  1
  38 162  1
  70 162  1
 105 162  1
 125 162  1
 142 162  1
 194 162  1
 145 163  1
  38 164  1
 150 164  1
  40 165  1
 156 165  1
 195 168  1
  27 169  1
  55 169  1
 163 169  1
  51 170  1
 208 170  1
 209 170  1
  38 171  1
  39 171  1
  62 171  1
 232 171  1
 197 173  1
 198 173  1
 239 174  1
 241 174  1
 243 174  1
  20 175  1
  27 175  1
  12 177  1
  13 177  1
 201 177  1
 227 177  1
 228 177  1
 247 177  1
 251 177  1
 194 178  1
 247 179  1
 206 180  1
 197 181  1
 201 182  1
  39 183  1
  46 183  1
 255 183  1
  34 184  1
  27 185  1
 196 185  1
 194 186  1
 249 186  1
  50 188  1
 241 188  1
  18 189  1
  36 190  1
 193 190  1
 194 190  1
  27 191  1
 170 191  1
 171 191  1
 172 191  1
 200 191  1
 201 191  1
 246 191  1
 272 191  1
 273 191  1
 119 192  1
 237 192  1
 241 192  1
 213 193  1
 167 194  1
 194 195  1
 195 195  1
 206 195  1
 249 195  1
 120 196  1
 121 196  1
  24 198  1
 221 198  1
 121 200  1
 122 200  1
 224 200  1
 243 200  1
 270 200  1
 271 200  1
 227 201  1
  27 202  1
 207 203  1
 240 203  1
 161 204  1
 165 204  1
 236 204  1
 155 205  1
 213 205  1
 231 205  1
 161 206  1
 200 206  1
 206 206  1
  78 208  1
 161 208  1
  92 210  1
 151 210  1
 152 210  1
 218 210  1
 240 210  1
  69 212  1
 103 212  1
 163 212  1
 198 212  1
  76 213  1
  77 213  1
  99 213  1
 123 213  1
 254 213  1
 263 213  1
 127 214  1
 195 214  1
 250 214  1
 252 214  1
  90 215  1
  91 215  1
  67 216  1
  68 216  1
  73 216  1
 240 216  1
 112 218  1
 157 218  1
 158 218  1
 218 218  1
 223 218  1
 152 219  1
 153 219  1
 225 219  1
  97 220  1
 210 221  1
 111 222  1
 126 223  1
 131 223  1
 210 223  1
  83 224  1
 104 224  1
 152 224  1
 160 224  1
 161 224  1
 210 225  1
 218 225  1
  50 226  1
  58 226  1
 237 226  1
  72 227  1
 107 228  1
  83 230  1
 154 231  1
 235 231  1
  90 232  1
  91 232  1
 223 232  1
 224 232  1
 225 232  1
  76 233  1
  78 234  1
  95 234  1
 124 234  1
 125 234  1
 215 234  1
  87 235  1
 171 235  1
  61 236  1
  93 236  1
 115 236  1
 236 236  1
  93 238  1
 231 238  1
  71 239  1
 184 239  1
 217 239  1
 228 239  1
 191 240  1
 226 240  1
  78 241  1
 187 241  1
 108 242  1
 109 242  1
 101 245  1
 113 245  1
 114 245  1
 104 246  1
 173 246  1
 174 246  1
 192 247  1
 207 248  1
 209 248  1
 204 249  1
 133 250  1
 134 250  1
 186 250  1
 170 251  1
 171 251  1
 173 251  1
 148 252  1
 119 253  1
 123 255  1
 125 255  1


count = 585