 150   1  1
 183   1  1
 188   1  1
 141   2  1
 127   5  1
 202   5  1
 205   6  1
 186   7  1
 141   8  1
 112   9  1
 212   9  1
 146  11  1
 147  11  1
 184  11  1
 185  11  1
 100  12  1
 141  12  1
 216  12  1
 183  13  1
  92  14  1
 120  15  1
  87  16  1
 145  16  1
 152  16  1
 110  17  1
 224  18  1
 225  18  1
  83  19  1
  78  20  1
  95  20  1
  96  20  1
 100  20  1
 152  20  1
  75  21  1
  89  22  1
 153  22  1
 156  24  1
 158  24  1
 161  24  1
 191  24  1
 144  25  1
 185  26  1
  82  27  1
  96  27  1
 178  27  1
  88  28  1
 134  28  1
 193  28  1
 194  28  1
 236  28  1
 141  29  1
 142  29  1
 160  29  1
 161  29  1
  56  30  1
  57  30  1
  80  30  1
 240  30  1
 177  31  1
  51  33  1
 153  33  1
 140  34  1
 141  34  1
 149  34  1
 150  34  1
 195  34  1
 130  35  1
 184  35  1
 185  35  1
 247  36  1
  94  37  1
 172  37  1
 134  38  1
 101  39  1
 144  39  1
 145  39  1
 184  39  1
 185  39  1
 197  39  1
 138  40  1
 139  40  1
 174  41  1
  96  43  1
 133  43  1
 146  43  1
 176  43  1
 140  44  1
  35  45  1
 155  45  1
 142  46  1
 149  46  1
 257  46  1
  31  49  1
 126  50  1
 160  50  1
 161  50  1
 165  50  1
 260  50  1
 148  52  1
 149  52  1
 164  53  1
  26  55  1
 156  55  1
  25  57  1
 138  57  1
 146  57  1
 150  57  1
 197  57  1
 136  60  1
 138  60  1
 245  60  1
 142  62  1
 145  64  1
 154  64  1
 186  64  1
 249  64  1
 250  64  1
 270  65  1
 271  65  1
 152  66  1
 220  66  1
 203  67  1
 261  69  1
 263  69  1
 176  70  1
  14  71  1
 109  71  1
 110  71  1
 183  71  1
 187  72  1
 220  72  1
 275  72  1
 181  73  1
 203  73  1
 205  73  1
 235  73  1
 236  73  1
 250  73  1
 255  73  1
 257  73  1
 144  74  1
 187  74  1
 221  74  1
 223  74  1
 198  75  1
 212  75  1
 234  75  1
 253  75  1
  95  76  1
 134  76  1
 218  76  1
 229  76  1
  18  77  1
 174  77  1
 175  77  1
 146  78  1
 178  78  1
 229  78  1
 260  78  1
   9  79  1
 187  79  1
 253  79  1
 278  79  1
 279  79  1
  22  80  1
  98  80  1
  99  80  1
 191  80  1
 229  80  1
 260  80  1
 130  81  1
 174  81  1
 108  82  1
 184  82  1
 200  82  1
 234  82  1
 238  82  1
 279  82  1
 280  82  1
 251  83  1
 256  83  1
 264  83  1
  86  84  1
  97  84  1
 110  84  1
 147  84  1
 205  85  1
 220  85  1
 248  85  1
 102  86  1
 119  86  1
 121  86  1
 173  86  1
 179  86  1
 192  86  1
 193  86  1
 152  87  1
 153  87  1
 227  87  1
 252  87  1
 104  88  1
 106  88  1
 107  88  1
 243  88  1
 244  88  1
 256  89  1
  84  90  1
 177  90  1
  81  91  1
 126  91  1
 127  91  1
  89  92  1
 192  92  1
  78  93  1
 105  93  1
 207  93  1
 172  94  1
 211  94  1
 185  95  1
 195  95  1
  20  96  1
 213  96  1
 237  96  1
 218  97  1
 220  97  1
 245  97  1
 216  98  1
 226  98  1
 227  98  1
 170 100  1
 241 100  1
 242 100  1
  16 101  1
  98 101  1
 236 101  1
 246 101  1
  66 102  1
  76 102  1
 103 102  1
 104 102  1
 174 102  1
 178 102  1
 179 102  1
 242 102  1
 271 102  1
 274 102  1
 216 103  1
 217 103  1
 251 103  1
 252 103  1
  74 104  1
  83 104  1
 104 104  1
 221 104  1
 242 104  1
 243 104  1
 271 104  1
  10 106  1
  11 106  1
  75 106  1
 195 106  1
 224 106  1
 239 106  1
  87 107  1
 173 107  1
 174 107  1
 246 107  1
 251 107  1
  11 108  1
  79 108  1
 239 108  1
 269 109  1
  12 110  1
  90 110  1
  93 110  1
 239 110  1
  80 111  1
  81 111  1
 203 111  1
  11 112  1
  62 113  1
 220 113  1
 221 113  1
 225 113  1
 165 114  1
 166 114  1
 182 114  1
 163 116  1
 164 116  1
 186 116  1
 205 116  1
 229 116  1
  67 117  1
 119 117  1
 120 117  1
 157 117  1
 158 117  1
 269 117  1
 275 117  1
 276 117  1
 193 119  1
 195 119  1
 199 119  1
 201 119  1
 214 119  1
 223 119  1
 225 119  1
  71 120  1
 180 120  1
 186 120  1
 120 121  1
 177 121  1
 178 121  1
 232 121  1
 234 121  1
 123 123  1
 220 123  1
 221 123  1
 260 123  1
 266 123  1
  22 124  1
  86 124  1
  87 124  1
 115 124  1
 216 124  1
 160 125  1
 226 125  1
 232 125  1
 245 125  1
   5 126  1
   6 126  1
  28 126  1
  29 126  1
 156 126  1
  15 127  1
  66 127  1
  68 127  1
  90 127  1
 177 127  1
 184 127  1
 185 127  1
 209 127  1
 221 127  1
 110 128  1
 111 128  1
 142 128  1
 171 128  1
   7 129  1
   8 129  1
  54 129  1
  92 129  1
 216 129  1
 217 129  1
  29 130  1
  56 130  1
 209 130  1
 224 130  1
  18 131  1
  67 131  1
 177 131  1
 215 131  1
 242 131  1
 124 132  1
 144 132  1
 163 132  1
  72 133  1
 120 133  1
 148 133  1
 166 133  1
 167 133  1
 170 133  1
 175 133  1
 214 133  1
  24 134  1
 158 134  1
 159 134  1
   7 135  1
   8 135  1
  18 136  1
  22 136  1
 114 136  1
 228 136  1
 252 136  1
 263 136  1
 269 136  1
 154 137  1
 199 137  1
 183 138  1
 192 139  1
 118 140  1
  42 142  1
 162 143  1
 264 143  1
 165 144  1
  36 145  1
 113 145  1
 116 145  1
 181 145  1
  27 146  1
  28 146  1
  29 146  1
 110 146  1
 171 146  1
 195 146  1
 260 146  1
   1 148  1
  33 148  1
  35 148  1
 191 148  1
 252 148  1
 184 149  1
 243 149  1
 172 150  1
  78 151  1
  48 152  1
  49 152  1
 120 152  1
 173 152  1
 174 152  1
 189 152  1
 255 152  1
 265 152  1
 243 153  1
 120 154  1
 178 154  1
 179 154  1
   6 156  1
  37 156  1
  64 156  1
  42 157  1
 220 157  1
   1 158  1
  47 158  1
  66 158  1
 179 158  1
 249 158  1
  42 159  1
 233 159  1
  10 160  1
 179 160  1
 228 160  1
 229 160  1
  74 161  1
 125 161  1
 134 161  1
 172 161  1
 173 161  1
 191 161  1
 178 162  1
 179 162  1
  67 164  1
  71 164  1
 220 164  1
 237 164  1
   2 165  1
   3 165  1
   9 165  1
  78 165  1
  93 166  1
 172 166  1
 173 166  1
 217 166  1
 224 166  1
 236 166  1
 237 166  1
 136 167  1
 173 168  1
 222 168  1
 234 168  1
 279 168  1
  17 169  1
  83 169  1
 186 170  1
 187 170  1
 194 170  1
 227 170  1
 228 170  1
 254 170  1
 265 170  1
 123 171  1
 124 171  1
 262 171  1
  20 172  1
  21 172  1
  79 172  1
  44 173  1
 191 173  1
 192 173  1
 217 173  1
 218 173  1
 247 173  1
 267 173  1
 268 173  1
   4 174  1
   5 174  1
 146 174  1
 158 174  1
 235 174  1
  76 175  1
 129 175  1
 130 175  1
 201 175  1
  19 176  1
 193 176  1
 218 176  1
 222 176  1
 223 176  1
 238 176  1
 242 176  1
   5 177  1
   6 177  1
 152 177  1
 197 177  1
 206 177  1
 250 177  1
 137 178  1
 138 178  1
  11 179  1
 140 179  1
 141 179  1
 264 179  1
   6 180  1
   7 180  1
  19 180  1
  20 180  1
 189 180  1
 210 180  1
 214 180  1
 236 180  1
 237 180  1
 130 181  1
 134 181  1
 164 181  1
 217 181  1
 219 181  1
 184 182  1
 237 182  1
 238 182  1
 174 183  1
 117 184  1
 118 184  1
 208 184  1
 209 184  1
 234 184  1
  16 185  1
  41 185  1
 133 185  1
 135 185  1
 268 185  1
 179 186  1
 250 186  1
 244 187  1
 245 187  1
  35 188  1
 143 188  1
 200 188  1
 266 188  1
 121 189  1
  34 190  1
  35 190  1
 177 190  1
 193 190  1
  38 191  1
  46 191  1
 135 191  1
 145 191  1
  32 193  1
 148 193  1
 156 194  1
 262 194  1
  51 195  1
 138 195  1
  16 196  1
 250 196  1
 252 196  1
 140 197  1
 157 198  1
  49 200  1
 144 200  1
 213 200  1
 214 200  1
 159 201  1
 160 201  1
 241 201  1
 138 202  1
 143 202  1
 144 202  1
 148 202  1
 149 202  1
 168 202  1
 163 203  1
  30 204  1
 224 204  1
 225 204  1
  38 205  1
  55 205  1
 140 205  1
  49 206  1
  59 206  1
  60 206  1
 144 206  1
 145 206  1
 228 206  1
 229 206  1
  36 207  1
 213 207  1
 136 208  1
 144 208  1
 157 209  1
 213 209  1
 214 209  1
  53 210  1
  58 210  1
  59 210  1
 167 210  1
 168 210  1
 181 212  1
  62 214  1
  63 214  1
  64 214  1
  85 215  1
 126 215  1
 153 215  1
 173 215  1
 215 215  1
 216 215  1
 244 216  1
  94 217  1
  95 217  1
 124 217  1
 130 217  1
 131 217  1
 135 219  1
 136 219  1
 148 219  1
 149 219  1
 169 219  1
  42 223  1
  64 223  1
  65 223  1
  84 224  1
 131 224  1
 132 224  1
 148 225  1
 149 225  1
 214 225  1
 215 225  1
 236 225  1
  65 226  1
  66 226  1
 124 227  1
  95 228  1
 139 229  1
 140 229  1
 174 229  1
 187 229  1
  84 230  1
  89 231  1
  91 231  1
 148 231  1
 149 231  1
 165 231  1
 187 231  1
  67 232  1
  88 233  1
 166 233  1
 184 233  1
  81 234  1
  82 234  1
 134 235  1
 135 235  1
  84 236  1
 169 236  1
 175 236  1
  75 237  1
  76 237  1
 145 237  1
 146 237  1
  62 238  1
 123 238  1
 131 238  1
 188 238  1
 190 238  1
 191 238  1
  67 239  1
 137 239  1
  70 240  1
  84 240  1
 143 240  1
 220 240  1
 174 241  1
  75 242  1
 214 243  1
 118 244  1
 134 245  1
 135 245  1
 212 245  1
  98 247  1
 102 248  1
 208 248  1
 140 249  1
 141 249  1
 202 249  1
 110 250  1
 200 250  1
 113 251  1
 140 252  1
 194 252  1
 196 252  1
 130 254  1
 185 255  1
 138 256  1


count = 712