 131   1  1
 143   1  1
 150   1  1
 169   1  1
 124   2  1
 177   2  1
 120   3  1
 122   3  1
 186   4  1
 111   7  1
 136   7  1
 137   7  1
 194   7  1
 140   8  1
 142   8  1
 105  10  1
 164  10  1
 102  11  1
  99  12  1
 173  12  1
 123  14  1
 124  14  1
 175  14  1
 207  14  1
 208  14  1
  85  15  1
 111  15  1
 119  15  1
 126  16  1
 211  16  1
 105  18  1
  93  19  1
 167  19  1
  90  21  1
 116  21  1
 117  21  1
 122  21  1
 221  21  1
 106  23  1
 112  23  1
 113  23  1
 124  23  1
 174  23  1
 224  23  1
 225  23  1
  61  24  1
  84  24  1
 228  24  1
  59  26  1
 158  26  1
 169  26  1
 176  26  1
  88  27  1
 115  27  1
 216  27  1
  55  28  1
 107  28  1
  94  29  1
 102  29  1
 158  29  1
 219  29  1
 235  29  1
  89  31  1
  94  31  1
 158  31  1
 177  31  1
 178  31  1
  50  32  1
 163  32  1
  89  33  1
  90  33  1
  94  33  1
 104  33  1
 156  33  1
 178  33  1
 217  34  1
 218  34  1
 155  35  1
 178  35  1
 179  35  1
 198  35  1
 166  36  1
 126  37  1
 127  37  1
 216  37  1
 217  37  1
  44  38  1
 101  38  1
 201  38  1
 143  39  1
 219  39  1
  93  40  1
 153  40  1
  54  41  1
 177  41  1
 178  41  1
 201  41  1
 249  41  1
  56  42  1
  57  42  1
 232  42  1
  89  43  1
 178  44  1
 179  44  1
 191  44  1
 213  44  1
 124  45  1
 125  45  1
 150  45  1
 228  46  1
  47  47  1
 117  47  1
 166  47  1
 167  47  1
 253  47  1
 160  48  1
 161  48  1
 173  48  1
 101  49  1
 155  49  1
 179  49  1
 180  49  1
 191  49  1
 213  49  1
 214  49  1
 221  49  1
 222  49  1
 164  50  1
 194  50  1
  98  51  1
  99  51  1
 141  51  1
 150  51  1
 151  51  1
 159  51  1
  31  52  1
  88  52  1
 194  52  1
 219  53  1
  44  54  1
 156  54  1
 179  54  1
 180  54  1
 215  54  1
 186  56  1
 194  56  1
 159  57  1
 164  57  1
 165  57  1
 235  58  1
 236  58  1
 262  58  1
 100  59  1
 107  59  1
 149  60  1
 251  60  1
  48  61  1
  67  61  1
 232  61  1
 244  61  1
  23  62  1
  58  62  1
  59  62  1
 115  62  1
 155  62  1
 161  62  1
 151  64  1
 242  64  1
  53  65  1
 107  65  1
 238  65  1
 112  66  1
 113  66  1
 118  66  1
 119  66  1
 256  66  1
  68  67  1
 232  67  1
 117  68  1
 262  68  1
  59  69  1
 224  69  1
 257  71  1
 237  72  1
 249  72  1
  59  73  1
 253  74  1
  13  75  1
 241  75  1
 242  75  1
 277  75  1
 226  76  1
  20  77  1
  24  77  1
 175  77  1
 257  77  1
 171  78  1
 216  78  1
 233  78  1
 249  78  1
  27  79  1
  29  79  1
 183  79  1
 266  79  1
  41  80  1
 209  80  1
 260  80  1
 235  81  1
 270  81  1
 280  82  1
 281  82  1
  18  83  1
  19  83  1
 168  83  1
 182  83  1
  34  84  1
  35  84  1
  42  84  1
  61  84  1
  63  84  1
 161  84  1
 260  84  1
  38  85  1
  47  85  1
 206  85  1
 207  85  1
 229  85  1
 184  86  2
 250  87  1
 164  88  1
 181  88  1
 182  88  1
 264  88  1
  26  89  1
 133  89  1
 141  89  1
 272  89  1
 143  90  1
 218  90  1
 179  91  1
 229  91  1
 256  91  1
 282  91  1
 283  91  1
  27  92  3
 126  92  1
 164  92  1
 247  92  1
 248  92  1
 274  92  1
 276  92  1
  63  93  1
  27  94  1
  35  94  1
  36  94  1
 217  94  1
  57  95  1
 214  95  1
 254  95  1
  21  96  1
  25  96  1
  34  96  1
 122  96  1
 124  96  1
 206  96  1
 207  96  1
 224  96  1
 225  96  1
 129  97  1
 160  97  1
 146  98  1
 166  98  1
 167  98  1
 170 100  1
 224 100  1
 126 101  1
 206 101  1
 220 101  1
 250 101  1
  38 102  1
  66 102  1
 170 102  1
 242 103  1
  29 104  1
  44 104  1
  59 104  1
 133 104  1
 134 104  1
 135 104  1
 170 104  1
 213 104  1
   1 105  1
   2 105  1
  69 105  1
 145 105  1
 167 105  1
 168 105  1
 223 105  1
 113 106  1
 205 106  1
 209 106  1
 244 106  1
  36 107  1
  37 107  1
  55 107  1
 123 107  1
 218 107  1
 219 107  1
 232 107  1
 238 107  1
   1 108  1
  49 108  1
  57 108  1
  59 108  1
  64 108  1
  65 108  1
  66 108  1
 136 108  1
 165 108  1
 166 108  1
  71 109  1
 101 109  1
 142 109  1
 200 109  1
 209 109  1
 219 109  4
 281 109  1
 282 109  1
  45 110  1
 192 110  1
 203 110  1
 248 110  1
  51 111  1
 115 111  1
 207 111  1
  44 112  1
 185 112  1
 217 112  1
  40 113  1
 116 113  1
 148 113  1
 152 113  1
 156 113  1
 157 113  1
 160 114  1
 161 114  1
  92 115  1
 120 115  1
 126 115  1
  77 116  1
  87 116  1
 268 116  1
 273 116  1
 279 116  1
 280 116  1
  93 117  1
 145 117  1
 146 117  1
 147 117  1
 189 117  1
 207 117  1
   1 118  1
  47 118  1
 129 118  1
 143 118  1
 239 118  1
  59 120  1
 180 120  1
 245 120  1
  55 121  1
 151 121  1
 211 121  1
 271 121  1
 162 122  1
 246 122  1
 247 122  1
 249 122  1
  92 123  1
  98 123  1
 131 123  1
 144 123  1
 169 123  1
 176 123  1
 177 123  1
  58 125  1
  60 125  1
 151 125  1
 152 125  1
 174 125  1
 188 125  1
 213 125  1
 236 125  1
 279 125  1
 280 125  1
   2 126  1
   3 126  1
  14 126  1
  52 126  1
  54 126  1
  74 126  1
  82 126  1
  83 126  1
 231 126  1
 267 126  1
  48 128  2
  49 128  1
 147 128  1
 196 128  1
 197 128  1
 239 128  1
 280 128  1
 281 128  1
 100 129  1
 131 129  1
 174 129  1
 182 129  1
  14 130  1
  51 130  1
  78 130  1
 136 130  1
 159 130  1
 207 130  1
 213 130  1
 149 131  1
 151 131  1
 230 131  1
 231 131  1
 235 131  1
 236 131  1
   7 132  1
   8 132  1
  63 132  1
  68 132  1
  74 132  1
 194 132  1
 228 132  1
  38 133  1
 180 133  1
 188 133  1
 260 133  1
 118 134  1
 184 134  1
 225 134  1
 226 134  1
 282 134  1
 283 134  1
  58 135  1
  70 135  1
 114 136  1
 277 136  1
 106 137  1
 270 139  1
 274 139  1
 194 140  1
 102 141  1
 129 141  1
   1 142  1
 111 142  1
 131 142  1
 197 142  1
 201 142  1
 202 142  1
 206 142  1
 214 142  1
 248 142  1
 253 142  1
 263 142  1
  12 143  1
  31 143  1
  36 143  1
  37 143  1
 133 143  1
  99 144  1
 125 144  1
 138 144  1
 269 144  1
   1 145  1
  90 145  1
  91 145  1
 228 145  1
 208 146  1
 220 146  1
 245 146  1
 258 146  1
 108 147  2
 109 147  1
 110 147  1
 214 147  1
  16 148  1
  33 148  1
  44 148  1
  45 148  1
  53 148  1
  98 148  1
 126 148  1
 141 148  1
 269 148  1
 110 149  1
  41 150  1
  62 150  1
 129 151  1
 137 151  1
 139 151  1
 263 151  1
 154 152  1
 222 152  1
 270 152  1
 206 153  1
  24 154  1
  43 154  1
  75 154  1
 254 154  1
 228 155  1
 262 156  1
 268 156  1
 279 156  1
 280 156  1
  19 157  1
  20 157  1
 112 157  1
 113 157  1
 125 157  1
 207 157  1
 214 157  1
 220 157  1
 168 158  1
 250 158  1
 225 159  1
 226 159  1
 117 160  1
 270 160  1
 271 160  1
  17 161  1
 134 161  1
 170 161  1
 210 161  1
 225 161  1
 231 161  1
 264 161  1
 277 161  1
 278 161  1
 149 162  1
 217 162  1
 218 162  1
 225 163  1
   3 164  1
   4 164  1
 143 164  1
 238 164  1
 249 164  1
  14 166  1
 150 166  1
 157 166  1
 214 166  1
 215 166  1
   4 167  1
   5 167  1
 184 168  1
 186 168  1
 259 168  1
  34 169  1
 160 169  1
 254 169  1
   5 170  1
   6 170  1
  28 170  1
 232 170  1
  16 171  1
 193 171  1
 195 171  1
  36 172  1
 227 172  1
 176 173  1
 186 173  1
 203 173  2
 204 173  1
  37 174  1
 150 174  1
 262 174  1
 263 174  1
 231 175  1
  32 176  1
  34 176  1
  44 176  1
 218 176  1
 270 177  1
 245 178  1
 257 178  1
  27 179  1
  45 179  1
  46 179  1
 206 179  1
 207 179  1
 214 179  1
  10 180  1
 201 180  1
 210 180  1
 243 180  1
  20 181  1
  30 182  1
 231 183  1
 233 183  1
 205 184  1
 219 185  1
  14 186  1
  33 186  1
  44 186  1
 243 186  1
 256 186  1
  27 187  1
 229 187  1
 265 187  1
  16 189  1
 214 190  1
 228 190  1
 263 190  1
  18 192  1
 202 192  1
  95 194  1
  20 195  1
  86 195  1
 111 195  1
 118 195  1
 230 195  1
 231 195  1
  30 196  1
  91 196  1
 105 196  1
  22 198  1
  78 198  1
 105 198  1
  86 199  1
  35 200  1
  49 200  1
  95 200  1
 194 200  1
 232 200  1
  71 202  1
  94 202  1
 190 202  1
 213 202  1
 214 202  1
  79 203  1
  80 203  1
  94 204  1
 187 204  1
 233 204  1
 234 204  1
 250 204  1
  66 205  1
 101 205  1
 102 205  1
 103 205  1
  71 206  1
  75 206  1
 125 206  1
 213 206  1
 214 206  1
 233 206  1
  66 207  1
 122 207  1
 128 207  1
 135 207  1
 213 208  1
 235 208  1
 222 209  1
  57 210  1
  96 210  1
 229 210  1
  52 211  1
 118 211  1
 178 212  1
 123 213  1
 215 213  1
 232 213  1
  36 214  1
 117 214  1
 129 214  1
 183 214  1
 187 214  1
 188 214  1
 211 214  1
 225 214  1
  39 215  1
 108 217  1
 122 217  1
 205 217  1
  41 218  1
 100 218  1
  56 219  1
 176 219  1
 177 219  1
 186 219  1
 187 219  1
  59 221  1
  89 221  1
 120 221  1
 207 221  1
 196 222  1
 199 222  1
  62 224  1
 208 224  1
 229 225  1
  70 226  1
  75 226  1
 116 226  1
 136 226  1
  55 227  1
 184 227  1
 211 227  1
 213 227  1
 214 227  1
 131 228  1
  58 229  1
  91 230  1
 130 230  1
 177 230  1
 221 230  1
  61 231  1
  62 231  1
 127 231  1
 141 231  1
 142 231  1
  76 232  1
 219 232  1
 118 233  1
 121 233  1
 124 233  1
 125 233  1
 126 233  1
 146 233  1
 187 233  1
  67 234  1
 215 234  1
  95 235  1
  96 235  1
  70 236  1
 211 236  1
 212 236  1
 151 237  1
 123 238  1
 207 239  1
 126 240  1
 131 240  1
 145 240  1
 146 240  1
 205 241  1
 126 242  1
 152 243  1
 201 243  1
  94 244  1
 145 244  1
 149 245  1
 186 245  1
  99 246  1
 130 246  1
 131 246  1
 143 247  1
 194 247  1
 104 248  1
 124 248  1
 131 250  1
 190 250  1
 112 251  1
 182 253  1
 184 253  1
 120 254  1
 122 255  1
 124 255  1
 126 256  1
 128 256  1


count = 771