 115   1  1
 123   1  1
 182   5  1
 103   6  1
 138   9  1
  90  11  1
 138  11  1
 145  11  1
  85  12  1
 123  13  1
 195  13  1
  79  14  1
 108  15  1
 126  15  1
 139  15  1
 140  15  1
 117  16  1
 144  16  1
  95  17  1
  96  17  1
 201  18  1
  99  19  1
 104  19  1
 105  19  1
 157  19  1
 158  19  1
 145  20  1
 146  20  1
 169  21  2
 170  21  1
 171  21  1
 191  21  1
 192  21  1
  79  23  1
  88  23  1
 115  23  1
 214  24  1
 104  25  1
  63  26  1
 199  26  1
 104  27  1
 120  27  1
 220  27  1
 203  28  1
 223  29  1
 109  30  1
 157  31  1
  91  33  1
  97  33  1
  98  33  1
 160  33  1
 161  33  1
 162  33  1
  56  34  1
  62  34  1
 201  34  1
  51  36  1
  67  36  1
 192  36  1
  53  37  1
  94  37  1
 121  37  1
 122  37  1
 178  37  1
 231  37  1
  71  38  1
 173  38  1
 143  40  1
 145  40  1
 147  40  1
  49  41  1
  60  42  1
  82  42  1
 186  42  1
 202  42  1
  34  44  1
  88  44  1
  89  44  1
 148  44  1
 149  44  1
 184  44  1
 185  44  1
  54  45  1
  55  45  1
 133  45  1
 171  45  1
 172  45  1
 219  45  1
  72  46  1
  83  46  1
  84  46  1
 157  46  1
 204  46  1
 205  46  1
 138  47  1
 143  47  1
 168  47  1
 179  47  1
 180  47  1
  73  49  1
 127  49  1
 128  49  1
 163  49  1
  59  50  1
 132  50  1
 152  50  1
 153  50  1
  29  51  1
  84  51  1
 203  51  1
 126  52  1
 139  52  1
  90  53  1
 158  53  1
  64  55  1
  65  55  1
  74  56  1
 140  56  1
 151  57  1
 178  57  1
 184  58  1
 185  58  1
 201  58  1
 180  59  1
 181  59  1
  76  60  1
 143  60  1
 145  60  1
 219  60  1
 223  60  1
 224  60  1
 256  61  1
  32  62  1
  33  62  1
  64  62  1
 258  62  1
  67  63  1
  68  63  1
  69  63  1
 187  63  1
 196  63  1
  35  65  1
  72  66  1
  21  67  1
 148  67  1
 149  67  1
 217  67  1
 220  68  1
  34  69  1
  17  72  1
  24  72  1
  76  72  1
  87  72  1
 139  72  1
 244  74  1
 146  75  1
 218  75  1
 229  75  1
 267  75  1
 268  75  1
 205  76  1
  22  77  1
 170  77  1
 178  77  1
 242  77  1
 211  78  1
 269  78  1
 270  78  1
 169  79  1
 237  79  1
 157  81  1
 231  81  1
 172  82  1
 183  82  1
 223  82  1
 194  83  1
 183  84  1
 239  84  1
 240  84  1
 250  84  1
 251  84  1
   9  85  1
 175  85  1
 176  85  1
 227  85  1
 196  86  1
 231  86  1
 244  87  1
 266  87  1
  14  88  1
  16  88  1
 221  88  1
 249  88  1
 241  89  1
 276  89  1
 277  89  1
 146  90  1
 199  90  1
 206  90  1
 232  90  1
 181  91  1
 182  91  1
 189  91  1
 277  92  1
 278  92  1
   5  93  1
   6  93  1
 188  93  1
 193  94  1
 204  94  1
 240  94  1
 259  94  1
  21  95  1
 168  95  1
 221  95  1
 225  95  1
 247  95  1
 257  95  1
 192  96  1
 206  96  1
 167  97  1
 179  97  1
 249  97  1
 270  97  1
 253  98  1
 148  99  1
 163  99  1
 187  99  1
 195  99  1
 196  99  1
 219  99  1
 238  99  1
 240  99  1
  11 100  1
 141 100  1
 142 100  1
 184 100  1
 271 100  1
   3 101  1
   4 101  1
 131 101  1
 153 101  1
 196 101  1
 121 102  1
  23 103  1
  24 103  1
 139 103  1
   2 104  1
   3 104  1
 190 104  1
 191 104  1
 219 104  1
 221 104  1
   8 105  1
  14 105  1
  15 105  1
  16 105  1
 157 105  1
 183 105  1
 184 105  1
 204 105  1
 227 105  1
 228 105  1
  21 106  1
  46 106  1
 118 106  1
 191 106  1
 277 106  1
  74 107  1
  83 107  2
  84 107  1
 228 107  1
  59 108  1
  70 108  1
  94 108  1
  95 108  1
 134 108  1
 156 108  1
 157 108  1
 206 108  1
  20 109  1
  21 109  1
 106 109  1
 107 109  1
 171 109  1
 172 109  1
  76 110  1
  78 110  1
 130 110  1
 184 110  1
 189 110  1
  44 111  1
 215 111  1
 223 111  1
 224 111  1
 269 111  1
   1 112  1
  39 112  1
 126 112  1
 150 112  1
 123 113  1
 146 113  1
 165 113  1
 186 113  1
 159 114  1
 173 114  1
 190 114  1
 267 114  1
 100 116  1
 117 116  1
 120 116  1
 143 117  1
 175 117  1
 179 117  1
  10 118  1
 220 118  1
 221 118  1
  30 119  1
  36 119  1
 113 119  1
 185 119  1
 247 119  1
 183 120  1
 268 120  1
 269 120  1
   6 121  1
  38 121  1
  39 121  1
 222 121  1
 181 122  1
   8 123  1
 124 123  1
 169 123  1
 236 123  1
 274 123  1
  89 124  1
 189 124  1
 195 124  1
   9 125  1
  10 125  1
  27 125  1
  46 125  1
 235 125  1
 248 125  1
   1 126  1
  74 126  1
  78 126  1
  94 126  1
  16 127  1
  17 127  1
  20 127  1
  62 127  1
  63 127  1
  98 127  1
 184 127  1
 197 127  1
  59 128  1
 111 128  1
 118 128  1
 127 128  1
 171 128  1
 202 128  1
 207 128  1
 214 128  1
  45 129  1
  72 129  1
 167 129  1
 194 129  1
 237 129  1
 157 130  1
 158 130  1
  21 131  1
  22 131  1
  24 131  1
  36 131  1
 102 131  1
 109 131  1
 279 131  1
   1 132  1
   8 132  1
  53 132  1
  68 132  1
 123 132  1
 201 132  1
  62 133  1
 103 133  1
  41 134  1
  58 134  1
 114 134  1
 118 134  1
 157 134  1
 168 134  1
 176 134  1
 208 134  1
 162 135  1
 163 135  1
 170 136  1
 181 136  1
  25 137  1
 120 137  1
 165 137  1
 166 137  1
 222 137  1
 246 137  1
 250 137  1
  13 138  1
  17 139  1
 111 139  1
 114 139  1
 130 139  1
 131 139  1
   1 140  1
 235 140  1
 236 140  1
 252 140  1
  82 141  1
   8 142  1
   9 142  1
  15 142  1
  23 142  1
  88 143  1
  90 143  1
 119 143  1
 127 143  1
  16 144  1
 133 144  1
  24 145  1
  34 145  1
  96 145  1
 149 145  1
  17 146  1
  18 146  1
  79 146  1
 249 146  1
 253 146  1
  25 147  1
 220 147  1
 221 147  1
  28 148  1
 106 148  1
 152 148  1
   2 149  1
   3 149  1
 113 149  1
 116 149  1
 152 150  1
  51 151  1
 224 151  1
  37 152  1
  61 152  1
 219 152  1
   9 153  1
  56 153  1
  65 153  1
 146 153  1
 199 153  1
 103 154  1
 234 155  1
 235 155  1
  49 156  1
 105 156  1
 106 156  1
 197 156  1
 209 156  1
 210 156  1
 211 156  1
 221 156  1
 111 157  1
 162 157  1
 212 158  1
 213 158  1
 258 158  1
 265 158  1
 273 158  1
 119 159  1
 184 159  1
 269 159  1
 270 159  1
  15 160  1
  16 160  1
 165 160  1
 179 160  1
 195 160  1
 199 160  1
 221 160  1
 232 160  1
 233 160  1
 107 161  1
 225 162  1
 226 162  1
 238 162  1
 119 163  1
 128 163  1
 172 163  1
 230 163  1
 189 164  1
 233 164  1
 272 164  1
 119 165  1
 198 165  1
 218 165  1
 191 166  1
 233 166  1
  14 167  1
  15 167  1
  18 167  1
 103 167  1
 215 167  1
 236 167  1
 237 167  1
 115 168  1
 128 168  1
 144 168  1
 145 168  1
 224 168  1
 279 168  1
 210 169  1
 232 170  1
  19 171  1
 201 171  1
 258 171  1
  15 172  1
 152 172  1
 186 172  1
 197 172  1
 198 172  1
 244 172  1
 253 173  1
 275 173  1
 158 175  1
 160 175  1
 191 175  1
 241 176  1
 242 176  1
 233 177  1
 238 178  1
  37 179  1
  47 179  1
 170 179  1
  28 180  1
  29 180  1
  30 180  1
 185 180  1
  22 181  1
  58 181  1
  18 182  1
  33 182  1
  54 182  1
 182 182  1
 223 182  1
 269 182  1
  13 183  1
  14 183  1
  39 183  1
  51 184  1
  58 184  1
 223 184  1
 224 184  1
 251 184  1
  73 185  1
 260 185  1
 267 185  1
 252 186  1
  22 187  1
  53 187  1
  54 187  1
  80 187  1
  67 188  1
 252 188  1
 265 188  1
  82 189  1
 146 189  1
  28 190  1
  61 190  1
 152 190  1
 257 190  1
  48 191  1
  49 191  1
  86 191  1
  71 192  1
 192 192  1
  79 193  1
 156 193  1
 158 193  1
 208 193  1
 135 194  1
 161 195  1
 225 195  1
  71 196  1
  84 196  1
 228 196  1
  46 197  1
 140 197  1
  53 198  1
  69 198  1
  84 198  1
 215 198  1
  48 199  1
 145 199  1
 225 199  1
  24 200  1
  80 200  1
  84 200  1
  85 200  1
 156 200  1
 173 200  1
 177 200  1
  60 201  1
  89 201  1
  90 201  1
 151 201  1
 184 201  1
 185 201  1
 221 201  1
  76 202  1
  26 203  1
 181 203  1
 152 204  1
 119 205  1
 145 205  1
 146 205  1
 172 205  1
 173 205  1
 109 206  1
  85 207  1
 125 207  1
  75 208  1
  76 208  1
 133 208  1
  90 209  1
 217 209  1
 147 210  1
 167 210  1
 168 210  1
 107 211  1
 151 211  1
 221 211  1
 158 212  1
 179 212  1
  81 214  1
 102 214  1
 153 214  1
 225 214  1
 108 215  1
  67 216  1
  68 216  1
 115 216  1
 240 216  1
 163 217  1
  77 218  1
  78 218  1
  96 218  1
 104 218  1
 170 218  1
  72 219  1
 182 219  2
 164 221  1
 165 221  1
  69 222  1
  94 222  1
  95 222  1
 105 222  1
 108 223  1
 179 223  1
  72 224  1
  73 224  1
  84 225  1
 103 225  1
 126 225  1
 154 225  1
 155 225  1
  67 226  1
 160 226  1
  84 227  1
 155 227  1
 167 227  1
  65 228  1
  70 228  1
  89 228  1
  97 228  1
 109 228  1
 224 228  1
 155 229  1
 169 229  1
  97 230  1
  98 230  1
 102 230  1
 126 231  1
  52 232  1
  62 232  1
 156 232  1
 157 232  1
 216 232  1
  98 233  1
 124 233  1
 168 233  1
 169 233  1
 103 234  1
  68 235  1
 123 235  1
 101 236  1
 121 236  1
 110 237  1
 167 237  1
  61 238  1
  80 239  1
 108 239  1
 116 239  1
 165 240  1
  68 241  1
  78 246  1
  80 246  1
 198 248  1
 184 252  1
 180 253  1
 173 254  1
 108 255  1


count = 717