 168   1  1
 174   1  1
 144   4  1
 135   6  1
 126   9  1
 179   9  1
 186   9  1
 122  10  1
 146  10  1
 206  10  1
 179  11  1
 115  12  1
 139  12  1
 101  15  1
 182  15  1
 214  15  1
 145  17  1
 136  18  1
 137  18  1
 218  18  1
 149  20  1
 150  20  1
 135  21  1
 136  21  1
  98  22  1
 172  22  1
 141  23  1
  81  24  1
  82  24  1
 227  24  1
 154  27  1
 155  27  1
  86  28  1
  96  28  1
  97  28  1
 221  28  1
  95  31  1
  96  31  1
 225  31  1
 121  33  1
 125  33  1
 140  33  1
 141  33  1
 225  33  1
  83  37  1
 126  37  1
 243  37  1
  87  39  1
 217  39  1
  95  40  1
 219  41  1
 137  42  1
  39  43  1
 122  43  1
 123  43  1
 129  43  1
 250  43  1
  85  44  1
 137  44  1
 139  44  1
 219  44  1
  76  46  1
  82  47  1
 131  48  1
 151  49  1
 231  49  1
 232  49  1
 123  50  1
 124  50  1
 109  52  1
 120  52  1
 128  52  1
 235  52  1
 236  52  1
 134  53  1
 230  54  1
 231  54  1
 108  55  1
 120  55  1
 121  55  1
 141  55  1
 164  55  1
  81  56  1
  82  56  1
  77  57  1
  78  57  1
 108  57  1
 114  58  1
 115  58  1
 263  58  1
 146  59  1
 148  59  1
 150  60  1
  98  61  1
 103  61  1
 112  61  1
 121  61  1
 140  61  1
 142  61  1
 237  61  1
 238  61  1
  71  62  1
 146  62  1
 232  62  1
 233  62  1
 155  64  1
  14  65  1
  89  66  2
 118  66  1
 150  66  1
  72  67  1
 115  67  1
 100  68  1
 113  69  1
 267  69  1
 268  69  1
  98  70  1
 123  70  1
  76  71  1
  77  71  1
  78  71  1
 104  71  1
 108  71  1
  82  72  1
 106  72  1
 184  72  1
 197  72  1
 211  73  1
  91  74  1
 199  74  1
 209  74  1
 214  74  1
 146  75  1
 180  75  1
 269  75  1
 270  75  1
 149  76  1
 205  76  1
 203  77  1
 107  78  1
 124  78  1
 133  78  1
 135  78  1
   7  79  1
   8  79  1
 120  79  1
 271  80  1
 100  81  1
 104  81  1
 188  82  1
 194  82  1
 175  83  1
 176  83  1
 180  83  1
 181  83  1
  97  84  1
 274  84  1
 275  84  1
  90  87  1
  91  87  1
  92  87  1
 181  87  1
 129  88  1
 130  88  1
 223  88  1
 174  89  1
 197  89  1
  84  90  1
 188  90  1
   4  92  1
   5  92  1
 186  93  1
 206  93  1
  86  94  1
  89  94  1
 176  94  1
 177  94  1
 187  95  1
 223  95  1
 224  95  1
 235  95  1
 236  95  1
   2  97  1
   3  97  1
 187  97  1
 189  97  1
 191  97  1
  34 100  1
  36 100  1
  34 102  1
  32 104  1
  47 104  1
  78 104  1
  79 104  1
 203 104  1
 246 104  1
 188 105  1
 205 105  1
   1 106  1
 198 106  1
  82 107  1
 197 108  1
 238 108  1
  10 109  1
  15 109  1
  25 110  1
  84 110  1
  85 110  1
  90 110  1
 242 110  1
   8 111  1
 240 111  1
  17 112  1
  34 112  1
  38 113  1
 116 114  1
 230 114  1
 231 114  1
   7 115  1
 170 115  1
 203 115  1
 233 115  1
   1 116  1
  27 116  1
 166 116  1
 199 116  1
 217 116  1
 235 116  1
  66 118  1
 199 118  1
 162 120  1
 205 121  1
 210 121  1
   2 122  1
 122 122  1
 157 122  1
 201 122  1
 260 122  1
  14 123  1
  11 124  1
  17 124  1
  31 124  1
  32 124  1
 119 124  1
 126 124  1
 154 124  1
 165 124  1
 174 124  1
  20 125  1
  39 125  1
 223 125  1
 224 125  1
 253 125  1
 126 126  1
 128 126  1
 149 126  1
 146 127  1
  42 128  1
 121 128  1
 123 128  1
 229 128  1
 235 128  1
 250 128  1
  49 129  1
  55 129  1
  25 130  1
  65 130  1
  67 130  1
 103 130  1
 120 130  1
 121 130  1
 173 130  1
 226 130  1
 243 130  1
  30 131  1
 170 131  1
 171 131  1
 259 131  1
 270 131  1
  89 132  1
 117 132  1
 133 132  1
 134 132  1
 143 132  1
 225 132  1
 138 133  1
 234 133  1
   6 134  1
  22 134  1
  35 134  1
 128 134  1
 150 134  1
 229 134  1
 232 134  1
 246 134  1
 279 134  1
 280 134  1
 153 135  1
 169 135  1
 211 135  1
 212 135  1
 121 136  1
 254 136  1
 157 137  1
 193 137  1
 221 137  1
  10 138  1
 126 138  1
 217 138  1
  81 139  1
 161 139  1
 253 140  1
 121 141  1
 184 141  1
 247 141  1
 264 142  1
   9 143  1
  22 143  1
 259 143  1
  42 144  1
  43 144  1
  44 144  1
 167 144  1
 203 144  1
  13 145  1
  78 145  1
  79 145  1
 116 145  1
 174 145  1
 182 145  1
 198 145  1
  20 146  1
 105 146  1
 109 147  1
 114 147  1
 265 147  1
 176 148  1
 258 148  1
  23 149  1
  73 150  1
  28 151  1
  50 151  1
 182 151  1
  45 152  1
 216 153  1
 220 153  1
  25 156  1
  26 156  1
 174 156  1
 187 156  1
 268 158  1
 190 162  1
   4 163  1
   5 163  1
  82 163  1
  83 163  1
  90 163  1
 196 163  1
 268 164  1
  93 165  1
 180 165  1
 181 165  1
  26 166  1
 200 166  1
 190 167  1
  96 168  1
 274 169  1
  47 170  1
  51 170  1
 188 170  1
 189 170  1
 100 171  1
 177 171  1
 182 172  1
  43 173  1
  44 173  1
  53 173  1
 196 173  1
 197 173  1
 250 173  1
 192 176  1
 193 176  1
 241 176  1
  49 177  1
  97 177  1
  98 177  1
 181 178  1
  71 180  1
  95 180  1
 194 180  1
 198 180  1
  84 181  1
 183 181  1
 231 181  1
 235 181  1
  64 182  1
  65 182  1
  49 184  1
  50 184  1
  42 185  1
 223 185  1
 220 187  1
  48 190  1
  49 190  1
  79 190  1
 103 190  1
 192 190  1
  34 191  1
 215 191  1
  64 192  1
  50 193  1
  85 193  1
  95 193  1
  91 194  1
  92 194  1
 100 194  1
  28 195  1
  36 196  1
  37 196  1
 100 196  1
 101 196  1
 109 196  1
 158 196  1
 101 198  1
  32 199  1
  64 199  2
  65 199  1
  66 199  1
  78 200  1
  79 200  1
 102 200  1
 122 200  1
 126 200  1
 112 201  1
 113 201  1
 119 201  1
 157 201  1
 158 201  1
 109 202  1
 129 203  1
 138 203  1
 142 203  1
 154 203  1
 103 205  1
 269 205  1
 270 205  1
 105 207  1
 115 207  1
 121 208  1
 172 208  1
 174 208  1
 267 208  1
 126 209  1
  34 210  1
 139 211  1
 169 212  1
 170 212  1
 134 213  1
 128 214  1
 129 214  1
  42 215  1
 261 215  1
  45 217  1
 156 219  1
 162 219  1
  97 221  1
  99 221  1
 101 221  1
 122 221  1
 125 222  1
 126 222  1
 158 222  1
  57 223  1
 154 223  1
 155 223  1
 254 223  1
 170 225  1
 171 225  1
 211 225  1
 212 225  1
  77 226  1
  63 227  1
  83 228  1
 135 228  1
 169 228  1
 170 228  1
  73 229  1
 145 229  1
  93 231  1
 211 231  1
  99 233  1
 117 233  1
 118 233  1
 166 233  1
 102 234  1
 104 234  1
 143 237  1
 236 237  1
  99 238  1
 102 239  1
 116 239  1
 105 240  1
 108 241  1
 110 242  1
 128 242  1
 214 242  1
 132 243  1
 114 244  1
 209 245  1
 126 249  1
 128 250  1
 210 250  1
 204 252  1
 199 254  1
 195 255  1
 187 257  1


count = 516