 140   1  1
 160   1  1
 194   5  1
 208  10  1
 209  10  1
 115  11  1
 215  14  1
 225  18  1
 199  19  1
 195  20  1
 196  20  1
 214  21  1
 215  21  1
 216  21  1
  97  22  1
 113  22  1
 230  22  1
 101  25  1
 155  25  1
 212  27  1
 101  28  1
  90  30  1
  57  31  1
  99  31  1
 241  31  1
 123  32  1
 108  33  1
  75  34  1
 128  34  1
  48  35  1
 106  35  1
 107  35  1
  78  36  1
  79  36  1
  85  36  1
 104  36  1
 113  36  1
 115  36  1
 136  36  1
 247  36  1
 162  37  1
 146  38  1
 149  38  1
 127  39  1
 167  39  1
  85  41  1
 122  41  1
 153  42  1
  38  43  1
  85  43  1
 133  43  1
 168  43  1
  89  44  1
 171  44  1
 173  44  1
 177  44  1
  74  45  1
 137  45  1
  70  46  1
  72  46  1
  89  46  1
 107  46  1
 155  46  1
  33  47  1
  68  47  1
 102  47  1
  65  49  1
  82  51  1
  83  51  1
 146  51  1
 153  51  1
  63  52  1
  24  53  1
 109  53  1
  62  54  1
  81  54  1
  82  54  1
 149  54  1
 150  54  1
 130  55  1
 131  55  1
  59  56  1
 104  56  1
 108  56  1
 119  56  1
 121  56  1
 267  56  1
 169  57  1
  85  58  1
  86  58  1
  20  59  1
  80  59  1
  81  59  1
 126  60  1
 154  60  1
 162  60  1
 203  60  1
 141  61  1
 145  61  1
 146  61  1
 271  61  1
  53  62  1
  94  62  1
 131  62  1
 204  62  1
  83  63  1
 154  64  1
 208  64  1
  96  65  1
 125  65  1
 150  65  1
 201  65  1
 114  67  1
 121  67  1
 140  67  1
 141  67  1
 242  67  1
  14  68  1
  15  68  1
 194  69  1
 112  70  1
 124  70  1
 129  70  1
 205  70  1
 275  70  1
 276  70  1
  94  71  1
 136  72  1
 194  72  1
  87  73  1
 215  73  1
 276  73  1
 277  73  1
 131  74  1
 134  74  1
 242  74  1
 101  75  1
 142  75  1
  68  76  1
 199  76  1
 209  76  1
 244  76  1
 253  76  1
 269  76  1
 277  76  1
 278  76  1
  86  77  1
  93  77  1
 215  77  1
  71  78  1
  95  78  1
 196  79  1
 205  79  1
 278  79  1
 279  79  1
 145  80  1
 146  80  1
  66  81  1
  91  82  1
 239  82  1
 261  83  1
 197  84  1
 202  84  1
 241  84  1
  88  85  1
 190  85  1
 215  85  1
 219  85  1
 243  85  1
 268  85  1
 273  85  1
 224  86  1
  87  87  1
  97  87  1
 208  87  1
  90  88  1
 137  88  1
 204  88  1
 226  88  1
 227  88  1
 228  88  1
 259  88  1
   5  89  1
   6  89  1
 187  89  1
 233  89  1
 237  89  1
 238  89  1
 281  89  1
 282  89  1
  48  90  1
  54  90  1
  55  90  1
 244  90  1
 254  90  1
  81  91  1
  83  91  1
 110  91  1
 135  91  1
 183  91  1
 187  91  1
 188  91  1
 229  91  1
  46  92  1
  69  92  1
  95  93  1
 134  93  1
 181  93  1
 207  93  1
 212  93  1
 234  93  1
 252  93  1
  66  94  1
  71  94  1
 111  94  1
 131  94  1
 177  94  1
  75  95  1
  77  95  1
 105  95  1
 106  95  1
   3  96  1
   4  96  1
 175  96  1
 217  96  1
 250  96  1
  46  97  1
  77  97  1
  99  97  1
  69  98  1
  70  98  1
 235  98  1
  61  99  1
 128  99  1
 180  99  1
 212 100  1
 237 100  1
  55 101  1
  89 101  1
  97 101  1
 119 101  1
 196 101  1
  48 102  1
  79 102  1
 188 102  1
  72 103  1
  73 103  1
 185 103  1
 186 103  1
   1 105  1
   2 105  1
  61 105  1
  89 105  1
 115 105  2
 116 105  1
 183 105  1
 282 105  1
 283 105  1
  52 106  1
  82 106  1
 105 106  1
  70 107  1
  92 107  1
  94 107  1
 177 107  1
 108 108  1
 281 108  1
 282 108  1
  68 109  1
  61 110  1
  62 110  1
  55 111  1
  79 111  1
 176 111  1
 120 112  1
 190 112  1
 187 113  1
 211 113  1
 212 113  1
  88 114  1
  89 114  1
  59 115  1
  60 115  1
  82 115  1
 212 116  1
 213 116  1
 217 116  1
 236 116  1
 240 116  1
 278 116  1
 279 116  1
  83 117  1
 102 117  1
 119 117  1
 164 117  1
 171 117  1
 172 117  1
 194 117  1
 195 117  1
  62 118  1
  63 118  1
  85 118  1
  28 119  1
  29 119  1
  54 119  1
 122 119  1
 198 119  1
 271 119  1
  32 120  1
  43 120  1
  49 120  1
  56 120  1
  58 120  1
 189 120  1
 213 120  1
 244 120  1
  65 121  2
 192 121  1
 268 121  1
   3 122  1
 114 122  1
 159 122  1
 185 122  1
  61 123  1
 122 123  1
 170 123  1
 171 123  1
 260 123  1
  14 124  1
  24 124  1
  49 124  1
 156 124  1
 208 124  1
 213 124  1
 255 124  1
 277 124  1
 278 124  1
   5 125  1
   6 125  1
  28 125  1
  29 125  1
  64 125  1
 118 125  1
 148 125  1
 202 125  1
 220 125  1
 247 125  1
  23 126  1
  43 126  1
  47 126  1
  54 126  1
  55 126  1
 136 126  1
 141 126  1
 145 126  1
 158 126  1
 159 126  1
 222 126  1
   6 127  1
 134 127  1
 186 127  1
  15 128  1
  16 128  1
  22 128  1
  79 128  1
 169 128  1
 170 128  1
 171 128  1
 205 128  1
 267 128  1
   7 129  1
  12 129  1
 216 129  1
 251 129  1
  62 130  1
 126 130  1
 127 130  1
 146 130  1
 236 130  1
 270 130  1
 271 130  1
 140 131  1
 157 131  1
 162 131  1
 193 131  1
 209 131  1
  90 132  1
 103 132  1
 131 132  1
 133 132  1
 170 132  1
 115 133  1
 205 133  1
 232 133  1
   3 134  1
  11 134  1
 258 134  1
   8 136  1
 156 136  1
 187 136  1
 258 136  1
 266 136  1
 121 137  1
 130 137  1
 172 138  1
 115 139  1
 236 139  1
 237 139  1
 172 140  1
 269 140  1
 227 141  1
  82 142  1
  92 142  1
 108 142  1
 165 142  1
 172 142  1
 278 142  1
 279 142  1
   1 143  1
   2 143  1
 168 143  1
 237 143  1
 174 144  1
 175 144  1
 233 144  1
 266 144  1
  79 145  1
  88 145  1
  89 145  1
 184 145  1
 189 146  1
 190 146  1
 229 146  1
 230 146  1
 195 147  1
 215 147  1
 216 147  1
 220 147  1
 264 147  1
 168 148  1
 270 148  1
 193 149  1
 233 149  1
  82 150  1
 175 150  1
 176 150  1
 262 150  1
   1 151  1
 193 151  1
 239 151  1
 209 152  1
 201 153  1
 253 153  1
 273 153  1
  20 154  1
  30 154  1
  31 154  1
  79 154  1
 196 154  1
 211 154  1
 251 154  1
  70 155  1
 202 155  1
 215 155  1
 263 155  1
 200 157  1
  46 158  1
   1 159  1
  70 159  1
 109 159  1
 212 159  1
  75 160  1
 220 160  1
  38 161  1
  43 161  1
 222 161  1
 100 162  1
 172 162  1
 201 162  1
 210 162  1
 233 162  1
 277 162  1
 278 162  1
 107 164  1
 189 165  1
 182 166  1
   2 167  1
   3 167  1
 109 167  1
 222 167  1
 223 167  1
 195 168  1
 201 169  1
 233 169  1
 234 169  1
 240 169  1
 170 170  1
 172 170  2
 220 170  1
 228 170  1
 229 170  1
   4 171  1
   5 171  1
 236 171  1
 238 171  1
 181 172  1
 182 172  1
 188 172  1
 169 173  1
 170 173  1
  81 174  1
  96 174  1
 105 174  1
 170 175  1
  15 176  1
 103 176  1
 174 176  1
 188 176  1
 224 176  1
  70 177  1
  78 177  1
 162 178  2
 191 178  1
  21 179  1
 129 179  1
 213 179  1
 146 180  1
 161 180  1
 166 180  1
 217 180  1
 222 180  1
 102 181  1
 176 181  1
 268 181  1
  81 182  1
 120 182  1
 203 182  1
 207 182  1
 176 183  1
 185 183  1
  23 184  1
  24 184  1
  67 184  1
 179 184  1
 180 184  1
 199 184  1
  11 185  1
  75 185  1
  81 186  1
 105 186  1
 106 186  1
 147 186  1
  19 188  1
  83 188  1
 105 188  1
 165 188  1
 263 188  1
 154 189  1
  22 190  1
  23 190  1
  25 190  1
  94 190  1
  98 190  1
 104 190  1
 105 190  1
  60 191  1
  73 191  1
  74 191  1
 110 191  1
 111 191  1
 161 191  1
  64 192  1
  90 192  1
 150 192  1
 146 193  1
 144 194  1
 220 194  1
  66 195  1
  67 195  1
  81 195  1
  96 195  1
 167 195  1
 259 195  1
 109 196  1
 149 196  1
  75 197  1
 113 197  1
 155 197  1
 213 197  1
 219 197  1
 200 198  1
 207 198  1
 208 198  1
  59 199  1
  68 199  1
  69 199  1
 106 199  1
  64 200  1
  73 200  1
 151 200  1
 167 200  1
 169 200  1
 194 201  1
  53 202  1
  60 202  1
  61 202  1
  84 202  1
 104 202  1
 215 202  1
 253 202  1
 156 203  1
 179 203  1
 180 203  1
 201 203  1
 221 203  1
 100 204  1
 114 204  1
 115 204  1
 204 204  1
  52 205  1
 153 205  1
 192 205  1
 198 205  1
 199 205  1
 213 206  1
 114 207  1
 173 207  1
 164 209  1
 191 209  1
 192 209  1
 197 209  1
 198 209  1
  60 210  1
 106 210  1
 111 210  1
 208 210  1
 247 210  1
  69 211  1
  84 211  1
  88 211  1
 143 211  1
 149 211  1
 174 211  1
 175 211  1
  34 212  1
 104 212  1
 178 212  1
 179 212  1
  37 214  1
 204 214  1
 205 214  1
 110 215  1
 160 215  1
 161 215  1
  40 216  1
  53 216  1
 100 216  1
 106 216  1
  96 217  1
 176 217  1
 190 217  1
 192 217  1
 201 217  1
 164 218  1
  63 219  1
  90 219  1
  91 219  1
  97 219  1
 101 219  1
 137 219  1
 139 219  1
 201 219  1
 202 219  1
 195 220  1
  48 221  1
  98 221  1
  99 221  2
 161 221  1
 173 221  1
  62 222  1
 105 222  1
  50 223  1
  98 223  1
 102 223  1
 161 223  1
 161 225  1
 173 225  1
 181 225  1
  82 226  1
 177 226  1
 134 227  1
 135 227  1
 166 227  1
 167 227  1
  60 228  1
  62 228  1
  82 228  1
  83 228  1
 170 228  1
 100 229  1
 207 229  1
 208 229  1
  97 231  1
 158 231  1
 159 231  1
 164 231  1
 165 231  1
 208 232  1
 209 232  1
  78 233  1
  88 233  1
 224 233  1
 107 234  1
 209 234  1
  95 235  1
 138 235  1
 160 235  1
 222 235  1
  82 236  1
 107 237  1
 155 237  1
 217 238  1
 205 239  1
 111 240  1
 154 242  1
 155 242  1
 208 243  1
 117 244  1
 106 245  1
 152 245  1
 109 246  1
 112 247  1
 152 247  1
 117 249  1
 151 249  1
 152 249  1
 140 256  1


count = 737