 146   1  1
 170   1  1
 175   1  1
 134   3  1
 181   3  1
 163   5  1
 170   7  1
 121   8  1
 122   8  1
 199  10  1
 200  10  1
 136  11  1
 129  12  1
 134  12  1
 107  14  1
 121  15  1
 170  15  1
 171  15  1
 101  16  1
 134  16  1
 139  16  1
 165  17  1
 166  17  1
 213  17  1
 114  18  1
 124  18  1
 125  18  1
 134  18  1
  92  19  1
 131  19  1
 129  20  1
 135  21  1
  83  22  1
 167  22  1
 169  22  1
 171  22  1
  75  24  1
 137  24  1
 138  24  1
  94  25  1
 121  25  1
 126  25  1
  86  27  1
  97  27  1
 138  27  1
 139  27  1
  65  28  1
  62  29  1
  79  29  1
 227  29  1
 139  30  1
 140  30  1
 230  31  1
 145  32  1
  52  34  1
  53  34  1
 128  35  1
 141  35  1
 147  35  1
 101  37  1
 126  37  1
 239  37  1
  47  38  1
 151  38  1
 152  38  1
 148  40  1
 155  43  1
 129  44  1
 138  46  1
 153  46  1
 154  46  1
 251  48  1
 114  50  1
 118  50  1
 131  50  1
 141  51  1
  38  54  1
 128  54  1
 142  54  1
 156  56  1
 116  57  1
 120  57  1
  34  58  1
 259  58  1
  40  59  1
  41  59  1
 128  60  1
  43  61  1
  38  62  1
 150  62  1
 158  62  1
 159  62  1
 198  62  1
 261  62  1
  49  63  1
 179  63  1
  26  65  1
 108  65  1
 146  66  1
 153  66  1
 175  66  1
 107  67  1
 110  67  1
 162  67  1
 264  67  1
 205  68  1
 173  69  1
 209  69  1
  21  70  1
 165  70  1
 155  71  1
  31  72  1
 184  72  1
 187  72  1
 205  72  1
 219  72  1
 207  73  1
 244  73  1
 170  74  1
 181  74  1
 182  74  1
 211  74  1
 254  74  1
 242  75  1
 248  75  1
  33  76  1
 214  76  1
  28  78  1
 185  79  1
 240  79  1
 241  79  1
  37  81  1
 185  81  1
  32  82  1
  33  82  1
 194  82  1
 221  82  1
 227  83  1
 247  83  1
 252  83  1
 175  88  1
 177  88  1
 188  88  1
 223  88  1
 224  88  1
 180  93  1
   4  96  1
   5  96  1
  79  96  1
  71  97  1
 280  97  1
 281  97  1
  83  98  1
   3  99  1
   4  99  1
 281 100  1
 282 100  1
 168 103  1
 176 103  1
 172 104  1
  91 105  1
 181 106  1
 108 107  1
 115 108  1
 118 112  1
 160 112  1
 162 112  1
 179 112  1
 123 113  1
 185 113  1
 186 113  1
 191 113  1
 197 114  1
 280 114  1
 281 114  1
  71 115  1
 118 115  1
 154 115  1
 155 115  1
 193 115  1
 122 116  1
 199 116  1
 200 116  1
   8 117  1
  61 117  1
  10 118  1
  54 118  2
  55 118  1
 179 118  1
 116 119  1
  72 120  1
  73 120  1
 122 120  1
 124 120  1
 211 120  1
  15 121  1
  17 121  1
  61 121  1
  31 122  1
  37 122  1
  75 122  1
 143 122  1
 217 122  1
 182 123  1
 269 123  1
 273 123  1
  57 124  1
  24 125  1
 105 125  1
  44 126  1
  66 126  1
 116 126  1
 186 126  1
 262 126  1
  37 127  1
 172 127  1
 128 128  1
 269 128  1
 275 128  1
  12 129  1
  38 129  1
  44 130  1
  57 130  1
  58 130  1
 186 130  1
  38 131  1
  39 131  1
  61 131  1
 182 131  1
  27 132  1
  41 132  2
  66 132  1
 188 132  1
 223 132  1
 255 132  1
   1 133  1
   8 133  1
   9 133  1
  23 134  1
  75 134  1
 131 134  1
 137 134  1
 180 135  1
   6 136  1
 163 136  1
 258 136  1
 259 136  1
 118 137  1
 186 137  1
 197 137  1
 209 137  1
  41 138  1
  27 139  1
  72 139  1
  73 139  1
 128 139  1
 143 139  1
 144 139  1
 165 139  1
 172 139  1
 183 139  1
  41 140  1
 125 140  1
 138 140  1
 213 140  1
 198 141  1
  45 142  1
 142 142  1
 147 142  1
 181 142  1
 182 142  1
  66 143  1
  70 143  1
 211 143  1
 151 145  1
 176 145  1
   6 147  1
  65 147  1
 114 148  1
   1 149  1
   8 150  1
  10 150  1
 171 150  1
  12 151  1
  15 151  1
  16 151  1
  67 151  1
  96 151  1
 110 152  1
  64 153  1
 164 153  1
  93 154  1
 156 154  1
   1 155  1
   2 155  1
  16 155  1
  64 155  1
  86 156  1
   9 157  1
 156 157  1
  69 158  1
  70 158  1
 171 158  1
  10 161  1
 175 161  1
 185 161  1
 161 162  1
 162 162  1
 280 162  1
 281 162  1
  11 163  1
  12 163  1
 279 165  1
 280 165  1
  12 167  1
  15 168  1
 197 173  1
 276 173  1
   9 174  1
 204 175  1
 111 177  1
 167 177  1
 215 177  1
 104 178  1
 105 178  1
  12 179  1
 218 179  1
 167 181  1
 113 182  1
 162 182  1
 217 184  1
  16 185  1
 213 185  1
 214 185  1
 109 186  1
 166 188  1
  19 190  1
  20 190  1
 203 192  1
 204 192  1
 259 192  1
  57 193  1
 106 193  1
 176 193  1
 179 194  1
  23 195  1
  77 195  1
 200 195  1
  53 196  1
 185 196  1
  57 197  1
 104 197  1
 105 197  1
  50 198  1
 125 198  1
  27 200  1
 111 200  1
 127 200  1
 141 200  1
 142 200  1
 131 201  1
 133 201  1
  47 202  1
 107 202  1
 108 202  1
 113 202  1
  54 203  1
  80 203  1
  76 204  2
 123 204  1
  52 205  1
 139 205  1
 140 205  1
  40 206  1
  44 206  1
 127 206  1
 247 206  1
  59 207  1
  74 207  2
 107 208  1
 136 208  1
 113 209  1
 106 211  1
 243 211  1
  77 212  1
 131 212  1
 125 213  1
 126 213  1
 146 213  1
 242 213  1
  49 214  1
 144 216  1
 122 217  1
 239 219  1
  49 221  1
  59 221  1
 121 222  1
 237 222  1
  94 223  1
  95 223  1
  55 225  1
  71 227  1
  76 229  1
  85 229  1
 132 229  1
 228 229  1
  62 232  1
  63 232  1
  90 232  1
  74 233  1
  90 234  1
 134 234  1
  81 235  1
  84 236  1
 134 236  1
 218 236  1
 134 238  1
  89 239  1
 139 239  1
 140 239  1
 211 239  1
 136 240  1
  92 241  1
 150 241  1
 209 241  1
 121 242  1
 154 242  1
 121 244  1
 149 244  1
 203 244  1
 149 246  1
 200 246  1
 107 247  1
 193 249  1
 134 250  1
 188 251  1
 123 252  1
 146 252  1
 153 252  1
 186 252  1
 126 253  1
 129 254  1


count = 442