 173   1  1
 200   1  1
 209   2  1
 212   3  1
 214   4  1
 218   6  1
 220   6  1
 135   8  1
 152  10  1
 227  10  1
 114  13  1
 231  13  1
 232  13  1
 150  14  1
 151  14  1
 190  16  1
 237  16  1
 122  17  1
 224  17  1
 181  18  1
  87  19  1
 117  19  1
 186  19  1
  82  20  1
 138  20  1
 181  23  1
 185  23  1
 223  23  1
  73  24  1
  74  24  1
 230  24  1
 231  24  1
  94  25  1
 100  25  1
 133  25  1
 224  25  1
 235  25  1
  84  26  1
 135  26  1
 192  26  1
 139  27  1
 183  27  1
 224  27  1
 250  27  1
  65  28  1
  66  28  1
 128  28  1
 228  28  1
  98  29  1
  81  30  1
 206  30  1
 208  30  1
  89  31  1
 123  31  1
 132  31  1
 187  32  1
 109  33  1
 110  33  1
 123  33  1
 134  33  1
 178  33  1
  78  34  1
 209  34  1
  54  35  1
  70  35  1
 110  35  1
 137  35  1
 143  35  1
 213  35  1
 219  35  1
  94  36  1
  95  36  1
  96  36  1
 200  36  1
  51  37  1
 137  37  1
 228  37  1
 165  38  1
  48  39  1
 106  39  1
 129  39  1
 211  39  1
 212  39  1
  62  40  1
 177  40  1
 178  40  1
 204  40  1
 236  40  1
  68  41  1
  92  41  1
  97  41  1
  98  41  1
 123  41  1
 141  41  1
  60  42  1
  61  42  1
  62  42  1
 149  42  1
 151  42  1
 217  42  1
 167  43  1
 223  43  1
  98  45  1
  99  45  1
 111  45  1
 112  45  1
  38  46  1
  92  46  1
  93  46  1
 142  46  1
 144  46  1
 203  46  1
 219  47  1
  99  48  1
  61  49  1
 111  49  1
 137  49  1
  75  50  1
 101  50  1
 198  50  1
  32  52  1
  86  52  1
  88  52  1
 175  52  1
  72  53  1
 114  53  1
 115  53  1
 212  53  1
  65  54  1
 104  54  1
 273  54  1
 274  54  1
 149  55  1
 150  55  1
  58  56  1
  59  56  1
 204  56  1
 217  58  1
 247  58  1
  25  60  1
  58  60  1
  59  60  1
  87  60  1
 181  60  1
 182  60  1
 244  60  1
 277  60  1
  62  61  1
  70  61  1
  71  61  1
  99  61  1
 100  61  1
 113  61  1
 114  61  1
 202  61  1
  86  62  1
 208  62  1
 209  62  1
 105  64  1
 250  64  1
  21  65  1
 112  65  1
  71  66  1
  72  66  1
 239  66  1
 201  67  1
 202  67  1
 254  67  1
  35  68  1
  44  68  1
 105  68  1
 250  68  1
 279  68  1
 280  68  1
 245  69  1
 246  69  1
 263  69  1
  28  70  1
  29  70  1
  63  70  1
  65  70  1
  93  70  1
 111  70  1
 236  70  1
 237  70  1
 274  70  1
  25  71  1
  53  71  1
  43  72  1
  65  72  1
 202  72  1
 203  72  1
 240  72  1
 241  72  1
 258  72  1
  40  73  1
 105  73  1
 107  73  1
 209  73  1
 232  73  1
  48  74  1
  55  74  1
 103  74  1
  68  75  1
  70  75  1
 203  75  1
 204  75  1
 261  75  1
  18  76  1
  56  76  1
  24  77  1
  53  78  1
  28  81  1
  32  81  1
  58  81  1
  37  82  1
 260  84  1
  44  86  1
  64  86  1
  27  87  1
  37  87  1
 268  87  1
 269  87  1
  60  89  1
 188  89  1
 254  89  1
 265  90  1
 158  91  1
 185  91  1
 250  91  1
 175  92  1
 242  92  1
  14  93  1
  53  93  1
 152  93  1
 153  93  1
 262  93  1
  16  94  1
  17  94  1
  58  94  1
  59  94  1
 196  95  1
 258  97  1
 262  97  1
 151  98  2
 152  98  1
 153  98  1
  46  99  1
  55  99  1
 188  99  1
  12 100  1
  34 101  1
  72 101  1
  82 101  1
 184 101  1
  60 102  1
  61 102  1
 193 102  1
 194 102  1
 240 102  1
 243 102  1
 244 102  1
  18 103  1
  83 103  1
  31 104  1
 241 104  1
  15 105  1
  75 105  1
   2 106  1
   3 106  1
  71 107  1
 246 107  1
 247 107  1
 255 107  1
 257 107  1
  30 108  1
 261 108  1
 262 108  1
   8 109  1
  12 109  1
  44 109  1
  47 110  1
 281 111  1
 282 111  1
  67 112  1
  33 113  1
 182 113  1
   8 114  1
  48 114  1
  65 114  1
 255 114  1
  24 115  1
  26 115  1
  59 115  1
 174 115  1
  30 116  1
  57 117  1
 274 117  1
   2 118  1
   3 118  1
 169 118  1
 173 118  1
  51 119  1
 205 119  1
 209 119  1
   3 120  1
   8 120  1
  13 121  1
  22 121  1
  23 121  1
  51 121  1
  74 122  1
 196 122  1
 203 122  1
 228 122  1
 232 122  1
 240 122  1
  56 123  1
 209 123  1
 219 123  1
 236 123  1
 246 123  1
 257 123  1
 258 123  1
  64 124  1
  38 125  1
  53 125  1
 238 126  1
 260 126  1
 267 126  1
  71 127  1
 244 127  1
   8 128  1
  26 128  1
  27 128  1
  42 128  1
  82 128  1
 192 128  1
  52 129  1
 236 129  1
 274 129  1
 275 129  1
  88 130  1
 168 130  1
 204 130  1
  37 131  1
  63 131  1
 223 131  1
  84 132  3
  85 132  1
 170 132  1
 198 132  1
 204 132  1
  69 133  1
 161 133  1
 162 133  1
 182 133  1
 187 133  1
 232 133  1
 233 133  1
 234 133  1
  10 134  1
 159 135  1
 195 135  1
  11 136  1
  70 137  1
 184 137  1
 227 137  1
 235 137  1
 236 137  1
  67 138  1
 177 138  1
 178 138  1
 206 139  1
 207 139  1
 241 139  1
 280 139  1
 281 139  1
 184 140  1
 212 140  1
 219 140  1
 220 140  1
 227 141  1
   2 142  1
   3 142  1
 123 142  1
 124 142  1
 128 142  1
 146 142  1
 186 142  1
 236 143  1
 212 145  1
 213 145  1
  14 146  1
 140 146  1
 206 146  1
 219 146  1
 123 147  1
 223 147  1
 198 148  1
 199 148  1
 205 149  1
 140 150  1
 210 150  1
 206 151  1
 219 151  1
 220 151  1
 105 153  1
 110 153  1
 135 153  1
 149 153  1
 218 153  1
 113 154  1
 159 154  1
 272 154  1
 122 155  1
 137 155  1
 114 158  1
  30 159  1
  17 160  1
  33 160  1
 106 160  1
  14 161  1
  12 162  1
 109 162  1
 135 162  1
 273 162  1
  28 163  1
 115 163  1
 126 163  1
 166 163  1
   6 164  1
   1 165  1
   2 165  1
 110 165  1
 136 165  1
 137 165  1
 162 165  1
  23 167  1
 165 167  1
 166 167  1
 167 167  1
  34 168  1
 154 168  1
 233 168  1
  12 169  1
  47 169  1
 162 169  1
   8 170  1
  59 170  1
 137 170  1
 169 170  1
 266 170  1
  61 171  1
 215 172  1
  28 173  1
  38 173  1
  48 173  1
 242 173  1
 272 173  1
  53 175  1
 229 175  1
 247 176  1
 250 176  1
   4 177  1
   5 177  1
 225 177  1
  73 178  1
  12 179  1
  66 179  1
  80 179  1
  19 180  1
  31 180  1
 251 180  1
 265 180  1
 270 180  1
 263 181  1
 275 181  1
 276 181  1
  83 182  1
 251 182  1
 252 182  1
  36 183  1
  46 183  1
  94 183  1
 101 183  1
 274 185  1
 275 185  1
  44 187  1
  45 187  1
  10 189  1
 106 189  1
  47 190  1
  48 190  1
  48 192  1
  13 193  1
 107 194  1
 107 198  1
 244 198  1
  18 199  1
  44 202  1
 114 202  1
 115 202  1
 228 202  1
  21 203  1
 132 203  1
 238 203  1
 241 203  1
 266 203  1
  22 205  1
  97 205  1
 102 205  1
 233 205  1
  46 206  1
  47 206  1
 114 207  1
 127 207  1
 128 207  1
 233 207  1
 263 207  1
  25 208  1
  46 208  1
 226 208  1
 227 208  1
 116 209  1
 117 209  1
 234 210  1
 224 211  1
 261 211  1
  93 212  1
  99 212  1
  51 215  1
  96 215  1
  57 216  1
  90 216  1
 232 216  1
  95 217  1
  37 218  1
 226 218  1
 227 218  1
 233 218  1
  51 219  1
  87 219  1
  85 221  1
 124 221  1
 130 221  1
  44 222  1
  90 223  1
 115 223  1
 128 223  1
 231 223  1
 241 223  1
  69 225  1
 111 225  1
  88 226  1
 119 226  1
 234 226  1
 235 226  1
 246 226  1
  66 227  1
  67 227  1
  81 228  1
  82 228  1
 180 228  1
 125 229  1
 172 229  1
  75 230  1
 122 230  1
  80 232  1
 119 232  1
 120 232  1
 184 232  1
 212 232  1
 238 232  1
 103 233  1
 177 233  1
 178 233  1
 215 233  1
 216 233  1
  86 234  1
 171 234  1
 172 234  1
 118 235  1
  74 236  1
 178 236  1
 179 236  1
  83 238  1
 136 238  1
 221 238  1
 191 239  1
 208 239  1
 212 239  1
  89 240  1
 102 240  1
 103 240  1
 112 241  1
 158 241  1
 214 241  1
 227 241  1
  92 243  1
 173 243  1
 168 244  1
 170 244  1
 139 245  1
 147 246  1
 148 246  1
 181 246  1
 216 246  1
 163 247  1
 164 247  1
 190 247  1
 114 248  1
 174 248  1
 185 248  1
 211 248  1
 208 249  1
 120 250  1
 205 250  1
 200 252  1
 137 254  1
 189 254  1


count = 621