 163   1  1
 191   1  1
 197   2  1
 138   5  1
 202   5  1
 134   6  1
 136   6  1
 169   7  1
 129   8  1
 151   8  1
 215  10  1
 169  11  1
 151  12  1
 227  14  1
 131  17  1
 107  18  1
 156  18  1
 161  18  1
 105  20  1
 131  21  1
 119  23  1
 132  23  1
 134  23  1
 207  23  1
 236  26  1
 237  26  1
  90  27  1
  91  27  1
 114  27  1
 161  27  1
 162  27  1
 207  27  1
 212  27  1
 225  27  1
 155  28  1
 205  29  1
 225  29  1
  85  31  1
 225  31  1
 226  31  1
  95  32  1
 195  32  1
 164  33  2
 225  33  1
  82  34  1
  99  34  1
 195  34  1
 191  35  1
 224  35  1
 225  35  1
 231  35  1
 246  35  1
  88  36  1
 202  38  1
 223  38  1
 224  38  1
 250  38  1
 209  39  1
 232  40  1
  48  41  1
 109  41  1
 110  41  1
  63  42  1
  69  42  1
  78  42  1
  79  42  1
 149  42  1
 150  42  1
 161  42  1
 220  42  1
 221  42  1
  42  43  1
  73  43  1
 185  43  1
 111  44  1
 122  44  1
 123  44  1
 139  44  1
 156  44  1
 217  44  1
 218  44  1
 235  44  1
  65  45  1
 257  45  1
 112  46  1
 212  46  1
  53  47  1
 118  47  1
 132  47  1
 174  47  1
  50  48  1
 108  48  1
 155  48  1
 156  48  1
 179  48  1
 138  50  1
 157  50  1
  43  51  1
  88  51  1
 113  51  1
 142  51  1
 152  51  1
 262  51  1
  30  52  1
  32  52  1
 134  52  1
  43  53  1
  51  53  1
  52  53  1
 148  53  1
 149  53  1
 153  53  1
  60  54  1
  62  54  2
  91  54  1
  22  55  1
  56  56  1
 118  56  1
 119  56  1
 180  56  1
 181  56  1
 186  56  1
 240  56  1
 244  56  1
 112  57  1
 166  57  1
 174  57  1
 191  57  1
  44  58  1
  51  58  1
  87  58  1
  93  58  1
 267  58  1
  48  59  1
 192  59  1
  96  60  1
  37  61  1
 156  61  1
 186  61  1
 187  61  1
 244  61  1
 245  61  1
  50  62  1
  52  62  1
  61  62  1
  62  62  1
 101  62  1
 102  62  1
 115  62  1
 116  62  1
 269  62  1
 270  62  1
  66  63  1
  93  64  1
 173  64  1
  56  65  1
 109  65  1
 105  66  1
 116  66  1
 173  66  1
 198  66  1
 199  66  1
 223  66  1
  82  67  1
  83  67  1
 218  67  1
  23  68  1
 156  68  1
 173  68  1
 243  68  1
  50  69  1
  54  69  1
  95  69  1
 248  69  1
  10  70  1
  11  70  1
  90  70  1
  91  70  1
 170  70  1
 221  70  1
 250  70  1
  50  71  1
 111  71  1
 112  71  1
 217  71  1
 276  71  1
 254  72  1
   9  73  1
  10  73  1
 205  73  1
 215  73  1
 108  74  1
 204  75  1
 216  76  1
 217  76  1
  93  77  1
 102  77  1
 202  77  1
  87  78  1
 149  79  1
 196  79  1
 256  79  1
 257  79  1
  42  80  1
  81  80  1
 191  81  1
 186  82  1
 259  82  1
 279  82  1
 280  82  1
 144  83  1
 247  83  1
 248  83  1
  38  84  1
  39  84  1
  40  84  1
  94  85  1
  42  86  1
 143  86  1
  36  88  1
  37  88  1
  86  89  1
  87  89  1
  88  89  1
 135  89  1
 262  89  1
 263  89  1
  31  90  1
  99  90  1
 100  90  1
  33  91  1
 105  91  1
 183  91  1
  93  92  1
 110  92  1
 103  94  1
 175  94  1
  31  95  1
 222  95  1
 223  95  1
  75  96  1
  80  96  1
  82  96  1
 262  96  1
  29  97  1
  31  97  1
 267  97  1
 268  97  1
 180  98  1
  21  99  1
 112  99  1
   3 100  1
   4 100  1
 117 100  1
 175 100  1
 176 100  1
 224 100  1
 268 100  1
 274 100  1
 179 101  1
 171 102  1
  76 103  1
  85 103  1
  86 103  1
 113 103  1
 271 103  1
 115 104  1
 186 105  1
  16 106  1
  87 106  1
  88 106  1
 236 106  1
 218 107  1
  60 108  1
 173 108  1
 174 108  1
 241 108  1
 242 108  1
  82 109  1
  91 109  1
 202 110  1
 228 110  1
  77 111  1
 178 111  1
 179 111  1
 244 111  1
  63 112  1
 185 112  1
 186 112  1
 247 112  1
 252 112  1
  70 113  1
  72 113  1
  77 113  1
  81 114  1
  89 114  1
  97 115  1
 102 115  1
 192 115  1
 199 115  1
 217 115  1
 252 115  1
 253 115  1
  90 116  1
 104 116  1
 105 116  1
 169 116  1
 116 117  1
 167 118  1
 226 118  1
  25 119  1
  94 119  1
 174 119  1
  16 120  1
  17 120  1
  56 121  1
  82 121  1
 108 121  1
 174 121  1
 238 121  1
 253 121  1
  14 122  1
  77 122  1
 115 122  1
 118 122  1
 130 122  1
 176 122  1
 177 122  1
 195 122  1
 196 122  1
  97 123  1
  98 123  1
 110 123  1
 122 123  1
 126 123  1
 206 123  1
 259 123  1
 270 123  1
 279 123  1
 280 123  1
   5 124  1
  28 124  1
 167 124  1
 177 124  1
 179 124  1
 198 124  1
 208 124  1
 233 124  1
 234 124  1
  30 125  1
  32 125  1
  90 125  1
 132 125  1
 133 125  1
 183 125  1
 185 125  1
 186 125  1
   6 126  1
   8 126  1
 104 126  1
 105 126  1
 107 126  1
 149 126  1
 173 126  1
 174 126  1
 234 126  1
 250 126  1
 260 126  1
 262 126  1
  24 127  1
  43 127  1
  19 128  1
  51 128  1
  65 128  1
  93 128  1
 202 128  1
 206 128  1
 234 128  1
 235 128  1
 270 128  1
 278 128  1
 279 128  1
  81 129  1
 186 129  1
 191 129  1
 225 129  1
 254 129  1
  14 130  1
  15 130  1
  76 130  1
 124 130  1
 135 130  1
 148 130  1
 149 130  1
 176 130  1
 215 130  1
 244 130  1
 248 130  1
 119 131  1
 165 131  1
 166 131  1
  58 132  1
 126 132  1
 157 132  1
 169 132  1
 170 132  1
 181 132  1
 261 132  1
 269 132  1
 270 132  1
 132 133  1
 253 133  1
  15 134  1
  53 134  1
  54 134  1
  71 134  1
 239 134  1
 243 134  1
 259 134  1
  25 135  1
 118 135  1
 216 135  1
 218 135  1
 280 135  1
  20 136  1
  29 136  1
  30 136  1
 127 136  1
 176 136  1
 184 136  1
 189 136  1
 229 136  1
  69 137  1
 166 137  1
  63 138  1
 214 138  1
   9 139  1
 125 139  1
 176 139  1
 199 139  1
  35 140  1
  36 140  1
  57 140  1
 118 140  1
 222 140  1
  16 141  1
 282 141  1
 283 141  1
  18 142  1
  19 142  1
 172 142  1
 181 142  1
 188 142  1
 203 142  1
 243 142  1
 244 142  1
 248 142  1
  27 143  1
  85 143  1
 211 143  1
 230 143  1
   1 144  1
  52 144  1
 209 144  1
 184 145  1
 228 145  1
 239 145  1
 241 145  1
 251 145  1
  91 146  1
   1 147  1
  45 147  1
  83 147  1
 135 147  1
 225 147  1
  40 148  1
 182 148  1
 243 148  1
  56 149  1
  87 149  1
 216 149  1
 224 149  1
 258 149  1
  41 150  1
 199 150  1
   1 151  1
  86 151  1
 142 151  1
 211 151  1
 247 151  1
 255 151  1
  42 152  1
  46 152  1
 134 152  1
  20 153  1
  21 153  1
  73 153  1
  28 154  1
  52 154  1
  63 154  1
  65 154  1
 176 154  1
 177 154  1
 251 154  1
  83 155  1
 198 155  1
 261 155  1
  35 156  1
  58 156  1
  69 156  1
 134 156  1
  48 157  1
  52 158  1
  54 158  2
  67 158  1
  25 159  1
  26 159  1
  46 159  1
  56 159  3
 275 159  1
  52 160  1
  90 160  1
 270 160  1
 119 161  1
 120 161  1
 138 161  1
 180 161  1
 255 161  1
 283 161  1
  43 162  1
  58 162  1
  28 163  1
  70 163  1
 198 163  1
 199 163  1
  18 164  1
 143 164  1
 144 164  1
 267 164  1
 268 164  1
 275 164  1
  14 165  1
  15 165  1
  43 165  1
  79 165  1
 153 165  1
 154 165  1
 260 165  1
 283 165  1
  55 166  1
 126 166  1
 255 166  1
  16 167  1
  33 167  1
 115 167  1
 265 167  1
  48 168  1
  53 168  1
 126 168  1
 138 168  1
 185 168  1
  16 169  1
  20 169  1
 115 169  1
 194 169  1
 196 169  1
 201 169  1
 271 169  1
 272 169  1
  93 170  1
 140 170  1
 142 170  1
 144 170  1
  25 171  1
  26 171  1
  27 171  1
  35 171  1
 115 171  1
 193 171  1
  95 172  1
 146 172  1
 161 172  1
 188 172  1
 189 172  1
 268 172  1
 281 172  1
 282 172  1
   4 173  1
   5 173  1
  40 173  1
  49 173  1
 204 173  1
 205 173  1
 118 174  1
 137 174  1
 220 174  1
 259 174  1
 260 174  1
  40 175  1
 207 175  1
 208 175  1
   5 176  1
   6 176  1
 117 176  1
 219 176  1
  41 177  1
 142 177  1
 265 177  1
 279 177  1
  96 178  1
 105 178  1
 178 178  1
 187 178  1
 188 178  1
 198 178  1
 255 178  1
  47 179  1
  48 179  1
 128 179  1
 129 179  1
 148 179  1
 204 179  1
  37 181  1
 257 182  1
  31 183  1
  42 183  1
  67 183  1
 102 183  1
 107 183  1
 208 183  1
  24 184  1
 264 184  1
 211 185  1
 275 185  1
  50 186  1
  93 186  1
 188 186  1
 199 186  1
 261 186  1
 255 187  1
   8 188  1
   9 188  1
  96 188  1
  97 188  1
 127 188  1
 128 188  1
 149 188  1
 153 188  1
 197 188  1
 259 188  1
  67 189  1
 123 189  1
 184 189  1
 211 189  1
  14 190  1
  15 190  1
 143 190  1
 147 190  1
  47 191  1
  48 191  1
  67 191  1
  85 191  1
  86 191  1
  98 191  1
 102 192  1
 106 192  1
 107 192  1
  45 194  1
  46 194  1
  65 194  1
  77 194  1
  80 194  1
 147 194  1
 154 194  1
 184 194  1
 185 194  1
 200 194  1
 113 195  1
 114 195  1
 206 195  1
 223 195  1
  12 196  1
  87 196  1
 127 196  1
 157 196  1
 260 196  1
  97 197  1
 105 197  1
 269 197  1
 121 198  1
 129 198  1
 211 198  1
 212 198  1
  90 199  1
 109 199  1
 140 199  1
 155 199  1
 129 200  1
 134 200  1
 150 200  1
 267 200  1
  95 201  1
 125 201  1
 233 201  1
 237 201  1
 257 201  1
 132 202  1
 133 202  1
 239 202  1
  75 203  1
  85 203  1
 144 203  1
 223 203  1
  18 204  1
 149 204  1
 228 204  1
 239 204  1
 265 204  1
 141 205  1
 142 205  1
 153 205  1
  87 206  1
  88 206  1
  89 206  1
 104 206  1
 108 206  1
 122 206  1
 240 206  1
 138 207  1
  70 208  1
 129 208  1
 151 208  1
  23 209  1
 116 209  1
 261 209  1
 124 210  1
 244 210  1
  93 211  1
 102 211  1
 103 211  1
 117 211  1
 141 211  1
  28 213  1
  29 213  1
 104 213  1
 107 213  1
 258 213  1
  32 214  1
 148 214  1
 238 214  1
  80 215  1
  99 215  1
 130 215  1
 131 215  1
 135 215  1
 257 215  1
  36 216  1
 220 216  1
 255 216  1
  39 217  1
  99 217  1
 100 217  1
 128 217  1
 212 217  1
  93 218  1
 112 219  1
 117 219  1
 140 219  1
 208 219  1
 209 219  1
 108 220  1
 225 220  1
 231 220  1
 132 221  1
 133 221  1
 134 221  1
  47 222  1
  48 222  1
 248 222  1
  68 223  1
  72 223  1
  95 223  1
  96 223  1
 100 223  1
 107 223  1
 134 223  1
 202 224  1
  74 225  1
 133 225  1
 145 225  1
 103 226  1
 191 226  1
 193 226  1
 230 226  1
 231 226  1
 244 226  1
 100 227  1
 110 227  1
 129 227  1
 213 227  1
 233 227  1
 141 228  1
 135 229  1
 196 229  1
 101 230  1
 102 230  1
 136 231  1
 201 231  1
  92 232  1
 158 232  1
 211 232  1
  81 234  1
 157 234  1
 162 234  1
 163 234  1
  99 235  1
 100 235  1
 131 235  1
 139 236  1
 144 237  1
 152 237  1
 220 237  1
 232 237  1
  92 238  1
 159 238  1
  95 239  1
 227 240  1
 100 241  1
 118 241  1
 179 241  1
 123 242  1
 124 242  1
 157 242  1
 135 244  1
 151 244  1
 153 244  1
 182 244  1
 110 245  1
 113 246  1
 116 247  1
 119 248  1
 122 249  1
 200 250  1
 130 251  1
 153 251  1
 195 253  1
 150 255  1
 192 255  1


count = 848