 133   3  1
 202   6  1
 118   7  1
 115   8  1
 158   8  1
 167  10  1
 212  10  1
 135  11  1
 162  11  1
 175  11  1
 176  11  1
 195  12  1
 216  12  1
 150  14  1
 219  14  1
 220  14  1
 195  15  1
 196  15  1
  81  17  1
 109  18  1
 120  18  1
 164  18  1
 169  18  1
 170  18  1
 227  18  1
  93  19  1
 211  19  1
  74  20  1
  75  20  1
 196  20  1
 100  21  1
 135  21  1
 136  21  1
 232  21  1
 233  21  1
  71  22  1
  86  22  1
 110  22  1
 168  22  1
 174  22  1
 236  22  1
 150  23  1
 193  23  1
  85  24  1
 107  24  1
 170  24  1
 210  24  1
 211  24  1
  65  26  1
 160  26  1
 227  26  1
 192  27  1
 193  27  1
 112  28  1
 159  28  1
 160  28  1
 209  28  1
  59  29  1
  60  29  1
 138  30  1
 140  30  1
 159  30  1
  85  31  1
 193  31  1
 200  32  1
  62  33  1
  97  33  1
  98  33  1
 120  34  1
  46  36  1
 203  36  1
  56  37  1
  60  37  1
  87  37  1
  88  37  1
 208  37  1
 242  37  1
 124  39  1
 241  39  1
  94  40  1
 150  40  1
 160  40  1
  41  41  1
 113  41  1
 160  42  1
 220  42  1
 124  43  1
 152  43  1
 208  43  1
 113  45  1
 114  45  1
 122  45  1
 124  45  1
 155  45  1
 235  45  1
 214  47  1
 226  48  1
  96  49  1
 220  49  1
 229  49  1
  44  51  1
  89  52  1
 243  52  1
 244  52  1
  48  53  1
  97  53  1
  35  54  1
  38  54  1
 256  54  1
 269  54  1
 270  54  1
  35  56  1
  85  56  1
  86  56  1
  87  56  1
 215  56  1
  79  57  1
 238  57  1
 254  57  1
  33  58  1
  34  58  1
  35  58  1
  93  58  1
  95  58  1
 242  58  1
  23  59  1
  62  59  1
  83  59  1
 262  59  1
 264  59  1
  37  60  1
  38  60  1
 242  60  1
 212  61  1
 234  61  1
  28  62  1
  78  63  1
 211  63  1
 207  64  1
 222  64  1
 273  64  1
 274  64  1
  18  65  1
  69  65  1
  70  65  1
 203  65  1
 211  65  1
 242  65  1
 213  66  1
 222  66  1
  23  67  1
  28  67  1
  74  67  1
  41  68  1
  42  68  1
  59  68  1
  76  68  1
  16  69  1
  30  69  1
  39  69  1
 211  70  1
 260  70  1
 275  70  1
 276  70  1
  21  71  1
  53  71  1
  54  71  1
 207  71  1
 253  71  1
 268  71  1
  49  72  1
  50  72  1
  30  73  1
  39  73  1
  40  73  1
 246  73  1
  13  74  1
  14  74  1
  19  74  1
 214  75  1
 242  75  1
  26  76  1
 239  76  1
  21  78  1
  11  79  1
  12  79  1
  28  79  1
 162  79  1
 163  79  1
 168  79  1
 236  79  1
  33  80  1
 226  80  1
 216  82  1
 221  83  1
 223  83  1
  22  84  1
 162  84  1
 172  84  1
  22  86  1
 160  86  1
 161  86  1
 162  86  1
 205  86  1
 206  86  1
  16  87  1
 173  87  1
 174  87  1
 207  88  1
  14  89  1
 148  89  1
 166  89  1
 176  89  1
 177  89  1
  23  90  1
  24  90  1
 128  90  1
 169  90  1
 170  90  1
 171  90  1
 136  91  1
 159  91  1
 206  91  1
  31  92  1
  32  92  1
 223  92  1
 158  93  1
 193  93  1
 213  93  1
 214  93  1
  65  94  1
 199  94  1
 201  94  2
 150  95  1
 174  95  1
 206  95  1
 218  95  1
  25  96  1
  66  96  1
 168  96  1
 193  96  1
  12  97  1
  19  97  1
  58  97  1
 212  97  1
 213  97  1
   8  98  1
  32  98  1
  66  98  1
 131  98  1
 132  98  1
 234  98  1
  54  99  1
  60  99  1
  95  99  1
 163  99  1
  14 100  1
  15 100  1
 116 100  1
 200 100  1
 220 100  1
  17 101  1
  19 101  1
   8 102  1
  37 102  1
  92 102  1
  97 102  1
 111 102  1
 164 102  1
  25 103  1
 138 103  1
 210 103  1
  44 104  1
 164 104  1
  23 105  1
 168 105  1
 269 105  1
  96 106  1
  97 106  1
 147 106  1
 171 106  1
 216 106  1
 217 106  1
 267 106  1
 275 106  1
  12 107  1
 157 107  1
 158 107  1
 175 107  1
  40 108  1
 142 108  1
 217 108  1
 218 108  1
 281 108  1
 282 108  1
 115 109  1
 116 109  1
  40 110  1
  95 110  1
 133 110  1
  15 111  1
  46 111  1
 145 111  1
  29 112  1
  78 112  1
  82 112  1
 138 112  1
  33 113  1
  55 113  1
  97 113  1
 213 113  1
  76 114  1
  77 114  1
 217 114  1
  83 115  1
 173 115  1
  87 116  1
 169 116  1
  37 117  1
 109 117  1
  10 118  1
  25 118  1
  26 118  1
 151 118  1
 155 118  1
 169 118  1
 221 118  1
 280 118  1
 138 119  1
  30 120  1
  54 120  1
  68 120  1
 112 120  1
 144 120  1
 169 120  1
 275 120  1
 276 120  1
  37 121  1
  80 121  1
 230 121  1
  40 122  1
  68 122  1
 125 122  1
  49 123  1
  50 123  1
  80 123  1
  85 123  1
 172 123  1
 173 123  1
 269 123  1
  20 124  1
  26 124  1
  91 124  1
 181 124  1
 242 124  1
 253 124  1
 261 124  1
  34 125  1
  94 125  1
  95 125  1
 187 125  1
  28 126  1
  63 126  1
 183 126  1
 190 126  1
 170 127  1
 171 127  1
 269 127  1
 270 127  1
   1 128  1
  53 128  1
 133 128  1
 184 128  1
 266 128  1
  40 129  1
 129 129  1
 145 129  1
 148 129  1
 192 129  1
 193 129  1
 215 129  1
 216 129  1
 217 129  1
 218 129  1
 223 129  1
  50 130  1
  52 130  1
 151 130  1
 163 130  1
 232 130  1
 273 130  1
 128 131  1
 193 131  1
 240 131  1
 252 131  1
  48 132  1
 165 132  1
 202 132  1
 231 132  1
 104 133  1
 129 133  1
 183 133  1
 227 133  1
  49 134  1
 131 134  1
 156 134  1
 180 134  1
 199 134  1
 220 134  1
  39 135  1
 216 135  1
  44 136  1
  36 137  1
  26 138  1
  96 138  1
  99 138  1
 249 138  1
   1 139  1
  40 139  2
  41 139  1
  42 139  1
 101 139  1
 197 139  1
 198 139  1
  66 140  1
  67 140  1
  81 140  1
  82 140  1
  23 141  1
  24 141  1
  42 141  1
  43 141  1
  52 141  1
  53 141  1
  88 142  1
 204 142  1
 205 142  1
 244 142  1
 245 142  1
 275 142  1
  84 143  1
 163 143  1
 269 143  1
 270 143  1
 103 144  1
 256 144  1
   7 145  1
  37 145  1
  45 145  1
  92 145  1
 211 145  1
  13 146  1
  14 146  1
  21 146  1
  39 146  1
 275 146  1
  48 147  1
  50 147  1
 112 147  1
 122 147  1
 215 147  1
 234 147  1
 239 147  1
  52 148  1
 269 148  1
 272 148  1
 135 150  1
  10 151  1
 222 151  1
 233 151  1
 234 151  1
  14 152  1
 102 152  1
 148 152  1
 210 152  1
  23 153  1
 143 153  1
 231 153  1
 268 153  1
 275 153  1
 150 154  1
  97 155  1
 172 155  1
 176 155  1
 217 156  1
 190 157  1
 265 157  1
 106 158  1
 153 158  1
 232 158  2
 233 158  1
 234 158  1
  35 159  1
 260 159  1
 272 159  1
   2 160  1
   3 160  1
  16 160  1
 115 160  1
 236 161  1
 272 161  1
 273 161  1
 158 162  1
 226 162  1
 242 162  1
 280 162  1
 281 162  1
   3 163  1
   4 163  1
  10 163  1
  20 163  1
 222 164  1
 223 164  1
 176 165  1
 279 165  1
 280 165  1
  16 166  1
 154 166  1
 240 166  1
 268 166  1
  42 167  1
 174 167  1
   5 168  1
   6 168  1
  14 168  1
  31 168  1
 155 168  1
 250 168  1
 269 168  1
 182 169  1
  31 170  1
 164 170  1
 277 170  1
 278 170  1
  13 172  1
 248 172  1
 276 172  1
  17 173  1
  29 173  1
  45 173  1
 172 173  1
 176 173  1
 231 173  1
  25 174  1
 180 174  1
  47 175  1
  48 175  1
 180 176  1
   8 177  1
   9 177  1
 186 177  1
  53 178  1
 241 178  1
  20 179  1
 262 179  1
  30 180  1
 188 181  1
 189 181  1
 185 183  1
  10 184  1
  11 184  1
  31 184  1
  29 186  1
 133 188  1
 142 188  1
 231 189  1
 205 191  1
 213 191  1
 234 191  1
  14 192  1
 237 193  1
 259 193  1
 260 193  1
 143 194  1
 166 194  1
 216 194  1
 217 194  1
 256 194  1
 266 194  1
 267 194  1
 149 195  1
  17 196  1
 219 196  1
 220 196  1
 134 197  1
 152 197  1
 153 197  1
 265 197  1
 266 197  1
 146 199  1
 221 199  1
  20 200  1
  63 200  1
 238 200  1
 239 200  1
 224 201  1
 225 201  1
 252 201  1
  58 202  1
  60 202  1
  96 202  1
 100 202  1
 102 202  1
  46 203  1
 124 203  1
 231 205  1
 238 205  1
 243 206  1
 248 206  1
  26 208  1
 144 208  1
 154 208  1
 261 208  1
 156 209  1
 157 209  1
 185 209  1
  46 210  1
 104 210  1
 189 210  1
  41 211  1
 143 211  1
 259 211  1
  33 212  1
 105 212  1
 106 212  1
  46 213  1
  90 213  1
  91 213  1
 143 213  1
 182 214  1
 189 214  1
 190 214  1
 239 214  1
 253 215  1
 124 216  1
  39 217  1
 114 217  1
 179 217  1
  87 218  1
 127 218  1
 154 218  1
 248 218  1
 106 219  1
 112 219  1
 150 219  1
 191 219  1
 192 219  1
  86 220  1
 144 220  1
 169 220  1
 170 220  1
  63 221  1
 104 221  1
 192 221  1
 243 221  1
  65 222  1
 121 222  1
 124 222  1
  49 223  1
  70 223  1
  90 223  1
 147 223  1
 148 223  1
 191 223  1
 192 223  1
  99 224  1
 238 224  1
  52 225  1
 119 225  1
 135 225  1
  73 226  1
 234 226  1
  54 227  1
 196 227  1
  72 228  1
  73 228  1
  86 228  1
 167 229  1
 168 229  1
 203 229  1
  76 230  1
  95 230  1
 119 230  1
  65 231  1
 213 231  1
  88 232  1
 129 232  1
 183 232  1
 194 232  1
 195 232  1
 209 232  1
 225 232  1
 101 233  1
 121 233  1
 149 233  1
 125 234  1
 126 234  1
 223 234  1
  92 235  1
  77 236  1
 140 236  1
 219 236  1
  97 237  1
 116 237  1
 122 237  1
 134 237  1
 144 237  1
 102 238  1
 103 238  1
 216 238  1
 108 239  1
 114 239  1
  89 242  1
 174 242  1
 190 242  1
 184 243  1
  92 244  1
 119 245  1
  94 246  1
 115 246  1
 123 246  1
 148 246  1
 149 246  1
 207 246  1
 177 247  1
 182 247  1
 183 247  1
 123 248  1
 173 248  1
 204 248  1
 104 250  1
 128 250  1
 151 251  1
 112 252  1
 142 252  1
 117 254  1
 182 254  1
 170 255  1
 123 256  1


count = 739