 141   1  1
 174   1  1
 131   2  1
 126   3  1
 121   4  1
 114   6  1
 192   6  1
 111   7  1
 195   8  1
 196   8  1
 103   9  1
  96  11  1
  88  14  1
 208  14  1
 129  15  1
  86  16  1
 212  16  1
  92  18  1
  73  22  1
  69  23  1
  85  23  1
 132  24  1
 133  24  1
  58  26  1
  55  27  1
  76  27  1
  77  27  1
  80  27  1
  52  28  1
 132  28  1
 133  28  1
  86  29  1
 228  31  1
  44  32  1
  70  33  1
 223  33  1
 233  34  1
 121  36  1
 127  36  1
 219  36  1
 227  36  1
  36  38  1
  32  40  1
  76  40  1
  99  40  1
 217  40  1
 245  40  1
  29  42  1
 104  42  1
 105  42  1
  73  43  1
 214  43  1
 105  45  1
 106  45  1
  83  46  1
  95  46  1
 119  46  1
 212  46  1
 253  46  1
 135  48  1
 136  48  1
 216  48  1
  72  49  1
  73  49  1
 126  49  1
  66  50  1
  67  50  1
  84  50  1
 259  51  1
 132  52  1
 184  52  1
 261  52  1
  75  53  1
 180  55  1
  82  56  1
 174  56  1
  15  57  1
 101  57  1
 178  57  1
  75  58  1
  76  58  1
 265  58  1
 163  63  1
 171  63  1
 172  63  1
  18  65  1
  74  65  1
  79  65  1
 177  65  1
 269  66  1
  73  67  1
 179  68  1
 180  68  1
 182  69  1
 271  69  1
   8  70  1
   9  70  1
  79  70  1
  17  71  1
  18  71  1
 191  71  1
  73  72  1
 273  72  1
  14  73  1
  15  73  1
 209  75  1
 214  75  1
   6  76  1
   7  76  1
 162  77  1
  12  78  1
 154  79  2
 155  79  1
 167  79  1
 168  79  1
 189  79  1
 157  80  1
 159  80  1
 197  80  1
 278  81  1
 159  82  1
   4  83  1
   5  83  1
  15  84  1
   3  86  1
   4  86  1
 158  86  1
 159  86  1
 160  86  1
 280  86  1
 281  86  1
 187  87  1
 192  87  1
   8  88  1
   9  88  1
 164  88  1
 165  88  1
  12  90  1
 176  91  1
  25  92  1
  73  93  1
  65  94  1
 174  94  1
 175  94  1
   8  97  1
  63  97  1
 146  97  1
 169  97  1
 170  97  1
 282 101  1
 283 101  1
   7 102  1
   8 102  1
  63 103  1
 268 103  1
 275 103  1
 281 104  1
 282 104  1
 169 105  1
  39 106  1
 167 106  1
 103 107  1
 280 107  1
 281 107  1
 167 108  1
   1 109  1
  66 109  1
 111 109  1
 269 109  1
 273 109  1
 167 110  1
 173 110  1
 163 111  1
  40 112  1
  41 112  1
 161 112  1
 266 112  1
 119 113  1
 189 113  1
  35 114  1
  39 114  1
 180 114  1
   1 115  1
 115 115  1
 187 115  1
 278 115  1
 279 115  1
  71 116  1
  72 116  1
 176 116  1
 182 116  1
 169 117  1
 203 117  1
 205 117  1
 266 117  1
  33 118  1
  34 118  1
 162 118  1
 171 118  1
 277 118  1
 278 118  1
 259 119  1
 261 119  1
  39 120  1
  40 120  1
 171 120  1
 235 120  1
  74 121  1
 122 121  1
 124 121  1
 157 121  1
 158 121  1
 215 121  1
  22 122  1
 179 123  1
 242 123  1
  14 124  1
  26 124  1
 115 124  1
 270 124  1
 271 124  1
  34 125  1
  35 125  1
  42 125  1
  77 125  1
  81 125  1
 105 125  1
 163 125  1
 164 125  1
 172 125  1
 231 125  1
  18 126  1
  91 126  1
 128 126  1
 168 126  1
  16 127  1
  95 127  1
 134 127  1
 213 127  1
 233 127  1
  25 128  1
 183 128  1
 184 128  1
 224 128  1
 244 128  1
  21 129  1
  59 129  1
 220 129  1
 276 129  1
  16 130  1
 169 130  1
  12 131  1
  42 131  1
 111 131  1
 233 131  1
  34 132  1
  78 132  1
 120 132  1
 134 132  1
 138 132  1
 166 132  1
 244 132  1
  25 133  1
  27 133  1
  43 133  1
  44 133  1
  59 133  1
  83 133  1
 182 133  1
  21 134  1
  54 134  1
  55 134  1
 162 134  1
 217 134  1
 218 134  1
 238 134  1
  47 135  1
 117 135  1
 143 135  1
   6 136  1
   7 136  1
  76 136  1
  77 136  1
 198 136  1
 216 136  1
  17 137  1
  18 137  1
  48 137  1
 135 137  1
 280 137  1
 281 137  1
  29 138  1
  34 138  1
 119 138  1
 130 138  1
 125 139  1
 154 139  1
 188 139  1
  11 142  1
  70 144  1
  71 144  1
  31 145  1
  32 145  1
 157 145  1
 158 145  1
 183 146  1
  38 147  1
  39 147  1
 161 147  1
 167 149  1
 111 150  1
 116 150  1
  94 151  1
  34 152  1
  66 152  1
 185 152  1
 190 153  1
 162 154  1
   1 155  1
   2 155  1
 111 155  1
 193 156  1
  10 158  1
  16 158  1
  84 159  1
 162 159  1
 196 159  1
 178 160  1
 281 160  1
 282 160  1
  15 162  1
 165 162  1
 169 162  1
 175 162  1
 186 162  1
   1 163  1
   2 163  1
   9 164  1
 280 164  1
 281 164  1
  66 165  1
  84 165  1
   9 166  1
 193 166  1
  82 167  1
  71 168  1
  73 168  1
 171 170  1
   1 171  1
   2 171  1
  26 171  1
 182 171  1
  23 172  1
 171 172  1
 198 172  1
  20 174  1
 174 174  1
 175 174  1
 176 174  1
  17 176  1
  18 176  1
 173 176  1
 174 176  1
 171 177  1
  13 178  1
  15 178  1
 187 178  1
 191 178  1
 173 182  1
 174 182  1
  17 186  1
  26 187  1
  27 187  1
 175 187  1
 176 187  1
   9 188  1
  10 188  1
  21 188  1
 209 189  1
 210 189  1
  15 190  1
 180 190  1
  66 191  1
  12 194  1
  13 194  1
  51 194  1
 267 194  1
 268 194  1
 152 195  1
 150 197  1
 265 197  1
  61 198  1
  97 198  1
  16 199  1
  51 199  1
 147 200  1
  56 201  1
 111 201  1
 112 201  1
  58 202  1
 261 203  1
  47 204  1
 142 204  1
  42 205  1
 128 206  1
 223 206  1
  31 207  1
  57 207  1
  58 207  1
 114 207  1
 136 207  1
 145 208  1
 223 208  1
 125 209  1
 132 209  1
  44 210  1
 110 210  1
 226 210  1
  38 212  1
  39 212  1
 118 212  1
 139 212  1
 228 212  1
 229 212  1
  29 213  1
  41 214  1
 110 214  1
 126 214  1
 127 214  1
 113 215  1
  86 219  1
  35 220  1
  42 220  1
 112 220  1
 230 220  1
 244 220  1
 109 222  1
 136 222  1
 141 222  1
 142 222  1
  83 223  1
  39 225  1
 126 226  1
  40 227  1
  87 227  1
  88 227  1
 132 227  1
 234 227  1
  43 228  1
 139 228  1
  45 230  1
 127 230  1
 128 230  1
  86 231  1
 133 231  1
  48 232  1
  49 232  1
 135 232  1
  53 235  1
  58 236  1
 223 237  1
  83 240  1
  86 240  1
 218 240  1
 172 241  1
  79 242  1
  71 243  1
 214 243  1
  88 244  1
  74 245  1
 208 247  1
  78 248  1
  79 248  1
 201 249  1
 172 250  1
 173 250  1
  91 251  1
 107 252  1
 189 253  1
 186 254  1
 121 255  1
 125 256  1


count = 482