 169   1  1
 190   1  1
 200   2  1
 138   3  1
 135   4  1
 172   5  1
 210   5  1
 166   6  1
 124   8  1
 157   8  1
 216   8  1
 121   9  1
 146   9  1
 152   9  1
 166   9  1
 167   9  1
 219  10  1
 150  11  1
 223  12  1
 138  13  1
 150  13  1
 167  13  1
 168  13  1
 225  13  1
 110  14  1
 134  14  1
 174  14  1
 175  14  1
 228  15  1
 170  18  1
 136  19  1
 138  19  1
 235  19  1
  82  20  1
 172  22  1
 100  23  1
 108  23  1
 178  23  1
 183  23  1
 185  24  1
 101  25  1
 137  25  1
 115  28  1
 116  28  1
 243  28  1
 103  29  1
 164  29  1
 166  29  1
 181  29  1
 182  29  1
 108  30  1
 153  31  1
 237  33  1
 112  34  1
  53  36  1
 235  36  1
 250  36  1
 114  39  1
 118  39  1
 166  39  1
  47  40  1
 166  41  1
  44  42  1
 176  42  1
 181  42  1
 182  42  1
 238  42  1
 239  42  1
  51  44  1
  52  44  1
 233  44  1
 231  46  1
 258  46  1
  52  47  1
  53  47  1
 180  47  1
 227  47  1
 228  47  1
 173  48  1
 235  48  1
 186  49  1
 187  49  1
 260  49  1
 221  50  1
  54  51  1
 243  51  1
 250  51  1
 234  52  1
 235  52  1
  40  53  1
 246  53  1
 174  54  1
 175  54  1
 264  54  1
  43  55  1
 184  55  1
 233  55  1
 217  56  1
  25  58  1
 242  58  1
 247  58  1
 166  61  1
 239  63  1
 234  64  1
 237  68  1
 264  70  1
  20  71  1
 261  71  1
 262  71  1
  12  73  1
 236  73  1
 266  74  1
  17  75  1
  46  75  1
 274  75  1
 252  76  1
 253  76  1
   9  78  1
  32  78  1
 219  78  1
 241  78  1
 236  79  1
 213  80  1
 253  80  1
 247  81  1
 248  81  1
 241  82  1
  30  83  1
 174  83  1
  44  85  1
 170  85  1
 218  86  1
 167  87  1
 213  87  1
 226  87  1
 227  87  1
  39  89  1
 159  91  1
 161  91  1
  77  92  1
 156  92  1
 215  92  2
 152  93  1
 102  94  1
 103  94  1
 150  94  1
  74  95  1
 100  95  1
 165  95  1
  95  96  1
 146  97  1
 167  97  1
 106  98  1
 133  98  1
  54  99  1
 187  99  1
  63 100  1
 110 100  1
 208 100  1
 209 100  1
   4 101  1
  57 101  1
  58 101  1
  96 101  1
 127 101  1
 142 101  1
 214 101  1
  76 102  1
  85 103  1
  10 104  1
  11 104  1
 119 104  1
 208 106  1
 209 106  1
 153 107  1
 154 107  1
 155 107  1
  82 108  1
 141 108  1
  54 109  1
  87 109  1
 163 111  1
  39 112  1
  49 112  1
 200 112  1
 208 112  1
   4 113  1
   5 113  1
 172 113  1
  42 115  1
 137 115  1
 139 115  1
 153 115  1
 154 115  1
 155 115  1
  11 116  1
  33 116  1
  46 116  1
  90 116  1
 273 116  1
  27 117  1
 168 117  1
 201 117  1
 202 117  1
 271 117  1
  95 118  1
 134 118  1
 140 119  1
 196 119  1
 280 119  1
 281 119  1
  96 120  1
 206 120  1
 257 120  1
  40 121  1
  41 121  1
  62 121  1
 202 121  1
 261 121  1
 274 121  1
  73 122  1
  11 123  1
  37 123  1
  44 123  1
  94 123  1
 147 123  1
  19 124  1
  83 124  1
  84 124  1
   6 125  1
   7 125  1
  56 125  1
  64 125  1
 101 125  1
 198 125  1
 239 125  1
  20 126  1
  23 126  1
  83 126  1
  97 126  1
 133 126  1
 135 126  1
 204 126  1
 206 126  1
 270 126  1
  38 127  1
  40 127  1
 272 127  1
 273 127  1
  83 128  1
  51 129  1
  57 129  1
  63 129  1
  68 129  1
 233 129  1
 240 129  1
 264 129  1
  29 130  1
  76 130  1
  77 130  1
  89 130  1
 202 130  1
 207 130  1
 222 130  1
  13 131  1
  80 131  1
 190 131  1
 227 131  1
  40 132  1
  49 132  1
 127 132  1
  30 133  1
 104 133  1
 156 133  1
  58 134  1
  82 134  1
 159 134  1
 200 134  1
 279 134  1
   5 135  1
  17 135  1
  37 135  1
  98 135  1
 208 135  1
  96 136  1
 139 136  1
 271 136  1
 128 137  1
 135 137  1
 146 138  1
 167 138  1
 281 138  1
 282 138  1
  10 139  1
 130 139  1
 172 139  1
 269 141  1
 270 141  1
 154 142  1
 205 142  1
 175 143  1
 134 144  1
 135 144  1
 277 144  1
  84 147  1
  89 147  1
 207 147  1
 266 147  1
 167 150  1
 259 151  1
  75 152  1
 129 152  1
 159 152  1
 168 152  1
   1 153  1
  73 153  1
 106 153  1
 171 153  1
 172 153  1
 137 155  1
 138 155  1
 207 155  1
  71 156  1
  79 156  1
  98 156  1
 103 156  1
 125 156  1
 167 156  1
 176 156  1
 144 157  1
 226 157  1
  76 158  1
  77 158  1
 148 158  1
 168 158  1
 209 158  1
 263 158  1
 267 158  1
   6 159  1
 225 159  1
 226 159  1
 255 159  1
 221 160  1
 172 161  1
 212 161  1
  71 163  1
  72 163  1
 214 163  1
 215 163  1
  84 164  1
 158 164  1
 272 164  1
   7 166  1
 198 168  1
   1 169  1
 166 169  1
 207 169  1
 278 169  1
  17 171  1
 214 173  1
   1 174  1
   2 174  1
 203 174  1
 275 174  1
 276 174  1
  11 175  1
  17 175  1
   8 176  1
 175 177  1
 274 177  1
 275 177  1
  14 178  1
 204 178  1
 213 178  1
 214 178  1
  10 180  1
 146 181  1
 199 182  1
 212 184  1
  70 185  1
 144 185  1
 181 185  1
 188 185  1
  49 186  1
 207 186  1
  68 187  1
 190 187  1
 200 187  1
 266 188  1
  55 189  1
 145 190  1
 149 193  1
  52 194  1
  57 194  1
  58 194  1
 223 194  1
  13 195  1
 216 196  1
 262 196  1
  96 197  1
  48 198  1
  49 198  1
 162 198  1
 163 198  1
 214 198  1
 230 198  1
 148 199  1
 209 201  1
 258 202  1
  95 203  1
 209 203  1
 235 203  1
 236 203  1
  54 204  1
 150 204  1
  92 205  1
  93 205  1
 163 205  1
  37 206  1
 138 206  1
 153 206  1
 238 206  1
 255 206  1
  35 208  1
  36 208  1
 149 208  1
 238 208  1
 156 210  1
 166 210  1
 168 210  1
  53 211  1
 158 211  1
 159 211  1
  32 212  1
 148 212  1
 189 212  1
  42 213  1
 145 213  1
 146 213  1
 195 213  1
 251 213  1
 164 214  1
 165 214  1
 188 214  1
 158 215  1
 162 215  1
 170 215  1
  49 216  1
 104 216  1
 225 217  1
 189 218  1
 107 219  1
 202 219  1
 225 219  1
 111 220  1
 163 220  1
 164 220  1
 168 220  1
 191 220  1
 209 221  1
 210 221  1
 111 222  1
 148 222  1
  46 223  1
  47 223  1
 141 223  1
 228 223  1
 106 224  1
 163 224  1
 181 224  1
 230 225  1
 139 226  1
 140 226  1
 181 226  1
 182 226  1
 106 227  1
 216 228  1
 226 228  1
 141 229  1
 210 229  1
 211 229  1
  60 230  1
  61 230  1
 111 230  1
 206 230  1
 223 230  1
 234 230  1
  66 232  1
 231 232  1
  69 233  1
 168 233  1
 169 233  1
 184 233  1
 219 233  1
  95 234  1
 108 234  1
 139 234  1
 145 235  1
 226 236  1
 100 237  1
 182 238  1
 183 238  1
  91 239  1
 140 239  1
 141 239  1
 160 239  1
 164 240  1
 221 240  1
 159 241  1
 155 242  1
 175 242  1
  98 243  1
 181 243  1
 174 244  1
 215 244  1
 211 246  1
 212 246  1
 176 247  1
 130 248  1
 135 248  1
 161 249  1
 169 249  1
 206 249  1
 146 251  1
 147 251  1
 158 251  1
 159 251  1
 122 252  1
 124 254  1
 128 256  1
 130 256  1
 135 257  1


count = 532