 140   1  1
 170   1  1
 124   3  1
 186   3  1
 121   4  1
 115   6  1
 149   7  1
 150   7  1
 108   9  1
 146   9  1
 197   9  1
 198   9  1
 173  10  1
 201  10  1
 117  11  1
 123  11  1
 168  12  1
 206  13  1
  92  15  1
  94  15  1
 131  15  1
 133  15  1
 129  16  1
 146  16  1
 147  16  1
 153  16  1
 154  16  1
 171  16  1
 210  16  1
 105  17  1
 106  17  1
  77  19  1
 100  19  1
 216  19  1
  74  20  1
 110  22  1
 112  22  1
 114  22  1
 148  22  1
 149  22  1
  86  23  1
 171  23  1
  95  25  1
 171  25  1
 168  26  1
  95  27  1
  96  27  1
 149  27  1
 150  27  1
 160  27  1
  86  28  1
 108  28  1
 173  29  1
  57  30  1
  80  31  1
  81  31  1
  96  31  1
 139  32  1
 140  32  1
  70  34  1
  91  34  1
  51  35  1
  77  35  1
 117  35  1
 145  35  1
 146  35  1
 151  36  1
 152  36  1
 169  36  1
  57  37  1
 112  38  1
 121  38  1
 122  38  1
  46  40  1
 110  40  2
 122  40  1
 122  42  1
 123  42  1
 151  42  1
 152  42  1
 158  42  1
  41  43  1
 164  43  1
 104  45  1
 105  45  1
 144  45  1
 173  45  1
 216  45  1
 101  46  1
 111  46  1
 153  46  1
 154  46  1
 142  47  1
 179  47  1
 180  47  1
 216  47  1
 245  48  1
 147  49  1
 214  49  1
 216  49  1
  33  50  1
 114  50  1
 116  50  1
 134  50  1
 210  50  1
 212  50  1
 134  52  1
 139  52  1
 142  52  1
 118  53  1
 119  53  1
 111  56  1
 121  56  1
 204  56  1
 202  58  2
 251  58  1
  99  60  1
 118  60  1
 239  62  1
  23  63  1
  94  63  1
 204  63  1
 109  64  1
 212  64  1
 255  64  1
 207  68  1
 211  68  1
 213  69  1
 258  69  1
  80  71  1
  16  73  1
  72  75  1
 212  75  1
 220  75  1
 209  76  1
 263  76  1
 264  76  1
  72  77  1
  76  77  1
 230  77  1
 207  78  1
 225  78  1
 226  78  1
 201  79  1
 231  79  1
  11  81  1
 232  81  1
 221  82  1
 222  82  1
 223  82  1
  82  84  1
 197  84  1
   9  86  1
  10  86  1
 196  86  1
 203  86  1
 204  86  1
 224  86  1
   8  88  1
 229  88  1
 154  89  1
 199  89  1
 200  89  1
 217  89  1
 148  91  1
 162  91  1
 163  91  1
 164  91  1
 154  92  1
 227  92  1
 247  92  1
 254  92  1
 141  93  1
 240  93  1
  21  94  1
 253  94  1
  12  96  1
 129  96  1
 223  96  1
 224  96  1
 126  97  1
 103  98  1
 122  98  1
 124  98  1
 209  99  1
 210  99  1
 192 101  1
 226 101  1
 173 102  1
 214 102  1
 217 102  1
 235 102  1
 255 102  1
 109 103  1
 200 103  1
 275 103  1
 276 103  1
  70 104  1
 170 104  1
 172 104  1
 163 105  1
  36 106  1
  37 106  1
 218 106  1
 254 106  1
  69 107  1
  35 108  1
 148 108  1
  20 109  1
 209 109  1
 210 109  1
 260 109  1
  82 110  1
 201 110  1
  29 111  1
  65 111  1
  85 111  1
  86 111  1
 197 111  1
 222 111  1
 223 111  1
  20 112  1
 255 112  1
 262 112  1
 263 112  1
 193 113  1
  37 114  1
 158 114  1
  90 115  1
  92 115  1
 222 115  1
  99 116  1
 149 116  1
   2 117  1
   3 117  1
  53 117  1
  54 117  1
 154 117  1
 136 118  1
 191 118  1
 192 118  1
 211 118  1
 220 118  1
 266 118  1
  69 119  1
  87 119  1
 142 119  1
  77 120  1
 261 120  1
  35 121  1
 231 121  1
  53 122  1
  57 122  1
 117 122  1
 229 122  1
 268 122  1
 122 123  1
 123 123  1
 139 123  1
 192 123  1
 194 123  1
  24 124  1
 104 124  1
 215 124  1
 245 124  1
 261 124  1
 186 125  1
 253 125  1
 257 125  1
 259 125  1
  33 126  1
 221 126  1
 127 127  1
  51 128  1
  89 128  1
 110 128  1
 165 128  1
 198 128  1
  21 129  1
  64 129  1
  66 129  1
 250 129  1
 110 130  1
 121 130  1
 180 130  1
 234 130  1
 239 130  1
 264 130  1
  10 131  1
  16 131  1
  31 131  1
  60 131  1
  61 131  1
 118 131  1
 124 131  1
 175 131  1
 182 131  1
 228 131  1
 231 131  1
 276 131  1
 277 131  1
  80 132  1
 107 132  1
 114 132  1
 126 132  1
 202 132  1
 244 132  1
 207 133  1
 208 133  1
   7 134  1
   8 134  1
  28 134  1
 187 134  1
 188 134  1
 229 134  1
 270 134  1
 271 134  1
   2 135  1
   3 135  1
  14 135  1
  12 136  1
 107 137  1
 203 137  1
 207 137  1
 225 137  1
 140 138  1
 189 139  1
 101 140  1
 123 140  1
 193 140  1
   4 142  1
   5 142  1
  11 142  1
  37 142  1
 239 142  1
 112 143  1
 113 143  1
 144 143  1
 224 143  1
 225 143  1
  39 144  1
 117 144  1
  63 145  1
 229 146  1
 234 146  1
  96 147  1
  97 147  1
 100 147  1
 106 147  1
 151 147  1
 153 147  1
 236 147  1
 237 147  1
 272 147  1
  51 148  1
 258 148  1
   6 149  1
   7 149  1
  45 149  1
  46 149  1
 202 149  1
 205 149  1
 266 149  1
  92 150  1
   7 151  1
  29 151  1
 236 151  1
  20 152  1
 171 152  1
 226 152  1
 254 152  1
 255 152  1
   7 153  1
   8 153  1
  30 153  1
 230 153  1
 231 153  1
 168 154  1
  93 155  1
  14 157  1
  16 157  1
 168 158  1
 220 158  1
  16 159  1
  26 159  1
  29 159  1
  30 159  1
 209 159  1
 167 160  1
 181 160  1
 225 160  1
  15 161  1
  16 161  1
 189 162  1
 220 162  1
  19 163  1
  43 164  1
 140 164  1
 210 165  1
 226 165  1
 145 166  1
 233 166  1
 178 167  1
 273 167  1
 274 167  1
 195 170  1
 218 170  1
 219 170  1
 220 170  1
 211 171  1
 163 172  1
 233 172  1
 234 172  1
 272 172  1
 273 172  1
 213 173  1
 177 174  1
 178 174  1
 200 174  1
  25 176  1
 182 176  1
 278 176  1
 279 176  1
  19 177  1
 102 178  1
 104 178  1
 216 178  1
 183 179  1
 205 179  1
  32 180  1
 211 180  1
 276 181  1
 277 181  1
 212 182  1
 216 182  1
  26 183  1
 202 184  1
 204 184  1
 192 185  1
 241 185  1
 200 186  1
 245 186  1
  20 187  1
 103 188  1
 273 189  1
  22 190  1
 244 190  1
 100 191  1
 237 191  1
 238 191  1
 250 191  1
 251 191  1
  46 192  1
 216 192  2
 158 193  1
 270 193  1
 154 194  1
  47 195  1
 102 195  1
 151 196  1
  28 197  1
 238 198  1
  94 199  1
 246 199  1
  99 200  1
 148 200  1
  31 201  1
  39 201  1
  43 201  1
  88 201  1
 153 201  1
 243 201  1
  71 202  2
  72 202  1
 125 206  1
 157 207  1
 158 207  1
  46 208  1
  92 208  1
 150 208  1
 195 208  1
 196 208  1
  96 210  1
 116 211  1
 121 211  1
 122 211  1
  51 212  1
 137 212  1
 231 212  1
  86 213  1
 157 213  1
  84 215  1
 101 215  1
 135 215  1
 195 215  1
 196 215  1
 253 215  1
 113 216  1
 114 216  1
  47 217  1
  90 217  1
 108 217  1
 133 218  1
 231 218  1
 232 218  1
 101 219  1
 145 219  1
 150 219  1
  59 220  1
  95 220  1
 141 220  1
  82 221  1
 200 221  1
 201 221  1
  65 222  1
 105 222  1
 113 222  1
 148 222  1
 128 223  1
 194 223  1
 234 223  1
  86 224  1
 139 225  2
 141 225  1
 244 225  1
  66 226  1
 194 226  1
 195 226  1
 134 227  1
 200 228  1
 126 230  1
 171 230  1
 136 231  1
 227 231  1
  76 233  1
  96 233  1
 106 233  1
 196 233  1
 197 233  1
  83 235  1
  99 236  1
 100 236  1
 120 236  1
 200 236  1
 201 236  1
 230 236  1
 131 237  1
 132 237  1
 225 239  1
 102 240  1
 126 240  1
 212 240  1
  91 242  1
 108 242  1
 149 244  1
 151 244  1
 153 244  1
 216 244  1
 117 245  1
 124 245  1
 125 245  1
 202 245  1
 203 245  1
 101 246  1
 190 248  1
 208 248  1
 209 248  1
 123 249  1
 148 250  1
 149 250  1
 111 251  1
 112 251  1
 165 251  1
 134 252  1
 155 252  1
 197 252  1
 120 253  1
 148 253  1
 192 254  1


count = 579