 137   1  1
 154   1  1
 172   1  1
 122   2  1
 186   4  1
 113   5  1
 188   5  1
 190   5  1
 192   6  1
 111   7  1
 168   7  1
 172   8  1
 129  10  1
 139  10  1
 187  12  1
 203  12  1
 120  13  1
 121  13  1
 189  14  1
 193  14  1
  80  15  1
 114  15  1
 115  15  1
  78  16  1
 121  16  1
 122  16  1
 160  16  1
 141  17  1
 152  17  1
 166  17  1
 175  17  1
 178  17  1
 187  17  1
 188  17  1
 211  17  1
 122  18  1
 171  18  1
 191  19  1
 104  20  1
 102  21  1
 139  21  1
 191  21  1
 148  23  1
 100  24  2
 136  24  1
 153  24  1
 224  24  1
  58  25  1
 118  25  1
 119  25  1
 173  25  1
 193  25  1
 194  25  1
 102  26  1
 103  26  1
  70  27  1
 148  27  1
 229  27  1
 124  28  1
 125  28  1
 142  28  1
 165  28  1
 212  28  1
 213  28  1
  64  29  1
 138  29  1
 181  29  1
 182  29  1
  51  30  1
  71  30  1
  72  30  1
 125  30  1
 149  30  1
 118  31  1
 119  31  1
 145  32  1
 146  32  1
 125  34  1
 158  34  1
 181  34  1
 182  34  1
 238  34  1
  45  35  1
 117  35  1
 172  35  1
 205  35  1
  61  36  1
  62  36  1
  68  36  1
 113  36  1
 166  36  1
  94  37  1
 106  37  1
 194  37  1
 218  37  1
 209  38  1
 141  39  1
 147  39  1
 148  39  1
 155  39  1
 181  39  1
 182  39  1
 213  39  1
  73  40  1
 104  40  1
 125  40  1
  51  41  1
 112  41  1
 201  41  1
 143  42  1
 144  42  1
  55  43  1
 196  43  1
 197  43  1
 173  44  1
 179  44  1
  50  45  1
 108  45  1
 150  45  1
 185  45  1
 209  45  1
 238  45  1
  62  46  1
  71  46  1
 126  46  1
 131  46  1
 135  46  1
  43  47  1
  57  47  1
 138  47  1
 196  48  1
 219  48  1
 220  48  1
 206  49  1
  40  50  1
  66  50  1
 167  50  1
 176  50  1
 240  50  1
 125  51  1
  39  52  1
 192  52  1
 216  52  1
 244  52  1
 245  52  1
 138  53  1
 147  53  1
  27  54  1
  38  54  1
  47  54  1
  68  54  1
 149  54  1
 177  54  1
 183  54  1
 191  54  1
 200  54  1
 212  54  1
 216  54  1
 242  54  1
  51  55  1
  60  55  1
 205  55  1
  36  56  1
  38  56  1
  49  56  1
 152  56  1
 153  56  1
 223  56  1
  34  57  1
 174  57  1
  23  59  1
  73  59  1
 128  59  1
 196  59  1
  46  60  1
 190  60  1
 228  60  1
 248  60  1
 249  60  1
 250  60  1
 123  61  1
 114  62  1
 115  62  1
 119  62  1
 157  62  1
 206  62  1
 234  62  1
 184  63  1
 266  64  1
 267  64  1
 167  65  2
 168  65  1
 229  65  1
 232  65  1
  18  66  1
  68  66  1
  69  66  1
 114  67  1
 127  67  1
 207  67  1
 225  67  1
  68  68  1
 120  68  1
 156  69  1
 200  69  1
 239  69  1
 240  69  1
  69  70  1
  60  71  1
  62  71  1
 125  71  1
 188  71  1
 193  71  1
 198  71  1
 211  71  1
 233  71  1
 271  71  1
  52  73  1
  72  73  1
  76  73  1
 100  73  1
 112  73  1
 117  73  1
 148  73  1
  27  74  1
  28  74  1
 153  74  1
 184  74  1
 216  74  1
  51  75  1
  84  75  1
 195  75  1
  68  76  1
  70  76  1
 184  76  1
 220  76  1
 274  76  1
  12  77  1
 176  77  1
 177  77  1
 192  77  1
 222  77  1
 224  77  1
 171  78  1
 172  78  1
 183  78  1
 226  78  1
 250  78  1
  47  79  1
  78  79  1
 169  80  1
 189  80  1
 229  80  1
 230  80  1
  31  81  1
  68  81  1
   9  82  1
  10  82  1
 253  82  1
  37  83  1
 167  83  1
 177  83  1
 182  83  1
 183  83  1
  30  84  1
 239  84  1
 258  84  1
   8  85  1
   9  85  1
 162  85  1
 177  85  1
 187  85  1
 188  85  1
 250  86  1
  76  87  1
 166  87  1
 167  87  1
 184  88  1
  70  89  1
  71  89  1
 167  90  1
 180  90  1
 181  90  1
 194  90  1
 255  90  1
 173  91  1
 247  91  1
 240  92  1
 107  93  1
 169  93  1
  92  94  1
 145  94  1
 146  94  1
 255  94  1
 153  95  1
 174  95  1
 175  95  1
 192  95  1
 242  95  1
  93  96  1
 122  96  1
  11  97  1
  44  97  1
  45  97  1
  47  97  1
  84  97  1
 142  97  1
 162  97  1
 166  97  1
  56  98  1
  93  98  1
 133  98  1
 244  98  1
 126  99  1
 166  99  1
  90 100  1
  91 100  1
 159 100  1
 195 100  1
  16 101  1
  20 101  1
  29 101  1
 166 101  1
 232 101  1
 123 102  1
 124 102  1
 168 102  1
  11 103  1
  12 103  1
  88 103  1
 163 103  1
 280 103  1
 281 103  1
  24 104  1
 204 104  1
 205 104  1
  90 105  1
 101 105  1
  24 106  1
 224 106  1
 225 106  1
 279 106  1
 280 106  1
 165 107  1
  11 108  1
  35 108  1
 119 108  1
 208 108  1
  23 109  1
  24 109  1
 165 109  1
 220 109  2
 221 109  1
 230 110  1
 246 110  1
 118 111  1
 162 112  1
 212 112  1
  93 113  1
 115 113  1
 154 113  1
 155 113  1
 156 113  1
   4 114  1
   5 114  1
 150 114  1
 162 114  1
 217 114  1
 242 114  1
  34 115  1
  35 115  1
 124 115  1
  92 117  1
  93 117  1
 114 117  1
 115 117  1
 222 117  1
 271 117  1
  28 118  1
 182 118  1
  87 119  1
 237 119  1
 239 119  1
 263 119  1
 267 119  1
 101 120  1
 104 120  1
 113 120  1
 146 120  1
 153 120  1
 159 120  1
 150 121  1
 115 122  1
 120 122  1
 206 122  1
 233 122  1
 100 123  1
 143 123  1
 196 123  1
 202 123  1
 271 123  1
 180 124  1
 181 124  1
 211 124  1
 224 124  1
 226 124  1
 264 124  1
 147 126  1
 204 126  1
 205 126  1
 192 127  1
 215 127  1
 222 127  1
 261 127  1
  53 128  1
  57 128  1
 153 128  1
 185 128  1
 190 128  1
 207 128  1
 279 128  1
   3 129  1
  29 129  1
  45 129  1
 113 129  1
  24 130  1
 177 130  1
  48 131  1
  64 131  1
 106 132  1
 193 132  1
 202 132  1
 207 132  1
   1 133  1
  58 133  1
 131 133  1
 281 133  1
 282 133  1
  51 134  1
  64 134  1
 143 134  1
 151 134  1
 179 134  1
 180 134  1
 207 134  1
 256 134  1
  60 135  1
 111 135  1
 126 135  1
 185 135  1
 186 135  1
 198 135  1
 224 135  1
 252 135  1
 102 136  1
 158 136  1
 159 136  1
 201 136  1
 231 136  1
 245 136  1
 282 136  1
 283 136  1
 134 137  1
 211 137  1
 213 137  1
 147 138  1
 180 138  1
 111 139  1
 161 139  1
 162 139  1
 188 139  1
  25 140  1
   1 141  1
  28 141  1
  97 141  1
 211 141  1
 239 141  1
 143 142  1
 191 142  1
 192 142  1
 227 142  1
 229 142  1
  93 143  1
  94 143  1
 128 143  1
 129 143  1
 111 144  1
 134 144  1
 236 145  1
 240 145  1
 139 146  1
 182 146  1
 183 146  1
 213 146  1
 256 146  1
 264 146  1
   7 147  1
   8 147  1
  13 147  1
  46 147  1
  93 147  1
 145 147  1
 147 147  1
  36 148  1
  97 148  1
  98 148  1
 111 148  1
 193 148  1
 219 148  1
 220 148  1
 221 148  1
  48 149  1
  49 149  1
  95 150  1
 143 150  1
 159 150  1
 265 150  1
  15 151  1
  31 151  1
 123 151  1
 200 151  1
 204 151  1
 205 151  1
 206 151  1
 214 151  1
 242 151  1
 253 151  1
 254 151  1
  18 152  1
  51 152  1
  62 153  1
 119 153  1
 136 153  1
 167 153  1
 186 153  1
 194 153  1
 195 153  1
 248 153  1
  23 154  1
  79 154  1
  83 154  1
 141 154  1
 157 154  1
 158 154  1
 209 154  1
 260 154  1
  30 155  1
  93 155  1
 147 155  1
 148 155  1
 171 155  1
  64 156  1
  91 156  1
 118 156  1
 119 156  1
 195 156  1
  86 157  1
 110 157  1
 238 157  1
  19 158  1
  35 158  1
  72 158  1
 255 158  1
  12 159  1
  41 159  1
  47 159  1
 150 159  1
 197 159  1
 198 159  1
 251 159  1
  65 160  1
 146 160  1
 152 160  1
 213 160  1
 259 160  1
  10 161  1
  79 161  1
  80 161  1
 173 161  1
 234 161  1
 279 161  1
 280 161  1
  28 162  1
  29 162  1
  60 162  1
  61 162  1
  41 163  1
 136 163  1
 137 163  1
  52 164  1
 155 164  1
 227 164  1
  56 165  1
  99 165  1
 133 165  1
 147 165  1
 148 165  1
 197 165  1
 251 165  1
 252 165  1
  30 166  1
  31 166  1
  48 166  1
 277 166  1
 278 166  1
  89 167  1
  94 167  1
 142 167  1
 176 167  1
 198 167  1
 233 167  1
 112 168  1
 130 168  1
 249 168  1
  46 169  1
  64 169  1
  98 169  1
 152 169  1
 183 169  1
 197 169  1
 198 169  1
 125 170  1
 171 170  1
 247 170  1
 117 171  1
 152 171  1
 153 171  1
 234 171  1
   5 172  1
   6 172  1
 128 172  1
 163 172  1
 245 172  1
 157 173  1
 169 173  1
 170 173  1
 184 173  1
 193 173  1
 194 173  1
 203 173  1
 205 173  1
 207 173  1
 212 173  1
 227 173  1
 259 173  1
 266 173  1
  48 174  1
 111 174  1
 139 174  1
 140 174  1
 187 174  1
 188 174  1
 237 174  1
 241 174  1
   6 175  1
   7 175  1
  23 175  1
  33 175  1
  34 175  1
  79 175  1
 116 175  1
 152 175  1
 181 175  1
 220 175  1
 224 175  1
 146 176  2
 273 176  1
  18 177  1
  44 177  1
  27 178  1
  28 178  1
  48 178  1
 169 178  1
 175 178  1
 228 178  1
  44 179  1
 158 179  1
 189 180  1
 190 180  1
  19 181  1
  24 181  1
  37 182  1
 178 182  1
  10 183  1
 151 183  1
 180 183  1
  47 184  1
 141 184  1
 188 184  1
 191 184  1
 243 184  1
  35 185  1
  41 185  1
  83 185  1
  89 185  1
 183 185  1
 184 185  1
  49 186  1
 178 186  1
 199 186  1
 200 186  1
 244 186  1
 251 186  1
 256 186  1
 240 187  1
 263 187  1
  80 188  1
  86 188  1
 141 188  1
 154 188  1
 244 188  1
  13 189  1
  14 189  1
  94 189  1
 135 189  1
 210 189  1
  77 190  1
  79 190  1
 160 190  1
 229 190  1
 230 190  1
 261 190  1
  30 191  1
  31 191  1
 130 191  1
 230 192  1
  16 193  1
  27 193  1
  62 193  1
 236 193  1
 237 193  1
 186 194  1
 187 194  1
 229 194  1
 127 195  1
 163 195  1
 194 195  1
 209 195  1
 210 195  1
  53 196  1
  54 196  1
  59 196  1
  72 196  1
  93 196  1
 176 196  1
 206 196  1
  63 197  1
  83 197  1
 106 197  1
 115 197  1
 223 197  1
 172 198  1
 195 198  2
 217 198  1
  65 199  1
 139 200  1
 169 200  1
 244 200  1
 245 200  1
  65 201  1
 101 201  1
 105 201  1
 135 201  1
 118 202  1
 169 202  1
 199 202  1
 206 202  1
 236 202  1
 238 202  1
 240 202  1
  45 203  1
  54 203  1
  64 204  1
 100 204  1
 111 204  1
 112 204  1
 140 204  1
 233 204  1
  85 205  1
  98 205  1
 116 205  1
 118 205  1
 132 205  1
  71 206  1
  87 206  1
  88 206  1
 125 206  2
 126 206  1
 170 206  1
 171 206  1
  39 207  1
 234 207  1
  30 208  1
 131 209  1
 218 209  1
  68 210  1
 104 210  1
 108 210  1
 135 210  1
  63 211  1
  90 211  1
 120 211  1
 229 211  1
  58 212  1
 183 212  1
  43 213  1
  50 213  1
  90 213  1
  88 214  1
  93 214  1
 103 214  1
 207 214  1
  78 215  1
 182 215  1
 189 215  1
 190 215  1
 220 215  1
 221 215  1
 106 216  1
 167 216  1
 237 217  1
  56 218  1
  93 218  1
 172 218  1
  85 219  2
 107 219  1
 189 219  1
 216 219  1
  42 220  1
  97 220  1
  58 221  1
  59 221  1
  99 221  1
 107 221  1
 220 221  1
 129 222  1
 130 222  1
  87 223  1
  88 223  1
 102 223  1
 187 223  1
 147 224  1
  60 225  1
 186 225  1
 187 225  1
  49 226  1
 110 226  1
 150 226  1
 167 226  1
 168 226  1
 171 226  1
 172 226  1
  99 227  1
 176 227  1
 181 227  1
 194 227  1
  65 228  1
 142 228  1
 144 228  1
 151 228  1
 184 228  1
  55 229  1
 122 229  1
 123 229  1
 176 229  1
 222 229  1
  69 230  1
  75 230  1
  80 230  1
 125 230  1
 127 230  1
 147 230  1
  57 231  1
  72 231  1
  73 231  1
 219 231  1
 109 232  1
 118 232  1
 152 232  1
 153 232  1
 125 233  1
 190 233  1
  79 234  1
  80 234  1
  93 234  1
  94 234  1
 143 234  1
 193 234  1
  65 235  1
  66 235  1
 128 235  1
 129 235  1
 148 235  1
 211 235  1
  85 236  1
  89 236  1
 175 236  1
 179 236  1
 185 236  1
 196 236  1
 197 236  1
  71 238  1
  72 238  1
 127 238  1
 128 238  1
 158 238  1
  89 239  1
 141 239  1
 143 239  1
 151 239  1
 164 239  1
  98 240  1
 185 240  1
 187 240  1
 101 241  1
 115 241  1
 116 241  1
 121 241  1
 140 242  1
 168 242  1
 200 242  1
 133 243  1
 134 243  1
 157 244  1
 158 244  1
 163 244  1
 164 244  1
  89 245  1
 122 245  1
 193 246  1
  91 247  1
 120 247  1
 156 247  1
 157 247  1
 118 248  1
 151 248  1
 103 250  1
 186 250  1
 134 251  1
 155 252  1
 174 255  1
 152 257  1


count = 942