 148   1  1
 192   1  1
 138   3  1
 135   4  1
 200   4  1
 201   4  1
 155   9  1
 162   9  1
 185   9  1
 212   9  1
 102  10  1
 215  11  1
 179  12  1
  74  16  1
 223  17  1
 104  18  1
 196  18  1
 197  18  1
  82  19  1
  94  19  1
  98  19  1
 179  19  1
 184  19  1
 194  20  1
  61  21  1
  99  21  1
  55  24  1
  96  25  1
  97  25  1
  76  26  1
 115  26  1
  80  27  1
 178  27  1
 179  27  1
 180  27  1
 187  27  1
  63  28  1
 109  28  1
  80  29  1
  93  29  1
  98  29  1
  68  30  1
  69  30  1
  84  30  1
  85  30  1
 139  31  1
 140  31  1
 214  31  1
  45  32  1
 211  32  1
 104  33  1
 116  33  1
  81  34  1
  82  34  1
  85  34  1
 190  34  1
  95  35  1
  87  36  1
 208  36  1
 210  36  1
  36  37  1
 110  37  1
 194  37  1
 195  37  1
  63  38  1
 141  38  1
 142  38  1
  48  39  1
  52  40  1
  65  41  1
  66  41  1
  30  42  1
  94  42  2
  95  42  1
 204  42  1
 106  43  1
 107  43  1
 194  43  1
 195  43  1
 109  44  1
 202  44  1
  89  45  1
 141  45  1
 142  45  1
 154  45  1
 155  45  1
 163  45  1
  42  46  1
  43  46  1
  68  46  1
 136  48  1
 137  48  1
 151  48  1
 157  48  1
 183  48  1
 211  49  1
  75  50  1
 145  50  1
 146  50  1
 154  50  1
 257  50  1
  45  51  1
  75  52  1
 157  52  1
 187  52  1
 188  52  1
 209  53  1
 138  54  1
  63  55  1
  75  55  1
 134  55  2
 135  55  1
  77  57  1
  15  58  1
  31  58  1
  32  58  1
 218  58  1
 219  58  1
  20  59  1
 149  60  1
 221  60  1
 265  60  1
  49  61  1
  56  63  1
  67  64  1
  18  65  1
  31  65  1
  93  65  1
 116  65  1
 117  65  1
 204  65  1
  20  66  1
  43  66  1
 104  68  1
 189  68  1
   9  69  1
  10  69  1
 186  69  1
  66  70  1
  92  71  1
 200  71  1
  97  72  1
 101  72  1
 180  72  1
 181  72  1
 213  72  1
 214  72  1
 219  72  1
  74  73  1
 277  73  1
   7  74  1
   8  74  1
  89  74  1
  91  74  1
 213  74  1
 214  74  1
 221  75  1
  71  76  1
 225  76  1
  68  77  1
  79  77  1
 186  77  1
 191  77  1
  83  78  1
  85  78  1
 174  78  1
  47  79  1
 229  79  1
  86  80  1
 184  80  1
 185  80  1
 234  80  1
 191  81  1
 192  81  1
  24  82  1
  39  82  1
 106  82  1
 219  82  1
 236  82  1
 245  82  1
 255  82  1
  20  83  1
  29  83  1
  51  83  1
 171  83  1
 197  83  1
 223  83  1
 272  83  1
 257  84  1
 263  84  1
  25  85  1
  32  85  1
 238  85  1
 239  85  1
 272  85  1
  36  86  1
 168  86  1
 174  86  1
 218  86  1
  20  87  1
 181  87  1
 194  87  1
 222  87  1
  22  88  1
  24  88  1
 166  88  1
 245  88  1
 180  89  1
 185  89  1
 251  89  1
 265  89  1
 270  89  1
 274  89  1
  43  90  1
 166  90  1
 174  90  1
  46  91  1
  49  93  1
 167  93  1
 168  93  1
 187  94  1
 189  94  1
  51  95  1
  85  95  1
  46  96  1
  76  96  1
 183  96  1
  26  98  1
  40  98  1
  41  98  1
 172  99  1
  89 100  1
  37 101  1
 282 101  1
 283 101  1
  32 102  1
  51 102  1
  76 102  1
  77 102  1
  90 102  1
 262 102  1
   3 103  1
   4 103  1
  27 104  1
  94 104  1
 169 105  1
 175 105  1
 176 105  1
  94 106  1
  17 107  1
  20 108  1
  93 108  1
  94 108  1
 176 108  1
  12 109  1
  25 109  1
  26 109  1
  50 109  1
 112 109  1
 279 109  1
 280 109  1
   7 110  1
  33 110  1
 269 110  1
 178 111  1
 159 112  1
 160 112  1
 170 112  1
 171 112  1
 256 112  1
 271 112  1
 272 112  1
 187 113  1
 263 113  1
  26 114  1
  34 114  1
  82 115  1
 263 115  1
 252 116  1
 270 116  1
 167 117  1
 192 117  1
  16 118  1
 269 118  1
 121 119  1
 192 119  1
 203 119  1
 212 119  1
 213 119  1
 234 119  1
 134 120  1
 135 120  1
  32 121  1
  40 121  1
 151 121  1
 267 121  1
  15 122  1
  24 122  1
  25 122  1
  91 122  1
 117 122  1
 138 122  1
 192 122  1
 112 123  1
  42 124  1
  51 124  1
 210 124  1
 211 124  1
 258 124  1
 221 125  1
 225 125  1
 231 125  1
 232 125  1
 253 125  1
   9 126  1
  34 126  1
 161 126  1
 214 126  1
 249 126  1
 169 127  1
 170 127  1
 234 127  1
 244 127  1
 245 127  1
 254 127  1
 210 128  1
 260 128  1
 276 128  1
  91 129  1
 155 129  1
 219 129  1
 255 129  1
 271 129  1
  87 130  1
 138 130  1
 139 130  1
 144 130  1
 207 130  1
 208 130  1
 266 130  1
 112 131  1
 123 131  1
 128 131  1
 146 131  1
 157 131  1
 226 131  1
 242 131  1
 170 132  1
 183 132  1
 184 132  1
 149 133  1
 150 133  1
 168 133  1
 189 133  1
 216 133  1
 217 133  1
 244 133  1
 280 133  1
 281 133  1
 248 134  1
 254 134  1
 255 134  1
   2 135  1
  84 135  1
 136 135  1
 180 135  1
 132 136  1
 230 136  1
 231 136  1
  83 137  1
 119 137  1
 136 137  1
 152 137  1
 258 137  1
   1 138  1
 124 138  1
 172 138  1
 194 138  1
  80 140  1
  78 142  1
 118 142  1
 220 144  1
   1 145  1
 173 145  1
 174 145  1
 197 145  1
  77 146  1
  95 146  1
 207 146  1
 214 146  1
 215 146  1
 189 147  1
 276 147  1
  73 149  1
 161 149  1
 162 149  1
 168 149  1
 274 149  1
 171 150  1
 172 150  1
 173 150  1
 211 151  1
 106 152  1
 137 152  2
 272 152  1
   7 153  1
 201 153  1
 202 153  1
 261 153  1
  15 154  1
 119 154  1
 123 154  1
 137 154  1
 258 154  1
  11 155  1
 145 155  1
 112 156  1
 117 156  1
 184 156  1
 210 156  1
 211 156  1
 246 156  1
 266 156  1
 109 157  1
 203 157  1
 254 157  1
 207 158  1
   8 159  1
  71 159  1
  72 159  1
 128 159  1
 259 160  1
 178 161  1
 179 161  1
 245 161  1
 249 161  1
 257 161  1
 273 161  1
  88 163  1
 147 163  1
 265 163  1
 270 163  1
  82 164  1
  93 164  1
 279 164  1
 280 164  1
 177 165  1
 178 165  1
 241 165  1
  92 166  1
 153 166  1
 154 166  1
 142 167  1
 143 167  1
 278 167  1
 279 167  1
 178 168  1
 179 168  1
 250 168  1
  85 169  1
 166 169  1
 113 170  1
  15 171  1
  16 171  1
 164 171  1
 179 171  1
 180 171  1
 236 171  1
 246 171  1
 106 172  1
 147 172  1
 188 172  1
  11 173  1
 100 173  1
 230 173  1
 231 173  1
 174 174  1
 243 174  1
  95 175  1
 157 175  1
 167 175  1
 191 175  1
 192 175  1
 204 175  1
 228 175  1
 222 176  1
 223 176  1
 274 176  1
  92 179  1
 169 179  1
 170 179  1
 174 179  1
 175 179  1
  52 180  1
  76 180  1
  77 180  1
 272 180  1
  49 181  1
 164 181  1
  42 182  1
  88 182  1
 166 182  1
 171 182  1
 172 182  1
 189 182  1
 193 182  1
 214 184  1
 269 184  1
  10 185  1
 173 185  1
 246 185  1
  97 186  1
 180 188  1
 207 188  1
  12 189  1
 192 189  1
 198 190  1
 265 190  1
 149 191  1
 181 191  1
 197 192  1
 190 193  1
 191 193  1
 151 194  1
 152 194  1
 106 195  1
  20 198  1
 106 199  1
 107 199  1
 127 199  1
 122 200  1
 145 200  1
 127 203  1
 142 204  1
 108 205  1
 110 205  1
 148 205  1
 149 205  1
  28 206  1
 134 206  1
  92 207  1
 125 207  1
 131 207  1
  88 208  1
  90 208  1
 115 210  1
 141 210  1
 143 210  1
 249 210  1
  83 214  1
 107 214  1
 126 216  1
 114 217  1
 115 217  1
  98 219  1
  80 220  1
  81 220  1
 218 221  1
 219 221  1
  89 222  1
  90 222  1
 108 222  1
  80 224  1
  85 224  1
  99 224  1
 127 224  1
 135 224  1
  50 225  1
 222 226  1
 127 228  1
 128 228  1
 132 229  1
  63 231  1
  90 231  1
  81 232  1
 147 233  1
  70 235  1
  91 235  1
 144 237  1
  76 238  1
  78 238  1
 161 238  1
  99 241  1
 105 242  1
 115 245  1
 160 245  1
 161 245  1
 212 245  1
 118 246  1
 138 246  1
 124 248  1
 206 248  1
 127 249  1
 159 250  1
 136 251  1
 139 252  1
 142 253  1
 195 253  1


count = 598