 154   1  1
 179   1  1
 128   4  1
 142   6  1
 148   6  1
 150   6  1
 155   6  1
 156   6  1
 169   6  1
 201   6  1
 121   7  1
 147   8  1
 167   8  1
 205   8  1
 162  10  1
 177  10  1
 207  10  1
 156  11  1
 112  12  1
 113  12  1
 203  14  1
 142  15  1
 171  15  1
 172  15  1
 146  16  1
 156  18  1
 158  19  1
 171  19  1
 172  19  1
 195  19  1
 211  19  1
 109  20  1
 224  20  1
 213  22  1
 215  22  1
 217  22  1
 227  22  1
  83  23  1
 102  23  1
 103  23  1
 113  23  1
 158  23  1
 187  23  1
 188  23  1
 193  24  1
 194  24  1
 199  24  1
 114  25  1
  74  26  1
 161  26  1
 162  26  1
 233  26  1
  87  27  1
 222  27  1
  92  28  1
 105  28  1
 218  28  1
 220  28  1
 187  29  1
 191  29  1
 239  29  1
  87  30  1
 107  32  1
 108  32  1
 172  32  1
 173  32  1
 177  32  1
  68  34  1
 229  35  1
 104  36  1
 105  36  1
 217  36  1
 249  37  1
  61  40  1
  62  40  1
  67  40  1
  93  40  1
 169  41  1
 173  41  1
 253  41  1
 109  42  1
  89  44  1
  97  44  1
 104  44  1
  47  46  1
  91  46  1
 257  47  1
 142  48  1
 175  48  1
  43  49  1
 108  49  1
  97  50  1
  98  50  1
 259  50  1
  51  51  1
  93  51  1
  94  51  1
 118  53  1
 119  53  1
 201  53  1
  45  54  1
 146  54  1
  98  55  1
 115  55  1
 192  55  1
  93  56  1
 190  57  1
 203  57  1
 204  57  1
  93  58  1
 129  58  1
 139  58  1
 140  58  1
 121  59  1
 134  59  1
 171  59  1
 129  60  1
  36  61  1
 113  61  1
 114  61  1
 124  61  1
 134  61  1
 174  61  1
 175  61  1
 190  61  1
 191  61  1
 165  62  1
 120  63  1
 121  63  1
  95  64  1
 112  64  1
 113  64  1
 169  64  1
 170  64  1
  32  65  1
  90  65  1
  91  65  1
 109  67  1
 115  67  1
  77  68  1
  78  68  1
 133  68  1
  73  69  1
 103  69  1
 118  69  1
 192  69  1
 193  69  1
  99  70  1
 113  70  1
 198  70  1
 200  72  1
 104  73  1
 105  73  1
 185  73  1
 186  73  1
 272  73  1
 273  73  1
  86  74  1
  92  74  1
  95  75  1
 101  75  1
  81  76  1
  85  76  1
  11  77  1
  26  77  1
 199  77  1
 200  77  1
 276  79  1
   8  80  1
 177  80  1
 200  81  1
 175  83  1
  26  84  1
   6  87  1
   7  87  1
 191  87  1
 192  87  1
  18  88  1
 186  89  1
  23  90  1
  24  90  1
 266  90  1
 179  94  1
 180  94  1
 175  95  1
 254  95  1
 255  95  1
 188  97  1
  16  98  1
  17  98  1
 193  98  1
  30  99  1
  88  99  1
 170  99  1
 171  99  1
 257  99  1
 262  99  1
  76 100  1
  19 101  1
 181 101  1
 185 101  1
 260 102  1
  90 103  1
 269 103  1
  97 104  1
 251 104  1
 252 104  1
 101 106  1
 177 107  1
 282 107  1
 283 107  1
  59 108  1
 105 108  1
 117 108  1
 210 108  1
  95 109  1
 126 109  1
  74 110  1
  75 110  1
  99 110  1
 112 110  1
 251 110  1
 266 110  1
   4 111  1
   5 111  1
 108 111  1
 126 111  1
 170 111  1
 213 111  1
 274 111  1
 165 112  1
 253 112  1
 254 112  1
 268 112  1
 280 112  1
 281 112  1
  77 113  1
 133 114  1
 134 114  1
 199 114  1
 168 115  1
 169 115  1
  58 116  1
  81 116  1
  82 116  1
 133 116  1
 156 116  1
 175 117  1
 210 117  1
 213 117  1
 270 117  1
 278 117  1
 125 118  1
 126 118  1
 131 118  1
 132 118  1
 200 118  1
 201 118  1
 255 118  1
 256 118  1
 140 119  2
 141 119  1
 261 119  1
 266 119  1
 150 121  1
 171 121  1
 172 121  1
 216 121  1
  14 122  1
  16 122  1
  17 122  1
  73 122  1
  74 122  1
  87 122  1
 110 122  1
 203 122  1
 227 122  1
   4 123  1
 113 123  1
 217 123  1
 254 123  1
 255 123  1
 268 123  1
 269 123  1
 274 123  1
 275 123  1
  51 124  1
  57 124  1
 179 124  1
 186 124  1
 191 124  1
  20 125  1
  65 125  1
  45 126  1
  96 126  1
  97 126  1
 107 126  1
 160 126  1
  61 127  1
 113 127  1
 149 127  1
 227 127  1
  74 128  1
  92 128  1
  93 128  1
 118 128  1
 145 128  1
 179 128  1
 257 128  1
 165 129  1
 181 129  1
 184 129  1
 196 129  1
  18 130  1
  70 130  1
 122 130  1
 123 130  1
 124 130  1
 159 130  1
 168 130  1
 211 130  1
  45 131  1
  62 131  1
  76 131  1
  77 131  1
 145 131  1
  79 132  1
 188 132  1
 215 132  1
 226 132  1
 234 132  1
 235 132  1
  60 133  1
 133 133  1
 137 133  1
 220 133  1
  17 134  1
  50 134  1
 131 134  1
 143 134  1
 173 134  1
  23 135  1
  24 135  1
 152 135  1
 203 135  1
  12 136  1
  31 136  1
 157 136  1
 259 136  1
   9 137  1
  52 137  1
 266 137  1
 268 137  1
   7 138  1
  27 138  1
  28 138  1
  81 138  1
  82 138  1
 189 138  1
 197 138  1
 186 140  1
 188 140  1
 202 140  1
  79 141  1
 165 141  1
 170 141  1
 258 141  1
 259 141  1
   2 142  1
  10 142  1
  26 142  1
 262 142  1
 111 143  1
 126 143  1
 277 144  1
   1 145  1
  23 145  1
  76 145  1
 190 146  1
  92 148  1
 193 148  1
 195 149  1
 171 150  1
 172 150  1
  10 151  1
  12 152  1
  56 152  1
  88 153  1
 184 154  1
  27 155  1
  34 155  1
  47 155  1
  45 156  1
 186 156  1
 187 156  1
  68 157  1
  86 157  1
 174 157  1
   1 158  1
 187 158  1
 194 158  1
  67 159  1
  87 160  1
  88 160  1
 103 161  1
 171 161  1
 178 161  1
  68 163  1
  91 163  1
 186 163  1
  89 164  1
 280 164  1
 281 164  1
 191 166  1
  61 167  1
 193 168  1
 194 168  1
 242 168  1
 243 168  1
 177 170  1
 278 170  1
 279 170  1
 173 171  1
  15 172  1
   6 173  1
   7 173  1
 177 174  1
 238 174  1
  20 175  1
 234 176  1
 169 177  1
 170 177  1
  27 178  1
  28 178  1
  80 178  1
 193 179  1
 229 179  1
 231 179  1
  17 180  1
 157 180  1
 178 180  1
 179 180  1
 187 180  1
  16 182  1
  17 182  1
 197 182  1
 198 182  1
  25 183  1
 160 184  1
  84 185  1
  85 185  1
  96 185  1
 105 185  1
 181 186  1
  25 187  1
  80 187  1
  81 187  1
 101 187  1
 111 187  1
 159 187  1
 160 187  1
 185 187  1
 192 187  1
  85 188  1
 202 188  1
  17 189  1
  98 190  1
 157 190  1
 158 190  1
  90 191  1
 194 191  1
 199 191  1
 105 192  1
 154 192  1
  26 193  1
  35 193  1
 143 193  1
 124 194  1
  15 195  1
 130 195  1
  76 196  1
  82 196  1
  87 196  1
 113 199  1
 140 199  1
 124 200  1
 132 200  1
 147 200  1
  83 201  1
  84 201  1
 115 201  1
 257 201  1
 167 203  1
 129 204  1
 145 204  1
 146 204  1
 151 204  1
 152 204  1
  28 205  1
 252 207  1
  92 208  1
  96 209  1
 161 209  2
 162 209  1
 154 210  1
  42 211  1
  43 211  1
 136 211  1
  37 213  1
 130 213  1
 132 213  1
 134 214  1
  54 215  1
 246 215  1
  42 217  1
 106 217  1
 107 217  1
  56 218  1
 162 218  1
 163 218  1
  70 219  1
  58 221  1
  93 221  1
  94 221  1
  68 222  1
 109 222  1
 242 222  1
  61 223  1
 121 223  1
 123 223  1
 161 223  1
 162 223  1
  74 224  1
  75 224  1
 113 225  1
  50 226  1
  51 226  1
 104 228  1
 153 228  1
  81 229  1
  82 229  1
 100 229  1
 117 231  1
 118 231  1
 157 232  1
 228 232  1
  93 233  1
 123 233  1
 179 234  1
 226 234  1
 117 236  1
  98 237  1
 100 237  1
 207 237  1
  85 238  1
  86 238  1
 203 238  1
 205 238  1
 110 240  1
 119 240  1
 203 240  1
  93 241  1
 210 241  1
 211 241  1
  96 242  1
 180 242  1
 181 242  1
 156 243  1
 157 243  1
 201 243  1
 123 244  1
 179 244  1
 104 245  1
 172 247  1
 173 247  1
 152 249  1
 153 249  1
 168 249  1
 169 249  1
 148 250  1
 154 251  1
 177 251  1
 125 252  1
 128 253  1
 166 253  1
 131 254  1
 186 254  1
 188 254  1
 183 255  1


count = 589