 134   1  1
 142   1  1
 165   1  1
 123   4  1
 178   4  1
 120   5  1
 184   6  1
 186   7  1
 189   9  1
 190   9  1
 107  11  1
 193  11  1
 100  14  1
  98  16  1
 200  16  1
 201  16  1
  93  19  1
 206  19  1
  95  24  1
 110  27  1
 111  27  1
  64  28  1
  83  28  1
 107  28  1
 220  28  1
  66  29  1
  68  29  1
  78  29  1
  89  29  1
  90  29  1
  96  31  1
 226  32  1
  92  33  1
  40  35  1
  95  36  1
 106  36  1
  80  37  1
  53  38  1
  84  38  1
  85  38  1
 100  39  1
 107  39  1
 118  39  1
 235  39  1
  81  40  1
 127  40  1
  50  41  1
 100  41  1
  31  42  1
  70  43  1
  76  43  1
 128  43  1
 129  43  1
  46  44  1
  82  44  1
  83  44  1
 112  44  1
 185  44  1
 186  44  1
 101  45  1
 116  45  1
 243  45  1
 135  46  1
 245  47  1
  76  48  1
 137  48  1
  73  49  1
 187  49  1
 188  49  1
  70  50  1
  82  50  1
 101  50  1
 140  50  1
 141  50  1
 250  50  1
 188  51  1
  82  52  1
 127  52  1
 189  53  1
 225  53  1
 226  53  1
  20  54  1
  60  54  1
  78  54  1
  88  54  1
 216  54  1
 217  54  1
 131  55  1
  74  56  1
 195  56  1
 141  57  1
 210  57  1
 250  58  1
  16  59  1
 135  59  1
 200  59  1
  87  60  1
 102  60  1
 158  60  2
  78  61  1
 162  61  1
 177  61  1
 178  61  1
 198  61  1
 199  61  1
 248  61  2
 174  62  1
 169  63  1
 103  64  1
 105  64  1
 147  64  1
 185  64  1
 252  64  1
  58  65  1
  10  66  1
  60  66  1
  89  66  1
 100  66  1
  93  67  1
 157  67  1
 168  67  1
 169  67  1
  66  68  1
  72  68  1
 114  68  1
 172  68  1
 197  69  1
  70  70  1
   8  71  1
   9  71  1
 147  71  1
 176  71  1
 177  71  1
  88  72  1
 182  74  1
 187  74  1
 158  75  1
 159  75  1
 272  76  1
 273  76  1
 200  77  1
  83  78  1
 155  78  1
 156  78  1
 189  78  1
  63  79  1
 247  79  1
 251  79  1
 253  79  1
 264  79  1
 273  79  1
 274  79  1
 161  80  1
 163  80  1
 165  80  1
 183  80  1
  68  81  1
 261  82  1
 160  83  1
  11  85  1
 179  85  1
 232  87  1
 190  89  1
   9  91  1
  19  91  1
 184  91  1
 178  92  1
 179  92  1
   1  93  1
   2  93  1
 183  93  1
  80  94  1
 169  94  1
  16  95  1
  17  95  1
  20  95  1
  77  95  1
  78  95  1
   1  96  1
 233 103  1
 266 103  1
 269 103  1
 172 104  1
 174 104  1
 233 105  1
 234 105  1
  39 108  1
  79 108  1
 176 108  1
 214 110  1
 235 110  1
 236 110  1
  34 111  1
  81 111  1
 169 111  1
 180 111  1
 209 111  1
 266 111  1
 267 111  1
   1 112  1
  87 112  1
 238 112  1
 239 112  1
  39 113  1
  40 113  1
 171 115  1
 210 115  1
 215 115  1
 231 115  1
  32 116  1
 108 116  1
 229 116  1
   1 117  1
   2 117  1
 180 117  1
 208 117  1
  36 118  1
  88 118  1
 113 118  1
 224 118  1
 225 118  1
 254 118  1
 174 119  1
 175 119  1
 235 119  1
  88 120  1
 184 120  1
 195 120  1
 108 121  1
 109 121  1
 117 121  1
 118 121  1
 158 121  1
 159 121  1
 235 121  1
 189 122  1
 209 122  1
 210 122  1
 213 122  1
  13 123  1
  55 123  1
 191 123  1
  17 124  1
  22 124  1
  50 124  1
  71 124  1
  96 124  1
 180 124  1
 181 124  1
 268 124  1
 202 125  1
 203 125  1
 204 125  1
  25 126  1
  96 126  1
 111 126  1
 119 126  1
 120 126  1
 200 126  1
 237 126  1
  31 127  1
 186 127  1
 230 127  1
  28 128  1
  35 128  1
  77 128  1
  85 128  1
 110 128  1
 111 128  1
 117 128  1
 169 128  1
 180 128  1
 211 128  1
 244 128  1
  45 129  1
  93 129  1
 128 129  1
 135 129  1
 138 129  1
 161 129  1
 165 129  1
 195 129  1
 196 129  1
 262 129  1
 238 130  1
 239 130  1
 248 130  1
  50 131  1
  51 131  1
  56 131  1
  66 131  1
  96 131  1
  97 131  1
 196 131  1
 215 131  1
 216 131  1
 226 131  1
  17 132  1
  77 132  1
 117 132  1
 268 132  1
  48 133  1
  71 133  1
  84 133  1
 128 133  1
 137 133  1
 138 133  1
 160 133  1
 178 133  1
 196 133  1
 197 133  1
  33 134  1
 132 134  1
 140 134  1
   8 135  1
  28 135  1
  43 135  1
 203 135  1
 210 135  1
  14 136  1
  18 136  1
  61 136  1
 155 136  1
 156 136  1
 230 136  1
 110 137  1
 122 137  1
 176 137  1
 180 137  1
 207 137  1
 208 137  1
 239 137  1
 265 137  1
 174 138  1
 203 139  1
 204 139  1
 242 139  1
 243 139  1
 257 139  1
 258 139  1
 163 140  1
 164 140  1
 181 140  1
 212 140  1
 237 140  1
  49 141  1
  50 141  1
 113 141  1
 218 141  1
  43 142  1
  44 142  1
  86 142  1
  87 142  1
 118 142  1
 269 142  1
 168 143  1
 215 143  1
 253 143  1
  43 144  1
 203 144  1
 248 144  1
  57 145  1
 183 145  1
 184 145  1
 209 145  1
 170 146  1
 234 146  1
 235 146  1
  87 147  1
  89 147  1
 228 147  1
 173 148  1
 181 148  1
  81 149  1
 200 149  1
 230 149  1
 231 149  1
  44 151  1
  48 151  1
 234 151  1
 235 151  1
  66 152  1
  67 152  1
  74 152  1
 106 152  1
 173 152  1
 174 152  1
 179 152  1
 180 152  1
 104 153  1
 100 154  1
  21 155  1
  54 157  1
  24 159  1
  51 159  1
  52 159  1
  77 159  1
  78 159  1
  93 159  1
 100 159  1
  12 160  1
  13 160  1
  90 160  1
  98 160  1
 117 160  1
 118 160  1
 122 160  1
 177 161  1
 178 161  1
 190 162  1
 192 162  1
  16 163  1
  77 163  1
 183 163  1
   3 164  1
   4 164  1
  79 165  1
 120 166  1
 121 166  1
  10 167  1
 194 168  1
  30 170  1
  10 171  1
  21 171  1
 175 171  1
 198 172  1
  36 173  1
  18 174  1
  19 174  1
 182 175  1
   5 176  1
   6 176  1
  23 176  1
  76 176  1
  11 177  1
  72 177  1
  73 177  1
 181 177  1
 185 177  1
 186 177  1
  35 178  1
 204 178  1
 180 179  1
 181 179  1
 198 180  1
  14 183  1
  31 183  1
  32 183  1
  65 184  1
  71 184  1
  75 184  1
 200 184  1
 279 184  1
 280 184  1
  77 186  1
 180 186  1
  29 187  1
  30 187  1
  84 188  1
  86 188  1
 177 188  1
  28 189  1
  32 191  1
  93 191  1
  94 191  1
 172 191  1
  18 192  1
  21 192  1
  22 192  1
  47 192  1
  48 192  1
 194 192  1
 195 192  1
 196 192  1
  51 193  1
  60 193  1
  97 193  1
 101 193  1
 179 193  1
 275 193  1
  28 194  1
  31 194  1
  79 194  1
  91 194  1
  14 195  1
 170 195  1
 171 195  1
  23 196  1
  54 196  1
 167 196  1
  76 197  1
 153 197  1
 186 197  1
  82 198  1
  83 198  1
 182 198  1
  54 199  1
  97 199  1
 233 199  1
 271 199  1
  83 200  1
  50 201  1
  66 201  1
 149 201  1
 150 201  1
 151 201  1
 229 201  1
 238 201  1
 239 201  1
  71 202  1
 105 203  1
 112 203  1
 113 205  1
 151 205  1
 239 205  1
 267 205  1
 130 206  1
 229 206  1
  98 207  1
  26 209  1
  64 209  1
  77 209  1
 227 209  1
 232 209  1
  97 211  1
 121 211  1
 227 211  1
 238 211  1
  48 212  1
  49 212  1
 125 213  1
 129 213  1
 227 213  1
 228 213  1
 232 213  1
 233 213  1
  90 214  1
  91 214  1
  42 215  1
  44 215  1
  46 215  1
 115 215  1
 138 216  1
  35 218  1
  36 218  1
  45 218  1
  46 218  1
 231 218  3
 233 218  1
 112 220  1
 113 220  1
  41 221  1
 234 221  1
 249 221  1
  51 222  1
  55 223  1
 123 223  1
  45 224  1
 229 224  1
 243 224  1
 244 224  1
 120 225  1
  89 226  1
  90 226  1
 175 226  1
 176 226  1
  85 227  1
  89 228  1
 111 228  1
 112 228  1
 116 228  1
 173 229  1
 174 229  1
 232 229  1
 233 229  1
  54 230  1
  55 230  1
  89 230  1
  94 231  1
 226 233  1
  87 236  1
  89 236  1
 221 236  1
  91 237  1
 125 237  1
 218 238  1
 213 242  1
 118 243  1
 119 243  1
 209 243  1
 106 244  1
 107 244  1
 110 245  1
 207 245  1
 161 249  1
 176 249  1
 197 249  1
 120 250  1
 122 250  1
 127 252  1
 157 252  1
 130 253  1
 178 254  1


count = 603