 172   1  1
 181   1  1
 186   1  1
 191   3  1
 142   4  1
 202   6  1
 111  10  1
 109  11  1
 101  14  1
 103  14  1
 129  15  1
 196  15  1
 112  16  1
 193  16  1
 194  16  1
 219  16  1
 139  17  1
 222  17  1
  82  18  1
 110  18  1
 112  18  1
 129  19  1
 229  19  1
 115  20  1
 236  20  1
 117  21  1
 129  21  1
 140  21  2
 141  21  1
  91  22  1
 148  22  1
 149  22  1
  72  23  1
 129  23  1
 192  23  1
 239  23  1
 134  24  1
 135  24  1
 216  24  1
 217  24  1
  85  25  1
  69  26  1
 117  26  1
 226  26  1
 227  26  1
 241  26  1
  85  27  1
  86  27  1
 155  29  1
 112  30  1
 186  30  1
 236  30  1
 237  30  1
  92  31  1
 192  31  1
 194  31  1
 196  31  1
 221  31  1
  88  32  1
 150  32  1
  50  33  1
  51  33  1
 115  33  1
 236  33  1
 181  34  1
 119  35  1
 121  35  1
  46  36  1
 191  36  1
 251  36  1
 178  37  1
 201  37  1
 123  38  1
 149  38  1
 193  38  1
 228  38  1
 244  38  1
 178  39  1
 255  39  1
 112  40  1
 227  40  1
 236  40  1
 132  41  1
 150  42  1
 122  43  1
 141  43  1
 180  43  1
 189  43  1
 211  43  1
 215  43  1
 145  44  1
  34  45  1
 196  45  1
 197  45  1
 145  46  1
 193  46  1
 168  47  1
 229  47  1
 145  48  1
 153  48  1
 163  49  1
 190  49  1
 215  49  1
 236  49  1
 156  50  1
 209  50  1
 192  51  1
 200  51  1
 265  51  1
 266  51  1
 181  52  1
 182  52  1
 152  54  1
 201  54  1
 211  54  1
  39  55  1
  69  55  1
 196  55  1
  23  56  1
  42  56  1
  68  57  1
 237  57  1
 238  57  1
 209  58  1
 180  59  1
 220  59  1
 270  59  1
  43  60  1
  44  60  1
  69  60  1
 176  60  1
 211  60  1
 218  60  1
 150  61  1
 195  61  1
  47  62  1
 176  63  1
 183  64  1
 217  64  1
 272  64  1
  71  65  1
  72  65  1
 150  66  1
 151  66  1
 195  66  1
 200  66  1
 274  67  1
 275  67  1
 111  69  1
 165  69  1
 184  70  1
 185  70  1
  12  71  1
 276  71  1
 277  71  1
  49  72  1
  64  72  1
  65  72  1
  92  73  1
  96  73  1
 101  73  1
 166  73  1
 167  73  1
 108  74  1
  88  75  1
 147  75  1
  44  77  1
 100  77  1
 159  77  1
 164  77  1
 179  77  1
 278  77  1
 279  77  1
  52  78  1
  61  78  1
  62  78  1
  97  78  1
   9  79  1
  45  80  1
  54  80  1
  72  80  1
  73  80  1
 257  80  1
 258  80  1
  59  81  1
 145  81  1
 182  81  1
 163  82  1
 160  83  1
 165  83  1
 169  83  1
 254  83  1
 255  83  1
   6  85  1
   7  85  1
  90  85  1
 179  86  1
 143  87  1
 166  87  1
 167  87  1
 281  87  1
 282  87  1
  49  88  1
  50  88  1
  89  89  1
 158  89  1
 159  89  1
 256  91  1
  81  92  1
  49  93  1
  50  93  1
 138  94  1
 174  94  1
 192  94  1
   4  95  1
   5  95  1
  96  95  1
 183  95  1
  88  96  1
 158  96  1
  72  97  1
  98  97  1
 155  98  1
  45  99  1
  49  99  1
 153  99  1
 187  99  1
   9 100  1
 259 102  1
  51 103  1
  78 103  1
  98 103  1
 125 103  1
 126 103  1
 192 103  1
   9 104  1
  41 104  1
 107 104  1
 123 104  1
   2 105  1
   3 105  1
  37 106  1
  38 106  1
  48 106  1
  80 106  1
  55 107  1
  56 107  1
 105 107  1
 119 107  3
 120 107  1
 121 107  1
 175 107  1
 257 107  1
 100 108  1
 188 108  1
  31 109  1
 178 109  1
 179 109  1
 190 109  1
 209 111  1
 235 112  1
 254 112  1
  30 113  1
  57 113  1
  58 113  1
 235 114  1
 239 114  1
 185 115  1
 186 115  1
 227 115  1
  86 116  1
 211 116  1
 280 116  1
  44 117  1
  52 117  1
  82 117  1
  49 118  1
 102 118  1
 224 118  1
 240 118  1
 255 118  1
 257 118  1
  71 119  1
  92 119  1
 116 119  1
  49 120  1
 233 120  1
 278 120  1
  83 121  1
  84 121  1
 214 121  1
 235 121  1
 237 121  1
 247 121  1
   8 122  1
  17 122  1
  50 122  1
 277 122  1
  53 123  1
  85 124  1
 150 124  1
 158 124  1
 159 124  1
  37 125  1
  43 125  1
 120 125  1
 183 125  1
 238 125  1
 239 125  1
 269 125  1
   9 127  1
  49 127  1
 118 127  1
 119 127  1
  34 128  1
  44 128  1
  45 128  1
 230 128  1
 118 129  1
 150 129  1
 224 129  1
  41 130  1
  64 130  1
  65 130  1
 138 130  1
 231 130  1
 236 131  1
 238 131  1
 258 131  1
 270 131  1
  85 132  1
 185 132  1
 191 132  1
 192 132  1
 216 132  1
 220 132  1
  32 133  1
 113 133  1
 274 133  1
  84 134  1
  54 135  4
  55 135  1
  56 135  1
 215 135  1
 222 135  1
 223 135  1
  37 136  1
  63 136  1
 186 136  1
 213 136  1
  81 137  1
 112 137  1
 278 137  1
 279 137  1
   1 138  1
   2 138  1
  25 138  1
 191 138  1
  88 139  1
  89 139  1
 182 139  1
 209 139  1
 231 139  1
  24 140  1
 233 141  1
 189 142  1
  30 143  1
 246 143  1
 247 143  1
  81 144  1
 180 144  1
 187 144  1
  33 145  1
 174 146  1
  34 147  1
 108 148  1
 250 148  1
  79 149  1
  80 149  1
 103 149  1
 104 149  1
 171 150  1
 244 150  1
  39 151  1
  45 151  1
  47 151  1
 183 151  1
  55 152  1
  61 152  1
  78 152  1
  79 152  1
  96 152  1
 108 152  1
 244 152  1
   1 153  1
   2 153  1
  43 153  1
  98 153  1
 247 153  1
  83 155  1
  84 155  1
 168 155  1
 211 155  1
 212 155  1
 188 156  1
 189 156  1
 243 156  1
  93 159  1
 180 159  1
 189 160  1
 193 160  1
 227 160  1
  77 161  1
 170 161  1
 185 161  1
   3 162  1
   4 162  1
  81 162  1
  89 163  1
 181 163  1
  79 164  1
 146 164  1
 150 164  1
 179 165  1
  12 167  1
  74 167  1
  75 167  1
 140 167  1
 190 167  1
  15 169  1
  16 169  1
 139 169  1
 140 169  1
 179 170  1
   5 171  1
   6 171  1
  78 171  1
  83 171  1
 187 172  1
 188 172  1
  15 173  1
  16 173  1
 182 174  1
 270 174  1
 271 174  1
 189 175  1
 190 175  1
 196 175  1
 265 175  1
 279 175  1
 280 175  1
 143 176  1
 199 176  1
   7 177  1
  15 177  1
  39 177  1
  35 178  1
  37 178  1
  41 178  1
  43 178  1
 145 178  1
 278 178  1
 279 178  1
 171 179  1
 191 179  1
 192 179  1
  29 180  1
  30 180  1
 255 180  1
  10 181  1
 188 181  1
 167 182  1
  23 183  1
  44 183  1
 177 184  1
 250 184  1
 256 184  1
 258 184  1
 259 184  1
 163 185  1
 203 185  1
 213 185  1
 276 185  1
 277 185  1
 154 186  1
 262 186  1
 148 187  1
 219 187  1
 275 187  1
  47 188  1
 215 188  1
  22 189  1
 175 189  1
 176 189  1
 214 190  1
 215 190  1
  16 191  1
 170 191  1
 172 191  1
 144 192  1
 159 192  1
  36 193  1
  66 193  1
  24 194  1
  49 194  1
  59 194  1
  40 195  1
  63 195  1
 173 195  1
 246 195  1
 271 195  1
 155 196  1
 166 196  1
 148 197  1
 215 197  1
 244 197  1
 245 197  1
 253 197  1
 154 198  1
 155 198  1
  56 199  1
 236 199  1
 267 200  1
  37 201  1
  60 201  1
 148 202  1
 205 202  1
 240 202  1
 247 202  1
  50 203  1
 105 203  1
  46 204  1
 211 204  1
 265 204  1
  35 205  1
  41 205  1
 233 205  1
 150 208  1
 169 208  1
 156 209  1
 228 209  1
 144 210  1
 218 210  1
 244 210  1
  46 211  1
  47 211  1
 107 211  1
 108 211  1
 112 211  1
 129 211  1
 153 211  1
  64 212  1
  65 212  1
 243 212  1
 126 213  1
 132 213  1
 133 213  1
 149 213  1
 119 214  1
 120 214  1
  53 215  1
  55 215  1
  63 215  1
 212 215  1
 213 215  1
 233 215  1
 109 216  1
 148 216  1
 149 216  1
 155 216  1
  58 217  1
 132 217  1
 143 217  1
 241 217  1
  40 218  1
  52 220  1
  61 220  1
 121 220  1
 122 220  1
 248 220  1
  59 221  1
 145 221  1
 216 221  1
 222 221  1
 171 222  1
 228 222  1
 112 223  1
 137 223  1
  46 224  1
  47 224  1
  58 224  1
 118 225  1
 127 226  1
 174 226  1
 227 226  1
  52 227  1
 109 227  1
 117 227  1
 144 227  1
 235 227  1
 236 227  1
 114 228  1
  55 229  1
 173 230  1
 110 231  1
 173 232  1
 229 232  1
  62 233  1
  89 233  1
 182 234  1
 226 234  1
  86 235  1
 176 235  1
  69 236  1
  82 236  1
 180 236  1
  73 237  1
 211 237  1
  75 238  1
 102 238  1
 103 238  1
 107 239  1
 108 239  1
  79 241  1
  85 242  1
 204 244  1
 109 246  1
 141 248  1
 118 250  1
 192 250  1
 193 250  1
 190 252  1
 136 254  1


count = 633