 145   1  1
 171   1  1
 174   1  1
 125   2  1
 180   3  1
 183   4  1
 161   5  1
 186   5  1
 110   6  1
 150   7  1
 145   8  1
 102   9  1
 172   9  1
  97  11  1
 141  12  1
 203  12  1
  92  13  1
 205  14  1
 160  15  1
 168  15  1
 170  15  1
 208  16  1
  65  18  1
  98  18  1
 157  19  1
 158  19  1
 177  19  1
 178  19  1
 151  20  1
  77  21  1
  86  21  1
  96  21  1
 143  21  1
 176  21  1
 177  21  1
 178  21  1
  68  22  1
  71  22  1
  55  23  1
  56  23  1
 168  23  1
 169  23  1
 170  23  1
  71  24  2
 137  24  1
  97  25  1
  78  26  1
 143  26  1
  49  27  1
 135  27  1
 224  28  1
  77  29  1
  99  29  1
 135  29  1
 175  29  1
 156  31  1
 178  31  1
 179  31  1
 134  32  1
 124  33  1
 153  33  1
 230  33  1
 103  34  1
 137  35  1
 224  35  1
 233  35  1
 129  36  1
 106  38  1
 107  38  1
 160  38  1
 238  38  1
  99  39  1
 229  39  1
 194  40  1
  33  41  1
 139  43  1
 147  43  1
 148  43  1
 195  43  1
 152  44  1
 153  44  1
 224  44  1
 225  44  1
 226  44  1
  27  45  1
 216  45  1
 197  47  1
 246  47  1
  32  48  1
 131  48  1
 194  48  1
 137  49  1
 153  49  1
  31  51  1
 123  51  1
 149  51  1
  37  52  1
  39  52  1
  19  53  1
  25  55  1
 123  55  1
 186  55  1
 189  55  1
 129  56  1
 192  56  1
  37  57  1
 114  57  1
 151  57  1
 153  57  1
  21  58  1
  22  58  1
  34  58  1
 112  59  1
 130  59  1
 144  59  1
 158  59  1
 160  59  1
  13  60  1
 139  60  1
 197  60  1
 198  60  1
 200  60  1
  33  62  1
 149  62  1
  38  63  1
 160  64  1
 204  64  1
  25  65  1
  27  65  1
  51  65  1
 112  65  1
 136  65  1
  32  66  1
  47  66  1
 132  66  1
  41  67  1
 253  67  1
  22  68  1
  23  68  1
 139  68  1
   7  70  1
  28  70  1
  46  70  1
 193  70  1
  14  71  1
  39  71  1
  40  71  1
 198  71  1
  11  73  1
  12  73  1
 208  73  1
  41  75  1
 191  77  1
 173  78  1
 264  79  1
 189  82  1
 190  82  1
 176  83  1
 183  83  1
 219  84  1
 220  84  1
 225  85  1
   1  86  1
   2  86  1
 229  86  1
 248  86  1
 268  86  1
 167  87  1
 171  87  1
 187  87  1
 188  87  1
 222  87  1
 223  87  1
 230  88  1
   1  89  1
 172  89  1
 270  89  1
   5  91  1
   6  91  1
 181  92  1
 272  92  1
 231  94  1
 165  95  1
 166  95  1
  74  96  1
  75  96  1
  77  96  1
  84  96  1
 274  96  1
 241  97  1
  12  99  1
  10 100  1
  73 100  1
  87 100  1
 266 102  1
   5 103  1
 164 106  1
 165 106  1
 270 106  1
  56 108  1
  77 108  1
  90 108  1
 270 108  1
  11 110  1
  14 110  1
  78 110  1
  79 110  1
 180 110  1
 112 111  1
 119 111  1
 162 112  1
 252 112  1
   1 113  1
 122 113  1
 184 113  1
  53 114  1
 169 114  1
 122 115  1
 188 116  1
  49 117  1
  50 117  1
  80 118  1
  81 118  1
 154 118  1
 169 118  1
 260 118  1
 261 118  1
 277 118  1
 278 118  1
  85 119  1
 167 119  1
 272 119  1
   7 120  1
   9 120  1
  11 120  1
  48 120  1
  52 120  1
  53 120  1
  87 120  1
 189 120  1
 258 120  1
  36 121  1
 123 121  1
 127 121  1
 133 121  1
 135 121  1
  15 122  1
 131 122  1
 155 122  1
 182 122  1
 187 122  1
 198 122  1
  81 123  1
 122 123  1
 266 123  1
 268 123  1
  68 124  1
  73 124  1
 166 124  1
  43 125  1
  61 125  1
 158 125  1
 180 125  1
   3 126  1
   4 126  1
   9 126  1
  17 126  1
  38 126  1
  52 126  1
 195 126  1
 245 126  1
  23 127  1
  87 127  1
 176 127  1
 202 127  1
 211 127  1
 269 127  1
  36 128  1
  38 128  1
  67 128  1
 151 128  1
 193 128  1
  17 129  1
  48 130  1
  49 130  1
  70 130  1
  74 130  1
 198 130  1
 259 130  1
  11 131  1
  12 131  1
  42 131  1
 166 131  1
 172 131  1
 209 131  1
 210 131  1
 230 131  1
 238 131  1
 261 131  1
  56 132  1
 124 132  1
 203 132  1
  52 133  1
 128 133  1
 133 134  1
 190 134  1
 191 134  1
 197 134  1
 198 134  1
 215 134  1
 278 134  1
 279 134  1
 155 135  1
 184 136  1
 247 136  1
 196 137  1
 201 137  1
  83 138  1
  84 138  1
 214 138  1
 188 139  1
 249 139  1
 172 140  1
 173 140  1
 127 141  1
 248 141  1
 249 141  1
  82 142  1
  83 142  1
 163 142  1
 191 142  1
 232 142  1
 101 143  1
 130 143  1
 227 143  1
 246 143  1
  13 144  1
  98 144  1
 168 144  1
 190 144  1
 191 144  1
 236 144  1
 238 144  1
 239 144  1
 119 145  1
 188 145  1
 194 145  1
 262 145  1
  16 146  1
 133 146  1
 137 146  1
 169 146  1
 223 146  1
 233 146  1
 243 146  1
  79 148  1
  80 148  1
  94 148  1
 174 148  1
  78 150  1
  22 151  1
 254 151  1
 282 151  1
 283 151  1
 226 152  1
  12 153  1
  92 153  1
 229 154  1
  18 155  1
  22 155  1
  74 156  1
 182 156  1
 185 158  1
 253 160  1
   2 161  1
   3 161  1
   8 161  1
  74 161  1
 176 161  1
  77 162  1
  83 162  1
 139 163  1
 187 163  1
 143 164  1
 240 164  1
 241 164  1
 233 165  1
 234 165  1
 280 165  1
 281 165  1
 143 166  1
 150 166  1
 151 166  1
   3 167  1
   4 167  1
 186 167  1
 142 168  1
 143 168  1
 184 169  1
 186 169  1
 131 170  1
 153 170  1
 155 170  1
 157 170  1
 173 170  1
 181 170  1
  25 171  1
  26 171  1
 141 171  1
 142 171  1
 200 171  1
  17 173  1
 159 174  1
 160 174  1
 167 174  1
  36 175  1
 179 175  1
 276 175  1
 135 176  1
 137 176  1
 175 176  1
 204 176  1
  35 177  1
  14 178  1
  45 178  1
 150 178  1
 274 178  1
 158 179  1
 159 179  1
 201 179  1
 202 179  1
 151 180  1
  20 181  1
 227 181  1
   9 183  1
  89 184  1
  96 185  1
 178 185  1
 193 185  1
 199 185  1
 200 185  1
 223 186  1
  11 187  1
 101 187  1
 102 187  1
 219 187  1
 106 188  1
  95 189  1
 183 189  1
 215 189  1
  13 190  1
 160 190  1
 213 190  1
 267 190  1
 153 191  1
 184 191  1
 209 192  1
 266 192  1
 110 193  1
 162 193  1
 201 193  1
 202 193  1
 157 194  1
  17 195  1
 113 195  1
 206 195  1
 108 196  1
 117 196  1
 167 196  1
  83 197  1
  84 197  1
  87 197  1
  88 197  1
 112 197  1
 152 197  1
 164 197  1
 175 197  1
 150 198  1
 178 198  1
  83 199  1
 111 199  1
 133 199  1
 121 200  1
 188 200  1
  83 201  1
  84 201  1
 153 201  1
 127 202  1
 128 202  1
 179 202  1
 100 203  1
 102 203  1
 151 203  1
 166 203  1
 116 204  1
 128 204  1
 164 205  1
  97 206  1
  99 206  1
 133 206  1
 175 206  1
 259 206  1
  93 207  1
 123 207  1
 135 207  1
 142 207  1
 148 207  1
 174 208  1
 132 209  1
 138 209  1
 139 209  1
 145 210  1
 171 210  1
  43 211  1
  44 211  1
 256 211  1
 162 212  1
  93 213  1
 139 213  1
 143 213  1
  37 214  1
  48 214  1
 168 214  1
  86 215  1
  87 215  1
  40 216  1
  66 216  1
 156 216  1
 133 217  1
  81 218  1
 146 218  1
  45 219  1
  79 219  1
 132 219  1
 133 219  1
  68 220  1
 129 220  1
 140 220  1
 148 221  1
 150 221  1
 152 221  1
 153 221  1
  59 223  1
 125 223  1
 139 224  1
  96 225  1
 195 226  1
 244 226  1
  65 227  1
  66 227  1
 130 227  1
 146 228  1
 240 228  1
  58 229  1
  81 230  1
  94 230  1
  95 230  1
 126 230  1
  61 231  1
  62 231  1
 136 231  1
 237 231  1
 198 232  1
  79 233  1
  93 233  1
 123 233  1
  67 234  1
  88 234  1
 189 234  1
 229 234  1
 100 235  1
 132 235  1
 133 235  1
 193 235  1
 194 235  1
 201 235  1
 111 236  1
 112 236  1
 146 237  1
 195 237  1
 118 238  1
  82 239  1
 196 239  1
 200 239  1
 130 240  1
 131 240  1
 117 241  1
 118 241  1
 125 241  1
 130 242  1
 218 242  1
 117 243  1
 195 243  1
 177 244  2
 178 244  1
 107 246  1
 211 246  1
 110 247  1
 131 247  1
 181 248  1
 206 248  1
 115 250  1
 140 250  1
 124 253  1
 191 253  1
 135 255  1
 172 257  1


count = 607