 141   1  1
 165   1  1
 166   1  1
 172   1  1
 184   3  1
 125   4  1
 187   4  1
 122   5  1
 190   5  1
 116   7  1
 112   8  1
 201   8  1
 207  10  1
 131  12  1
 211  12  1
 133  13  1
 216  16  1
 202  17  1
  71  18  1
  91  18  1
  96  18  1
 222  21  1
  95  22  1
 120  22  1
 139  22  1
  91  23  1
  50  24  1
  96  24  1
 120  24  1
 111  25  1
 136  25  1
 137  25  1
 229  25  1
  96  26  1
 117  27  1
 234  28  1
  59  29  1
  61  29  1
 103  29  1
 145  29  1
 155  30  1
 185  31  1
  96  32  1
 151  32  1
 239  32  1
 190  33  1
  98  34  1
 132  34  1
 139  34  1
 147  34  1
 103  35  1
 126  35  1
 127  35  1
 181  35  1
 190  35  1
 186  36  1
 134  37  1
 190  37  1
 138  38  1
 139  38  1
 192  39  1
 193  39  1
  97  42  1
 110  42  1
 130  42  1
 152  42  1
 104  43  1
  93  44  1
  94  47  1
 110  47  1
 124  47  1
 167  47  1
 156  48  1
  87  49  1
  91  49  1
 108  49  1
  32  50  1
 134  50  1
  78  51  1
  86  51  1
 146  51  1
 147  51  1
 264  51  1
 136  53  1
  30  54  1
  37  54  1
 102  54  1
 103  54  1
 147  55  1
 148  55  1
 195  55  1
  80  56  1
  88  56  1
 154  56  1
 268  56  1
  19  58  1
  43  58  1
  80  58  1
 247  58  1
  46  59  1
  84  59  1
  85  59  1
 165  59  1
 166  59  1
 252  59  1
 106  61  1
 164  61  1
 165  61  1
 192  61  1
 194  61  1
 252  61  1
  37  62  1
 145  62  1
 155  62  1
 160  62  1
  46  63  1
  81  63  1
  82  63  1
 102  63  1
 119  63  1
 120  63  1
 139  63  1
 172  63  1
 256  63  1
 273  63  1
 184  64  1
 185  64  1
 104  65  1
 148  65  1
 258  65  1
  34  66  1
 173  66  1
 248  66  1
 111  67  1
 112  67  1
 140  67  1
 268  67  1
 158  68  1
 159  68  1
 181  68  1
 119  69  1
 136  69  1
 137  69  1
 138  69  1
  70  70  1
  75  70  1
  76  70  1
 123  70  1
 147  70  1
 176  70  1
  64  71  1
  65  71  1
 118  71  1
 130  71  1
  28  72  1
  32  73  1
  75  73  1
 102  73  1
 112  73  1
 249  73  1
 250  73  1
  10  74  1
  80  74  2
 146  74  1
  95  75  1
  96  75  1
  98  75  1
 256  75  1
 257  75  1
  68  77  1
 139  77  1
 159  77  1
  73  78  1
  82  78  1
 124  78  1
 155  78  1
 266  78  1
 175  79  1
 176  79  1
 251  79  1
 255  79  1
 256  79  1
 129  80  1
 146  80  1
 148  80  1
 240  80  1
 136  81  1
 235  81  1
 251  81  1
 267  81  1
 268  81  1
   6  82  1
   7  82  1
  84  82  1
 141  82  1
 148  82  1
 172  82  1
  26  83  1
  27  83  1
  38  83  1
 152  84  1
 153  84  1
 252  84  1
   5  85  1
   6  85  1
 126  85  1
 174  85  1
 236  85  1
 237  85  1
 257  85  1
  87  86  1
  13  87  1
  24  87  1
  32  88  1
  24  89  1
  82  89  1
 165  89  1
 251  90  1
 252  90  1
   3  91  1
   4  91  1
  82  91  1
 258  91  1
 273  91  1
 275  91  1
  21  92  1
 239  92  1
 271  93  1
 229  96  1
 252  96  1
 253  96  1
 265  96  1
  20  97  1
 187  97  1
 189  97  1
  11  98  1
  12  98  1
  18  98  1
 227  98  1
 270  98  1
 271  98  1
 160  99  1
 175  99  1
 168 100  1
 266 100  1
 252 101  1
 168 102  1
 234 102  1
 235 102  1
 267 102  1
 268 102  1
  75 103  1
 173 103  1
 181 103  1
 258 103  1
 189 104  1
 190 104  1
 253 104  1
 262 104  1
 183 106  1
 187 106  1
 230 106  1
  79 107  1
 268 107  1
 164 108  1
  13 109  1
 227 109  1
 237 109  1
 256 109  1
 279 109  1
 232 111  1
  11 112  1
 238 112  1
  79 113  1
  86 113  1
 190 113  1
 191 113  1
 250 113  1
 172 114  1
 173 114  1
 104 115  1
 176 115  1
 229 115  1
 246 115  1
 276 115  1
 277 115  1
   9 116  1
  90 116  1
  91 116  1
 235 116  1
 253 116  1
  22 117  1
  31 118  1
  62 118  1
  64 118  1
 107 118  1
 260 118  1
 261 118  1
 179 119  1
 111 121  1
 112 121  1
 256 121  1
  32 123  1
  59 123  1
 105 123  1
 269 123  1
 182 124  1
 143 125  1
 144 125  1
 227 125  1
 228 125  1
 256 125  1
  15 126  1
  52 126  1
  61 126  1
  22 127  1
 114 127  1
 207 127  1
  13 128  1
  14 128  1
  56 128  1
 256 130  1
  19 131  1
  41 131  1
  46 131  1
  57 131  1
 205 131  1
 113 132  1
 114 132  1
 151 132  1
   4 133  1
   5 133  1
  94 133  1
 126 133  1
 207 133  1
 233 133  1
 234 133  1
 258 133  1
  88 134  1
 144 134  1
  40 135  1
 209 135  1
 210 135  1
 100 136  1
 180 136  1
 181 136  1
 240 136  1
 102 137  1
 192 137  1
 193 137  1
   2 138  1
   3 138  1
 211 138  1
 245 138  1
 253 138  1
 218 139  1
 236 139  1
 171 140  1
 222 140  1
 227 140  1
 258 140  1
  48 141  1
  81 142  1
 169 142  1
 170 142  1
 190 142  1
 191 142  1
 205 142  1
 206 142  1
 231 142  1
 232 142  1
   1 143  1
  98 143  1
  50 144  1
 258 144  1
 279 144  1
 280 144  1
 102 145  1
 241 145  1
 224 146  1
 225 146  1
 170 147  1
 230 148  1
  41 149  1
  42 149  1
  80 149  1
 258 149  1
  53 150  1
   1 151  1
 165 151  1
 184 152  1
 163 153  1
 260 153  1
 261 153  1
  46 154  1
 202 154  1
  50 155  1
 181 155  1
 272 155  1
 199 156  1
 244 156  1
 162 157  1
 163 157  1
 170 157  1
 199 158  1
 243 158  1
  60 159  1
 258 159  1
 259 159  1
  62 160  1
 187 160  2
 195 160  1
 205 160  1
 246 162  1
  89 163  1
 269 163  1
 270 163  1
 271 163  1
 159 164  1
 251 164  1
  92 165  1
 105 165  1
 176 165  1
 194 165  1
 190 166  1
 192 166  1
 241 166  1
  67 167  1
  94 168  1
 102 168  1
 232 168  1
  72 169  1
  73 169  1
  89 169  1
  66 170  1
  84 170  1
 158 170  1
 176 170  1
 277 170  1
 278 170  1
 169 172  1
 172 172  1
 180 172  1
 235 172  1
 239 172  1
 249 172  1
 165 174  1
 253 174  1
 160 175  1
 191 175  1
 227 175  1
 258 175  1
 276 176  1
 277 176  1
 139 177  2
 223 177  1
 224 177  1
   8 178  1
   9 178  1
 154 178  1
 155 178  1
 137 179  1
 138 179  1
 140 179  1
  83 180  1
  85 180  1
 152 180  1
 254 180  1
 260 180  1
  88 181  1
 250 181  1
 252 181  1
   9 182  1
  10 182  1
  90 182  1
 148 183  1
 103 186  1
 259 186  1
  11 187  1
  12 187  1
 188 188  1
  69 190  1
 189 190  1
  73 191  1
 270 192  1
 123 193  1
 182 193  1
 183 193  1
 163 194  1
 170 194  1
  75 195  1
  76 195  1
 154 195  1
  16 196  1
 187 196  1
 266 197  1
 129 198  1
  76 200  1
 165 200  1
 171 200  1
  19 201  1
 157 201  1
 134 202  1
 141 202  1
 180 202  1
 164 203  1
  65 205  1
  78 205  1
  79 205  1
 180 205  1
 137 206  1
 141 206  1
  23 207  1
  24 207  1
 175 207  1
  80 209  1
  98 209  1
 100 209  1
 116 209  1
  74 211  1
  75 211  1
  61 212  1
  62 212  1
 104 212  1
 253 212  1
  95 213  1
 131 215  1
  30 216  1
  63 216  1
  65 216  1
  84 216  1
  85 216  1
  92 216  1
  93 216  1
  94 216  1
 116 216  1
 247 216  1
 103 217  1
 104 217  1
  79 219  1
  86 220  1
  91 220  1
 108 220  1
 119 220  1
 110 221  1
 111 221  1
 112 221  1
  37 222  1
  86 222  1
  93 222  1
  79 223  1
  96 223  1
 118 223  1
  69 224  1
  86 224  1
  41 225  1
 114 225  1
  65 226  1
  75 226  1
  76 226  1
  77 226  1
  45 228  1
  67 228  2
  73 228  1
  83 228  1
  89 228  1
  69 229  1
  70 229  1
 113 229  1
 234 229  1
  48 230  1
  64 230  1
  81 231  1
 123 233  1
  59 234  1
  89 234  1
 125 234  1
 126 234  1
 127 234  1
 225 234  1
 108 235  1
 126 236  1
 122 237  1
 202 237  1
 219 238  1
  96 239  1
 118 239  1
 203 239  1
  86 240  1
 196 240  1
 197 240  1
 105 241  1
 214 241  1
 215 241  1
 211 243  1
 100 245  1
 103 246  1
 123 246  1
 203 246  1
 106 247  1
 117 250  1
 122 251  1
 184 252  1
 149 255  1


count = 604