 157   1  1
 166   1  1
 138   2  1
 127   5  1
 155   7  1
 161   7  1
 192   9  1
 178  10  1
 146  11  1
 112  12  1
 131  12  1
 150  12  1
 173  12  1
 146  13  1
 197  13  1
 150  14  1
 179  14  1
 125  15  1
 156  15  1
 157  15  1
 200  15  1
 154  16  1
 176  16  1
 116  17  1
 183  17  1
 203  17  1
 204  17  1
 132  18  1
 154  18  1
 119  19  1
 125  19  1
 126  19  1
 179  19  1
 161  20  1
 162  20  1
 140  21  1
  91  22  1
 129  22  1
 134  22  1
 154  22  1
 145  23  1
  88  24  1
 220  25  1
 140  26  1
 154  26  1
 155  26  1
 120  27  1
 121  27  1
 131  27  1
 223  27  1
 149  28  1
 150  28  1
 151  28  1
 159  28  1
 127  29  1
 128  29  1
 143  29  1
 144  29  1
 184  29  1
 170  30  1
 228  30  1
  46  31  1
  88  31  1
  89  31  1
 180  31  1
 217  31  1
 134  33  1
 153  33  1
 159  33  1
 180  33  1
 186  33  1
 187  33  1
  90  34  1
 137  34  1
 155  34  1
 156  34  1
 196  34  1
 200  34  1
  79  36  1
  93  36  1
 167  36  1
 193  36  1
 210  36  1
 236  36  1
 163  37  1
 165  37  1
 190  38  1
  95  39  1
 205  39  1
  65  40  1
  71  40  1
  72  40  1
 214  40  1
 215  40  1
 241  40  1
 101  41  1
 152  41  1
 199  41  1
  55  42  1
  56  42  1
  60  42  1
  84  42  1
  31  43  1
 154  43  1
 155  43  1
  45  44  1
  46  44  1
  60  44  1
 103  44  1
 105  44  1
 120  44  1
 146  44  1
 171  44  1
 205  44  1
 230  44  1
  87  45  1
  88  45  1
  95  45  1
 193  45  1
 198  45  1
 207  45  1
  75  46  1
  76  46  1
 125  46  1
 127  46  1
 131  46  1
 202  46  1
 234  46  1
  26  47  1
  72  47  1
 169  47  1
 176  47  1
  39  48  1
  51  48  1
  64  48  1
  65  48  1
 119  48  1
 125  48  1
 145  48  1
 146  48  1
 155  48  1
 164  48  1
 226  48  1
 249  48  1
  84  49  1
 117  49  1
 138  49  1
 158  49  1
 160  49  1
 108  50  1
 131  50  1
 208  50  1
  79  51  1
 104  51  1
 140  51  1
 149  51  1
 214  51  1
  43  52  1
 125  52  1
 134  52  1
 135  52  1
 209  52  1
  47  53  1
 153  53  1
  68  54  1
  70  54  1
 193  54  1
 146  55  1
 148  55  1
 210  55  1
  84  56  1
 101  56  1
 154  56  1
  96  57  1
 118  57  1
 119  57  1
 140  57  1
 146  57  1
  51  58  1
  52  58  1
  53  58  1
 158  58  1
  43  59  1
  48  59  1
  78  59  1
 109  59  1
 179  59  1
 180  59  1
 141  60  1
 146  60  1
 226  60  1
  13  61  1
  39  61  1
 119  61  1
 260  61  1
  76  62  1
  77  62  1
 112  62  1
 158  62  1
 220  62  1
 181  63  1
 182  63  1
 251  63  1
 178  64  1
 229  64  1
 254  64  1
  35  65  1
  36  65  1
 107  65  1
 221  65  1
 122  66  1
 189  66  1
 227  66  1
 241  66  1
  46  67  1
  75  67  1
 264  67  1
  14  68  1
  15  68  1
  52  68  1
 177  68  1
 179  68  1
 200  68  1
  37  69  1
  38  69  1
 140  69  1
 196  69  1
 219  69  1
  78  70  1
  91  70  1
 109  70  1
 142  70  1
 144  70  1
 242  70  1
 249  70  1
 257  70  1
 124  71  1
 266  71  1
 108  73  1
 128  73  1
 198  73  1
 205  73  1
   6  74  1
   7  74  1
  14  74  1
  15  74  1
  35  74  1
  36  74  1
  95  75  1
  96  75  1
 107  75  1
 251  76  1
 112  77  1
 179  77  1
 203  77  1
 129  78  1
 145  78  1
 146  78  1
 199  78  1
 254  78  1
  10  79  1
  34  79  1
 263  79  1
  25  80  1
 183  80  1
 209  80  1
 211  80  1
 257  81  1
 258  81  1
 259  81  1
 174  82  1
  34  83  1
 206  83  1
 215  83  1
 181  84  1
  27  85  1
 163  85  1
 275  86  1
 276  86  1
 183  87  1
 268  87  1
 193  89  1
 263  91  1
  78  93  1
 182  94  1
 184  95  1
 158  96  1
 159  96  1
   1  97  1
  35  97  1
  40  97  1
 248  98  1
 249  98  1
 256  99  1
  34 100  1
 190 100  1
 191 100  1
  45 101  1
  50 101  1
 247 101  1
 263 101  1
  48 102  1
 190 102  1
 246 103  1
 259 103  1
  16 104  1
 189 104  1
 190 104  1
 209 104  1
  23 105  1
 181 105  1
 182 105  1
 270 105  1
 214 106  1
 224 106  1
 139 107  1
 204 107  1
 205 107  1
 247 107  1
  16 108  1
 143 108  1
  20 109  1
  47 109  1
 174 109  1
 185 109  1
 187 109  1
 205 109  1
 198 110  1
 277 110  1
 278 110  1
  51 111  1
 134 111  1
 181 111  1
 192 111  1
 200 112  1
 252 112  1
   1 113  1
  53 113  1
  58 113  1
 133 113  1
 214 113  1
 222 113  1
 235 114  1
 242 114  1
  11 115  1
  12 115  1
  22 115  1
  70 115  1
 250 115  1
 255 115  1
   1 116  1
   2 116  1
  43 116  1
  89 117  1
 216 117  1
   8 118  1
 175 118  1
 177 118  1
 234 118  1
  48 119  1
  99 119  1
 182 119  1
 197 119  1
 219 119  1
 128 120  1
 165 120  1
 187 120  1
 206 120  1
 268 120  1
 269 120  1
 270 120  1
 276 120  1
 277 120  1
   3 121  1
  24 121  1
  42 121  1
  83 121  1
 190 121  1
 211 121  1
 212 121  1
 226 121  1
 227 121  1
 230 121  1
  18 122  1
  62 122  1
  64 122  1
  66 122  1
 117 122  1
 234 122  1
 262 122  1
 267 122  1
  27 123  1
 275 123  1
 276 123  1
  13 124  1
  38 124  1
 163 124  1
  45 125  1
  75 125  1
 107 125  1
 200 125  1
 201 125  1
 206 125  1
 207 125  1
   8 126  1
  26 126  1
  34 126  1
 102 126  1
 115 126  1
 160 126  1
 226 126  1
  45 127  1
  87 127  1
 148 127  1
 155 127  1
 176 127  1
 177 127  1
 241 127  1
 242 127  1
 243 127  1
 260 127  1
 269 127  1
  94 128  1
 111 128  1
 112 128  1
 121 128  1
 126 128  1
  72 129  1
 195 129  1
 201 129  1
  25 130  1
  26 130  1
 145 130  1
 147 130  1
 168 130  1
  13 131  1
  28 131  1
  29 131  1
  86 131  1
  87 131  1
 128 131  1
 141 131  1
 149 131  1
 154 131  1
 155 131  1
 176 131  1
 177 131  1
 201 131  1
 202 131  1
 222 131  1
 223 131  1
 266 131  1
  38 132  1
  56 132  1
  57 132  1
  95 132  1
 169 132  1
 263 132  1
   6 133  1
   7 133  1
 108 133  1
 122 133  1
 141 133  1
 164 133  1
 225 133  1
 111 134  1
 158 134  1
 194 134  1
 127 135  1
 128 135  1
 141 135  1
 256 135  1
   4 136  1
  86 136  1
  90 136  1
 186 136  1
 187 136  1
 211 136  1
 254 136  1
  50 137  1
  56 137  1
 137 137  1
 181 137  1
 134 138  1
 164 138  1
 260 138  1
   2 139  1
  10 139  1
 193 140  1
 201 140  1
 249 140  1
  54 141  1
 122 141  1
 123 141  1
 124 141  1
 187 141  1
 254 141  1
 262 141  1
  42 142  1
  96 142  1
 118 142  1
 139 142  1
   9 143  1
  10 143  1
  42 144  1
  94 144  1
 148 144  1
 177 144  1
 195 144  1
 197 144  1
 246 144  1
 247 144  1
 250 144  1
  37 145  1
  38 145  1
 190 145  1
  62 146  1
 127 146  1
 186 146  1
 188 146  1
 255 146  1
 256 146  1
 203 147  1
 136 148  1
 176 148  1
 246 148  1
  53 149  1
  78 149  1
  88 149  1
 115 149  1
 119 149  1
 121 149  1
 267 149  1
  46 150  1
 136 150  2
 110 151  1
 156 151  1
  47 152  1
 134 152  1
 135 152  1
 136 152  1
  75 153  1
 148 153  2
 162 153  1
 176 153  1
 214 153  1
 266 153  1
 273 153  1
 274 153  1
  43 154  1
 258 154  1
 148 155  1
  16 156  1
 210 156  1
 220 156  1
   8 157  1
 108 157  1
 109 157  1
 181 157  1
   3 158  1
   4 158  1
 141 158  1
 142 158  1
 152 158  1
 273 158  1
 276 158  1
  11 159  1
  83 159  1
  95 159  1
 158 160  1
 226 160  1
 261 160  1
  11 161  1
 185 161  1
 189 161  1
 224 161  1
 254 161  1
  74 162  1
  92 162  1
 240 162  1
 102 163  1
 136 163  1
 142 163  1
 220 163  1
 238 163  1
 160 164  1
 195 164  1
 253 164  1
 107 165  1
 108 165  1
 136 165  1
 265 165  1
  64 166  1
  68 166  1
 147 166  1
 166 166  1
 181 166  1
 197 166  1
 198 166  1
 136 167  1
 188 167  1
 189 167  1
 246 167  1
  71 168  1
  73 168  1
 139 168  1
 166 168  1
 132 169  1
 154 169  1
 279 169  1
 280 169  1
  16 170  1
 184 170  1
 185 170  1
 200 170  1
  21 171  1
 136 171  1
   6 172  1
   7 172  1
 182 172  1
 203 172  1
  12 173  1
 198 173  1
 236 173  1
  26 174  1
  94 174  1
  95 174  1
 136 174  1
 137 174  1
 146 175  1
 147 175  1
 205 176  1
  68 177  1
  92 177  1
 192 177  1
   8 178  1
   9 178  1
 173 178  1
 174 178  1
 184 178  1
 209 178  1
 245 178  1
  27 179  1
  28 179  1
  80 180  1
  83 180  1
 148 180  1
 249 180  1
  36 181  1
  37 181  1
  38 181  1
 168 181  1
 274 181  1
 275 181  1
  64 182  1
  71 182  1
 143 182  1
 150 182  1
 151 182  1
 174 182  1
 175 182  1
 179 182  1
 262 182  1
 145 183  1
 187 183  1
 191 183  1
 212 183  1
 249 183  1
  87 184  1
  90 184  1
 196 184  1
  39 185  1
  40 185  1
 168 185  1
 160 186  1
 175 186  1
  49 187  1
 158 187  1
 162 187  1
 272 187  1
 273 187  1
  13 188  1
  14 188  1
  92 188  1
 252 188  1
 265 188  1
  53 189  1
  67 189  1
 147 189  1
 260 189  1
  98 190  1
 271 190  1
 272 190  1
  37 192  1
  88 192  1
  92 192  1
  56 193  1
  84 193  1
  43 194  1
  78 194  1
  80 194  1
  94 194  1
 171 194  1
 250 194  1
 162 195  1
  40 196  1
  89 196  1
 254 196  1
  31 197  1
 120 197  1
 152 197  1
 153 197  1
 216 198  1
 217 198  1
 222 198  1
 100 199  1
 101 199  1
 268 199  1
 169 200  1
 170 200  1
  26 201  1
  85 201  1
  96 201  1
 161 201  1
  90 202  1
 127 202  1
 128 202  1
 213 202  1
 214 202  1
 265 203  1
 105 205  1
 161 205  1
 162 205  1
 174 205  1
  85 206  1
  86 206  1
 180 206  1
 181 206  1
  41 207  1
  42 207  1
 124 207  1
 125 207  1
 140 207  1
 168 207  1
 136 208  1
 137 208  1
 263 208  1
 264 208  1
 157 209  1
 111 210  1
 112 210  1
 134 210  1
 142 210  1
 143 210  1
 146 210  1
 163 210  1
 178 210  1
 221 210  1
 119 211  1
 127 211  1
  83 212  1
  84 212  1
  85 212  1
 261 212  1
  41 213  1
  88 213  1
  89 213  1
 151 213  1
 163 213  1
 139 214  1
 140 214  1
 228 214  1
 259 214  1
  99 215  1
 100 215  1
 106 215  1
 157 215  1
 178 215  1
  45 216  1
  92 216  1
 148 216  1
 196 216  1
 198 216  1
 153 217  1
 157 218  1
 257 218  1
 190 219  1
 198 220  1
  51 221  1
 103 221  1
 138 221  1
 146 221  1
 184 221  1
 228 223  1
  58 225  1
 107 225  1
 108 225  1
 153 225  1
 154 225  1
 190 225  1
 167 227  1
 216 227  1
  63 228  1
 192 228  1
  82 229  1
  99 229  1
 101 229  1
  77 230  1
 109 230  1
 136 230  1
 137 230  1
 164 230  1
 197 230  1
 242 230  1
  84 231  1
 154 231  1
 155 231  1
 185 231  1
 140 232  1
 189 232  1
  77 233  1
 122 233  1
  84 234  1
 113 234  1
 150 234  1
 124 235  1
 125 235  1
  73 236  1
 152 236  1
 202 236  1
 235 236  1
  98 237  1
 106 237  1
 136 238  1
 162 238  1
 218 238  1
 107 239  1
 154 239  1
 178 239  1
  77 240  1
  78 240  1
  84 241  1
 139 241  1
 140 241  1
 141 241  1
 120 242  1
 136 242  1
 106 243  1
 126 243  1
 113 245  1
 142 245  1
 157 245  1
 138 246  1
 167 246  1
 168 246  1
 121 247  1
 152 248  1
 157 249  1
 167 249  1
 135 250  1
 145 252  1
 147 253  1
 149 253  1
 205 253  1
 206 253  1
 151 254  1
 153 254  1
 164 256  1
 197 256  1
 166 257  1
 168 257  1


count = 871