 157   1  1
 171   1  1
 176   1  1
 183   3  1
 131   6  1
 193   6  1
 199   9  1
 119  11  1
 161  12  1
 114  13  1
 161  14  1
 162  14  1
 210  15  1
 211  15  1
 105  16  1
 103  17  1
 124  17  1
 126  17  1
 218  19  1
 219  19  1
 113  20  1
 114  20  1
 127  20  1
 222  21  1
  93  22  1
  91  24  1
 163  24  1
 164  24  1
 228  24  1
 133  26  1
 230  26  1
 159  27  1
  80  30  1
 121  30  1
 122  30  1
 129  30  1
 133  30  1
  88  31  1
 167  31  1
 122  32  1
 134  32  1
 122  34  1
 142  34  1
 241  34  1
  53  35  1
 118  35  1
 148  35  1
 124  37  1
 144  37  1
 154  37  1
  95  38  1
  96  38  1
 120  38  1
 131  38  1
 171  38  1
 173  38  1
 102  39  1
 103  39  1
 129  39  1
 145  39  1
 232  39  1
  61  40  1
  68  40  1
  69  40  1
  88  41  1
  89  41  1
 116  41  1
 120  41  1
 180  41  2
  54  42  1
 107  42  1
 137  42  1
 152  42  1
 114  43  1
 115  43  1
 177  43  1
 181  43  1
  35  44  1
  54  44  1
 110  44  1
 229  44  1
 230  44  1
  48  45  1
  93  45  1
  94  45  1
 132  45  1
 133  45  1
  51  46  1
 117  46  1
 118  46  1
 145  46  1
 149  46  1
  42  47  1
  43  47  1
  45  47  1
 103  47  1
 178  48  1
  29  49  1
 110  49  1
  49  50  1
  50  50  1
 121  50  1
 156  51  1
 181  51  1
 215  51  1
 258  51  1
  87  52  1
  88  52  1
  25  53  1
  91  53  1
 145  53  1
 150  53  1
  43  55  1
 129  55  1
 131  55  1
 153  55  1
 154  55  1
 155  55  1
 230  55  1
 212  56  1
 187  57  1
 189  57  1
 191  57  1
 227  57  1
 228  57  1
 208  58  1
  21  59  1
 203  61  1
 228  61  1
 104  62  1
 105  62  1
 158  62  1
 240  62  1
 215  63  1
 216  63  1
 265  63  1
 242  65  1
 136  66  1
 137  66  1
 141  66  1
 229  68  1
 147  70  1
 233  70  1
 234  70  1
 156  71  1
 134  72  1
 140  73  1
 142  73  1
 201  74  1
 202  74  1
 113  75  1
 119  75  1
 123  75  1
 195  75  1
 232  75  1
  18  76  1
  19  76  1
 117  76  1
 235  76  1
 253  76  1
 187  77  1
 276  77  1
 108  78  1
 110  78  1
 240  78  1
 201  79  1
  24  80  1
 104  80  1
 144  80  1
 248  80  1
  19  81  1
 129  82  1
 130  82  1
 216  82  1
  15  83  1
  20  84  1
  25  84  1
 279  84  1
 280  84  1
 132  86  1
 174  86  1
 210  86  1
  33  87  1
  15  88  1
 179  88  1
 226  88  1
  23  89  1
 102  89  1
 131  89  1
 172  91  1
 178  91  1
 183  91  1
 184  91  1
 189  91  1
 208  91  1
   5  92  1
   6  92  1
 105  92  1
 205  92  1
 112  93  1
 114  93  1
 128  93  1
 188  93  1
 189  93  1
  93  94  1
  94  94  1
 122  94  1
 182  94  1
 263  94  1
 264  94  1
 177  95  1
 187  95  1
  83  97  1
 163  99  1
 193  99  1
 194  99  1
 198  99  1
 200  99  1
   3 100  1
   4 100  1
 261 100  1
 262 100  1
  82 101  1
 180 101  1
 271 101  1
 170 103  1
 199 103  1
 200 103  1
 188 104  1
 261 104  1
 165 105  1
 259 105  1
  86 106  1
  87 106  1
 188 106  1
 192 107  1
 257 107  1
 176 108  1
 198 108  1
 202 108  1
  50 109  1
 255 109  1
  87 110  1
 165 110  1
 191 111  1
 195 111  1
 208 111  1
  57 112  1
 253 113  1
   1 114  1
  88 114  1
 133 114  1
 134 114  1
 247 114  1
  80 115  1
  81 115  1
 206 115  1
 209 115  1
 128 116  1
 249 116  1
 250 116  1
 211 117  1
 212 117  1
  56 118  1
  65 118  1
 235 118  1
 236 118  1
 129 119  1
 258 119  1
 259 119  1
  90 120  1
 120 120  1
 255 120  1
  86 121  1
  87 121  1
 214 121  1
 235 121  1
 156 122  1
 163 122  1
 164 122  1
  25 123  1
 147 123  1
 149 123  1
  19 124  1
  39 124  1
 130 124  1
 247 124  1
   1 125  1
  15 125  1
 146 125  1
 147 125  1
 274 125  1
 275 125  1
   7 126  1
  55 126  1
  59 126  1
  26 127  1
 137 127  1
 219 127  1
 232 127  1
 254 127  1
 257 127  1
 259 127  1
 267 127  1
  40 128  1
  45 128  1
 127 128  1
 142 128  1
 156 128  1
 159 128  1
 160 128  1
 161 128  1
 212 128  1
 213 128  1
 221 128  1
 244 128  1
 245 128  1
 174 129  1
 176 129  1
 185 129  1
 204 129  1
 225 129  1
  14 130  1
  48 130  1
  50 130  1
 132 130  1
  65 131  1
 153 131  1
 225 131  1
 231 131  1
 232 131  1
 271 131  1
   7 132  1
  31 132  1
  56 132  1
  90 132  1
  91 132  1
 138 132  1
 150 132  1
 265 132  1
 196 133  1
 202 133  1
 262 133  1
  25 134  1
  87 134  1
  88 134  1
 106 134  1
 142 134  1
 162 134  1
 163 134  1
 185 134  1
 225 134  1
 240 134  1
 274 134  1
  45 135  1
  53 135  1
  95 135  1
 117 135  1
 147 135  1
 281 135  1
 282 135  1
  10 136  1
 123 136  1
 249 136  1
 268 136  1
 270 136  1
  31 137  1
 227 137  1
 148 138  1
 265 138  1
  28 139  1
  64 139  1
 189 139  1
 192 139  1
 244 139  1
 253 139  1
  58 140  1
  68 140  1
  97 140  1
 230 140  1
 231 140  1
 130 141  1
 151 141  1
 155 141  1
 261 141  1
  45 142  1
 195 142  1
 196 142  1
 220 142  1
 120 143  1
 127 144  1
 244 144  1
  85 145  1
 156 145  1
 238 145  1
 264 145  1
 151 146  1
 258 146  1
  90 147  1
 146 147  1
 220 147  1
 221 147  1
 127 148  1
 131 148  1
 152 148  1
  80 149  1
 248 149  1
  74 150  1
  85 150  1
 219 150  1
 220 150  1
 238 150  1
  53 151  1
  62 151  1
 157 151  1
 164 151  1
 242 151  1
 245 151  1
 264 151  1
 148 152  1
 168 152  1
  66 153  1
 233 153  1
  72 154  1
 197 154  1
 231 154  1
 223 155  1
 259 155  1
 260 155  1
  42 156  1
 133 156  1
 219 156  1
 173 157  1
 174 157  1
 145 158  1
 148 158  1
 205 158  1
 129 159  1
 150 159  1
 169 159  1
 227 159  1
 246 160  1
  48 161  1
 135 161  1
 154 161  1
 207 161  1
   3 162  1
   4 162  1
 161 162  1
 214 162  1
  31 163  1
 222 163  1
 235 163  1
 155 164  1
   9 165  1
 172 165  1
 191 166  1
 239 167  1
 260 167  1
 261 167  1
 208 168  1
 210 168  1
 214 168  1
 216 168  1
 127 169  1
 260 169  1
 278 169  1
 279 169  1
 193 170  1
 194 170  1
 221 170  1
   6 172  1
   7 172  1
  12 172  1
  13 172  1
 167 172  1
 168 172  1
 119 173  1
 171 173  1
 239 173  1
  13 174  1
 173 174  1
 175 174  1
 176 174  1
 211 176  1
 200 177  1
 201 177  1
 207 177  1
 208 177  1
 229 178  1
 224 180  1
  27 181  1
 194 181  1
 250 181  1
 273 181  1
  11 182  1
 216 182  1
  29 183  1
  30 183  1
 202 183  1
 209 183  1
  13 185  1
  65 185  1
 196 185  1
 198 185  1
 208 185  1
 270 185  1
  22 187  1
  60 187  1
  61 187  1
 253 188  1
 260 190  1
 261 190  1
  59 192  1
 253 192  1
 255 194  1
 256 194  1
 257 194  1
 265 194  1
  59 197  1
  73 198  1
 263 198  1
  26 199  1
  61 200  1
  30 201  1
 260 202  1
 158 203  1
  73 204  1
 154 204  1
 140 207  1
 120 208  1
 121 208  1
 122 208  1
 179 208  1
 256 208  1
 156 210  1
 172 211  1
 120 212  1
 253 212  1
 139 213  1
 149 213  1
 150 213  1
 151 213  1
 116 214  1
 137 214  1
 156 214  1
 169 214  1
 175 215  1
 176 215  1
 123 216  1
  52 219  1
 113 219  1
 160 219  1
 152 221  1
 153 221  1
 107 222  1
 108 222  1
 167 222  1
 168 222  1
 172 222  1
 173 222  1
  57 223  1
 160 224  1
 161 224  1
 144 225  1
 179 225  1
 183 226  1
 184 226  1
 221 226  1
 228 226  1
 239 226  1
 103 227  1
 104 227  1
 171 227  1
  64 228  1
  65 228  1
 154 228  1
 186 228  1
 160 229  1
 171 229  1
 172 229  1
 234 230  1
  70 231  1
 156 231  1
 157 231  1
 220 231  1
 107 232  1
 166 232  1
 157 233  1
 164 233  1
 112 234  1
 113 234  1
 193 234  1
 196 234  1
 100 235  1
 169 235  1
 227 235  1
  78 236  1
 129 238  1
 222 238  1
  82 239  1
  98 239  1
 170 239  1
 196 239  1
 197 239  1
 102 240  1
 107 241  1
 133 241  1
 163 241  1
  88 242  1
  89 242  1
 129 243  1
 159 243  1
 160 243  1
 161 243  1
 192 243  1
 110 247  1
 112 248  1
 114 248  1
 172 248  1
 163 249  1
 191 251  1
 134 254  1
 180 254  1
 144 256  1
 170 256  1


count = 626