 141   1  1
 145   1  1
 160   1  1
 134   3  1
 131   4  1
 128   5  1
 123   7  1
 120   8  1
 141   8  1
 148   8  1
 157   8  1
 159   9  1
 144  10  1
 150  10  1
 127  12  1
 190  12  1
 197  12  1
 217  13  1
 103  14  1
 120  14  1
 144  14  1
 145  14  1
 151  14  1
 152  14  1
 156  14  1
 160  14  1
 190  16  1
  94  17  1
  95  17  1
 145  17  1
 146  17  1
 108  18  1
 132  18  1
 133  18  1
 194  18  1
 226  18  1
 221  20  1
  90  21  1
 231  21  1
  82  23  1
 165  23  1
 220  23  1
 111  24  1
 135  24  1
 226  24  1
 237  24  1
 146  25  1
 114  26  1
 240  26  1
 100  28  1
 108  28  1
 160  28  1
  66  29  1
 102  29  1
 166  29  1
 155  30  1
 160  30  1
 219  31  1
 138  32  1
 150  32  1
 168  32  1
 213  32  1
 214  32  1
 223  32  1
  91  33  1
 162  33  1
 227  33  1
 113  34  1
  83  35  1
 218  35  1
  57  36  1
  81  36  1
  93  36  1
 164  36  1
 214  36  1
 117  37  1
 126  37  1
  91  38  1
  93  38  1
 154  38  1
 114  39  1
 141  39  1
  64  40  1
 244  41  1
  61  42  1
  86  42  1
  90  43  1
  49  44  1
 122  44  1
 123  44  1
 230  45  1
  60  46  1
  70  46  1
  83  47  1
  84  47  1
 120  47  1
 239  47  1
 243  47  1
 250  47  1
  97  48  1
 114  48  1
 234  48  1
  80  50  1
  87  50  1
  62  51  1
  77  51  1
 227  51  1
 265  51  1
 266  51  1
 109  52  1
 146  52  1
 221  52  1
 222  52  1
  41  53  1
  71  53  1
 105  53  1
 226  53  1
  95  54  1
  96  54  1
 100  54  1
  66  55  1
 225  55  1
  78  56  1
  79  56  1
 246  57  1
 247  57  1
  97  58  1
 270  58  1
 220  59  1
 260  59  1
 262  59  1
 106  60  1
 251  60  1
 252  60  1
 100  61  1
 101  61  1
 241  61  1
  89  63  2
  90  63  1
 222  63  1
 254  63  1
 266  63  1
 102  64  1
 106  64  1
 231  65  1
 244  65  1
 274  66  1
  84  67  1
  86  67  1
 101  67  1
 239  67  1
  96  68  1
 225  68  1
  35  69  1
  90  69  1
  91  69  1
 220  71  1
 221  71  1
 226  72  1
  34  75  1
 224  78  1
 225  78  1
 279  79  1
 280  79  1
  17  83  1
 164  83  1
 168  83  1
 224  83  1
 225  83  1
 232  84  1
  21  85  1
 154  85  1
 236  85  1
 237  85  1
 238  85  1
 280  85  1
 281  85  1
 158  86  1
 274  86  1
 275  86  1
 149  88  1
 157  89  1
  48  91  1
  49  91  1
 146  91  1
 168  91  1
 241  91  1
 242  91  1
 259  91  1
  29  92  1
 128  92  1
 273  92  1
 274  92  1
 186  93  1
 268  93  1
 270  93  1
 277  93  1
  54  94  1
 136  94  1
 140  94  1
 249  94  1
 250  94  1
 255  94  1
  89  95  1
  90  95  1
 173  95  1
 245  95  1
  44  96  1
  46  96  1
  24  97  1
  25  97  1
 180  97  1
 181  97  1
  33  98  1
 156  98  1
  49  99  1
  52  99  1
 111  99  1
 112  99  1
 127  99  1
 250  99  1
 267  99  1
  18 100  1
  47 100  1
  88 100  1
  89 100  1
  29 101  1
  44 101  1
 113 101  1
 116 101  1
 128 101  1
 247 101  1
  77 102  1
 243 102  1
 244 102  1
  25 103  1
 133 103  1
 261 103  1
  11 104  1
  12 104  1
  53 104  1
  69 105  1
  47 106  1
  48 106  1
  56 106  1
 266 106  1
 135 107  1
 257 107  1
 263 107  1
  44 108  1
 241 108  1
 242 108  1
 276 108  1
   9 109  1
  68 109  1
 262 109  1
  68 111  1
  70 111  1
  64 112  1
   7 113  1
 251 115  1
 252 115  1
 253 115  1
  38 116  1
  45 116  1
  61 116  1
 272 116  1
 273 116  1
 275 116  1
 239 117  1
 243 118  1
 260 118  1
  30 119  1
 281 119  1
 282 119  1
  28 120  1
  37 120  1
 151 120  1
 165 120  1
   9 121  1
  69 121  1
  70 121  1
 175 121  1
 204 121  1
  76 122  1
 106 122  1
 133 122  1
 134 122  1
 213 122  1
 273 122  1
 276 122  1
  50 123  1
 137 123  1
 261 123  1
  43 124  1
  66 124  1
  78 124  1
 108 124  1
 121 124  1
 267 124  1
 268 124  1
 272 124  1
  26 125  1
 101 125  1
  28 126  1
  38 126  1
  54 126  1
 196 126  1
 241 126  1
 242 126  1
 251 126  1
 247 127  1
 191 128  1
 193 128  1
 261 128  1
 262 128  1
  94 129  1
 188 129  1
   8 131  1
  12 131  1
  43 131  1
 216 131  1
 221 131  1
 222 131  1
 241 131  1
 242 131  1
 250 131  1
 258 131  1
  27 132  1
  47 132  1
  62 132  1
 195 133  1
 196 133  1
 267 133  1
  30 134  1
  78 134  1
   8 135  1
  12 135  1
  50 135  1
  51 135  1
 270 136  1
  46 137  1
 274 137  1
 275 137  1
 122 138  1
 123 138  1
 247 138  1
  20 139  1
  30 139  1
  45 139  1
 218 139  1
 230 139  1
   4 140  1
  27 140  1
  64 140  1
 191 140  1
 239 140  1
 251 140  1
  11 141  1
  51 141  1
  52 141  1
 193 141  1
   9 142  1
  47 142  1
 158 142  1
 235 142  1
   2 143  1
  23 143  1
 147 143  1
   8 144  1
 123 144  1
 128 144  1
 136 144  1
 235 144  1
 246 144  1
 269 144  1
  39 145  1
 250 145  1
 251 145  1
   1 146  1
   6 146  1
 113 146  1
 163 146  1
 258 146  1
 260 146  1
 228 147  1
 229 147  1
 235 147  1
 237 147  1
 239 147  1
 254 147  1
 266 147  1
 151 148  1
 270 149  1
   8 150  1
  36 150  1
 102 150  1
 250 150  1
 167 151  1
 173 152  1
 235 152  1
 236 152  1
 245 152  1
 257 152  1
  13 153  1
  43 153  1
  98 153  1
 266 153  1
 207 154  1
 215 154  1
   1 155  1
  85 155  1
 233 155  1
  62 156  1
  63 156  1
  82 156  1
 175 156  1
 239 156  1
  53 157  1
  77 157  1
 198 157  1
 219 157  1
 233 157  1
 246 157  1
  23 158  1
 178 158  1
 194 158  1
 196 158  1
 204 158  1
 270 158  1
 271 158  1
  55 159  1
  56 159  1
  57 159  1
  59 159  1
 125 159  1
 251 159  1
  49 160  1
 105 160  1
 106 160  1
 122 160  1
 247 160  1
  49 162  1
 144 162  1
 145 162  1
 182 162  1
 191 162  1
 192 162  1
  64 163  1
  99 163  1
 152 164  1
  36 165  1
 187 165  1
 248 165  1
  23 166  1
  31 166  1
 246 166  1
  16 168  1
 240 168  1
 241 168  1
  29 169  1
  50 169  1
  51 169  1
 162 169  1
 164 169  1
 183 169  1
  39 170  1
 236 170  1
  14 171  1
  22 171  1
 175 171  1
 176 171  1
  35 172  1
  36 172  1
 215 173  1
 216 173  1
  41 174  1
  45 174  1
 176 174  1
 231 174  1
 232 174  1
 238 174  1
   9 175  1
  11 175  1
  15 176  1
  18 177  1
 180 177  1
 174 178  1
 277 178  1
 278 178  1
  31 179  1
  32 179  1
 211 181  1
 212 181  1
 213 181  1
 276 181  1
 277 181  1
  60 182  1
 183 182  1
 206 182  1
  14 183  1
  34 183  1
  11 184  1
  92 185  1
 220 186  1
 221 186  1
 248 189  1
 259 189  1
   8 190  1
  88 190  1
 261 191  1
  31 192  1
  84 192  1
  85 192  1
 210 192  1
 266 193  1
 267 193  1
  11 194  1
  90 195  1
 246 195  1
 254 195  1
  33 197  1
 236 198  1
 237 198  1
 264 198  1
 245 199  1
  36 200  1
  37 200  1
  41 200  1
  75 201  1
 256 201  1
 239 202  1
 240 202  1
  20 203  1
 242 203  1
 246 203  1
 251 203  1
  34 204  1
  35 204  1
  73 204  1
  68 205  1
 266 206  1
  87 207  1
 107 207  2
 109 207  1
  85 208  1
  32 209  1
  72 210  1
 151 212  1
  67 213  1
  70 213  1
  83 214  1
  89 215  1
  90 215  1
 160 215  1
  41 218  1
  69 218  1
  70 218  1
  80 219  1
  88 219  1
  72 220  1
 139 220  1
 142 220  1
  50 221  1
  43 222  1
  78 222  1
  86 223  1
  55 224  1
 137 224  1
 138 224  1
 105 225  1
 176 225  1
  58 226  1
  59 226  1
 180 226  1
  84 227  1
  85 227  1
 103 228  1
  96 229  1
  97 229  1
 244 229  1
  71 231  1
 176 231  1
  69 232  1
 240 232  1
 100 233  1
 101 233  1
 135 233  1
 157 234  1
  84 235  1
 181 235  1
 182 235  1
  92 237  1
 131 237  1
 156 237  1
  86 238  1
 118 238  1
  61 239  1
 102 239  1
 145 241  1
 193 241  1
 104 242  1
 152 242  1
  71 243  1
 116 243  1
 117 243  1
 198 243  1
 199 243  1
  74 244  1
 220 244  1
 108 245  1
 125 245  1
 126 245  1
 199 245  1
 215 246  1
 113 247  1
 141 247  1
 179 247  1
 180 247  1
  89 248  1
 121 248  1
 191 248  1
 144 249  1
 174 249  1
 115 250  1
 164 250  1
 125 251  1
 126 251  1
 152 251  1
 161 251  1
 179 251  1
 145 252  1
 112 254  1
 183 255  1


count = 634