 155   1  1
 179   1  1
 182   1  1
 147   2  1
 188   4  1
 123   6  1
 191   6  1
 118   8  1
 194   8  1
 115   9  1
 113  10  1
 128  12  1
 132  12  1
 201  12  1
 155  14  1
 156  14  1
 203  14  1
 142  15  1
 143  15  1
 115  18  1
 146  18  1
 194  18  1
 151  19  1
 211  19  1
 194  20  1
 152  21  1
 190  21  1
 131  22  1
 114  23  1
 115  23  1
  93  24  1
 135  24  1
 146  25  1
 113  26  1
 114  26  1
 154  26  1
  85  27  1
  95  27  1
 161  27  1
 162  27  1
  55  29  1
 223  29  1
 130  30  1
  53  31  1
  74  31  1
  78  31  1
 158  31  1
 175  31  1
 176  31  1
 185  31  1
 128  32  1
 195  32  1
 216  32  1
  86  33  1
 123  33  1
 134  33  1
 135  33  1
 149  34  1
 230  34  1
  80  35  1
  81  35  1
 120  35  1
 220  35  1
 150  36  1
  43  37  1
  93  37  1
  94  37  1
 114  37  1
 168  37  1
 184  37  1
 173  38  1
 194  38  1
 195  38  1
 236  38  1
  81  39  1
  82  39  1
 129  40  1
 192  40  1
  38  41  1
  84  41  1
 100  42  1
 101  42  1
 102  42  1
 193  42  1
  59  43  1
  84  43  1
  96  43  1
 152  43  1
 153  43  1
 172  43  1
 173  43  1
  63  44  1
 121  44  1
 221  44  1
  79  45  1
  80  45  1
  89  46  1
 131  46  1
 136  47  1
  97  48  1
  57  49  1
  83  49  1
 145  49  1
 110  50  1
 251  50  1
  95  51  1
 131  51  1
 133  51  1
 139  51  1
 147  51  1
 155  51  1
 156  51  1
 164  51  1
 166  51  1
  52  52  1
 104  52  1
 106  52  1
 151  52  1
 162  52  1
 119  53  1
 121  53  1
 142  53  1
  47  54  1
  51  54  1
  65  54  1
  66  54  1
 200  54  1
 235  54  1
 137  55  1
  97  56  1
 107  56  1
 109  56  1
 127  56  1
  88  57  1
 114  57  1
 117  57  1
 231  57  1
 260  57  1
 221  58  1
  19  59  1
  51  59  1
 227  59  1
 199  60  1
 123  61  1
 132  61  1
 112  62  1
 231  62  1
  40  63  1
  43  63  1
  50  63  1
 108  63  1
 204  63  1
 141  64  1
 147  64  1
  37  66  1
  39  66  1
  54  66  1
  55  66  1
 105  66  1
 133  66  1
 154  66  1
  33  67  1
  12  68  1
  55  68  1
  57  68  1
 112  69  1
  42  70  1
  86  70  1
  88  70  1
 108  70  1
  92  71  1
 103  71  1
   9  72  1
  50  72  1
 100  72  1
 139  72  1
 171  72  1
 211  72  1
 263  72  1
 264  72  1
 265  72  1
 272  72  1
 273  72  1
  45  73  1
  80  73  1
 106  74  1
 126  74  1
 175  74  1
 177  74  1
  47  75  1
 165  75  1
 167  75  1
 206  75  1
 207  75  1
 261  75  1
  77  76  1
  78  76  1
  98  76  1
 116  76  1
   7  77  1
   8  77  1
  69  77  1
  72  77  1
 123  77  1
 163  77  1
  56  78  1
  58  78  1
 112  78  1
 135  78  1
 169  78  1
 171  78  1
 163  79  1
 165  79  1
 207  79  1
 215  79  1
 225  79  1
 258  79  1
 130  80  1
 160  82  1
 129  83  1
 142  83  1
 169  83  1
 191  83  1
 208  83  1
 209  83  1
 125  84  1
 144  84  1
 135  85  1
 138  85  1
 156  85  1
 180  85  1
   4  86  1
   5  86  1
  89  86  1
  90  86  1
 150  86  1
 152  86  1
 162  86  1
 258  86  1
 194  87  1
 233  87  1
 263  87  1
 237  88  1
 242  88  1
  92  89  1
  94  89  1
 146  89  1
 166  89  1
 167  89  1
 178  89  1
 125  90  1
 127  90  1
 216  90  1
 232  90  1
 256  90  1
 122  91  1
 132  91  1
 133  91  1
 162  91  1
 163  91  1
 261  91  1
  96  92  1
 118  92  1
 237  92  1
 244  92  1
 253  92  1
  42  93  1
 156  93  1
 172  93  1
 173  93  1
 204  93  1
 103  94  1
 104  94  1
  79  95  1
 109  95  1
 135  95  1
 156  95  1
 212  95  1
 213  95  1
 250  95  1
   2  96  1
   3  96  1
  43  96  1
  44  96  1
  88  96  1
 138  96  1
 115  97  1
 143  97  1
 156  97  1
 247  97  1
  32  98  1
  33  98  1
 123  98  1
  22  99  1
 143 100  1
 144 100  1
 189 100  1
 249 100  1
  42 101  1
  47 101  1
  91 102  1
 147 102  1
 189 102  1
  85 103  1
 264 103  1
 265 103  1
  93 104  1
 120 104  1
 190 104  1
 258 104  1
  96 105  1
 138 105  1
  73 106  1
  74 106  1
 190 106  1
 276 106  1
 277 106  1
 137 107  1
   7 108  1
  54 108  1
  81 108  1
  82 108  1
 142 108  1
 153 108  1
 228 108  1
 255 108  1
 120 109  1
 133 109  1
 158 109  1
 232 109  1
 238 109  1
 266 109  1
  11 110  1
  82 110  1
  83 110  1
 100 110  1
 124 110  1
 199 110  1
 264 110  1
  41 111  1
 129 111  1
 131 111  1
 258 111  1
  86 112  1
 214 112  1
  40 113  1
  41 113  1
 201 113  1
  79 114  1
 135 114  1
 171 114  1
 172 114  1
 185 114  1
 193 114  1
 207 114  1
 239 114  1
 240 114  1
 245 114  1
 250 114  1
  34 115  1
 124 116  1
 128 116  1
 156 116  1
 157 116  1
 158 116  1
 207 116  1
 218 116  1
 103 117  1
 173 117  1
 178 117  1
 189 117  1
  85 118  1
  97 118  1
 113 118  1
 197 118  1
 207 118  1
 106 119  1
 167 119  1
 214 119  1
 122 120  1
 192 120  1
 265 120  1
 266 120  1
 267 120  1
 171 121  1
 172 121  1
  10 122  1
 200 122  1
 201 122  1
 212 122  1
  76 123  1
 248 123  1
 105 124  1
 106 124  1
 150 124  1
 177 124  1
 181 124  1
 204 124  1
 226 124  1
 267 125  1
  31 126  1
  32 126  1
  63 126  1
  89 126  1
 100 126  1
 104 126  1
 128 126  1
 129 126  1
  46 127  1
  86 127  1
 136 127  1
 173 127  1
 273 127  1
  56 128  1
  65 128  1
 123 128  1
 152 128  1
 153 128  1
 186 128  1
 260 128  1
  37 129  1
  38 129  1
  47 129  1
  54 129  1
 125 129  1
 177 129  1
 216 129  1
 234 129  1
 257 129  1
  63 130  1
  70 130  1
 138 130  1
 230 130  1
   8 131  1
  10 131  1
  47 131  1
  99 131  1
 132 131  1
 173 131  1
 207 131  1
 221 131  1
 144 132  1
 157 132  1
 104 133  1
 179 133  1
 268 133  1
 269 133  1
   1 134  1
   7 134  1
  59 134  1
  65 134  1
  66 134  1
  78 134  1
 140 134  1
 141 134  1
 147 134  1
 175 134  1
 187 134  1
 211 134  1
 245 134  1
  61 135  1
 138 135  1
 217 135  1
 218 135  1
 222 135  1
  53 136  1
 280 136  1
 159 137  1
 160 137  1
 229 137  1
  90 138  1
 106 138  1
 198 138  1
 220 138  1
 260 138  1
 265 138  1
   9 139  1
  10 139  1
  11 139  1
  88 139  1
 162 139  1
  41 140  1
  43 140  1
 166 140  1
 167 140  1
  76 141  1
 217 141  1
 224 141  1
 282 141  1
 283 141  1
  19 142  1
  57 142  1
 154 142  1
  11 143  1
  79 143  1
 211 143  1
 239 143  1
 283 143  1
   7 144  1
  24 144  1
 228 144  1
 231 144  1
 251 144  1
 253 144  1
  18 145  1
 136 145  1
 199 145  1
 205 145  1
 215 145  1
  27 146  1
  52 146  1
  72 146  1
 189 146  1
 190 146  1
  78 147  1
 150 147  1
 166 147  1
 249 147  1
 250 147  1
  42 148  1
  43 148  1
 263 148  1
  75 149  1
  81 149  1
 174 149  1
 175 149  1
 208 149  1
 209 149  1
 258 149  1
 255 150  1
   1 151  1
 139 151  1
 141 151  1
 153 151  1
 155 151  1
 172 151  1
 217 151  1
  33 152  1
  34 152  1
  43 152  1
  37 153  1
 198 153  1
 222 153  1
 224 153  1
 253 153  1
 144 154  1
 178 154  1
 192 154  1
 136 155  2
 137 155  1
 138 155  1
 151 155  1
 183 155  1
 271 155  1
 275 155  1
 147 156  1
 170 156  1
 186 156  1
 190 156  1
 191 156  1
   2 157  1
   3 157  1
 142 158  1
 165 159  1
 178 159  1
 267 159  1
 281 159  1
 282 159  1
  10 160  1
 191 160  1
 238 160  1
 240 160  1
 246 160  1
 262 160  1
  95 161  1
 136 162  1
 137 162  1
 251 163  1
 122 164  1
 257 165  1
 258 165  1
 268 165  1
 163 166  1
 190 166  1
 194 166  1
  11 167  1
  12 167  1
 156 167  1
 241 167  1
 261 167  1
 165 168  1
 179 168  1
 236 168  1
 181 169  1
 183 169  1
 125 170  1
 244 170  1
  17 171  1
  18 171  1
 102 171  1
 157 171  1
 259 171  1
 260 171  1
 273 171  1
  97 173  1
 130 173  1
 243 173  1
 244 173  1
 279 173  1
 280 173  1
 160 174  1
 168 174  1
 185 174  1
 248 174  1
  21 175  1
  35 176  1
 232 176  1
 135 177  1
 182 177  1
 183 177  1
 234 177  1
 241 178  1
 261 178  1
  96 179  1
 161 179  1
 162 179  1
  24 180  1
 140 180  1
 141 180  1
  42 182  1
 101 182  1
 102 182  1
 189 182  1
 165 183  1
 173 183  1
 248 183  1
 249 183  1
 267 183  1
 268 183  1
  11 184  1
 105 184  1
 181 185  1
 183 185  1
 226 185  1
 227 185  1
 124 186  1
 145 186  1
 176 186  1
 177 186  1
 249 186  1
  40 187  1
 119 187  1
 194 187  1
 195 187  1
 199 187  1
 231 187  1
  13 188  1
 273 188  1
 134 189  1
 135 189  1
 151 189  1
 170 189  1
 172 189  1
 204 189  1
 218 189  1
 219 189  1
 157 190  1
 208 190  1
  15 191  1
  44 191  1
  45 191  1
  60 191  1
 114 191  1
 135 191  1
 147 191  1
 168 192  1
 169 192  1
  33 193  1
  34 193  1
  63 193  1
  17 194  1
 141 194  1
 147 194  1
 148 194  1
 189 194  1
 234 194  1
 268 194  1
 106 196  1
 226 196  1
  28 197  1
  34 199  1
  37 199  1
  72 199  1
  76 199  1
  99 199  1
 107 199  1
 116 199  1
 117 199  1
  56 200  1
  89 200  1
  95 200  1
 103 200  1
 144 200  1
 145 200  1
 210 200  1
  64 201  1
  66 201  1
 110 201  1
 194 201  1
 103 202  1
 155 202  1
 156 202  1
 191 202  1
  62 203  1
 204 203  1
 205 203  1
 206 203  1
  26 204  1
 104 204  1
 157 204  1
 158 204  1
 180 204  1
 186 204  1
 140 205  1
 220 205  1
 221 205  1
 120 206  1
 179 206  1
 186 206  1
  64 207  1
 125 207  1
 219 207  1
  88 208  1
  98 208  1
  99 208  1
 132 208  1
 133 208  1
 134 208  1
 143 208  1
 144 208  1
 166 208  1
 186 208  1
 187 208  1
 214 208  1
 215 208  1
  72 210  1
  85 210  1
 117 210  1
 129 210  1
 134 210  1
 187 210  1
  66 212  1
  67 212  1
  99 212  1
 135 212  1
 140 212  1
 146 212  1
 152 212  1
 249 212  1
 104 213  1
 110 213  1
 172 213  1
  39 214  1
 117 214  1
  84 215  1
 107 215  1
 108 215  1
 126 215  1
 131 215  1
  41 216  1
 244 216  1
 124 217  1
  64 218  1
 114 218  1
 239 218  1
  46 219  1
  62 219  1
  75 219  1
 111 219  1
  81 220  1
 127 220  1
 172 220  1
  50 221  1
 136 221  1
  84 223  1
 138 223  1
 114 224  1
  55 225  1
  56 225  1
  77 225  1
 132 225  1
  81 226  1
 158 229  1
 146 230  1
 163 230  1
 173 230  1
 174 230  1
 227 230  1
  69 231  1
  81 231  1
 114 231  1
 117 231  1
 118 231  1
 139 232  1
 140 232  1
 206 232  1
  72 233  1
 112 233  1
 113 233  1
 147 233  1
 159 233  1
  92 234  1
 122 234  1
 126 234  1
 127 234  1
 128 234  1
 143 234  1
  76 235  1
  78 235  1
 173 236  1
 136 237  1
 186 237  1
 178 238  1
 204 238  1
 219 238  1
  96 239  1
 125 239  1
 190 239  1
 214 239  1
 100 240  1
 133 240  1
 154 240  1
 163 240  1
 157 241  1
 172 241  1
 123 243  1
 157 243  1
 133 244  1
 135 244  1
 151 246  1
 169 246  1
 184 246  1
 199 246  1
 120 249  1
 155 249  1
 125 250  1
 169 250  1
 194 250  1
 161 251  1
 186 253  1
 182 254  1
 150 255  1


count = 852