 152   1  1
 168   1  1
 177   2  1
 138   3  1
 118   9  1
 197   9  1
 113  11  1
 110  12  1
 108  13  1
 102  15  1
 104  15  1
 212  15  1
  84  20  1
  79  24  1
 222  24  1
  86  25  1
  74  26  1
  76  26  1
  66  28  1
 226  29  1
  61  30  1
 108  31  1
  56  32  1
  74  33  1
 106  33  1
  52  34  1
  53  34  1
  89  34  1
 108  37  1
  91  38  1
  92  38  1
 112  38  1
  46  39  1
 237  40  1
  88  41  1
  89  41  1
  73  42  1
  74  42  1
 116  42  1
  48  43  1
  89  43  1
  37  44  1
 123  44  1
 124  44  1
 111  46  1
 112  46  1
  42  48  1
  43  48  1
  31  49  1
 139  50  1
 125  51  1
 126  51  1
 117  52  1
 249  52  1
 131  53  1
 133  53  1
  47  54  1
  77  55  1
 145  55  1
 105  56  1
 106  56  1
  81  57  1
  85  57  1
  98  59  1
 111  59  1
 139  60  1
 246  60  1
 146  61  1
 168  61  1
 169  61  1
  17  62  1
  81  63  1
 110  63  1
 103  64  1
 171  64  1
 236  64  2
 237  64  1
 238  64  1
  75  65  1
  79  66  1
  96  66  1
 100  66  1
 173  66  1
  82  67  1
 242  67  1
 243  67  1
  89  68  1
  10  70  1
 265  70  1
 179  71  1
  17  73  1
   8  75  1
   9  75  1
  27  75  1
  83  75  1
  84  75  1
 188  76  1
  80  77  1
  24  79  1
 190  79  1
 191  79  1
   6  80  1
   7  80  1
 183  80  1
   5  83  1
   6  83  1
 166  83  1
 266  83  1
 185  84  1
 190  84  1
 191  84  1
  13  85  1
   4  86  1
   5  86  1
   8  88  1
 266  88  1
  16  89  1
 165  91  1
 168  91  1
 174  91  1
 175  91  1
   2  92  1
   3  92  1
  21  92  1
 169  95  1
   7  99  1
 177  99  1
 178  99  1
  20 100  1
  80 101  1
 230 101  1
 231 101  1
 178 102  1
 179 102  1
 189 102  1
 190 102  1
 238 102  1
  10 103  1
 170 104  1
 197 104  1
  73 107  1
  78 107  1
 241 108  1
 180 109  1
 235 110  1
  68 112  1
  82 112  1
 212 112  1
 244 112  1
 245 112  1
   8 113  1
   9 113  1
 169 114  1
 187 114  1
 231 114  1
   8 115  1
  84 115  1
  87 116  1
  89 116  1
 224 116  1
   7 117  1
   8 117  1
  96 117  1
 170 117  1
 179 117  1
 181 117  1
 218 117  1
 208 118  1
 175 119  1
 242 119  1
 243 119  1
   7 120  1
 117 120  1
 183 120  1
 204 120  1
 205 120  1
 213 120  1
 227 120  1
 188 121  1
 195 121  1
 272 121  1
 273 121  1
  74 122  1
 177 122  1
 245 123  1
  76 124  1
 197 124  1
 198 124  1
 223 125  1
 229 125  1
 230 125  1
  61 126  1
 111 126  1
 116 126  1
   1 127  1
   2 127  1
   6 127  1
   7 127  1
  22 127  1
  23 127  1
  24 127  1
  48 127  1
 122 127  1
 242 127  1
 244 127  1
 110 128  1
 128 128  1
 158 128  1
 176 128  1
 177 128  1
  15 129  1
 179 129  1
 225 129  1
 261 129  1
  50 130  1
  54 130  1
  56 130  1
 119 130  1
 162 130  1
 221 130  1
  32 131  1
  41 131  1
  42 131  1
 226 131  1
 246 131  1
 256 131  1
  16 133  1
 143 133  1
 144 133  1
 251 133  1
  98 134  1
 120 134  1
 130 134  1
 161 134  1
 166 134  1
  43 135  1
 178 135  1
  53 136  1
 127 136  1
 142 136  1
  79 137  1
 159 137  1
  58 138  1
 124 138  1
 125 138  1
  37 139  1
  61 139  1
  62 139  1
  75 139  1
 114 139  1
 224 140  1
 241 140  1
 242 140  1
   1 141  1
 123 141  1
 114 143  1
 209 143  1
 210 143  1
 118 144  1
 183 145  1
  71 146  1
  72 146  1
 195 146  1
 171 147  1
   1 148  1
  87 148  1
 218 148  1
 278 148  1
 279 148  1
 172 151  1
   7 152  1
   8 152  1
 203 152  1
 274 152  1
 176 153  1
 237 153  1
 216 154  1
 232 154  1
  14 155  1
 216 156  1
   8 157  1
   9 157  1
 157 157  1
 230 157  1
  71 158  1
 184 158  1
 236 158  1
  76 159  1
 194 159  1
 229 159  1
  20 160  1
 215 160  1
 233 160  1
 234 160  1
 273 160  1
 274 160  1
  10 162  1
  12 162  1
  15 162  1
 155 162  1
 227 162  1
 222 163  1
 154 164  1
 274 164  1
   7 165  1
   8 165  1
 234 165  1
 178 166  1
 180 166  1
 157 169  1
 159 170  1
 165 172  1
 213 173  1
 206 175  1
 241 175  1
 213 176  1
 177 177  1
 178 177  1
 210 177  1
 241 177  1
 243 177  1
 238 178  1
 209 179  1
 279 179  1
 280 179  1
 248 180  1
   6 181  1
  73 181  1
 163 181  1
 164 181  1
 207 182  1
 158 183  1
 163 183  1
 170 183  1
 258 183  2
 190 184  1
  78 185  1
 201 185  1
 202 185  1
 252 185  1
 271 185  1
  10 186  1
  36 186  1
 196 186  1
 256 186  1
  77 187  1
  92 187  1
 198 188  1
 205 188  1
 206 188  1
  76 189  1
  77 189  1
 275 190  1
 276 190  1
  47 191  1
  63 191  1
 198 191  1
  40 192  1
  67 192  1
  68 192  1
  75 192  1
  37 193  1
 185 193  1
 186 193  1
  72 194  1
 105 194  1
 111 194  1
 246 194  1
  40 196  1
  41 196  1
 120 196  1
 135 196  1
 246 196  1
 251 196  1
  15 197  1
  96 197  1
 112 197  1
 113 197  1
 128 197  1
  44 198  1
  88 198  1
 105 198  1
 271 198  1
  61 199  1
  96 199  1
  98 199  1
 118 199  1
 156 199  1
 153 200  1
 159 200  1
 185 200  1
 186 200  1
 270 200  1
 102 201  1
 104 201  1
 118 201  1
 174 201  1
 257 201  1
  20 203  1
  84 203  1
  85 203  1
 152 204  1
 179 204  1
 180 204  1
  97 205  1
 138 205  1
 139 205  1
 185 205  1
 188 205  1
  91 206  1
 114 206  1
 149 206  1
 256 206  1
 135 207  1
 242 207  1
 243 207  1
 248 207  1
  65 208  1
  66 208  1
 172 208  1
 174 208  1
  36 209  1
 251 209  1
  40 210  1
  41 210  1
  45 210  1
 117 210  1
 129 210  1
 148 210  1
 154 210  1
 238 211  1
  31 212  1
  97 212  1
 126 212  1
 127 212  1
  46 213  1
  47 213  1
  67 213  1
  68 213  1
  34 214  1
 134 214  1
 232 214  1
 120 215  1
  36 216  1
 132 216  1
 231 216  1
  82 217  1
  83 217  1
  92 218  1
  93 218  1
  70 219  1
  82 219  1
 127 219  1
 225 219  1
 120 221  1
  89 224  1
  52 225  1
  70 226  1
  71 226  1
  80 227  1
 142 227  1
 146 227  1
 121 228  1
 129 230  1
 130 230  1
  67 231  1
 139 231  1
  89 232  1
 119 232  1
  95 233  1
  81 234  1
 103 234  1
 122 234  1
 125 234  1
 136 234  1
 230 234  1
  84 236  1
  85 236  1
 226 236  1
 114 238  1
 104 239  1
  95 240  1
 221 240  1
 124 241  1
 125 241  1
 100 242  1
 215 243  1
 183 244  1
 111 245  1
 179 245  1
 213 245  1
 116 247  1
 185 247  1
 122 249  1
 178 249  1
 179 249  1
 186 249  1
 202 249  1
 125 250  1
 139 250  1
 191 253  1
 188 254  1
 144 256  1
 179 256  1


count = 504