 154   1  1
 176   1  1
 188   2  1
 129   3  1
 191   3  1
 198   7  1
 106   9  1
 207   9  1
 126  10  1
 127  10  1
 210  10  1
 101  11  1
 127  13  1
 116  14  1
 218  14  1
 114  16  1
 100  17  1
 101  17  1
 103  17  1
 119  17  1
 120  17  1
 224  18  1
 108  19  1
 129  19  1
  89  20  1
  74  21  1
 209  21  1
 210  21  1
  70  23  1
  71  23  1
  82  23  1
  83  23  1
  94  23  1
 101  23  1
 128  23  1
 135  23  1
 136  23  1
 130  24  1
  67  25  1
  84  25  1
  88  25  1
 179  25  1
 233  25  1
  93  26  1
 137  27  2
  93  28  2
 115  28  1
  98  29  1
 110  29  1
 126  29  1
 193  29  1
 209  29  1
  60  30  1
  92  30  1
  93  30  1
 128  30  1
 201  30  1
 202  30  1
 179  31  1
 183  31  1
  67  33  1
  98  33  1
 112  34  1
 201  34  1
  61  35  1
 178  35  1
  95  36  1
 101  36  1
 102  36  1
 175  37  1
 198  37  1
 191  38  1
 202  39  1
  95  40  1
 170  40  1
 102  41  1
 175  41  1
 209  41  1
  97  42  1
  99  43  1
 178  43  1
 107  44  1
 200  44  1
 201  44  1
 183  45  1
 252  45  1
 125  46  1
 169  46  1
 189  46  1
  39  47  1
 132  47  1
 116  48  1
 101  49  1
 156  50  1
 185  50  1
 192  50  1
 195  50  1
 109  51  1
 176  51  1
 113  52  1
 182  53  1
 155  54  1
  40  56  1
  41  56  1
  86  56  1
  97  57  1
 176  58  1
 248  58  1
  85  60  1
 151  60  1
 152  60  1
 246  61  1
 156  62  1
 157  62  1
 161  62  1
 152  63  1
 153  63  1
  33  64  1
 240  64  1
 244  65  1
 153  68  1
 255  68  1
 166  69  1
 156  70  1
 162  70  1
 199  72  1
 250  73  1
  17  74  1
 195  74  1
 204  74  1
 152  76  1
  20  77  1
 145  77  1
 198  77  1
  31  78  1
 154  78  1
 226  78  1
 167  79  1
  30  81  1
  31  81  1
 148  81  1
 189  81  1
 249  81  1
 213  83  1
 217  83  1
 198  84  1
 199  84  1
 251  84  1
 268  84  1
 276  84  1
 277  84  1
 219  85  1
 265  85  1
 187  86  1
 258  87  1
 277  87  1
 278  87  1
 192  88  1
 208  89  1
  17  90  1
  32  90  1
  34  90  1
 104  90  1
 110  92  1
 185  92  1
 186  92  1
  21  93  1
  24  93  1
  92  93  1
 162  93  1
 172  93  1
 176  93  1
 249  93  1
   9  94  1
  10  94  1
 179  94  1
 159  95  1
 206  95  1
 207  95  1
  35  96  1
  22  97  1
  23  97  1
  65  98  1
 157  98  1
 176  98  1
 177  98  1
  18  99  1
  53  99  1
  93  99  1
 224  99  1
 231  99  1
  27 100  2
  28 100  1
  29 100  1
  68 100  1
 181 100  1
  16 101  1
  17 101  1
  87 101  1
  88 101  1
 215 101  1
 231 101  1
 207 102  1
  69 104  1
 102 104  1
 200 104  1
 201 104  1
 234 104  1
   5 105  1
   6 105  1
  49 105  1
 240 105  1
  63 106  1
  88 106  1
  89 106  1
 169 106  1
 170 106  1
  36 107  1
  37 107  1
 138 107  1
 176 107  1
   4 108  1
   5 108  1
   9 109  1
 105 109  1
   3 111  1
   4 111  1
 205 111  1
  10 112  1
  11 112  1
  64 112  1
 201 112  1
 223 112  1
 106 113  1
 107 113  1
 136 113  1
 137 113  1
  61 114  1
  74 116  1
 101 116  1
 258 116  1
 259 116  1
  25 117  1
 137 117  1
 160 117  1
 227 117  1
  58 118  1
  59 118  1
 229 118  1
 254 118  1
 266 118  1
 129 119  1
 152 119  1
 162 119  1
   1 120  1
   2 120  1
 131 120  1
 144 120  1
 149 120  1
  67 121  1
 267 121  1
 172 122  1
 173 122  1
 205 122  1
 209 122  1
 242 122  1
  32 123  1
  34 123  1
  64 123  1
  73 123  1
  81 123  1
  99 123  1
 141 123  1
 195 123  1
 214 123  1
 131 124  1
 219 124  1
 247 124  1
   1 125  1
  38 125  1
  58 125  1
 144 125  1
 202 125  1
 252 125  1
 269 125  1
 276 125  1
  29 126  1
 105 126  1
 150 126  1
  11 127  1
  14 127  1
  71 127  1
  82 127  1
 160 128  1
  40 129  1
 261 129  1
 263 129  1
   8 130  1
  65 130  1
 134 130  1
 266 130  1
 144 131  1
 146 131  1
 274 131  1
   3 132  1
  75 132  1
 130 132  1
 170 132  1
 211 132  1
 150 133  1
 203 133  1
 278 133  1
  26 134  1
  38 134  1
  72 134  1
  99 134  1
 100 134  1
 156 134  1
 161 134  1
 175 134  1
 264 134  1
  16 135  1
 111 136  1
 263 136  1
   8 137  1
  25 137  1
 169 137  1
 204 137  1
 254 137  1
 256 137  1
  78 138  1
 108 138  1
 136 138  1
 159 138  1
 171 138  1
   1 139  1
   2 139  1
 203 139  1
  97 140  1
  98 140  1
 108 140  1
  95 142  1
 176 142  1
 159 143  1
  64 144  1
  65 144  1
 138 144  1
   8 145  1
 138 146  1
 101 147  1
   2 148  1
   3 148  1
 131 148  1
  64 149  1
  65 149  1
  86 149  1
  99 149  1
 180 149  1
 163 150  1
  94 151  1
 170 151  1
 109 153  1
 142 153  1
 156 153  1
 104 154  1
 145 154  1
 172 154  1
  13 155  1
  83 156  1
  84 156  1
  97 156  1
 182 156  1
 261 156  1
   5 157  1
   6 157  1
  13 157  1
 168 157  1
 157 159  1
 159 159  1
 162 159  1
 257 159  1
  61 161  1
  78 162  1
  83 162  1
 178 162  1
 167 163  1
 174 163  1
  54 164  1
  83 164  1
 183 164  1
 251 165  1
   7 166  1
   8 166  1
  77 168  1
  79 168  1
  81 168  1
 242 168  1
 247 168  1
  42 170  1
 280 172  1
 281 172  1
  10 173  1
  30 173  1
  28 174  1
  41 174  1
 241 174  1
 182 175  1
  24 176  1
 185 178  1
 213 178  1
  27 179  1
 193 179  1
 278 179  1
 279 179  1
  16 180  1
  23 182  1
 198 183  1
 258 183  1
 276 184  1
 277 184  1
  26 185  1
  27 185  1
 264 185  1
 267 186  1
 268 186  1
  20 188  1
  21 188  1
 167 189  1
 173 189  1
  29 190  1
  30 190  1
 209 190  1
 273 190  1
  22 191  1
  23 191  1
 127 191  1
 140 192  1
 141 192  1
  31 193  1
 222 193  1
 234 193  1
  24 194  1
  25 194  1
 132 194  1
 134 194  1
  80 195  1
  50 197  1
 154 197  1
 155 197  1
  79 198  1
  80 198  1
  52 199  1
  53 199  1
 154 199  1
  39 201  1
 125 201  1
 155 202  1
 187 202  1
 124 204  1
  43 205  1
  44 205  1
  66 205  1
  79 206  1
  75 207  1
 127 207  1
  40 209  1
 133 210  1
 139 210  1
 133 212  1
 136 213  1
 144 213  1
 145 213  1
 244 214  1
 259 214  1
  47 215  1
 213 216  1
 214 216  1
 248 216  1
  72 217  1
 198 217  1
  70 218  1
 216 218  1
  52 219  1
 218 220  1
  66 222  1
  67 222  1
  73 223  1
  58 224  1
  59 224  1
 220 224  1
  67 228  1
  68 228  1
  89 230  1
 223 230  1
 224 230  1
 226 231  1
  74 232  1
  98 232  1
  79 233  1
 238 234  1
  84 235  1
 223 235  1
 104 242  1
 109 246  1
 115 247  1
 120 249  1
 133 253  1
 202 253  1
 136 254  1
 189 256  1


count = 510