 136   1  1
 149   1  1
 187   2  1
 123   4  1
 201   5  1
 110   7  1
 108   8  1
 144   8  1
 152   9  1
 210  10  1
 146  11  1
 150  11  1
 127  12  1
 213  12  1
 214  12  1
  89  14  1
 113  14  1
 133  14  1
 166  15  1
 221  15  1
 137  16  1
  78  17  1
 129  17  1
 130  17  1
 109  18  1
 174  19  1
 228  19  1
 146  20  1
 151  20  1
 152  20  1
  68  21  1
  69  21  1
 141  21  1
 178  21  1
 129  22  1
 130  22  1
 197  23  1
 198  23  1
 202  23  1
 166  24  1
 167  24  1
 235  24  1
 172  25  1
 173  25  1
 118  26  1
 201  26  1
 202  26  1
 227  26  1
  70  27  1
  82  27  1
  83  27  1
 111  27  1
 120  28  1
 128  28  1
 176  30  1
 222  30  1
  76  31  1
  77  31  1
 171  31  1
 231  31  1
 103  32  1
 197  32  1
 212  32  1
 216  32  1
 222  32  1
 245  32  1
  67  33  1
  71  33  1
 227  33  1
  41  34  1
  88  34  1
 206  34  1
 249  34  1
 132  35  1
 173  35  1
 237  35  1
 139  36  1
 212  36  1
 129  37  1
 144  37  1
  97  38  1
 105  38  1
 106  38  1
 203  38  1
 109  39  1
 192  39  1
 193  39  1
  75  41  1
 244  41  1
  99  42  1
 104  42  1
 144  42  1
 220  43  1
 242  43  1
 257  43  1
 210  44  1
  69  46  1
 103  46  1
 130  46  1
 240  46  1
 248  46  1
 260  47  1
  75  48  1
  76  48  1
 128  48  1
 140  49  1
 141  49  1
 210  49  1
 167  50  1
 207  50  1
 237  50  1
  68  51  1
 106  51  1
 193  51  1
 162  52  1
 171  52  1
 225  52  1
 244  52  1
  57  53  1
  68  53  1
 221  53  1
  20  54  1
 123  54  1
 127  54  1
 128  54  1
 197  54  1
  58  55  1
  65  55  1
 265  55  1
 266  55  1
 118  56  1
 206  56  1
 173  57  1
 238  57  1
 241  57  1
 136  58  1
 235  58  1
 232  60  1
 129  61  1
  38  62  1
 170  62  1
 230  62  1
 269  62  1
 270  62  1
  49  63  1
 225  63  1
  37  64  1
  14  65  1
  15  65  1
  52  65  1
  53  65  1
  55  65  1
 224  65  1
 225  65  1
 248  65  1
 116  67  1
 121  67  1
  33  68  1
 246  68  1
  50  69  1
  52  69  1
 219  69  1
  12  70  1
  13  70  1
 151  70  1
 158  70  1
 160  71  1
  32  72  1
  33  72  1
 162  72  1
  28  73  1
  17  74  1
  44  74  1
 225  74  1
  10  76  1
  11  76  1
  18  76  1
  20  76  1
  43  76  1
  44  76  1
 237  76  1
 238  76  1
  37  77  1
  38  77  1
 248  78  1
   9  79  1
  10  79  1
  27  80  1
 215  80  1
 251  80  1
  14  81  1
  32  81  3
 236  81  1
  31  83  1
  32  83  1
 176  83  1
 209  83  1
 246  83  1
   7  84  1
   8  84  1
  40  84  1
 239  84  1
  86  85  1
 226  85  1
 233  85  1
 242  86  1
 253  86  1
 254  86  1
  93  87  1
  16  88  1
  27  88  1
  36  88  1
 181  88  1
 182  88  1
   5  89  1
   6  89  1
  80  89  1
 171  89  1
 201  89  1
 238  89  1
 272  89  1
  94  90  1
  95  90  1
 103  90  1
 257  90  1
  13  91  1
 168  91  1
 183  91  1
 227  91  1
 266  91  1
  89  92  1
 105  92  1
 106  92  1
 125  92  1
 205  92  1
 206  92  1
 224  92  1
  44  93  1
  82  93  1
 160  93  1
 192  93  1
 193  93  1
 229  93  1
  51  94  1
  59  94  1
  60  94  1
  98  94  1
 245  94  1
 265  94  1
  18  95  1
  19  95  1
  36  95  1
  70  95  1
 174  95  1
 182  95  1
 199  95  1
 239  95  1
  23  96  1
  42  96  1
  43  96  1
 218  96  1
 252  96  1
 131  97  1
 132  97  1
 180  97  1
 257  97  1
   3  98  1
   4  98  1
  57  98  1
  72  98  1
 151  98  1
 172  98  1
 173  98  1
 218  98  1
 221  98  1
 223  98  1
  10  99  1
  65  99  1
  88  99  1
  89  99  1
 102  99  1
 111  99  1
 128  99  1
 165  99  1
 203  99  1
 236  99  1
 237  99  1
 139 100  1
 170 100  1
 177 100  1
 267 100  1
  44 101  1
  51 101  1
  89 101  1
 160 101  1
 233 101  1
 240 101  1
 275 101  1
  35 102  1
  36 102  1
  73 102  1
  74 102  1
  80 102  1
 168 102  1
 208 102  1
 231 102  1
  17 103  1
  18 103  1
  19 103  1
  48 103  1
 115 103  1
 165 103  1
 222 103  1
 268 103  1
 231 104  1
  22 105  1
  82 105  1
 137 105  1
 138 105  1
 225 105  1
 262 105  1
  53 106  1
  54 106  1
 131 106  1
 196 106  1
 208 106  1
 209 106  1
 231 106  1
 237 106  1
 266 106  1
 267 106  1
 273 106  1
  91 107  1
 123 107  1
 155 107  1
 159 107  1
 160 107  1
 256 107  1
  78 108  1
  86 108  1
 119 108  1
  20 109  1
 149 109  1
 175 109  1
  14 110  1
  15 110  1
  88 110  1
 151 110  1
 152 110  1
 228 110  1
 229 110  1
 237 110  1
 139 111  1
 141 111  1
 182 111  1
 200 111  1
  37 112  1
  38 112  1
  81 112  1
  92 112  1
 242 112  1
  41 113  1
  98 113  1
 120 113  1
 128 113  1
 136 113  1
 166 113  1
 185 113  1
 186 113  1
 193 114  1
 194 114  1
 208 114  1
 124 115  1
 143 115  1
 150 115  1
 187 115  1
 202 115  1
  41 116  1
  85 116  1
 256 116  1
 270 116  1
 278 116  1
 279 116  1
  87 117  1
 143 117  1
 161 117  1
 162 117  1
  13 118  1
  31 118  1
  38 118  1
 130 118  1
 158 118  1
 190 118  1
 255 118  1
 256 118  1
 257 118  1
  26 119  1
 121 119  1
 266 120  1
  43 121  1
  97 121  1
 160 121  1
 162 121  1
 163 121  1
 260 121  1
 277 121  1
 278 121  1
  23 122  1
  39 122  1
  40 122  1
  53 122  1
 119 122  1
 127 122  1
 150 122  1
 156 122  1
 166 122  1
 167 122  1
 195 122  1
 203 122  1
 224 122  1
  64 123  1
 206 123  1
 253 123  1
 254 123  1
  53 124  1
 166 124  1
 215 124  1
 219 124  1
 262 124  1
  14 125  1
  17 125  1
  23 125  1
  55 125  1
  71 125  1
 142 125  1
  47 126  1
  48 126  1
  66 126  1
  68 126  1
 166 126  1
 167 126  1
  38 127  1
 149 127  1
 253 127  1
 137 128  1
 138 128  1
 205 128  1
 213 128  1
 230 128  1
 231 128  1
  93 129  1
 116 129  1
 117 129  1
 191 129  1
 192 129  1
 197 129  1
 217 129  1
 238 129  1
 241 129  1
   1 130  1
  65 130  1
 200 130  2
 230 130  1
 231 130  1
  88 131  1
  89 131  1
 137 131  1
 167 131  1
 266 131  1
  41 132  1
  45 132  1
  46 132  1
  54 132  1
 148 132  1
 157 132  1
 200 132  1
 236 132  1
 262 132  1
 118 133  1
 120 133  1
 122 133  1
 228 133  1
 244 133  1
 278 133  1
 279 133  1
 130 134  1
 215 134  1
 216 134  1
 142 135  1
 192 135  1
 193 135  1
 198 135  1
 213 135  1
 146 136  1
 147 136  1
 155 136  1
 227 136  1
 228 136  1
 246 136  1
 254 136  1
 119 137  1
 116 138  1
 241 138  1
  80 139  1
 113 139  1
 158 139  1
 159 139  1
 199 139  1
  54 140  1
  88 140  1
  89 140  1
 170 140  1
 171 140  1
 214 140  1
 235 140  1
 281 140  1
 282 140  1
 264 141  1
 265 141  1
   1 142  1
  22 142  1
  85 142  1
  57 143  1
  58 143  1
  77 143  1
 243 143  1
  11 144  1
 125 144  1
   7 145  1
   8 145  1
  55 145  1
  56 145  1
 229 145  1
 270 145  1
 276 145  1
 277 145  1
  17 146  1
  18 146  1
 105 146  1
 166 146  1
 247 146  1
  73 147  1
 125 147  1
 174 147  1
 270 147  1
  18 148  1
 121 148  1
 169 148  1
   7 149  1
  72 149  1
 114 149  1
 164 149  1
 233 149  1
 270 149  1
 276 149  1
  87 150  1
 180 150  1
 192 150  1
 199 150  1
 227 150  1
 242 150  1
 243 150  1
 260 150  1
  15 151  1
  98 151  1
 184 151  1
 249 151  1
 267 151  1
  69 152  1
 171 152  1
 229 152  1
   9 153  1
  16 153  1
 109 153  1
 111 153  1
 163 153  1
 224 153  1
 225 153  1
 240 153  1
  22 154  1
 252 154  1
 254 154  1
 274 154  1
 240 155  1
 241 155  1
  29 156  1
 104 156  1
 176 156  1
 191 156  1
 192 156  1
 270 156  1
  68 157  1
  91 157  1
 207 157  1
 208 157  1
 264 157  1
  73 158  1
  87 158  1
 179 158  1
 192 158  1
 199 158  1
  14 159  1
  20 159  1
 168 159  1
 184 159  1
 197 159  1
 255 159  1
  30 160  1
  10 161  1
 240 161  1
 241 161  1
 212 162  1
 268 162  1
  32 163  1
  33 163  1
 132 163  1
 180 163  1
 181 163  1
 186 163  1
  38 164  1
 106 164  1
 108 164  1
 109 164  1
 260 164  1
 261 164  1
  15 165  1
 130 165  1
 215 165  1
 152 166  1
 242 166  1
 264 166  1
  12 167  1
 147 167  1
 148 167  1
 235 167  1
 236 167  1
 111 168  1
 184 168  1
 212 168  1
 227 168  1
 245 168  1
  92 169  1
 141 169  1
 163 169  1
 169 169  1
  19 170  1
  30 170  1
  31 170  1
  32 170  1
 101 170  1
 125 170  1
 127 170  1
 152 170  1
 179 170  1
 190 170  1
 231 170  1
 130 171  1
   6 172  1
   7 172  1
  13 172  1
  14 172  1
  38 172  1
  86 172  1
  87 172  1
 162 172  1
 245 172  1
 154 173  1
 205 173  1
 206 173  1
  88 174  1
 134 174  1
 135 174  1
 174 174  1
 245 174  1
 275 174  1
 211 175  1
 212 175  1
 147 176  1
 181 176  1
 201 176  1
 208 176  1
 242 176  1
  30 177  1
  31 177  1
 138 177  1
 139 177  1
 199 177  1
   8 178  1
   9 178  1
  66 178  1
  74 178  1
 117 178  1
 191 178  1
 240 179  1
 208 180  1
   9 181  1
  10 181  1
  74 181  1
  79 181  1
 236 181  1
 237 181  1
  29 182  1
  30 182  1
 269 182  1
  63 183  1
 142 183  1
 112 184  1
 114 184  1
  25 185  1
 124 185  1
  11 186  1
  12 186  1
  32 186  1
 102 186  1
 235 186  1
 136 187  1
  61 188  1
  85 188  1
  86 188  1
  24 189  1
 220 189  1
  46 190  1
 127 190  1
 128 190  1
 129 190  1
  14 191  1
  87 191  1
  89 191  1
 262 191  1
 206 192  1
 233 192  1
 202 193  1
 226 193  1
  58 194  1
 128 194  1
 129 194  1
 209 194  1
 228 195  1
  46 196  1
  47 196  1
  76 196  1
 214 196  1
 259 196  1
  54 197  1
  83 197  1
  84 197  1
  85 197  1
 220 197  1
  18 198  1
  60 198  1
  89 199  1
  79 200  1
 126 200  1
 128 200  1
 199 200  1
  58 201  1
  72 201  1
 130 201  1
  49 202  1
  80 202  1
 135 202  1
 223 203  1
 254 203  1
  77 204  1
 124 204  1
 125 204  1
 135 204  1
  53 206  1
  61 206  1
 102 206  1
 106 206  1
 113 206  1
 193 206  1
 211 207  1
 212 207  1
 251 207  1
 108 209  1
 122 209  1
 133 209  1
 227 209  1
 111 211  1
 130 211  1
  42 212  1
  43 212  1
  52 212  1
  78 212  1
 145 212  1
  34 213  1
  93 213  1
 125 213  1
 134 214  1
 147 214  1
 141 215  1
 142 215  1
  64 216  1
  82 216  1
 244 216  1
  90 217  1
 116 217  1
  41 218  1
  64 218  1
 240 218  1
  98 219  1
 223 219  1
  64 220  1
 237 220  1
 214 221  1
 218 221  1
  73 222  1
 112 222  1
  53 223  1
 101 223  1
 164 223  1
 231 223  1
 232 223  1
  56 224  1
 112 224  1
  88 225  1
  89 225  1
 101 225  1
  77 226  1
 170 227  1
  70 228  1
 108 228  1
 147 228  1
  74 231  1
  85 231  1
 150 231  1
 221 231  1
  90 232  1
  77 233  1
  78 233  1
 163 233  1
 113 234  1
 155 235  1
 169 235  1
 170 235  1
 175 235  1
 194 235  1
  83 236  1
  84 236  1
 100 236  1
 151 236  1
 203 236  1
 204 236  1
 183 237  1
 201 238  1
 193 239  1
 210 239  1
  93 240  1
 104 240  1
 106 240  1
 108 240  1
 160 240  1
 176 242  1
 164 244  1
 169 244  1
 173 244  1
 201 246  1
 171 248  1
 177 248  1
 178 248  1
 147 250  1
 150 251  1
 151 251  1
 187 252  1
 182 253  1


count = 867