 159   1  1
 174   1  1
 193   3  1
 198   5  1
 119  10  1
 210  11  1
 211  11  1
 136  12  1
 218  15  1
 223  18  1
 203  19  1
 115  20  1
 109  21  1
  94  22  1
 196  22  1
 197  22  1
 110  23  1
  91  24  1
 104  24  1
 194  24  1
 138  25  1
 112  26  1
 143  26  1
 100  27  1
 121  27  2
 128  27  1
 129  27  1
 130  27  1
 134  27  1
 207  29  1
  84  30  1
 103  30  1
 140  30  1
 144  30  1
 146  30  1
 207  31  1
 188  32  1
 240  32  1
 118  33  1
 120  33  1
  93  34  1
  99  34  1
 204  34  1
 205  34  1
  86  35  1
 130  35  1
 184  35  1
  54  36  1
 101  36  1
 229  37  1
  70  38  1
 133  39  1
 195  39  1
 203  40  1
 231  40  1
  48  41  1
 209  41  1
 210  41  1
 203  42  1
 205  42  1
 242  42  1
 112  43  1
 113  43  1
 114  43  1
  38  46  1
 128  46  1
 194  46  1
 139  47  1
 203  47  1
 118  48  1
 124  48  1
 112  49  1
 143  49  1
 144  49  1
 171  49  1
 186  49  1
 211  49  1
  81  50  1
 116  50  1
 162  50  1
 209  50  1
  31  51  1
 128  51  1
 184  51  1
 186  51  1
 177  52  1
  28  53  1
  72  53  1
 111  53  1
 144  53  1
 227  53  1
 213  54  1
 263  54  1
  76  55  1
 105  55  2
 107  55  1
 208  55  1
 114  56  1
  65  58  1
  66  58  1
 258  58  1
  62  60  1
 258  61  1
 110  62  1
 112  62  1
 106  63  1
 189  64  1
 167  65  1
 263  65  1
  14  67  1
 208  67  1
  13  69  1
 110  69  1
 182  69  1
 168  71  1
 169  71  1
 209  71  1
  18  72  1
  24  72  1
 190  72  1
 274  72  1
  11  73  1
  58  73  1
 172  73  1
 173  73  1
 180  73  1
 207  73  1
  28  74  1
 195  74  1
 196  74  1
  49  75  1
  51  75  1
 166  75  1
 187  75  1
 276  75  1
  44  76  1
  17  77  1
 175  77  1
 193  78  1
  40  79  1
  41  79  1
 147  79  1
 181  79  1
   7  80  1
   8  80  1
 170  80  1
 278  80  1
 279  80  1
  14  81  1
 182  82  1
 194  82  1
 146  83  1
 147  83  1
  17  84  1
 164  84  1
 185  84  1
 186  84  1
 150  86  1
  11  87  1
 163  87  1
  14  89  1
  20  89  1
 145  89  1
 146  89  1
 148  90  1
 149  90  1
 246  90  1
 241  91  1
 266  91  1
 149  92  1
 144  93  1
  82  94  1
 166  94  1
 249  94  1
  34  95  1
  45  95  1
 147  95  1
 191  95  1
  20  97  1
  44  97  1
  79  97  1
 227  97  1
 238  97  1
 245  97  1
  73  98  1
  81  99  1
  11 100  1
 225 100  1
  13 101  1
 187 101  1
 192 102  1
   4 103  1
   5 103  1
  73 103  1
 100 104  1
 101 104  1
 180 104  1
 105 105  1
 271 105  1
 272 105  1
  83 106  1
 107 106  1
 109 106  1
 224 106  1
 275 106  1
  76 107  1
 193 108  1
 216 109  1
 126 110  1
 196 111  1
 221 111  1
 127 112  1
 177 112  1
 178 112  1
  80 113  1
 280 114  1
  82 115  1
 173 115  1
 129 116  1
 211 116  1
 219 116  1
 198 117  1
 199 117  1
 190 118  1
 191 118  1
 278 118  1
  17 119  1
 118 119  1
 194 119  1
  63 120  1
 221 120  1
 164 121  1
 198 121  1
 238 121  1
 245 121  1
 248 121  1
   1 122  1
  18 122  1
  19 122  1
  41 122  1
  56 122  1
  89 122  1
 211 122  1
 221 122  1
 194 123  1
 218 123  1
  47 124  1
  54 124  1
  64 124  1
  65 124  1
 117 124  1
 224 124  1
 240 125  1
 268 125  1
  41 126  1
  90 126  1
  91 126  1
 111 126  1
 112 126  1
 156 126  1
 160 126  1
 207 126  1
 209 126  1
 260 126  1
 219 127  1
 241 127  1
   1 128  1
  99 128  1
 103 128  1
 149 128  1
 165 128  1
 167 128  1
 188 128  1
  45 129  1
 239 130  1
 251 130  1
 269 130  1
   1 131  1
   2 131  1
  64 131  1
 218 131  1
 219 131  1
 226 131  1
 227 131  1
 237 131  1
 100 132  1
 105 132  1
 149 132  1
 150 132  1
 183 132  1
 192 132  1
 222 132  1
 231 132  1
 248 132  1
 249 132  1
 267 132  1
 275 132  1
 112 133  1
  20 134  1
 153 134  1
 154 134  1
  35 135  1
  36 135  1
  87 135  1
 168 135  1
 263 135  1
 265 135  1
 117 136  1
 175 136  1
 177 136  1
  35 137  1
 173 137  1
 199 137  1
 204 137  1
 206 137  1
  83 138  1
 219 138  1
 226 138  1
  59 139  1
  60 139  1
 233 139  1
 247 139  1
 118 140  1
 169 140  1
 216 140  1
 237 140  1
 238 140  1
  17 141  1
  24 141  1
 109 141  1
 111 141  1
 221 141  1
 222 141  1
  78 142  1
  88 142  1
 162 142  1
 185 144  1
 245 144  1
 247 144  1
 216 145  1
  76 147  1
  86 147  1
  87 147  1
 222 147  1
 194 148  1
 195 148  1
 208 148  1
 222 149  1
  84 150  1
 179 151  1
 221 151  1
 222 151  1
 279 151  1
 280 151  1
   2 152  1
   3 152  1
 175 152  1
 176 152  1
  82 153  1
 196 153  1
 203 153  1
 219 153  1
 198 154  1
 188 156  1
 277 157  1
 278 157  1
  71 158  1
  72 158  1
  79 158  1
  16 159  1
  17 159  1
 181 159  1
 183 159  1
 194 159  1
 277 159  1
 188 160  1
  10 161  1
 276 161  1
 277 161  1
  21 162  1
 263 162  1
   4 163  1
   5 163  1
 107 164  1
  99 166  1
 183 168  1
 184 168  1
 264 168  1
 189 169  1
   5 170  1
   6 170  1
  93 170  1
  96 170  1
 259 170  1
 123 171  1
  22 172  1
  23 172  1
 238 172  1
 245 172  1
 274 172  1
 275 172  1
 103 173  1
 125 173  1
 179 174  1
 180 174  1
 236 175  1
 273 175  1
 274 175  1
 258 176  1
  23 177  1
 101 177  1
 210 177  1
 216 177  1
 228 177  1
 185 178  1
 186 178  1
 191 178  1
 192 178  1
 132 179  1
 225 180  1
 110 181  1
 111 181  1
 179 181  1
 261 181  1
 198 182  1
 253 182  1
 270 182  1
 271 182  1
 205 184  1
 269 184  1
 127 185  1
 142 185  1
 143 185  1
 179 185  1
 121 186  1
 230 186  1
  21 187  1
 210 187  1
  13 188  1
 136 188  1
 148 188  1
 184 189  1
 199 189  1
  24 190  1
 157 190  1
 230 190  1
 130 191  1
 134 191  1
 188 191  1
 120 192  1
 193 192  1
  17 193  1
  55 193  1
  56 193  1
 236 193  1
  49 195  1
 118 195  1
 125 195  1
 230 195  1
  27 196  1
  28 196  1
 240 196  2
 258 196  1
 121 198  5
 134 199  1
 124 201  1
 240 201  1
  26 203  1
  47 204  1
  48 204  1
 129 206  1
  38 207  1
 142 208  1
 143 208  1
 117 209  1
 171 209  1
 137 210  1
 246 210  1
 100 211  1
 104 211  1
 125 211  1
 129 211  1
 131 212  1
 175 212  1
  72 213  1
 121 213  1
  37 214  1
  92 214  1
 140 214  1
 176 214  1
 167 215  1
  40 216  1
  41 216  1
 101 216  1
 117 216  1
 136 217  1
 145 218  1
 132 220  1
 133 220  1
  48 223  1
 180 223  1
  69 224  1
 130 224  1
 176 224  1
  51 225  1
  54 227  1
  55 227  1
  98 228  1
  93 229  1
 102 230  1
 227 230  1
  90 231  1
  81 233  1
  83 233  1
  85 234  1
 136 236  1
 137 236  1
  90 237  1
 218 238  1
  93 239  1
 134 239  1
  98 242  1
 110 246  1
 200 247  1
 134 248  1
 193 250  1
 180 254  1
 136 255  1
 138 256  1
 140 256  1
 171 256  1


count = 531