 160   1  1
 182   1  1
 150   2  1
 192   2  1
 144   3  1
 199   4  1
 131   5  1
 127   6  1
 129   6  1
 124   7  1
 160   7  1
 208   7  1
 121   8  1
 118   9  1
 115  10  1
 112  11  1
 221  14  1
 222  14  1
 103  15  1
 227  16  1
 140  18  1
 229  18  1
 127  19  1
 137  19  1
 138  19  1
 165  19  1
 131  20  1
 235  21  1
 238  23  1
  93  24  1
 143  26  1
  71  29  1
  92  30  1
  93  30  1
 139  30  1
  79  31  1
 144  31  1
  66  33  1
  57  35  1
 137  35  1
 138  35  1
 149  35  1
  53  36  1
  55  36  1
  81  37  1
 136  37  1
  47  38  1
 100  38  1
  92  41  1
 104  41  1
 134  41  1
 147  41  1
  40  42  1
  41  42  1
 120  42  1
 124  43  1
 140  44  1
  35  45  1
  61  45  1
 126  45  1
  74  46  1
  75  46  1
 128  46  1
 134  46  1
 136  46  1
 119  48  1
  30  49  1
 130  49  1
 145  50  1
 149  50  1
  84  51  2
 137  51  1
 266  52  1
  56  53  1
 145  55  1
 151  55  1
  92  56  1
 149  56  1
  79  57  1
  80  57  1
 156  57  1
  75  58  1
  92  58  1
  93  58  1
  71  60  2
  72  60  1
  82  60  1
 113  60  1
 159  60  1
  16  62  1
  96  62  1
  97  62  1
 104  62  1
 153  62  1
 154  62  1
 162  63  1
 160  65  1
 162  66  1
 115  67  1
  12  68  1
  86  68  1
  91  68  1
 208  68  1
 117  69  1
 128  70  1
 182  73  1
  70  74  1
 207  74  1
 208  74  1
 277  74  1
 278  74  1
  14  75  1
 130  75  1
 220  76  1
 230  76  1
 259  76  1
   7  77  1
   8  77  1
 247  77  1
 278  77  1
 279  77  1
  13  78  1
 218  78  1
 233  79  1
 234  79  1
 241  79  1
  15  81  2
   5  82  1
   6  82  1
 203  82  1
 216  82  1
  10  84  1
  12  84  1
 211  84  1
 214  84  1
 170  85  1
 203  86  1
  21  87  1
   2  89  1
   3  89  1
 168  89  1
 135  90  1
 140  90  1
 153  91  1
  64  93  1
  75  94  1
 161  94  1
 162  94  1
   7  95  1
  61  95  1
 197  95  1
  77  97  1
 191  97  1
 193  97  1
 162  98  1
   1  99  1
 158  99  1
 170  99  1
   7 100  1
   8 100  1
  79 100  1
  83 100  1
  60 101  1
  61 101  1
 168 102  1
 164 104  1
 150 105  1
 155 106  1
  43 107  1
  44 107  1
 147 107  1
 282 107  1
 283 107  1
  85 108  1
 126 110  1
 184 110  1
 185 110  1
  45 111  1
  46 111  1
 117 112  1
 156 112  1
 160 112  1
 181 112  1
  40 113  1
   1 114  1
 180 114  1
   7 115  1
  39 115  1
 148 116  1
  69 117  1
 130 117  1
   1 118  1
   2 118  1
  12 118  1
  40 118  1
 146 118  1
  40 120  1
  55 120  1
  57 120  1
 151 120  1
   8 121  1
   9 121  1
 255 121  1
  72 122  1
   4 123  1
  37 123  1
  38 123  1
  54 123  1
 152 123  1
 253 123  1
 275 123  1
 130 124  1
 273 124  1
 151 125  1
 166 125  1
 170 125  1
 171 125  1
 247 125  1
  27 126  1
  45 126  1
 112 126  1
 135 126  1
 258 126  1
 271 126  1
   6 127  1
  16 127  1
  50 127  1
  79 127  1
 230 127  1
 246 127  1
  40 128  2
  41 128  1
 100 128  1
 196 128  1
 216 128  1
 240 128  1
  24 129  1
 135 129  1
 173 129  1
 193 129  1
  14 130  1
  17 130  1
 140 130  1
 146 130  1
 150 130  1
 256 130  2
 142 131  1
 143 131  1
 270 131  1
 279 131  1
 280 131  1
  78 132  1
 110 132  1
 129 132  1
 212 132  1
 226 132  1
 261 132  1
  85 133  1
 172 133  1
 192 133  1
  83 134  1
 272 134  1
  13 135  1
  20 135  1
 149 136  1
 150 136  1
   3 137  1
 130 137  1
 138 139  1
 139 139  1
 146 139  1
 147 139  1
 228 139  1
 127 141  1
 151 141  1
 179 141  1
   1 142  1
 210 142  1
  70 143  1
 208 143  1
 214 143  1
   6 144  1
   7 144  1
 206 144  1
 152 145  1
 279 145  1
 280 145  1
 125 146  1
 126 146  1
 183 146  1
   6 149  1
  94 149  1
  95 149  1
  10 150  1
  11 150  1
  67 150  1
  68 150  1
 100 151  1
 122 151  1
  98 152  1
 102 152  1
  14 153  1
 104 153  1
 110 154  1
 118 154  1
 191 154  1
  85 155  1
 123 155  1
 124 155  1
 156 155  1
 157 155  1
  16 156  1
  17 156  1
  63 156  1
  89 156  1
  81 158  1
 249 158  1
   1 160  1
  86 162  1
 204 162  1
  19 163  1
  79 163  1
 240 163  1
 242 163  1
   1 165  1
   2 165  1
  29 165  1
  82 165  1
  83 165  1
 157 166  1
   2 167  1
 238 167  1
  76 168  1
   2 169  1
   3 169  1
 211 171  1
 212 171  1
 279 174  1
 280 174  1
  11 175  1
  12 175  1
 177 182  1
  14 183  1
 180 185  1
 215 185  1
 213 188  1
 275 189  1
 276 189  1
  12 190  1
 163 190  1
  84 193  1
 172 194  1
 273 194  1
 274 194  1
 272 197  1
 273 197  1
 158 198  1
 159 198  1
 177 198  1
  83 199  1
  84 199  1
 161 199  1
 162 199  1
  75 200  1
  76 200  1
 144 200  1
 127 201  1
 132 201  1
 136 201  1
 140 201  1
 180 201  1
  82 202  1
  83 202  1
 270 202  1
 271 202  1
  24 203  1
  88 203  1
 183 203  1
 184 203  1
  75 204  1
  76 204  1
 149 204  1
 155 204  1
 139 206  1
 142 207  1
 159 208  1
 160 208  1
 188 208  1
 189 208  1
 138 209  1
 151 209  1
 226 209  1
 129 210  1
 222 210  1
 230 210  1
  55 211  1
  76 211  1
  77 211  1
 110 211  1
 111 211  1
 162 211  1
 163 211  1
  43 212  1
  82 212  1
  83 212  1
 142 212  2
 143 212  1
 144 212  1
  60 213  1
  89 213  1
 133 214  1
 135 214  1
 137 214  1
 224 214  1
  83 215  1
  84 215  1
 125 215  1
 126 215  1
 127 215  1
 162 215  1
 163 215  1
  62 216  1
  63 216  1
 118 216  1
 130 216  1
 131 216  1
 109 217  1
 235 217  1
 236 217  1
  84 218  1
  85 218  1
  97 218  1
 106 218  1
 215 218  1
  42 219  1
  79 219  1
  80 219  1
  93 219  1
 125 219  1
 126 219  1
 219 219  1
 232 219  1
 106 220  1
 152 221  1
 156 221  1
 101 223  1
 109 223  1
 110 223  1
 111 223  1
 106 224  1
 241 224  1
 221 225  1
 222 225  1
 236 225  1
 237 225  1
 218 226  1
 245 226  1
  65 229  1
 105 229  1
 106 229  1
 111 229  1
 239 229  1
  80 230  1
  98 230  1
 121 230  1
 241 230  1
  70 231  1
  85 231  1
 113 231  1
 236 231  1
 248 232  1
  88 233  1
  97 234  1
 121 234  1
 235 234  1
  91 235  1
 229 235  1
 244 235  1
 221 236  1
 232 236  1
 239 238  1
 100 239  1
 226 240  1
 236 240  1
 139 241  1
 140 241  1
  95 242  1
 118 242  1
 234 242  1
  97 243  1
  99 243  1
 121 244  1
 228 245  1
 153 246  1
 224 248  1
 120 249  1
 143 249  1
 156 249  1
 127 251  1
 160 252  1
 161 252  1
 162 252  1
 213 252  1
 209 253  1
 211 253  1
 205 254  1
 207 254  1
 141 255  1
 148 256  1


count = 509