 149   1  1
 153   1  1
 170   1  1
 175   1  1
 142   2  1
 125   5  1
 120   6  1
 188   7  1
 103   9  1
 173   9  1
 193  10  1
 194  10  1
 127  12  1
 128  12  1
 174  12  1
 110  13  1
 180  13  1
 199  13  1
 104  14  1
 115  14  1
 178  14  1
 122  16  1
 126  16  1
 127  16  1
 205  16  1
 189  17  1
 112  18  1
 208  18  1
 105  20  1
 106  20  1
 126  20  1
 196  20  1
 190  21  1
 127  22  1
  68  23  1
  69  23  1
  99  23  1
 100  23  1
 106  23  1
 180  23  1
 185  23  1
 187  23  1
 182  25  1
  65  26  1
  87  27  1
 182  27  1
  61  28  1
  74  28  1
  77  28  1
 105  29  1
 182  29  1
  57  30  1
  58  30  1
 129  30  1
 180  30  1
  88  31  1
 110  32  1
 126  32  1
  52  34  1
  59  36  1
 130  36  1
 131  36  1
  46  37  1
 210  37  1
 119  38  1
 214  38  1
 231  38  1
  54  39  1
  93  39  1
 123  39  1
 128  39  1
  72  40  1
  87  40  1
 116  40  1
 224  40  1
  59  41  1
  71  42  1
 111  42  1
 217  42  1
  64  43  1
  84  43  1
 128  43  1
 129  43  1
 175  43  1
 189  43  1
 120  44  1
 139  44  1
 223  44  1
 224  44  1
 110  45  1
 238  45  1
  36  46  1
  75  46  1
 115  46  1
 116  46  1
 170  46  1
  47  47  1
  56  47  1
  64  47  1
  65  47  1
 215  47  1
 216  47  1
  60  48  1
 152  48  1
 160  48  1
 171  48  1
  69  49  1
  70  49  1
  81  49  1
  96  49  1
 129  50  1
 190  50  1
 213  50  1
 222  50  1
 245  50  1
  47  51  1
 107  51  1
 125  51  1
 131  51  1
 220  51  1
  39  52  1
  75  52  1
  76  52  1
 210  52  1
 134  53  1
  83  54  1
 142  54  1
 220  55  1
  39  56  1
  68  56  1
  69  56  1
 127  57  1
 136  57  1
 240  57  1
 244  57  1
 117  58  1
  22  59  1
 223  59  1
 228  60  1
 233  60  1
 128  62  1
 157  62  1
 236  62  1
 150  63  1
 209  63  1
  68  64  1
 118  64  1
 190  64  1
 250  64  1
  72  65  1
 107  65  1
 114  65  1
 127  66  1
 205  66  1
 209  66  1
 105  67  1
 112  67  1
 147  67  1
 262  67  1
 263  67  1
  60  68  1
  66  68  1
  22  69  1
  75  69  1
 189  69  1
 193  69  1
  24  70  1
 250  70  1
 251  70  1
 264  70  1
 265  70  1
 182  71  1
  13  72  1
  21  72  1
  27  72  1
  28  72  1
  53  72  1
  54  72  1
  78  72  1
 184  72  1
 167  73  1
 176  73  1
 197  73  1
  48  74  1
 154  74  1
 165  74  1
  23  76  1
  48  76  1
 126  76  1
 128  76  1
 161  76  1
 244  76  1
 268  76  1
  10  77  1
 194  77  1
 202  77  1
 130  78  1
 155  78  1
 160  78  1
 181  78  1
 182  78  1
  16  79  1
 142  79  1
 143  79  1
 189  80  1
 192  80  1
 250  80  1
 251  80  1
 270  80  1
  22  82  1
 139  83  1
 181  83  1
  15  84  1
  47  84  1
 129  84  1
 172  84  1
 250  84  1
  12  85  1
  25  85  1
 104  85  1
 105  85  1
 274  85  1
 127  86  1
 129  86  1
 196  86  1
 210  86  1
 211  86  1
  92  87  1
 107  87  1
 119  87  1
 120  87  1
 161  87  1
 184  87  1
 186  87  1
 187  87  1
 194  87  1
   4  88  1
   5  88  1
  87  88  1
  97  88  1
 131  88  1
 135  88  1
 191  88  1
  10  89  1
  39  90  1
  40  90  1
 115  90  1
 181  90  1
   3  91  1
   4  91  1
 110  91  1
 216  91  1
 257  91  1
  15  92  1
  99  92  1
 211  92  1
 267  92  1
  17  93  1
  86  93  1
  95  93  1
 104  93  1
 144  93  1
 188  93  1
 262  93  1
   2  94  1
   3  94  1
  74  94  1
 183  94  1
 212  94  1
 270  94  1
   9  95  1
  37  95  1
 237  95  1
  78  96  1
  79  96  1
 111  96  1
 113  96  1
 211  96  1
 212  96  1
 214  96  1
  98  97  1
  99  97  1
 119  98  1
 169  98  1
 237  98  1
 250  98  1
 266  98  1
  74  99  1
  75  99  1
 217  99  1
 219  99  1
 221  99  1
 222  99  1
 268  99  1
 269  99  1
   1 100  1
   9 100  1
 180 101  1
 215 101  1
 240 101  1
   9 102  1
  11 102  1
  15 102  1
  46 102  1
 173 102  1
 174 102  1
  51 103  1
 100 103  1
 176 103  1
 187 103  1
  72 104  1
  73 104  1
 218 104  1
 224 104  1
 176 105  1
 188 105  1
 227 106  1
 243 106  1
 249 106  1
 246 107  1
 275 107  1
  35 109  1
 176 109  1
  76 110  1
 170 111  1
 231 111  1
 216 112  1
 254 112  1
 265 113  1
 266 113  1
 256 114  1
 262 114  1
  26 115  1
  80 115  1
 230 115  1
  19 116  1
  58 116  1
  59 116  1
 161 116  1
 163 116  1
 172 116  1
 218 116  1
 199 117  1
   1 118  1
  13 118  1
 114 118  1
 159 118  1
 172 118  1
 261 118  1
 271 118  1
  69 120  1
  83 120  1
 155 120  1
 156 120  1
 180 120  1
 225 120  1
 269 120  1
  57 121  1
 164 121  1
 191 121  1
 204 121  1
 219 121  1
   1 122  1
   2 122  1
 117 122  1
 188 122  1
  13 123  1
 153 123  1
 207 123  1
 221 123  1
 234 123  1
  43 124  1
  69 124  1
  38 125  1
 148 125  1
 183 125  1
 215 125  1
 236 125  1
 238 125  1
 248 125  1
 252 125  1
 259 125  1
  58 126  1
 198 126  1
 199 126  1
 243 126  1
 244 126  1
 265 126  1
 268 126  1
 269 126  1
  15 127  1
  16 127  1
  30 127  1
  71 127  1
  72 127  1
 111 127  1
 139 127  1
 186 127  1
 256 127  1
  21 128  1
  79 128  1
  10 129  1
  37 129  1
  74 129  1
  83 129  1
 273 129  1
  35 130  1
  41 130  1
  43 130  1
 226 130  1
 248 130  1
 252 130  1
   7 131  1
   8 131  1
  32 131  1
  64 131  1
  70 131  1
 160 132  1
 161 132  1
 187 132  1
 246 132  1
  32 133  1
  81 133  1
  90 133  1
 112 133  1
 148 133  1
 195 133  1
  24 134  1
  25 134  1
  66 134  1
 209 134  1
 235 134  1
 266 134  1
 271 134  1
   1 135  1
   2 135  1
  88 135  1
 124 135  1
 184 135  1
 201 135  1
 220 135  1
 221 135  1
 232 135  1
   8 136  1
  48 136  1
  49 136  1
  86 136  1
 164 136  1
 248 136  1
  10 137  1
  11 137  1
  58 137  1
 216 137  1
  85 138  1
 160 138  1
 261 138  1
  73 139  1
 187 139  1
 230 139  1
  26 140  1
 119 140  1
 208 140  1
 212 140  1
 226 140  1
 156 141  1
 159 141  1
 238 141  1
 252 141  1
  28 142  1
 106 142  1
 173 142  1
 195 142  1
 234 142  1
 236 142  1
 257 142  1
 117 143  1
  80 144  1
  92 144  1
 187 144  1
  57 145  1
  71 145  1
  60 146  1
  61 146  1
 184 146  1
 234 146  1
 194 147  1
 195 147  1
 238 147  1
 265 147  1
 205 148  1
 181 149  1
 200 150  1
 209 150  1
 267 150  1
  58 151  1
  59 151  1
 256 151  2
 261 151  1
 176 152  1
   2 153  1
   3 153  1
  76 153  1
  85 153  1
 237 153  1
  57 154  1
  58 154  1
 170 154  1
 250 154  1
 259 154  1
 158 155  1
 161 155  1
 242 155  1
 171 156  1
 195 156  1
 204 156  1
 211 156  1
 212 156  1
  51 157  1
  57 157  1
 155 157  1
 165 157  1
 207 157  1
  80 158  1
  82 158  1
 171 158  1
 173 158  1
  98 159  1
  99 159  1
 165 159  1
 177 160  1
 180 160  1
 219 160  1
 165 161  1
 261 161  1
 262 161  1
 258 162  1
   5 163  1
   6 163  1
  13 163  1
 187 163  1
 193 163  1
 246 163  1
  20 165  1
 132 165  1
 133 165  1
 162 165  1
 241 165  1
 255 165  1
 256 165  1
  86 166  1
  94 166  1
  81 167  1
 172 167  1
 225 167  1
 239 167  1
  13 168  1
 107 168  1
 157 168  1
 159 168  1
 168 168  1
 262 168  2
 100 169  1
 129 169  1
 191 169  1
 196 169  1
 187 170  1
 188 170  1
 244 170  1
  25 171  1
 109 171  1
 199 171  1
 233 171  1
 234 171  1
 242 171  1
  37 172  1
  95 172  1
  98 172  1
 113 172  1
 240 172  1
  33 173  1
 133 173  1
 166 173  1
 167 173  1
 206 173  1
  16 174  1
  20 174  1
  21 174  1
  22 174  1
 114 174  1
 135 174  1
 163 174  1
  10 175  1
 117 175  1
  36 176  1
 138 176  1
 139 176  1
 251 176  1
  34 177  1
 196 177  1
 197 177  1
 201 177  1
 208 177  1
 221 177  1
 255 177  1
 247 178  1
 248 178  1
  20 179  1
 263 179  1
 264 179  1
 115 180  1
 186 180  1
  52 181  1
  56 181  1
 149 181  1
 218 181  1
  61 182  1
 248 183  1
 268 183  1
 198 184  1
 199 184  1
 276 184  1
  34 185  1
  62 185  1
  63 185  1
 143 185  1
 144 185  1
 124 186  1
 126 186  1
 208 186  1
 221 186  2
 109 187  1
 176 188  3
 177 188  1
 178 188  1
 193 188  1
 194 188  1
 217 188  1
  18 189  1
 116 189  1
 121 189  1
 153 189  1
 169 189  1
  67 190  1
  68 190  1
 153 191  1
 192 191  1
 193 191  1
 269 191  1
 180 192  1
 182 192  1
 190 193  1
  32 194  1
  33 194  1
  39 195  1
 117 195  1
 154 195  1
 158 195  1
 160 195  1
 245 195  1
 251 195  1
  93 196  1
 110 196  1
 165 197  1
 166 197  1
 171 197  1
 175 197  1
 232 197  1
 107 198  1
 151 198  1
 182 198  1
 184 198  1
 266 198  1
  26 199  1
 117 199  1
 147 199  1
 171 199  1
 122 201  1
 123 201  1
 232 201  1
 151 202  1
 173 202  1
 143 203  1
 108 204  1
 117 204  1
 158 204  1
 234 205  1
 124 206  1
 140 206  1
 212 206  1
 240 206  1
 154 207  1
 212 208  1
 241 208  1
 242 208  1
 118 210  1
 211 210  1
 212 210  1
  68 211  1
  69 211  1
 112 211  1
 130 211  1
 136 211  1
 243 212  1
  76 213  1
  77 213  1
  94 213  1
 114 213  1
 136 213  1
  97 214  1
  63 216  1
 249 216  1
  69 218  1
  83 218  1
 106 218  1
 129 218  1
  79 219  1
 207 219  1
  60 220  1
  71 221  1
  73 221  1
  49 222  1
  60 222  1
  75 222  1
  85 222  1
  87 222  1
  89 222  1
 107 222  1
 102 223  1
 127 224  1
 131 224  1
  53 225  1
  97 225  1
 108 225  1
  79 226  1
  80 226  1
 125 226  1
 131 228  1
  77 229  1
  78 229  1
  59 230  1
 125 230  1
  70 231  1
  63 232  1
  80 232  1
  89 232  1
  76 234  1
  94 234  1
  68 236  1
  69 236  1
 227 236  1
  87 237  1
  84 238  1
  85 238  1
 223 238  1
 174 239  1
  90 240  1
  91 240  1
 170 241  1
 171 241  1
 217 241  1
 218 241  1
  83 242  1
 106 242  1
 213 244  1
  92 245  1
 129 245  1
 144 245  1
 100 247  1
 127 247  1
 169 247  1
 170 247  1
 103 248  1
 140 248  1
 141 248  1
 205 248  1
 137 249  1
 144 250  1
 168 250  1
 194 253  1
 126 254  1
 182 256  1


count = 781