 147   1  1
 187   1  1
 167   8  1
  84  10  1
  81  11  1
 212  11  1
  79  12  1
 127  13  1
 214  13  1
 108  14  1
 109  14  1
 114  14  1
 169  14  1
  91  15  1
 100  15  1
 103  16  1
 104  16  1
 105  16  1
  86  17  1
 115  17  1
 116  17  1
 112  20  1
 170  20  1
 171  20  1
  83  21  1
 117  21  1
 128  21  1
  58  22  1
 109  23  1
  89  24  1
  83  25  1
  84  25  1
  96  25  1
 101  25  1
 102  25  1
 125  25  1
  51  27  1
 108  27  1
 143  27  1
 169  27  1
 170  27  1
 219  27  1
 136  28  1
  48  29  1
  84  29  1
 205  29  1
 209  29  1
  93  30  1
 140  30  1
 141  30  1
 152  30  1
 217  30  1
 218  30  1
  98  31  1
 115  31  1
 124  31  1
 125  31  1
 235  31  1
 143  32  1
 144  32  1
 145  32  1
 170  32  1
 171  32  1
  90  33  1
 124  33  1
 132  33  1
 204  33  1
 209  33  1
 214  33  1
 170  34  1
 177  34  1
 178  34  1
 181  34  1
 112  35  1
 146  35  1
 160  35  1
 240  35  1
 129  36  1
 134  36  1
 186  37  1
 187  37  1
 227  37  1
 228  37  1
 105  39  1
 106  39  1
 116  39  1
 121  40  1
 167  40  1
 168  40  1
 182  40  1
 161  41  1
 162  41  1
  92  42  1
 114  42  1
 115  42  1
 239  42  1
 134  43  1
 138  43  1
 139  43  1
 149  43  1
 100  44  1
 142  44  1
 161  45  1
 205  45  1
 235  45  1
 142  46  1
 148  46  1
 201  46  1
 138  47  1
 157  47  1
 174  47  1
 225  47  1
 253  48  1
  96  49  1
 105  49  1
 162  49  1
 163  49  1
 164  49  1
 200  49  1
 201  49  1
 232  49  1
 233  49  1
 145  50  1
 153  50  1
 172  50  1
 208  50  1
 209  50  1
 129  51  1
 156  52  1
 224  52  1
 225  52  1
 257  53  1
 167  54  1
 196  54  1
 186  55  1
 191  56  1
 218  58  1
 260  58  1
  18  59  1
 209  59  1
 226  59  1
 227  59  1
 128  62  1
 232  62  1
 233  62  1
 262  62  1
 263  62  1
 164  63  1
 241  65  1
 245  66  1
 256  66  1
 265  66  1
 147  67  1
  39  68  1
  40  68  1
 231  68  1
  27  69  1
  29  69  1
 151  69  1
  45  70  1
 259  70  1
  22  71  1
  43  71  1
 161  71  1
 162  71  1
  31  72  1
  11  73  1
 154  73  1
 159  73  1
  34  74  1
 189  74  1
 263  74  1
 269  74  1
 259  75  1
  16  76  1
  29  76  1
  46  76  1
  54  76  1
 211  76  1
 165  77  1
 166  77  1
 175  78  1
 215  78  2
 244  78  1
 246  78  1
  70  79  1
 274  79  1
 275  79  1
   7  80  1
   8  80  1
  56  80  1
  57  80  1
  16  81  1
  62  81  1
 219  81  1
 220  81  1
  19  82  1
  20  82  1
  65  82  1
  14  83  1
  15  83  1
  35  83  1
 169  83  1
 208  83  1
  58  84  1
 203  84  1
 212  84  1
 213  84  1
 223  84  1
  52  85  1
  69  85  1
 216  85  1
 243  85  1
  50  86  1
 228  86  1
 216  87  1
 272  87  1
  39  88  1
  69  89  1
 230  89  1
   4  90  1
  10  90  1
 214  90  1
 241  90  1
 184  91  1
 221  91  1
 272  91  1
  11  92  1
  12  92  1
 150  92  1
 151  92  1
 197  92  1
 199  92  1
 206  92  1
 243  93  1
 155  94  1
 201  94  1
 203  94  1
 230  94  1
 239  94  1
 282  94  1
 283  94  1
   9  95  1
  20  95  1
  22  95  1
 217  95  1
 221  95  1
   1  96  1
  83  96  1
  91  96  1
 102  96  1
 139  96  1
 153  96  1
 239  96  1
 272  96  1
   6  97  1
  18  97  1
 109  97  1
 170  97  1
 172  97  1
 174  97  1
 199  97  1
 200  97  1
 210  97  1
  81  98  1
 229  98  1
 114  99  1
 131  99  1
 135  99  1
 141  99  1
 152  99  1
 232  99  1
 233  99  1
 249  99  1
 274  99  1
 275  99  1
   5 100  1
  57 100  1
  76 100  1
  90 100  1
 243 100  1
 244 100  1
  10 101  1
 233 101  1
 263 101  1
  71 102  1
  96 102  1
 127 102  1
 136 102  1
 140 102  1
 154 102  1
  62 103  1
  98 103  1
 105 103  1
 201 103  1
 206 103  1
 207 103  1
 218 103  1
 255 103  1
  53 104  1
 129 104  1
 176 104  1
 261 104  1
 269 104  1
   1 105  1
   6 105  1
   7 105  1
  40 105  1
 133 105  1
 168 105  1
 257 105  1
  92 106  1
 244 106  1
 250 106  1
 251 106  1
 268 106  1
  50 107  1
 122 107  1
 139 107  1
 202 107  1
 231 107  1
 234 107  1
 235 107  1
  71 108  1
  78 108  1
 124 108  1
 135 108  1
 136 108  1
 163 108  1
 193 108  1
 196 108  1
 198 108  1
 212 108  1
 213 108  1
 217 108  1
 268 108  1
   1 109  1
   2 109  1
  95 109  1
 160 109  1
 271 109  1
 208 110  1
 172 111  1
 173 111  1
 189 111  1
 242 111  1
 243 111  1
 273 111  1
 123 112  1
 197 112  1
 204 112  1
 127 113  1
 189 113  1
 250 113  1
  94 114  1
 158 114  1
  87 115  1
  88 115  1
 270 115  1
 272 115  1
 166 116  1
 195 116  1
 196 116  1
  13 117  1
  92 117  1
  93 117  1
 121 117  1
 122 117  1
 149 117  1
  35 118  1
 141 118  1
 208 118  1
  88 119  1
  93 119  1
 133 119  1
  21 120  1
  31 120  1
 179 120  1
 187 120  1
  92 121  1
  93 121  1
 167 121  1
  28 122  1
 133 122  1
 149 122  1
 213 122  1
 261 122  1
   5 123  1
   6 123  1
  15 123  1
  77 123  1
 257 123  1
 100 124  1
 102 124  1
 124 124  1
 185 124  1
 250 124  1
 266 124  1
 267 124  1
 135 125  1
 165 125  1
 166 125  1
 172 125  1
 176 125  1
 231 125  1
 235 125  1
 240 125  1
  45 126  1
  83 126  1
 191 126  1
 222 126  1
  30 127  1
  54 127  1
  55 127  1
  72 127  1
 179 127  1
 213 127  1
 230 127  1
 241 127  1
 258 128  1
 259 128  1
  26 129  1
  68 129  1
  83 129  1
 102 129  1
 120 129  1
 121 129  1
 184 129  1
 199 129  1
 213 129  1
 248 130  1
   2 131  1
  55 131  1
  62 131  1
  92 131  1
 178 131  1
 198 131  1
 199 131  1
 213 131  1
 244 131  1
 262 131  1
 266 131  1
  50 132  1
 209 132  1
 270 132  1
 106 133  1
 157 133  1
   1 134  1
  68 134  1
 190 134  1
 191 134  1
 218 134  1
 219 134  1
 137 135  1
 165 135  1
 204 135  1
 130 136  1
 135 136  1
 265 136  1
 197 137  1
 214 137  1
  35 138  1
 106 138  1
 186 138  1
 218 138  1
 246 138  1
 257 138  1
  45 139  1
 203 140  1
 251 140  1
   7 141  1
  13 141  1
  82 141  1
 152 141  1
 169 141  1
 237 141  1
 195 142  1
 233 142  1
 235 142  1
  45 143  1
  46 143  1
  91 143  1
  95 143  1
 130 143  1
 213 143  1
  82 144  1
 228 144  1
 133 145  1
 139 145  1
 140 145  1
 190 145  1
 195 145  1
 239 145  1
 253 145  1
  41 146  1
  42 146  1
  89 146  1
 154 146  1
 157 146  1
 171 146  1
 218 146  1
  13 147  1
  14 147  1
 207 147  1
 222 147  1
 223 147  1
 225 147  1
 239 147  1
  18 148  1
  19 148  1
 244 148  1
  46 149  1
  48 149  1
 119 149  1
 123 149  1
 139 149  1
 201 149  1
   1 150  1
  56 150  1
  60 150  1
 117 150  1
 228 150  1
 156 151  1
 236 151  1
  49 152  1
  54 153  1
 103 153  1
 200 153  1
 260 153  1
  49 154  1
  59 155  1
 123 155  1
 152 155  1
 153 155  1
  99 156  1
 202 156  1
 253 156  1
  34 157  1
 178 157  1
 179 157  1
 242 158  1
 251 158  1
  54 159  1
  70 159  1
 140 159  1
 199 159  1
 200 159  1
   9 160  1
  31 160  1
  48 160  1
  99 160  1
  11 161  1
 181 161  1
 154 162  1
  69 163  1
  70 163  1
 146 163  1
 234 163  1
 277 163  1
 278 163  1
   2 164  1
   3 164  1
  55 164  1
 223 164  1
 225 164  1
  30 165  1
  39 165  1
  45 165  1
  62 166  1
  67 166  1
 148 166  1
 151 167  1
 152 167  1
 153 167  1
 205 167  1
 232 167  1
 276 167  1
 277 167  1
  46 168  1
  15 169  1
   5 170  1
   6 170  1
  47 170  1
 222 172  1
 223 172  2
 225 172  1
  12 173  1
  14 173  1
 216 173  1
 274 173  1
 275 173  1
 160 174  1
 187 174  1
 188 174  1
 219 177  1
 220 177  1
  45 178  1
  15 179  1
 262 179  1
 263 179  1
 270 180  1
  43 181  1
 184 181  1
 186 181  1
 254 183  1
 255 183  1
 191 184  1
 267 184  1
  13 185  1
 181 185  1
 255 185  1
  63 187  1
 153 187  1
 232 187  1
  61 188  1
  40 189  1
 133 189  1
 146 189  1
 170 189  1
 223 189  1
 236 189  1
 237 189  1
  34 190  1
  49 190  1
  56 190  1
 140 190  1
  17 191  1
 129 191  1
 130 191  1
  28 192  1
  56 192  1
  77 192  1
  81 192  1
 153 192  1
  72 193  1
 119 193  1
 127 193  1
 215 193  1
  48 194  1
  49 194  1
 159 194  1
  20 195  1
  34 195  1
 149 195  1
 163 195  1
 211 195  1
 212 195  1
 231 195  1
 232 195  1
 113 196  1
 259 196  1
  80 197  1
 121 197  1
  42 198  1
  46 198  1
 128 198  1
 165 198  1
 166 198  1
 133 199  1
 113 200  1
 148 201  1
  52 202  1
 131 202  1
 254 202  1
  40 203  1
 147 203  1
 148 203  1
 124 205  1
 252 205  1
  45 207  1
 167 208  1
 168 208  1
 142 209  1
 144 209  1
  82 210  1
 125 210  1
 128 210  1
  44 211  1
 246 212  1
  46 213  1
  85 213  1
 141 213  1
 176 213  1
  92 214  1
 145 214  1
 101 215  1
 168 215  1
 243 215  1
  47 217  1
  50 217  1
  78 217  1
  82 217  1
 101 217  1
 166 217  1
  97 218  1
 146 219  1
 166 219  1
 175 219  1
 184 219  1
 185 219  1
 152 220  1
 172 220  1
 165 221  1
  55 223  1
  59 224  1
 150 225  1
 152 225  1
 164 225  1
 165 225  1
 233 225  1
  51 226  1
 222 226  1
 162 227  1
 163 227  1
 218 227  1
  99 229  1
  58 230  1
 180 231  1
 182 231  1
 103 232  1
 166 233  1
 175 234  1
 184 234  1
  78 237  1
  85 237  1
 217 239  1
  71 240  1
 132 240  1
 175 240  1
 103 241  1
 179 241  1
  75 242  1
  77 242  1
 213 242  1
 168 243  1
  98 245  1
 130 246  1
 138 247  1
 131 251  1
 137 252  1
 196 254  1
 163 256  1
 187 256  1


count = 743