 138   1  1
 171   1  1
 114   2  1
 143   6  1
 168   7  1
 193   8  1
 136   9  1
 144   9  1
 153   9  1
 124  10  1
 160  10  1
 161  10  1
 155  11  1
 199  11  1
 140  12  1
 142  12  1
 165  12  1
 201  13  1
 106  14  1
 136  14  1
 162  15  1
 205  15  1
 100  17  1
 151  17  1
 152  17  1
 125  18  1
 156  18  1
 157  18  1
 209  18  1
 136  19  1
 152  20  1
 153  20  1
 201  20  1
  65  21  1
  67  21  1
 123  21  1
 124  21  1
  62  22  1
 148  22  1
 149  22  1
 162  22  1
  75  23  1
 128  23  1
 153  23  1
 154  23  1
 157  23  1
 108  24  1
 109  24  1
 164  24  1
 165  24  1
 154  25  1
  76  26  1
  50  27  1
  51  27  1
  78  27  1
 106  28  1
 155  28  1
  72  30  1
 107  30  1
 200  30  1
 223  30  1
  77  32  1
  78  32  1
 154  32  1
 155  32  1
  54  34  1
  86  34  1
 133  34  1
 135  34  1
 228  34  1
  67  35  1
 140  35  1
 203  36  1
 209  36  1
 210  36  1
 215  37  1
 216  37  1
  66  38  1
  67  38  1
 142  38  1
 155  40  1
 156  40  1
  57  41  1
  58  41  1
 149  41  1
 150  41  1
  83  42  1
 212  43  1
  50  44  1
  90  44  1
  91  44  1
  38  45  1
  43  46  1
  51  46  1
 149  46  1
  51  48  1
  52  48  1
 184  48  1
  76  49  1
 142  49  1
 143  49  1
 194  49  1
 207  49  1
  40  51  1
  48  51  1
  86  53  1
  91  53  1
 160  53  1
 161  53  1
 245  53  1
  52  54  1
 155  54  1
  50  56  1
  82  56  1
 208  56  1
  23  57  1
 158  57  1
 159  57  1
 225  57  1
 247  57  1
 248  57  1
  41  58  1
  81  58  1
  82  58  1
 151  58  1
 217  58  1
  91  59  1
 157  59  1
 232  59  1
 234  60  1
 238  61  1
 239  61  1
 226  62  1
  92  63  1
 238  63  1
  59  64  1
  48  65  1
  89  65  1
 154  65  1
 155  65  1
 217  65  1
  86  66  1
 253  66  1
 254  66  1
  18  67  1
  19  67  1
  81  67  1
 138  67  1
 140  67  1
 151  67  1
 152  67  1
 144  68  1
 220  68  1
  17  70  1
  18  70  1
 150  70  1
 214  70  1
  50  71  1
 146  71  1
 223  71  1
 225  71  1
  60  72  1
 176  72  1
 238  72  1
  16  73  1
  17  73  1
 200  73  1
  45  74  1
  46  74  1
  81  75  1
 169  75  1
 195  75  1
 206  75  1
  84  76  1
 199  76  1
 193  77  1
  14  78  1
  15  78  1
 170  78  1
 212  78  1
 164  79  1
 176  79  1
 177  79  1
 206  80  1
 236  81  1
  11  83  1
 191  83  1
 225  83  1
 226  83  1
 269  83  1
 222  84  1
 218  85  1
 241  86  1
 185  87  1
 186  87  1
 187  87  1
 252  87  1
 244  88  2
  46  89  1
 179  89  1
 180  89  1
 232  89  1
 257  89  1
 261  89  1
   7  91  1
   8  91  1
  40  91  1
 263  91  1
 170  93  1
 243  93  1
 244  93  1
  23  94  1
 146  94  1
 150  94  1
 237  94  1
  13  95  1
 176  95  1
 180  95  1
 242  95  1
  25  96  1
 250  97  1
 224  98  1
 225  98  1
 237  98  1
 257  98  1
 264  98  1
  19  99  1
 262  99  1
   5 100  1
   6 100  1
  50 100  1
 134 100  1
 138 100  1
 166 100  1
  12 101  1
 229 101  1
 130 102  1
 242 102  1
   4 103  1
   5 103  1
 175 103  1
 123 104  1
  32 105  1
 119 105  1
 229 105  1
  44 106  1
  81 106  1
  83 106  1
 181 106  1
  90 107  1
 248 107  1
 104 108  1
 109 108  1
 243 109  1
 158 110  1
 185 110  1
 261 110  1
  59 111  1
  63 111  1
  94 111  1
   1 112  1
   2 112  1
  96 112  1
 158 112  1
 249 112  1
 254 112  1
 259 112  1
 261 112  1
  43 113  1
 155 113  1
  51 114  1
  52 114  1
 240 114  1
   1 115  1
 102 115  1
 247 115  1
  38 116  1
  44 116  2
 150 116  1
 257 116  1
 184 117  1
 230 117  1
 245 118  1
 268 118  1
 144 119  1
 239 119  1
 254 119  1
 255 119  1
 264 119  1
 226 120  1
 260 120  1
   6 121  1
  15 121  1
 131 121  1
 132 121  1
 199 121  1
 200 121  1
 233 121  1
 248 121  1
  19 122  1
  77 122  1
 176 122  1
 177 122  1
 241 122  1
 242 122  1
  48 123  1
  87 123  1
 129 123  1
 211 123  1
 269 123  1
  96 124  1
 125 124  1
 155 124  1
 187 124  1
 258 124  1
 263 124  1
   1 125  1
  20 125  1
 144 125  1
 146 125  1
 229 125  1
  31 126  1
  34 126  1
  45 126  1
  82 126  1
 138 126  1
 194 126  1
 221 126  1
 251 126  1
  66 127  1
 254 127  1
 263 127  1
  19 128  1
  45 128  1
  90 128  1
 156 128  1
 244 128  1
 245 128  1
  85 129  1
  86 129  1
 208 129  2
 277 129  1
  22 130  1
 159 130  1
 162 130  1
 222 130  1
 132 131  1
 175 131  1
 253 131  1
 261 131  1
 270 131  1
  39 132  1
  91 132  1
  92 132  1
 113 132  1
 121 132  1
 215 132  1
 246 132  1
  32 133  1
  81 133  1
  83 133  1
 118 133  1
 172 133  1
 186 133  1
  87 134  1
  89 134  1
 139 134  1
 191 134  1
 193 134  1
 198 134  1
 199 134  1
 219 134  2
 188 135  1
   9 136  1
  72 136  1
 131 136  1
 132 136  1
 271 136  1
 273 136  1
 198 137  1
  51 138  1
  70 138  1
  80 138  1
  91 138  1
  98 138  1
 176 138  1
 177 138  1
 179 138  1
 184 138  1
 102 139  1
 103 139  1
 262 139  1
  87 140  1
  96 140  1
 206 140  1
 207 140  1
 208 140  1
 269 140  1
 157 141  1
  88 142  1
  90 142  1
 275 142  1
 202 143  1
 266 143  1
  71 144  1
 179 144  1
 190 144  1
 262 144  1
  57 145  1
 214 145  1
 215 145  1
   4 146  1
   5 146  1
  73 146  1
 259 146  1
 271 146  1
 272 146  1
 200 147  1
  58 148  1
  60 148  1
  62 148  1
 185 148  1
 210 148  1
 211 148  1
  94 149  1
 216 149  1
  74 150  1
 197 150  1
 220 150  1
 259 150  1
 270 150  1
 275 150  1
  92 151  1
  94 151  1
  64 152  1
  90 152  1
  88 154  1
 166 154  1
 217 154  1
 221 154  1
 107 156  1
  91 159  1
 117 160  1
 118 160  1
 282 160  1
 283 160  1
 140 161  1
 200 161  1
 201 161  1
 205 164  1
 233 164  1
 234 164  1
 208 165  1
 153 166  1
 201 166  1
 202 166  1
 233 166  1
 185 168  1
 204 168  1
  25 169  1
 209 169  1
  38 171  1
 228 171  1
 229 171  1
  29 172  1
  31 172  1
  33 172  1
 164 172  1
 189 172  1
 237 172  1
  38 173  1
 224 173  1
  40 174  1
  42 174  1
 194 175  1
 195 175  1
 223 175  1
  12 176  1
 169 176  1
 186 176  1
  28 179  1
 173 179  1
 222 179  1
 223 179  1
 184 180  1
 275 180  1
 195 181  1
  16 182  1
  24 182  1
  25 182  1
 193 183  1
 220 183  2
 221 183  1
  92 184  1
 271 185  1
  90 186  1
  18 187  1
  19 187  1
 150 189  1
 159 189  1
  87 190  1
 166 190  1
 268 190  1
  21 193  1
 145 193  1
  89 194  1
 167 195  1
  24 196  1
  31 196  1
 264 196  1
 146 198  1
  37 199  1
  38 199  1
 150 199  1
 194 199  1
 207 199  1
 211 199  1
  26 200  1
  65 200  1
  88 200  1
  89 200  1
 205 200  1
  63 201  1
 193 201  1
 194 201  1
 173 202  1
 174 202  1
 260 202  1
  37 203  1
  89 203  1
  69 206  1
 146 207  1
 197 207  1
 217 207  1
  68 208  1
  69 208  1
  77 208  1
  78 208  1
 197 209  1
  47 210  1
  55 210  1
  59 210  1
 194 210  1
 200 210  1
  42 211  1
  86 211  1
  87 211  1
  49 212  1
  55 212  1
 188 212  1
  36 213  1
  37 213  1
  75 213  1
  76 213  1
 108 213  1
 194 213  1
 200 213  1
  55 214  1
  56 214  1
 175 214  1
 176 214  1
  90 215  1
  91 215  1
 159 215  1
 198 215  1
  38 216  1
  39 216  1
  56 216  1
  69 216  1
 220 216  1
 221 216  1
  47 217  1
 174 217  1
  56 218  1
  57 218  1
  77 218  1
  78 218  1
  82 218  1
 117 218  1
 191 218  1
  62 219  1
  64 219  1
  65 219  1
 197 219  1
 244 219  1
  41 220  1
 122 220  1
  94 221  1
 138 221  1
 169 221  1
 170 221  1
 222 221  1
  45 222  1
 122 222  1
 240 222  1
  57 224  1
  75 224  1
  76 224  1
 122 224  1
 225 224  1
 158 225  1
 199 225  1
  86 226  1
 113 226  1
 148 226  1
 106 227  1
 107 227  1
  69 228  1
 127 228  1
 128 228  1
 129 228  1
 170 228  1
  63 229  1
 100 229  1
 145 229  1
 166 229  1
 167 229  1
 233 229  1
  53 230  1
  95 230  1
 112 231  1
 113 231  1
  56 232  1
  57 232  1
  74 232  1
  88 232  1
 144 233  1
 145 233  1
 161 234  1
 198 234  1
  98 236  1
 131 236  1
 190 236  1
 103 237  1
 104 237  1
 110 237  1
 111 237  1
 118 237  1
 136 237  1
  78 238  1
  86 238  1
  90 238  1
 141 240  1
 142 240  1
 143 240  1
 147 241  1
 148 241  1
  95 242  1
 100 242  1
 101 242  1
 115 242  1
 116 242  1
 131 243  1
 139 243  1
 217 243  1
 106 244  1
 215 245  1
 136 247  1
 145 247  1
 112 248  1
 113 248  1
 165 248  1
 119 249  1
 100 250  1
 102 251  1
 107 253  1
 109 253  1
 179 256  1


count = 668