 161   1  1
 175   1  1
 203   6  1
 162   7  1
 190   7  1
 121   8  1
 184   8  1
 208   8  1
 146   9  1
 113  10  1
 139  10  1
 196  10  1
 108  11  1
 101  13  1
 216  13  1
  97  14  1
 201  14  1
  94  15  1
 123  15  1
 118  16  1
 167  16  1
 168  16  1
 220  16  1
 202  17  1
 203  17  1
 143  18  1
 150  18  1
 112  19  1
 141  20  1
  78  22  1
  79  22  1
  90  22  1
  91  22  1
 122  23  1
 174  23  1
 203  23  1
  74  24  1
  75  24  1
 100  24  1
 179  24  1
 168  25  1
 169  25  1
 232  25  1
 104  26  1
 115  26  1
 197  26  1
 120  27  1
 142  27  1
 153  27  1
 154  27  1
 194  27  1
 162  28  1
 163  28  1
 202  28  1
  86  29  1
  91  29  1
 143  29  1
 158  29  1
 133  30  1
 214  30  1
 163  31  1
 164  31  1
 106  32  1
 107  32  1
  73  33  1
  79  33  1
  80  33  1
  54  34  1
 136  34  1
 140  34  1
 141  34  1
 142  34  1
 241  34  1
 117  35  1
  50  36  1
  51  36  1
  97  36  1
  98  36  1
  82  37  1
 195  37  1
 200  37  1
 243  37  1
  93  38  1
 152  38  1
 157  38  1
 104  39  1
 105  41  1
 199  41  1
 209  41  1
 171  42  1
 240  42  1
 249  42  1
  77  43  1
  93  43  1
 105  43  1
 236  43  1
  40  44  1
 109  44  1
 172  46  1
 193  46  1
 219  47  1
 179  48  1
 181  48  1
 190  48  1
  83  49  1
 239  49  1
  44  50  1
 108  50  1
 109  50  1
  62  51  1
 221  51  1
 242  51  1
 243  51  1
  40  52  1
 204  52  1
  55  53  1
 232  53  1
 233  53  1
  43  54  1
  64  54  1
  65  54  1
  26  55  1
 175  55  1
 244  55  1
 245  55  1
  65  56  1
 227  57  1
 239  57  1
  24  58  1
 217  58  1
 174  59  1
 227  59  1
 249  59  1
 204  60  1
 226  61  1
 227  61  1
 254  61  1
  74  62  1
  75  62  1
  94  62  1
 219  62  1
 239  62  1
 250  62  1
 251  62  1
 104  63  1
 177  63  1
 201  63  1
 235  64  1
 239  64  1
 256  64  1
  51  65  1
  53  65  1
  91  65  1
 243  65  1
 247  67  1
 266  67  1
 104  68  1
  13  69  1
  24  69  1
 254  69  1
  22  70  1
  47  70  1
  97  71  1
 205  71  1
  11  72  1
  88  72  1
 259  72  1
 268  72  1
 269  72  1
 109  74  1
 207  74  1
 104  75  1
 185  75  1
 211  75  1
 251  75  1
 235  76  1
 240  76  1
 260  76  1
 222  77  1
 224  77  1
 226  77  1
 186  79  1
 187  79  1
 245  79  1
  23  80  1
 233  80  1
 253  80  1
 262  80  1
 263  83  1
  28  84  1
  29  84  1
  47  84  1
  53  86  1
 178  86  1
 196  87  1
 219  87  1
 231  87  1
 256  87  1
  53  88  1
 187  88  1
  30  89  1
  31  89  1
 167  89  1
 203  89  1
  18  90  1
 184  90  1
 208  90  1
 165  91  1
 231  91  1
 236  91  1
 237  91  1
  27  92  1
 245  92  1
 251  92  1
   9  93  1
  15  93  1
 240  93  1
   2  95  1
   3  95  1
 237  95  1
 243  95  1
 256  95  1
 153  96  1
 156  96  1
 145  97  1
 240  98  1
 247  98  1
  22  99  1
  47  99  1
  49 100  1
  31 101  1
 126 101  1
 184 101  1
 241 101  1
 242 101  1
 250 101  1
  47 103  1
   1 104  1
  44 104  1
 173 104  1
 220 104  1
  54 105  1
 107 105  1
 182 105  1
 166 106  1
   6 107  1
  17 107  1
  91 107  1
  92 107  1
  59 108  1
 226 108  1
 242 108  1
 182 109  1
 249 109  1
   5 110  1
  68 110  1
 202 110  1
  95 111  1
  97 111  1
 173 111  1
 223 111  1
 247 111  1
 249 111  1
  43 112  1
 115 112  1
 239 112  1
 245 112  1
 201 113  1
  13 114  1
 175 114  1
 180 114  1
 265 114  1
  26 115  1
  40 115  1
 158 115  1
 243 115  1
 259 115  1
 260 115  1
 106 116  1
 168 116  1
 238 116  1
   8 117  1
  72 117  1
  56 118  1
  85 118  1
  87 118  1
 155 118  1
 188 118  1
 194 118  1
 213 118  1
 217 118  1
 230 118  1
 235 118  1
 249 118  1
  50 119  1
 199 119  1
 270 119  1
   1 120  1
  62 120  1
  63 120  1
  78 120  1
  87 120  1
 108 120  1
 187 120  1
  41 121  1
 113 121  1
 158 121  1
 164 121  1
 181 121  1
  36 122  1
  79 122  1
 119 122  1
 229 122  1
  27 123  1
  87 123  1
 134 123  1
 199 123  1
   7 124  1
  31 124  1
  52 124  1
  53 124  1
 117 124  1
 204 124  1
 222 124  1
 235 124  1
  36 126  1
  72 126  1
  73 126  1
 121 126  1
 131 126  1
 132 126  1
 242 126  1
  25 127  1
  50 127  1
  51 127  1
 219 127  1
  30 128  1
  76 128  1
 208 128  1
  63 129  1
  71 129  1
 180 129  1
 181 129  1
 195 129  1
  57 130  1
 102 130  1
 226 130  1
  35 131  1
  54 131  1
  71 131  1
  93 131  1
  97 131  1
  89 132  1
 103 132  1
 143 132  1
 144 132  1
 147 132  1
 149 132  1
 212 132  1
 231 132  1
 241 132  1
 243 132  1
 138 133  1
 176 133  1
 193 133  1
  76 134  1
 122 134  1
 168 134  1
 174 134  1
 187 134  1
  11 135  1
  79 135  1
  81 135  1
 158 135  1
 271 135  1
   9 136  1
  36 136  1
  50 136  1
  87 136  1
 118 136  1
 203 136  1
 265 136  1
 266 136  1
  81 137  1
 116 137  1
 207 137  1
 208 137  1
  39 138  1
 266 138  1
 279 138  1
 280 138  1
  47 139  1
 109 139  1
 161 139  1
 244 139  1
  51 140  1
 133 140  1
 135 140  1
 168 140  1
 236 140  1
 242 141  1
 248 141  1
 280 141  1
 281 141  1
 273 142  1
  14 143  1
 150 143  1
 160 143  1
 161 143  1
 201 143  1
 209 143  1
 281 144  1
 282 144  1
   8 145  1
   9 145  1
  11 145  1
  25 145  1
 124 145  1
 169 145  1
 210 145  1
 211 145  1
 263 145  1
 265 145  1
 175 146  1
 232 146  1
 233 146  1
 101 148  1
 160 148  1
  46 149  1
  96 149  1
 111 149  1
 113 149  1
 177 149  1
 213 149  1
 218 149  1
 230 149  1
  38 150  1
   8 151  1
   9 151  1
  32 151  1
  74 151  1
  93 151  1
 106 151  1
 108 151  1
 166 152  1
 238 152  1
 245 153  1
 246 153  1
   9 155  1
  10 155  1
 256 155  1
 257 155  1
   1 156  1
   2 156  1
  21 156  1
  98 156  2
 251 156  1
  12 157  1
  29 157  1
  34 158  1
  94 158  1
 236 158  1
   2 159  1
   3 159  1
 227 159  1
  21 160  1
 145 160  1
 149 161  1
 260 161  1
   3 162  1
   4 162  1
  37 162  1
 190 162  1
  21 163  1
 155 163  1
  19 164  1
 158 164  1
  11 165  1
  26 165  1
  29 165  1
 161 165  1
  19 166  1
  36 166  1
  47 166  1
  51 167  1
 172 167  1
 264 167  1
 183 168  1
 185 168  1
 225 168  1
 227 168  1
 242 169  1
 267 169  1
  12 170  1
 231 171  1
 232 171  1
 238 171  1
  48 172  1
  49 172  1
 245 173  1
 250 173  1
 172 174  1
  44 175  1
  45 175  1
 268 175  1
 269 175  1
  47 177  1
  48 177  1
 175 178  1
 176 178  1
 188 178  2
 189 178  1
 190 178  1
 225 178  1
 226 178  1
 242 178  1
 264 178  1
 180 179  1
  54 180  1
 233 180  1
  44 181  1
 189 182  1
 268 182  1
 269 182  1
 256 183  1
  28 184  1
  75 185  1
 258 185  1
  44 188  1
  57 188  1
 159 188  1
  79 189  1
 167 189  1
  53 190  1
 157 190  1
 275 190  1
 276 190  1
  43 191  1
  41 192  1
 103 192  1
 104 192  1
 163 193  1
 252 193  1
 267 193  1
  45 194  1
  50 194  1
  71 195  1
  72 195  1
 100 195  1
 101 195  1
 105 195  1
 131 195  2
 132 195  1
 133 195  1
 247 195  1
  54 196  1
  25 197  1
  35 197  1
  74 197  1
 108 197  1
 109 197  1
 137 197  1
 179 197  1
  96 198  1
  97 198  1
 152 198  1
 230 198  1
  51 199  1
  74 199  1
 215 199  1
 253 200  1
  74 201  1
 183 201  1
 184 201  1
 191 201  1
 222 201  1
 234 201  1
 250 201  1
  49 202  1
  50 202  1
 101 202  1
 105 202  1
 143 202  1
 144 202  1
 210 202  1
 211 202  1
  70 203  1
  77 203  1
 111 203  1
 112 203  1
 227 203  1
  59 204  1
  60 204  1
  94 205  1
  95 205  1
 149 205  1
  45 206  1
 217 206  1
 228 206  1
 239 206  1
 257 206  1
 258 206  1
 144 207  1
 189 207  1
 246 207  1
  92 208  1
 217 208  3
 229 208  1
 253 208  1
  55 209  1
 207 209  1
 208 209  1
  39 210  1
 185 210  1
 212 210  1
 213 210  1
 217 210  1
 254 210  1
 255 210  1
 256 210  1
  51 211  1
  52 211  1
 151 212  1
 205 212  1
 206 212  1
 231 212  1
  86 213  1
  87 213  1
 105 213  1
 106 213  1
 111 213  1
 143 213  1
  45 214  1
 183 214  1
 184 214  1
 206 214  1
 212 214  1
 261 216  1
  50 217  1
  51 217  1
 143 217  1
 227 218  1
 179 219  1
  57 220  1
 171 220  1
 172 220  1
 186 220  1
 221 220  1
 222 220  1
 259 220  1
 111 221  1
 112 221  1
 139 221  1
  59 222  1
 229 222  1
 139 223  1
 223 223  1
 224 223  1
 205 224  1
 206 224  1
 207 224  1
  64 225  1
 106 225  1
 126 225  1
 198 225  1
 123 226  1
 184 227  1
 132 228  1
 138 228  1
 227 228  1
 238 228  1
  86 229  1
 105 229  1
 118 229  1
 126 229  1
 127 229  1
 190 229  1
 221 229  1
  71 230  1
  72 230  1
 135 230  1
  92 231  1
  98 231  1
  99 231  1
 100 231  1
 160 231  1
 172 231  1
 173 231  1
 234 231  1
 131 232  1
 188 232  1
 125 233  1
 126 233  1
 155 233  1
 230 233  1
  91 234  1
 102 234  1
 114 234  1
 132 234  1
 133 234  1
 140 234  1
 141 234  1
 192 234  1
 243 234  1
 120 235  1
 121 235  1
 144 235  1
 105 236  1
 187 236  1
 188 236  1
 164 237  1
 172 237  1
 173 237  1
 141 238  1
 238 238  1
 123 239  1
  97 240  1
 111 240  1
 180 240  1
 181 240  1
 216 241  1
 222 241  1
 232 241  1
 233 241  1
 120 242  1
 121 242  1
 150 242  1
 182 242  1
 106 243  1
 156 243  1
 164 243  1
 165 243  1
 170 243  1
 171 243  1
 166 245  1
 216 245  1
 204 247  1
 151 248  1
 164 248  1
 165 248  1
 127 250  1
 192 250  1
 193 250  1
 188 251  1
 189 251  1
 159 252  1
 136 253  1
 178 253  1
 144 255  1
 205 255  1
 207 255  1
 148 256  1


count = 752