 148   1  1
 178   1  1
 182   1  1
 127   5  1
 125   6  1
 156   6  1
 162   6  1
 207   7  1
 151   9  1
 162   9  1
 163   9  1
 211  10  1
 144  11  1
 163  11  1
 157  12  1
 158  12  1
 199  12  1
 163  13  1
 192  13  1
 158  14  1
 168  14  1
 206  14  1
 143  15  1
 144  15  1
 198  15  1
 114  16  1
 170  19  1
 171  19  1
 164  20  1
 157  21  1
  92  22  1
 144  23  1
 145  23  1
 151  23  1
 201  23  1
 202  23  1
 235  23  1
  75  24  1
 148  24  1
 149  24  1
  73  25  1
 187  25  1
 113  26  1
 111  27  1
 185  27  1
  68  28  1
 109  28  1
 205  28  1
 206  28  1
 149  30  1
 244  30  1
  82  31  1
  83  31  1
 186  31  1
 199  31  1
 200  31  1
 189  33  1
 190  33  1
  82  35  1
 143  36  1
  82  37  1
 180  38  1
 211  39  1
  48  40  1
 144  40  1
 153  40  1
 190  40  1
  86  41  1
  87  41  1
 198  41  1
 180  42  1
 181  42  1
 256  42  1
  42  43  1
  43  43  1
 157  44  1
 149  45  1
 206  45  1
  81  46  1
  82  46  1
  87  46  1
 248  46  1
 206  47  1
  91  48  1
 260  48  1
 261  48  1
 102  49  1
 209  49  1
  91  50  1
  33  51  1
  83  51  1
 262  51  1
 263  51  1
  86  53  1
 179  53  1
 180  53  1
  47  54  1
  27  55  1
  54  55  1
  55  55  1
 101  55  1
 174  56  1
  99  57  1
 196  57  1
 180  58  1
  87  59  1
  69  60  1
 202  60  1
 266  60  1
 179  61  1
 235  61  1
  21  62  1
 172  62  1
 256  62  1
 257  62  1
  70  64  1
 200  65  1
 201  65  1
  26  66  1
  27  66  1
  72  66  1
 260  66  1
 264  66  1
 270  66  1
  97  67  1
 159  67  1
 173  67  1
  76  68  1
 177  68  1
 199  69  1
 160  70  1
 171  70  1
 191  70  1
 192  70  1
  21  71  1
  76  71  1
  81  71  1
  82  71  1
  83  71  1
 177  71  1
 181  72  1
 232  73  1
 233  73  1
  80  74  1
 179  74  1
 171  75  1
 173  75  1
 265  75  1
 270  75  1
 276  75  1
 277  75  1
  17  77  1
 270  77  1
  11  78  1
  12  78  1
 173  78  1
 177  78  1
 232  78  1
 233  78  1
  18  80  1
  19  80  1
  20  80  1
 263  81  1
 279  81  1
 280  81  1
 122  82  1
  16  83  1
  17  83  1
  27  83  1
 264  83  1
  49  84  1
 121  84  1
 224  84  1
 225  84  1
 231  84  1
 238  84  1
 274  84  1
 280  84  1
 281  84  1
  20  85  1
 264  85  1
 121  86  1
 216  86  1
 243  86  1
 244  86  1
 251  86  1
   8  87  1
   9  87  1
 253  88  1
 260  89  1
 125  90  1
 256  90  1
 205  91  1
 245  91  1
 104  92  1
 175  92  1
 236  92  1
 237  92  1
   6  93  1
   7  93  1
 271  93  1
 210  94  1
  26  95  1
  94  95  1
 100  95  1
 165  95  1
 223  95  1
  34  96  1
 219  96  1
 276  96  1
 277  96  1
  50  97  1
  51  97  1
 161  97  1
 200  97  1
 247  97  1
 255  97  1
   4  98  1
   5  98  1
  11  98  1
  12  98  1
  17  98  1
  34  98  1
  90  98  1
 171  98  1
  57  99  1
 152 100  1
 200 100  1
 222 100  1
   3 101  1
   4 101  1
  34 101  1
  35 101  1
 173 101  1
 274 101  1
 204 102  1
 227 102  1
 235 102  1
   8 103  1
   9 103  1
  99 103  1
 148 103  1
 165 103  1
 197 103  1
 198 103  1
 253 103  1
 274 103  1
 276 103  1
   2 104  1
   3 104  1
 227 104  1
  66 105  1
 264 105  1
 223 106  1
 268 106  1
 272 106  1
   1 107  1
   2 107  1
  99 107  1
 154 107  1
 128 108  1
 232 108  1
  59 109  1
  60 109  1
 124 109  1
 268 109  1
   1 110  1
  64 110  1
 234 110  1
 263 110  1
 193 111  1
 209 111  1
 210 111  1
 265 111  1
 186 112  1
 187 112  1
 142 113  1
 166 113  1
 271 113  1
 184 114  1
 234 114  1
 136 115  1
 210 115  1
 266 115  1
   1 116  1
  64 116  1
  87 116  1
  88 116  1
 155 116  1
 113 117  1
 227 117  1
  29 118  1
  67 118  1
  68 118  1
 146 118  1
 161 118  1
 212 118  1
 231 118  1
 242 118  1
  75 119  1
 144 119  1
 214 119  1
  87 120  1
 129 120  1
 134 120  1
 192 120  1
 193 120  1
  85 121  1
 145 121  1
 181 121  1
 216 121  1
 217 121  1
 234 121  1
 261 121  1
  10 122  1
  36 122  1
  40 122  1
 108 122  1
 109 122  1
 132 122  1
 190 122  1
 238 122  2
  59 123  1
  60 123  1
 145 123  1
 277 123  1
 153 124  1
 157 124  1
 260 124  1
  75 125  1
 204 125  1
 222 125  1
  57 126  1
  58 126  1
  63 126  1
  68 126  1
 113 126  1
 119 126  1
 178 126  1
 211 126  1
 212 126  1
 234 126  1
  71 127  1
 173 127  1
 257 127  1
  48 128  1
  52 128  1
 135 128  1
 147 128  1
 168 128  1
 204 128  1
  22 129  1
  24 129  1
  25 129  1
 109 129  1
 110 129  1
   8 130  1
  13 130  1
  48 130  1
  59 130  1
  60 130  1
  76 130  1
 210 130  1
 240 130  1
  20 131  1
  36 131  1
 126 131  1
 127 131  1
  57 132  1
  69 132  1
 114 132  1
 169 132  1
 239 132  1
 270 132  1
 156 133  1
 180 133  1
 189 133  1
 201 133  1
 230 133  1
 266 133  1
 272 133  1
 274 133  1
  79 134  1
 110 134  1
 111 134  1
 127 134  1
 140 134  1
 141 134  1
 147 134  1
  15 135  1
  32 135  1
  37 135  1
 132 135  1
 145 135  1
 274 135  1
  11 136  1
  50 136  1
  56 136  1
  61 136  1
 115 136  1
 143 136  1
 222 136  1
 228 136  1
 229 136  1
 252 136  1
  91 137  1
  92 137  1
 178 137  1
 179 137  1
 200 137  1
 201 137  1
 242 137  1
  33 138  1
  38 138  1
  39 138  1
  83 138  1
 117 138  1
 125 138  1
 135 138  1
  36 139  1
  66 139  1
  68 139  1
 242 139  1
 256 139  1
 274 139  1
 275 139  1
   4 140  1
   5 140  1
  47 140  1
 153 140  1
 146 141  1
 231 141  1
  19 143  1
  26 143  1
  37 143  1
 199 143  1
 200 143  1
 224 143  1
  50 144  1
  55 144  1
  17 145  1
 234 145  1
 238 145  1
  50 146  1
 118 146  1
 156 146  1
  99 147  1
 109 147  1
 249 147  1
   5 148  1
   6 148  1
  58 148  1
 247 148  1
  98 149  1
  99 149  1
 159 149  1
 222 149  1
 254 149  1
 255 149  1
 132 150  1
 146 150  1
 164 151  1
 102 152  1
 155 153  1
 254 153  1
   6 154  1
   7 154  1
 111 154  1
 164 154  1
 159 155  1
 160 155  1
 197 155  1
 191 156  1
 230 156  1
 117 157  1
 118 157  1
 119 157  1
 129 157  1
 217 157  1
 162 158  1
 163 158  1
 189 158  1
  51 159  1
 232 159  1
  57 160  1
  58 160  1
 132 160  1
 133 160  1
 112 161  1
  63 162  1
 216 162  1
 142 163  1
 149 163  1
 240 163  1
  33 164  1
  57 164  1
  62 164  1
 156 164  1
 166 164  1
 169 164  1
 170 164  1
  29 165  1
  39 165  1
 241 165  1
 250 165  1
  44 166  1
  66 166  1
 158 166  1
 170 166  1
 260 166  1
 245 167  1
 171 168  1
 211 168  1
 224 169  1
 225 169  1
  59 170  1
 169 170  1
 170 170  1
 250 171  1
 230 172  1
 253 172  1
 268 172  1
  52 173  1
  53 173  1
 276 173  1
 277 173  1
  47 174  1
  48 174  1
  55 174  1
 269 174  1
 263 175  1
 223 176  1
 222 178  1
 223 178  1
  26 179  1
 211 179  1
 212 179  1
 226 180  1
 227 180  1
 217 181  1
 232 181  1
 233 181  1
 247 181  1
 255 181  1
 257 181  1
 265 181  1
 261 183  1
  30 184  1
 225 184  1
 250 184  1
 271 184  1
 220 185  1
 238 185  1
 244 186  1
 245 186  1
 257 186  1
 264 187  1
 219 188  1
 218 190  1
 267 190  1
  46 191  1
  96 192  1
  99 192  1
 258 192  1
  34 195  1
 209 195  2
 246 197  1
 102 198  1
  94 199  1
 248 199  1
 248 201  1
 237 203  1
  96 204  1
  97 204  1
 207 204  1
  79 205  1
  83 205  1
 245 205  1
  85 206  1
  86 206  1
 101 207  1
 122 208  1
 126 208  1
 104 209  1
  84 210  1
 109 210  1
 111 211  1
 105 212  1
 208 212  1
 209 212  1
 101 213  1
  73 214  1
  89 214  1
 246 215  1
  73 216  1
  80 216  1
  88 216  1
  89 216  1
 205 217  1
 213 218  1
 216 218  1
  98 219  1
 200 219  1
  59 220  1
 103 220  1
 104 220  1
 120 220  1
  79 221  1
  93 222  1
  94 222  1
 210 222  1
 108 223  1
  97 224  1
  98 224  1
 123 224  1
 127 224  1
  91 225  1
 102 225  1
 103 225  1
 113 225  1
 200 225  1
  67 226  1
 117 226  1
  71 228  1
 215 228  1
  90 229  1
 111 229  1
 107 230  1
 134 230  1
 231 230  1
  85 231  1
 217 231  1
  93 232  1
  94 232  1
 165 232  1
 190 232  1
 100 233  1
 101 233  1
 123 233  1
 170 234  1
  79 235  1
  80 235  1
 172 235  1
 224 235  1
 116 236  1
 117 236  1
 127 236  1
 128 236  1
 160 236  1
 162 236  1
 122 237  1
 167 237  1
 221 237  1
  87 238  1
 100 238  1
  89 239  1
 108 239  1
 218 239  1
 159 240  1
 116 241  1
 216 241  1
 177 243  1
 191 243  1
  98 244  1
  99 244  1
 162 244  1
 111 245  1
 166 245  1
 177 247  1
 125 248  1
 202 248  1
 129 249  1
 179 249  1
 182 249  1
 172 250  1
 196 251  1
 137 252  1
 188 253  1
 143 254  1
 185 254  1
 180 255  1
 176 256  1


count = 682