 129   1  1
 147   1  1
 124   2  1
 187   4  1
 143   6  1
 118   7  1
 131   7  1
 192   7  1
 162   9  1
 114  10  1
 168  10  1
 166  11  1
 112  12  1
 204  15  1
 127  16  1
  87  17  1
 121  17  1
 207  17  1
 209  19  1
 105  20  1
 119  20  1
  92  21  1
 214  22  1
  79  23  1
  53  24  1
  48  26  1
  85  26  1
 133  26  1
 102  27  1
  43  29  1
 126  29  1
 126  31  1
 100  32  1
 229  32  1
  36  33  1
  49  33  1
 124  33  1
 125  33  1
 203  33  1
  54  34  1
 171  34  1
  90  35  1
  91  37  1
 107  37  1
 121  37  1
 177  37  1
  93  39  1
 237  40  1
 126  41  1
 222  41  1
 128  42  1
 142  42  1
 120  44  1
 136  44  1
 197  44  1
  87  45  1
 108  45  1
 143  45  1
 210  45  1
  79  46  1
 123  46  1
 139  47  1
 202  47  1
 220  47  1
 228  47  1
 215  48  1
 224  48  1
  73  49  1
  88  49  1
 213  49  1
 219  49  1
  80  50  1
  81  50  1
  95  50  1
  21  51  1
  90  51  1
 103  51  1
 232  51  1
 199  52  1
 208  52  1
  84  53  1
  85  53  1
 139  53  1
 127  54  1
 189  54  1
 203  54  1
 212  54  1
 213  54  1
 111  55  1
 130  56  1
 167  56  1
 207  57  1
 117  58  1
 161  58  1
 166  58  1
 167  58  1
 168  58  1
  76  60  1
  86  61  1
 166  61  1
  16  63  1
 173  63  1
 174  63  1
 129  64  1
 130  64  1
 166  64  1
 167  64  1
  79  65  1
 124  65  1
  70  66  1
  71  66  1
  13  68  1
  14  68  1
  92  69  1
  94  69  1
 114  69  1
 262  69  1
  49  70  1
  54  70  1
 183  71  1
  77  72  1
  78  72  1
 124  72  1
 185  72  1
  11  73  1
  12  73  1
  17  73  1
  71  73  1
  94  73  1
 120  73  1
  56  74  1
 264  74  1
 265  74  1
 115  75  1
 244  76  1
 245  76  1
  83  77  1
 191  77  1
  65  78  1
 187  78  1
 243  79  1
  73  80  1
  39  81  1
 158  81  1
  63  82  1
  67  82  1
  85  82  1
  45  83  1
  46  83  1
  47  83  1
  75  84  1
  12  85  1
  13  85  1
  70  85  1
  79  85  1
  83  85  1
  20  86  1
  21  86  1
  44  86  1
   5  87  1
   6  87  1
  39  88  1
  33  89  1
  64  89  1
  66  89  1
 246  89  1
 152  90  1
 153  90  1
 165  90  1
 166  90  1
  23  91  1
  24  91  1
  10  92  1
  12  92  1
  13  92  1
 160  92  1
 247  93  1
  62  94  1
  70  94  1
  19  95  1
  20  95  1
  77  95  1
  78  95  1
 155  95  1
 219  95  1
  73  96  1
 159  96  1
 252  96  1
  67  97  1
 216  98  1
 268  98  1
 269  98  1
  67  99  1
  13 100  1
  23 100  1
  67 101  1
 202 101  1
 203 101  1
 220 101  1
 237 101  1
  35 102  1
 269 102  1
 270 102  1
   1 103  1
 171 103  1
  42 104  1
  73 104  1
  75 104  1
  76 104  1
 159 104  1
 160 104  1
 218 104  1
 219 104  1
  26 105  1
 235 105  1
 252 105  1
 257 105  1
 162 106  1
 204 106  1
 246 106  1
  14 107  1
  15 107  1
  62 107  1
 168 107  1
 236 108  1
 237 108  1
 271 108  1
 272 108  1
  36 109  1
  41 109  1
  42 109  1
  68 109  1
 260 109  1
 203 110  1
 204 110  1
 219 110  1
  77 111  1
 163 111  1
 242 111  1
 172 112  1
 173 112  1
 183 113  1
 224 113  1
 225 113  1
 247 113  1
 263 114  1
 101 115  1
 171 115  1
 205 115  1
 231 115  1
 193 116  1
 270 116  1
 271 116  1
 104 117  1
 191 117  1
 197 117  1
   1 118  1
  79 119  1
 231 119  1
 236 119  1
   7 121  1
  24 121  1
 162 121  1
  34 122  1
 102 122  1
 188 122  1
 189 122  1
  89 123  1
 166 123  1
 245 123  1
  10 125  1
 116 125  1
 137 125  1
 143 125  1
 144 125  1
   3 126  1
   4 126  1
  45 126  1
 151 126  1
 152 126  1
 192 126  1
 269 126  1
 270 126  1
  22 127  1
  36 127  1
 105 127  1
 114 127  1
 162 127  1
 163 127  1
 255 127  1
 109 128  1
 167 128  1
  17 129  1
  29 129  1
  47 129  1
 151 129  1
 250 129  1
 203 130  1
 204 130  1
 233 130  1
 234 130  1
 262 130  1
 171 131  1
 172 131  1
 173 131  1
  10 132  1
 106 132  1
 110 132  1
 111 132  1
 114 132  1
 115 132  1
 179 132  1
 180 132  1
 263 132  1
  33 133  1
 137 133  1
 138 133  1
 204 133  1
  25 134  1
  49 134  1
 255 134  1
  14 135  1
  15 135  1
 138 135  1
 175 135  1
 191 135  1
 233 135  1
 260 135  1
 261 135  1
  69 136  1
  88 136  1
 228 136  1
 246 136  1
 247 136  1
 278 136  1
 279 136  1
  17 137  1
  62 137  1
  83 137  1
 181 137  1
  69 138  1
 106 138  1
 207 138  1
   2 139  1
   3 139  1
  62 139  1
  86 139  1
 195 139  1
 196 139  1
 254 139  1
 280 139  1
 281 139  1
  24 140  1
  66 140  1
  70 140  1
 146 140  1
 260 141  1
  11 142  1
  53 142  1
 178 142  1
 210 142  1
   7 143  1
  19 143  1
 106 143  1
 251 143  1
  48 144  1
  68 144  1
  69 144  1
 255 144  1
 182 146  1
 183 146  1
 200 146  1
 210 146  1
 259 146  1
  13 147  1
  14 147  1
  60 147  1
 175 148  1
 250 148  1
 195 149  1
 257 149  1
  22 150  1
  50 150  1
  14 151  1
  27 151  1
  81 151  1
 191 151  1
   2 152  1
   3 152  1
  10 152  1
  21 152  1
  29 152  1
 164 152  1
 165 152  1
  73 153  1
 253 153  1
  20 154  1
  43 154  1
  54 154  1
 200 154  1
 169 155  1
 247 155  1
 256 156  1
 257 156  1
 234 157  1
 235 157  1
 236 157  1
 243 157  1
 244 157  1
 250 157  1
  34 158  1
 164 158  1
 208 159  2
 209 159  1
 212 159  1
  42 160  1
  70 160  1
  76 161  1
 258 161  1
 259 161  1
 281 161  1
 282 161  1
 238 163  1
 244 163  1
  72 164  1
 242 164  1
  75 165  1
  68 166  1
 259 166  1
 180 167  1
  67 168  1
 185 168  1
 194 168  1
 239 168  1
 240 168  1
 241 168  1
 245 170  1
   7 171  1
   8 171  1
  70 171  1
  73 172  1
 248 172  1
 197 173  1
 253 173  1
 254 173  1
 125 174  1
 132 174  1
 180 174  1
 181 174  1
 232 174  1
 177 175  1
 242 175  1
 181 176  1
 192 177  1
 227 177  1
  18 178  1
 141 178  1
 142 178  1
 173 178  1
 182 178  1
 194 178  1
 225 178  1
 148 179  1
 182 180  1
 186 180  1
 194 180  1
 213 181  1
 218 182  1
 219 182  1
  11 183  1
  12 183  1
 172 183  1
  18 184  1
 143 184  1
  93 185  1
 188 185  1
 190 185  1
 146 186  1
 251 186  1
 100 187  1
 232 187  1
  90 188  1
 104 188  1
 153 188  1
 208 188  1
 229 188  1
 262 188  1
 204 189  1
 113 190  1
 225 190  1
  37 191  1
 143 191  1
  57 192  1
  80 192  1
  90 192  1
 115 192  1
 153 192  1
 154 192  1
 213 192  1
  52 193  1
  84 193  1
 134 194  1
 135 194  1
 186 194  1
 187 194  1
 243 195  1
 182 197  2
 183 197  1
 260 198  1
  57 199  1
  88 200  1
 200 200  1
 160 201  1
 258 201  1
 170 202  1
 205 202  1
  22 203  1
 257 203  1
 158 206  1
  25 207  1
 139 207  1
 206 207  1
 161 208  1
 220 208  1
 221 208  1
 223 208  1
  57 209  1
  58 209  1
  84 209  1
 232 209  1
 233 209  1
 251 209  1
 199 210  1
 203 210  1
 223 210  1
 120 212  1
 124 212  1
 171 212  1
 141 213  1
 118 215  1
 161 215  1
 162 215  1
 126 216  1
 164 216  1
  54 217  1
  86 217  1
 232 218  1
  45 219  1
 115 219  1
  83 220  1
 111 220  1
 133 220  1
  39 221  1
  91 221  1
 144 221  1
 228 221  1
 239 222  1
 102 223  1
 167 223  1
 168 223  1
 133 224  1
 238 225  1
  45 226  1
 117 226  1
 118 226  1
 236 226  1
 141 227  1
 162 227  1
  93 228  1
  97 228  1
  85 229  1
  86 229  1
  88 229  1
  54 231  1
 206 231  1
  91 232  1
  92 232  1
 229 232  1
  81 233  1
  82 233  1
 142 233  1
 108 234  1
 113 234  1
 163 234  1
 143 238  1
 203 239  1
 204 239  1
  78 240  1
  83 242  1
 110 243  1
 139 244  1
 101 247  1
 145 248  1
 112 250  1
 182 257  1


count = 595