 123   1  1
 131   1  1
 167   1  1
 113   3  1
 176   3  1
 179   4  1
  97   8  1
 192   8  1
  95   9  1
 154  11  1
 160  12  1
 178  12  1
  87  13  1
  84  15  1
 153  15  1
 174  15  1
 186  15  1
 138  16  1
 162  17  1
 190  17  1
 191  17  1
  81  18  1
 199  18  1
 212  18  1
  77  19  1
  78  19  1
 171  19  1
 182  19  1
 189  19  1
 190  19  1
 195  20  1
 215  20  1
 152  21  1
 165  21  1
 167  21  1
 203  21  1
  73  22  1
 158  22  1
 195  22  1
 200  22  1
 201  22  1
  87  23  1
  88  23  1
  89  23  1
  91  23  1
 103  24  1
 138  24  1
 142  24  1
 144  24  1
 196  24  1
 220  24  1
  67  25  1
  93  25  1
  94  25  1
  95  25  1
 135  26  1
  64  27  1
 189  27  1
 106  28  1
 109  28  1
 111  28  1
 177  28  1
 226  28  1
 121  29  1
  98  30  1
  99  30  1
 228  30  1
  68  31  1
  69  31  1
 145  31  1
  57  32  1
  76  32  1
 218  32  1
  82  33  1
 143  33  1
 144  33  1
 145  33  1
 169  33  1
 175  33  1
 233  33  1
  77  34  1
 123  34  1
 140  34  1
 199  34  1
 162  35  1
 163  35  1
 169  35  1
 170  35  1
 202  35  1
 207  35  1
 182  36  1
 183  36  1
 239  36  1
 178  37  1
  65  38  1
  66  38  1
 121  38  1
 122  38  1
  48  39  1
 214  39  1
 216  39  1
  58  40  1
 157  41  1
 167  41  1
 168  41  1
 198  41  1
 151  42  1
 192  43  1
 193  43  1
 127  44  1
 128  44  1
 129  44  1
 161  44  1
 162  44  1
 237  45  1
  39  46  1
 126  46  1
 165  46  1
  54  47  1
  55  47  1
  97  47  1
  99  47  1
 104  47  1
 134  47  1
 169  47  1
 171  47  1
 252  47  1
  48  48  1
 167  48  1
 238  48  1
 134  49  1
 175  49  1
  95  51  1
  96  51  1
 137  51  1
 110  52  1
 111  52  1
  46  53  1
  58  53  1
 253  55  1
 130  56  1
 215  58  1
 231  58  1
 264  58  1
 132  59  1
 133  59  1
 137  59  1
 138  59  1
 154  59  1
 155  59  1
 179  59  1
 221  59  1
 251  61  1
 252  61  1
  70  62  1
 148  63  1
 237  63  1
  57  64  1
  58  64  1
 248  64  1
  72  65  1
 191  65  1
 260  65  1
 179  66  1
 180  66  1
 269  66  1
  19  67  1
 146  67  1
 241  67  1
 248  67  1
  75  68  1
  76  68  1
 256  68  1
  59  70  1
  60  70  1
 136  70  1
 144  70  1
 201  70  1
 140  71  1
 179  71  1
 180  71  1
 199  71  1
 244  71  1
 273  71  1
  76  72  1
  82  72  1
 220  72  1
 254  73  1
 169  74  1
 190  74  1
  61  75  1
 166  75  1
 199  75  1
 224  75  1
 225  75  1
 243  75  1
  55  76  1
  63  76  1
 229  76  1
 239  76  1
 259  76  1
 260  76  1
  75  77  1
  78  77  1
 161  77  1
 212  77  1
  49  78  1
 186  78  1
 227  78  1
 250  78  1
 276  78  1
 178  79  1
 180  79  1
 200  79  1
 237  79  1
 265  79  1
 157  80  1
 191  80  1
  17  81  1
  18  81  1
  53  81  1
 155  81  1
 255  81  1
  21  82  1
 169  82  1
 195  82  1
 245  82  1
 268  82  1
 260  84  1
   8  85  1
   9  85  1
  15  85  1
 153  85  1
  21  86  1
 150  86  1
  33  87  1
 166  87  1
 167  87  1
 216  87  1
 237  87  1
 256  87  1
 280  87  1
 281  87  1
  28  88  1
  55  88  1
 155  88  1
 191  88  1
 192  88  1
 207  88  1
 246  88  1
  16  89  1
 251  89  1
   6  90  1
   7  90  1
 143  90  1
 218  90  1
 239  90  1
  61  92  1
 137  92  1
 155  92  1
 165  92  1
 166  92  1
 206  92  1
 281  92  1
 282  92  1
 135  93  1
  23  94  1
 202  94  1
 209  94  1
 210  94  1
 255  94  1
 260  94  1
   4  95  1
   5  95  1
  49  95  1
  50  95  1
 150  95  1
 188  95  1
 251  95  1
  69  96  1
  37  97  1
  66  97  1
 116  97  1
 188  97  1
 198  97  1
 241  97  1
 142  98  1
 162  98  1
 194  98  1
 234  98  1
 115  99  1
 145  99  1
 204  99  1
 214  99  1
 259  99  1
 269  99  1
 147 100  1
 183 100  1
 190 100  1
 192 100  1
  53 101  1
 179 101  1
 199 101  1
 281 101  1
 282 101  1
  98 102  1
 111 102  1
 150 102  1
 151 102  1
 158 102  1
 159 102  1
 176 102  1
 212 102  1
  61 103  1
 133 103  1
 134 103  1
 185 103  1
 196 103  1
 260 103  1
 266 103  1
 153 104  1
 203 104  1
 204 104  1
 251 104  1
 272 104  1
 280 104  1
 281 104  1
 174 105  1
 182 105  1
   6 106  1
   7 106  1
   8 106  1
 130 106  1
 251 106  1
 137 107  1
 138 107  1
 182 107  1
 183 107  1
 208 107  1
 258 107  1
 264 107  1
 265 107  1
 101 108  1
 115 108  1
 116 108  1
   1 109  1
  47 109  1
 103 109  1
 220 109  1
 246 109  1
  26 110  1
 109 110  1
 176 110  1
 192 111  1
 206 111  1
 136 112  1
 138 112  1
 201 112  1
 277 112  1
  72 113  1
  73 113  1
 180 113  1
 216 113  1
 217 113  1
 195 114  1
  10 115  1
  44 115  1
  45 115  1
 141 115  1
  42 116  1
 136 116  1
 137 116  1
 143 116  1
 145 116  1
 221 116  1
 226 116  1
 227 116  1
  73 117  1
  15 118  1
  27 118  1
 227 118  1
 276 118  1
 277 118  1
 181 119  1
 195 119  1
   7 120  1
   8 120  1
  92 120  1
  93 120  1
 144 120  1
 145 120  1
 146 120  1
 218 120  1
 227 120  1
 228 120  1
  83 121  1
 133 121  1
 185 121  1
 277 121  1
 278 121  1
  15 122  1
  16 122  1
  28 122  1
  54 122  1
 232 122  1
  50 123  1
  78 123  1
 255 123  1
  36 124  1
  71 124  1
 129 124  1
 161 124  1
 163 124  1
 170 124  1
  99 125  1
   1 126  1
  65 126  1
 176 126  1
 177 126  1
 207 126  1
 219 126  1
 220 126  1
 269 126  1
  12 127  1
  54 127  1
  80 127  1
  89 127  1
  93 127  1
 141 127  1
 142 127  1
 181 127  1
 211 127  1
 260 127  1
 272 127  1
   5 128  1
  48 128  1
  60 128  1
  71 128  1
  10 129  1
  75 129  1
   1 130  1
  87 130  1
 100 130  1
 101 130  1
 175 130  1
 254 130  1
 137 131  1
 180 131  1
  31 132  1
  63 132  1
  67 132  1
 174 132  1
 175 132  1
 259 132  1
  22 133  1
 140 133  1
 220 133  1
 268 133  1
 203 134  1
 209 134  1
   5 135  1
 180 135  1
 240 135  1
 244 135  1
 252 135  1
 276 135  1
 277 135  1
  92 136  1
  93 136  1
  97 136  1
 174 136  1
 264 136  1
 267 136  1
  28 137  1
  54 137  1
 153 137  1
 154 137  1
 222 137  1
 260 137  1
 269 137  1
 270 137  1
  20 138  1
  37 138  1
  48 138  1
  67 138  1
 145 138  1
 149 138  1
 215 138  1
   1 139  1
  64 139  1
 173 139  1
 191 139  1
   6 140  1
   7 140  1
 235 140  1
 244 140  1
 259 140  1
  14 141  1
  30 141  1
  68 141  1
 249 141  1
  24 142  1
 109 142  1
 114 142  1
 198 142  1
 206 142  1
 207 142  1
 262 143  1
 264 143  1
 184 144  1
 232 144  1
 247 144  1
 272 144  1
   1 145  1
   2 145  1
  20 145  1
  62 145  1
 106 145  1
 148 145  1
 149 145  1
 150 145  1
 154 145  1
 268 145  1
  10 146  1
  11 146  1
  28 146  1
  29 146  1
 121 146  1
 238 146  1
  44 147  1
  64 147  1
  65 147  1
  83 147  1
 115 147  1
 116 147  1
 104 148  1
 155 148  1
 156 148  1
 197 148  1
 201 148  1
 225 148  1
 245 148  1
  22 149  1
  75 149  1
  98 149  1
 124 149  1
 149 149  1
 150 149  1
 175 149  1
 189 149  1
 190 149  1
 233 149  2
 239 149  1
 280 149  1
 281 149  1
  59 150  1
 152 150  1
 243 150  1
 112 151  1
  59 152  1
 104 152  1
 157 152  1
 198 152  1
 129 153  1
 208 153  1
 209 153  1
 232 153  1
 265 153  1
 266 153  1
   8 154  1
   9 154  1
  21 154  1
  61 154  1
 134 154  1
 213 154  1
 155 155  1
 161 155  1
 195 155  1
 261 155  1
  60 156  1
  61 156  1
  66 156  1
 188 156  1
  26 157  1
 113 157  1
 114 157  1
  23 158  1
  38 158  1
  52 158  1
 163 158  1
 164 158  1
  12 159  1
  13 159  1
  20 159  1
  44 159  1
 147 159  1
 191 159  1
 192 159  1
 123 160  1
 217 160  1
 231 160  1
  54 161  1
 192 161  1
 198 161  1
 239 161  1
  26 162  1
 163 162  1
  16 163  1
  17 163  1
 133 163  1
 134 163  1
 143 163  1
 193 163  1
 221 163  1
 228 163  1
  21 165  1
  22 165  1
  56 165  1
 138 165  1
 145 165  1
 159 165  1
 160 165  1
 249 165  1
   7 166  1
 110 166  1
 182 166  1
 264 166  1
 154 167  1
 165 167  1
 166 167  1
 227 167  1
 120 168  1
 129 168  1
 148 168  1
 157 168  1
 220 168  1
 255 168  1
  55 169  1
  56 169  1
 136 169  1
 163 169  1
  17 170  1
  18 170  1
  31 170  1
 184 170  1
 194 170  1
 220 170  1
  23 171  1
  47 171  1
 151 171  1
  29 172  1
 155 172  1
 179 172  1
 220 172  1
 221 172  1
 236 172  1
 237 172  1
  44 173  1
  45 173  1
  81 173  1
  20 174  1
  67 174  1
  99 174  1
 173 174  1
 174 174  1
 230 174  1
 231 174  1
  64 175  1
  85 175  1
 164 175  1
 183 177  1
 224 177  1
 235 177  1
  60 178  1
 169 179  1
 170 179  1
 222 179  1
  56 180  1
 174 180  1
 215 180  1
 276 180  1
 277 180  1
 213 182  1
 215 182  1
 265 182  1
  52 183  1
 263 183  1
 143 184  1
  19 185  1
 190 185  1
 204 185  1
  52 187  1
  88 187  1
 132 188  1
 235 188  1
 222 189  1
 148 190  1
 149 190  1
 200 190  1
 201 190  1
 202 190  1
 222 191  1
 233 191  1
 225 192  1
 133 193  1
 205 193  1
  82 194  1
 115 194  1
 125 195  1
 133 195  1
 142 195  1
 151 195  1
 152 195  1
 137 196  1
 147 196  1
 201 196  1
 206 196  1
 225 196  1
 239 196  1
 240 196  1
 133 197  1
 134 197  1
 153 197  1
 176 197  1
  28 198  1
  71 198  1
  76 198  1
 207 198  1
 263 198  1
 120 199  1
 123 199  1
 124 199  1
 215 199  1
 247 199  1
  81 200  1
  83 200  1
  88 200  1
  89 200  1
 100 200  1
  62 201  1
  63 201  1
 102 201  1
 104 201  1
  31 202  1
  49 203  1
  61 203  1
  97 203  1
 110 203  1
 123 203  1
 124 203  1
  53 204  1
  85 204  1
  92 204  1
 141 204  1
 146 204  1
 168 204  1
 212 204  1
 218 204  1
 225 204  1
 232 204  1
  41 205  1
  67 205  1
  70 205  1
 106 205  1
 120 205  1
 184 205  1
 185 205  1
 187 205  1
 243 205  1
  53 206  1
 218 206  1
 240 206  1
  64 207  1
 132 207  1
 198 207  1
 254 207  1
  82 208  1
  91 208  1
  92 208  1
 118 208  1
 151 208  1
 154 208  1
 214 208  1
  48 211  1
  70 211  1
  72 211  1
  79 211  1
 176 212  1
  66 213  1
  67 213  1
  73 213  1
  90 213  1
  41 214  1
 130 214  1
 142 214  1
 103 215  1
 104 215  1
 190 215  1
 147 216  1
 164 216  1
 165 216  1
 233 216  1
  61 217  1
 136 217  1
 137 217  1
  54 218  1
  77 218  1
 128 218  1
 129 218  1
 130 218  1
 102 219  1
 181 219  1
 183 219  1
 127 220  1
 156 220  1
 157 220  1
 177 220  1
 178 220  1
 185 220  1
  83 221  1
 163 221  1
 164 221  1
 237 221  1
  59 222  1
 128 222  1
  75 223  1
  76 223  1
  82 223  1
 112 223  1
 152 223  1
 234 223  1
 128 224  1
 135 224  1
 136 224  1
 130 225  1
 114 226  1
 149 226  2
 150 226  1
  74 227  1
 158 227  1
 162 227  1
  78 229  1
  79 229  1
 167 229  1
 171 229  1
  60 230  1
  61 230  1
 101 230  1
 130 230  1
 109 232  1
 110 232  1
 137 232  1
 175 232  1
 176 232  1
 219 232  1
 118 233  1
 119 233  1
  70 234  1
 104 234  1
 105 234  1
 130 234  1
 134 234  1
 176 234  1
 169 235  1
 171 235  1
 192 235  1
 211 235  1
  73 236  1
 137 236  1
 185 237  1
 187 237  1
  76 238  1
 102 238  1
 131 238  1
 114 239  1
 115 239  1
 116 239  1
 118 239  1
 169 239  1
 179 239  1
 180 239  1
 129 240  1
  81 241  1
 135 241  1
 169 241  1
 189 241  1
 190 241  1
 108 242  1
 187 242  1
  83 243  1
 100 243  1
 101 243  1
 118 243  1
 171 243  1
 175 243  1
 128 244  1
 129 244  1
 133 244  1
 196 245  1
  88 246  1
 113 246  1
 105 247  1
 113 248  1
 126 249  1
 134 249  1
 187 249  1
 100 251  1
 136 251  1
 102 252  1
 161 255  1


count = 910