 154   1  1
 173   1  1
 193   5  1
 127   6  1
 198   7  1
 188  10  1
 195  13  1
 193  14  1
 105  15  1
 118  15  1
 187  15  1
 214  15  1
 191  16  1
 100  17  1
  95  19  1
 119  19  1
 120  19  1
 221  19  1
 190  22  1
 119  23  1
 120  23  1
  85  24  1
 232  25  1
  81  26  1
  82  26  1
  78  28  1
 237  28  1
  88  30  1
 244  33  1
 116  35  1
 122  35  1
  78  37  1
  93  37  1
 235  37  1
  67  39  1
 251  39  1
  79  40  1
  80  40  1
  96  40  1
 234  40  1
 199  41  1
 200  41  1
  86  42  1
  88  42  1
 121  43  1
 123  43  1
 133  43  1
 134  43  1
 232  43  1
  40  44  1
  70  44  1
  71  44  1
  60  45  1
  93  45  1
  95  45  1
 138  45  1
 202  45  1
  73  46  1
 206  46  1
 208  46  1
 124  47  1
 126  47  1
 140  47  1
  35  48  1
  97  48  1
 101  48  1
 102  48  1
 228  48  1
 222  49  1
  95  50  1
 146  51  1
 110  53  1
 111  53  1
  83  54  1
  84  54  1
 211  54  1
 264  54  1
  75  55  1
  97  55  1
  98  55  1
 103  55  1
  79  58  1
 145  58  1
 267  58  1
  73  59  1
  77  60  1
  19  61  1
  98  61  1
 187  61  1
 195  63  1
 209  63  1
 180  64  1
 181  64  1
 193  65  1
 272  65  1
 178  66  1
  12  67  1
 186  67  1
 211  67  1
 191  68  1
 216  68  1
 274  68  1
 191  70  1
  11  71  1
 217  71  1
 231  72  1
  10  73  1
  11  73  1
 214  74  1
 176  75  1
 177  75  1
 187  75  1
 188  75  1
 207  75  1
 208  75  1
 177  77  1
   7  78  1
 227  78  1
 178  79  1
 213  79  1
 223  79  1
 229  80  1
 279  80  1
 280  80  1
 178  81  1
 180  81  1
 234  81  1
 232  82  1
 236  82  1
 190  83  1
 192  83  1
 239  83  1
 183  84  1
 178  85  1
 187  85  1
 228  86  1
 191  87  1
 204  87  1
 235  88  1
 188  89  1
 176  90  1
 236  91  1
 116  92  1
 112  93  1
 184  93  1
 185  93  1
 190  93  1
 239  93  1
  69  95  1
 241  95  1
  60  96  1
 107  96  1
 109  96  1
 244  96  1
 247  99  1
  57 100  1
 103 101  1
  46 103  1
  26 105  1
  37 105  1
  44 105  1
 172 105  1
   1 106  1
 170 107  1
 261 108  1
 262 108  1
   1 109  1
  23 109  1
  24 109  1
  66 111  1
 252 111  1
 257 111  1
  27 112  1
  81 112  1
  98 112  1
 107 112  1
 262 112  1
  20 113  1
  21 113  1
 258 113  1
  68 114  1
  93 114  1
 109 114  1
  91 115  1
 116 116  1
 255 116  1
 256 116  1
 119 118  1
 157 118  1
 256 118  1
 201 119  1
 237 119  1
 238 119  1
   9 120  1
 121 120  1
 171 120  1
 194 120  1
  74 122  1
 124 122  1
 147 122  1
 149 122  1
 151 122  1
 187 122  1
 141 123  1
 228 123  1
 231 123  1
 259 123  1
 275 123  1
   9 124  1
 113 124  1
 187 124  1
 201 124  1
 202 124  1
 272 124  1
 273 124  1
   3 125  1
  76 125  1
 104 125  1
 135 125  1
 172 125  1
 242 125  1
  21 126  1
 188 126  1
 205 126  1
 102 127  1
  21 128  1
  93 128  1
  94 128  1
 194 128  1
 195 128  1
 200 128  1
 209 128  1
 263 128  1
 129 129  1
  21 130  1
  22 130  1
 198 130  1
 248 130  1
  16 131  1
 233 131  1
 254 131  1
  88 132  1
  98 132  1
 129 132  1
 225 132  1
 240 132  1
 244 132  1
 119 133  1
 173 133  1
 195 133  1
 213 133  1
 221 133  1
   4 134  1
  18 134  1
  20 134  1
 164 134  1
 206 134  1
 207 134  1
 272 134  1
  12 135  1
  74 135  1
 194 135  1
 218 135  1
 219 135  1
 127 136  1
 143 137  1
 190 137  1
 196 138  1
 220 138  1
 221 138  1
   1 140  1
 173 140  1
 279 140  1
 280 140  1
 155 142  1
  70 143  1
 269 143  1
 118 144  1
 219 144  1
 220 144  1
 158 145  1
  96 146  1
 163 146  1
  66 148  1
 107 148  1
  82 149  1
 166 149  1
 111 150  1
 178 150  1
 265 150  1
 180 151  1
 192 151  1
 205 151  1
 166 152  1
 251 154  1
 257 154  1
 185 155  1
  76 156  1
 213 156  1
 259 156  1
 260 156  1
 261 156  1
 268 156  1
  58 158  1
 189 159  1
 253 159  1
 257 159  1
 221 160  1
 268 160  1
  73 161  1
  74 161  1
 193 162  1
 241 162  1
  57 163  1
 236 164  1
 196 165  1
 232 165  1
 254 165  1
   1 166  1
  60 166  1
 240 166  1
 241 166  1
 260 166  1
  70 167  1
 200 167  1
 220 167  1
 279 168  1
 280 168  1
   1 169  1
   2 169  1
 233 169  1
 239 169  1
 218 171  1
 228 174  1
 171 175  1
 239 175  1
 212 178  1
 173 179  1
 276 181  1
 277 181  1
  68 182  1
  71 182  1
  82 182  1
 234 182  1
  56 183  1
  82 184  1
 275 184  1
 276 184  1
 229 187  1
 230 187  1
 274 187  1
 275 187  1
  84 188  1
 235 188  1
   9 190  1
  74 190  1
  80 190  1
  72 192  1
  11 194  1
  77 194  1
  89 195  1
 101 195  1
 192 195  1
 194 195  1
  68 196  1
  92 196  1
 271 196  1
 272 196  1
  79 197  1
 109 199  1
 110 199  1
 149 199  1
  63 200  1
 269 200  1
 106 201  1
  19 202  1
  86 202  1
  87 202  1
  61 203  1
 146 203  1
 259 203  1
  51 204  1
 152 204  1
 222 204  1
 255 204  1
 257 204  1
 108 205  1
 109 205  1
 142 205  1
 150 205  1
 214 205  1
  49 206  1
 127 206  1
  61 207  1
  87 207  1
  88 207  1
 225 207  1
 229 207  1
 266 207  1
 106 208  1
 146 208  1
 147 208  1
  44 209  1
  87 209  1
 246 209  1
  41 210  1
  94 210  1
  95 210  1
 125 210  1
 126 210  1
 104 211  1
 118 211  1
 135 211  1
 246 211  1
 113 212  1
 221 212  1
 246 213  1
 248 213  1
 139 214  1
 262 214  1
  83 215  1
 119 215  1
 243 215  1
 111 217  1
 112 217  1
  38 218  1
 122 218  1
 211 218  1
 156 220  1
 216 220  1
 152 221  1
  48 222  1
  68 226  1
  78 227  1
  84 227  1
  92 227  1
 149 228  1
 156 228  1
  71 229  1
 110 229  1
 148 230  1
  75 231  1
  76 231  1
 246 231  1
 116 232  1
 143 232  1
  96 233  1
 100 233  1
 229 234  1
 242 234  1
  87 235  1
 231 235  1
  90 236  1
 138 236  1
 226 236  1
 236 237  1
 128 240  1
 106 242  1
 112 244  1
 226 244  1
 121 247  1
 221 247  1
 222 247  1
 126 249  1
 214 250  1
 216 250  1
 133 252  1
 208 252  1
 151 256  1
 175 257  1


count = 470