 140   1  1
 158   1  1
 129   3  1
 112  10  1
 114  10  1
 138  10  1
 109  11  1
 195  11  1
 146  12  1
 200  14  1
 117  15  1
 148  16  1
  95  17  1
 142  17  1
 205  17  1
  92  19  1
 124  19  1
 208  19  1
 209  19  1
 119  20  1
 144  20  1
 145  20  1
  89  21  1
  81  27  1
  77  29  1
  90  29  1
 224  29  1
 154  30  1
 155  30  1
 100  31  1
 110  31  1
 112  33  1
  92  34  1
 103  34  1
  41  35  1
  56  35  1
  39  36  1
  73  36  1
 163  36  1
 103  37  1
 158  37  1
  93  40  1
 155  40  1
 156  40  1
  42  42  1
  30  44  1
 137  44  1
 103  46  1
 115  46  1
  38  47  1
  98  47  1
 117  47  1
 119  49  1
  56  50  1
  57  50  1
 111  50  1
  85  51  1
 162  52  1
 165  52  1
 149  55  1
 184  55  1
 185  55  1
  59  56  1
  72  56  1
  73  56  1
 189  57  1
 191  57  1
 195  59  1
 163  60  1
  79  61  1
  80  61  1
 197  61  1
  13  62  1
  60  62  1
 168  62  1
 200  63  1
 174  64  1
  59  68  1
 187  68  1
 191  68  1
 205  68  1
 167  69  1
 262  69  1
   9  70  1
  10  70  1
  15  72  1
  71  72  1
 162  72  1
 186  72  1
 187  72  1
 191  72  1
 264  72  1
   8  73  1
   9  73  1
 156  73  1
 157  73  1
 154  74  1
 204  75  1
 205  75  1
  16  78  1
 182  78  1
 189  78  1
 268  78  1
 170  80  1
 171  80  1
 270  81  1
  18  82  1
  19  82  1
 163  83  1
   9  86  1
  23  86  1
 166  86  1
   3  87  1
   4  87  1
  66  87  1
  58  88  1
 276  88  1
   2  91  1
   3  91  1
  19  91  1
  22  92  1
  58  92  1
  66  92  1
  72  92  1
   7  94  1
  61  94  1
  74  95  1
 280  98  1
 281  98  1
  77  99  1
   6 101  1
   7 101  1
   1 102  1
 165 102  2
 264 104  1
 268 104  1
  86 106  1
  99 106  1
  32 107  1
  34 107  1
  65 107  1
  96 107  1
 182 107  1
 183 107  1
  36 108  1
 263 109  1
 264 109  1
  29 110  1
 165 112  1
   6 113  1
  28 113  1
  67 113  1
 185 113  1
 225 114  1
 229 114  1
   1 115  1
  33 115  1
  34 115  1
 115 115  1
 116 115  1
 167 115  1
 177 115  1
 235 115  1
 119 116  1
 188 116  1
 201 116  1
   8 117  1
   9 117  1
 122 117  1
 126 118  1
 246 118  1
 113 119  1
 268 119  1
   1 120  1
   2 120  1
  24 120  1
 105 120  1
 222 120  1
  29 121  1
 132 121  1
 152 121  1
 227 121  1
 243 121  1
  74 122  1
 199 122  1
 200 122  1
   8 123  1
   9 123  1
 167 123  1
 168 123  1
  76 124  1
  77 124  1
 100 124  1
 203 124  1
 223 124  1
   4 125  1
  84 125  1
 160 126  1
 164 126  1
 157 127  1
 112 128  1
 113 128  1
 205 128  1
 206 128  1
  11 129  1
  25 129  1
  80 131  1
 105 132  1
 155 132  1
 156 132  1
 164 132  1
  12 133  1
 112 133  1
 210 133  1
 276 134  1
 277 134  1
  23 135  1
 108 135  1
 123 135  1
 124 135  1
 209 135  1
 210 135  1
  21 137  1
  22 137  1
 153 137  1
 150 138  1
 277 138  1
 278 138  1
 118 139  1
   1 140  1
 165 140  1
 166 140  1
 190 140  1
   1 142  1
   7 142  1
 278 142  1
 279 142  1
  23 143  1
 151 143  1
 189 143  1
 195 143  1
 216 143  1
 211 144  1
 154 145  1
 155 145  1
 163 146  1
 183 146  1
 148 147  1
 149 147  1
 196 147  1
 215 147  1
 216 147  1
  39 148  1
  64 149  1
 111 149  1
 146 149  1
  90 150  1
 107 150  1
 173 150  1
  29 151  1
 282 151  1
 283 151  1
  61 153  1
 184 153  1
 214 154  1
  84 155  1
 177 155  1
 179 155  1
   1 156  1
 191 157  1
 254 157  1
 272 157  1
 169 158  1
 170 158  1
  80 159  1
 242 160  1
 243 160  1
 263 160  1
 250 161  1
 195 162  1
 260 163  1
 282 164  1
 283 164  1
   7 165  1
   8 165  1
  77 165  1
  59 166  1
  27 168  1
 190 169  1
 233 169  1
 252 169  1
 257 169  1
  18 170  1
  19 170  1
 167 170  1
 168 170  1
 280 170  1
  75 171  1
 183 171  1
   4 172  1
   5 172  1
  27 172  1
  73 172  1
  16 173  1
 196 173  1
  10 174  1
 226 175  1
  18 176  1
 189 176  1
 217 176  1
 218 176  1
 243 176  1
 199 177  1
 201 177  1
 215 177  1
 191 178  1
 192 178  1
 241 179  1
 275 180  1
 178 181  1
 181 181  1
 176 183  1
 237 183  1
 170 184  1
  65 185  1
 226 185  1
 233 185  1
  70 186  1
  71 186  1
 193 186  1
 271 186  1
 191 188  1
  61 189  1
  63 189  1
 175 189  1
 171 192  1
  78 193  1
  79 193  1
  94 193  1
  55 194  1
 265 194  1
  65 195  1
 173 195  1
 177 198  1
 181 198  1
  71 199  1
  72 199  1
  94 199  1
  95 199  1
 207 199  1
  18 200  1
 110 200  1
  60 201  1
 126 201  1
 129 201  1
 261 201  1
  81 202  1
 152 202  1
 111 203  1
 112 203  1
 142 203  1
 152 204  1
  91 206  1
  92 206  1
  61 207  1
  95 207  1
 122 207  1
 153 207  1
 154 207  1
 105 208  1
 114 208  1
 115 208  1
 136 208  1
  66 209  1
  28 210  1
  99 210  1
 149 210  1
  33 213  1
  67 213  1
  68 213  1
 109 213  1
 248 214  1
  69 218  1
  70 218  1
 130 218  1
  40 219  1
 121 219  1
 122 219  1
 123 219  1
  92 220  1
 126 220  1
  88 221  1
 239 222  1
 120 223  1
  86 224  1
 124 224  1
  51 225  1
  52 225  1
  70 226  1
 108 227  1
 109 227  1
 116 228  1
 120 229  1
 122 229  1
  98 231  1
  99 231  1
 225 232  1
 107 233  1
 108 233  1
 116 233  1
 117 233  1
  70 234  1
  72 234  1
  85 234  1
 115 236  1
 116 236  1
 100 238  1
 105 238  1
 106 238  1
 170 239  1
  86 240  1
 115 240  1
 215 240  1
  90 242  1
  92 242  1
 114 242  1
 118 243  1
 169 243  1
 170 243  1
 209 243  1
 130 245  1
 110 248  1
 174 248  1
 175 248  1
 115 249  1
 131 249  1
 120 251  1
 167 251  1
 193 251  1
 183 254  1
 131 255  1
 140 257  1


count = 442