 135   1  1
 163   1  1
 167   1  1
 172   2  1
 175   3  1
 179   4  1
 183   5  1
  97   7  1
  94   8  1
 123   8  1
 136   8  1
  89  10  1
 148  10  1
  85  11  1
 203  11  1
  82  12  1
 142  12  1
 206  12  1
 128  15  1
 129  15  1
 135  15  1
 147  15  1
 148  15  1
 142  18  1
  65  19  1
 131  19  1
 132  19  1
  78  20  1
 144  20  1
 148  20  1
 158  20  1
 120  21  1
 121  21  1
  59  22  1
  60  22  1
  82  22  1
  71  24  1
 154  24  1
 155  24  1
  69  25  1
 134  25  1
  52  27  1
 119  27  1
 120  27  1
  59  28  1
  61  28  1
  72  29  1
 137  29  1
 140  30  1
 230  30  1
  47  31  1
 156  31  1
 157  31  1
  80  32  1
 149  32  1
  61  33  1
  76  33  1
 142  33  1
 152  33  1
 153  33  1
  81  34  1
 146  34  1
 236  34  1
  51  36  1
  54  36  1
 118  36  1
 119  36  1
 150  39  1
 152  39  1
  45  40  1
 139  41  1
 144  41  1
  87  42  1
  83  43  1
 153  43  1
  34  44  1
  53  44  1
  54  44  1
 171  44  1
 172  44  1
  59  45  1
 137  45  1
 150  45  1
 152  45  1
 146  47  1
 251  47  1
  31  48  1
  61  48  1
  62  48  1
 100  48  1
 104  48  1
 144  48  1
 154  48  1
 171  48  1
 119  49  1
 120  49  1
 138  49  1
 167  50  1
  62  51  1
 132  51  1
 134  51  1
 157  51  1
 167  52  1
 255  53  1
  68  54  1
  69  54  1
  25  55  1
 140  55  1
 158  55  1
  67  58  2
  68  58  1
  69  58  1
 160  58  1
 165  58  1
 242  58  1
 104  59  1
 143  59  1
 246  59  1
  98  60  1
 232  61  1
 155  62  1
 107  63  1
 263  63  1
  96  64  1
  97  64  1
 131  64  1
 133  64  1
 246  64  1
  17  66  1
 127  66  1
  99  67  1
 100  67  1
 266  67  1
 246  68  1
  36  69  1
  37  69  1
  38  69  1
 175  69  1
 179  69  1
 193  70  1
  31  71  1
  35  71  1
 211  71  1
 258  71  1
 260  71  1
  14  72  1
 251  72  1
 252  72  1
 104  73  1
 105  73  1
 191  73  1
 168  74  1
 180  74  1
 185  74  1
 213  74  1
  12  75  1
  18  75  1
  95  75  1
 249  75  1
  25  76  1
 102  76  2
 176  76  1
 217  76  1
 273  76  1
  10  78  1
 101  78  1
 165  78  1
  22  79  1
 107  79  1
 171  79  1
 172  79  1
 252  79  1
  15  80  1
  16  80  1
 183  80  1
 224  80  1
  23  81  1
 101  81  1
 105  81  1
 160  81  1
 177  81  1
 276  82  1
 277  82  1
 160  83  1
 172  84  1
 189  84  1
 178  85  1
 250  85  1
 163  86  1
 228  86  1
 185  88  1
 207  88  1
 252  88  1
 253  88  1
  23  89  1
 166  89  1
 174  89  1
 190  89  1
  10  90  1
  27  90  1
 170  90  1
 212  90  1
 213  90  1
 230  91  1
 231  91  1
 246  91  1
  12  93  1
 148  93  1
 274  93  1
 186  94  1
 208  94  1
 210  94  1
 245  94  1
 255  94  1
 262  94  1
  11  96  1
 212  96  1
 213  96  1
 153  97  1
 200  97  1
 266  97  1
 143  98  1
 205  98  1
 159  99  1
 269  99  1
 139 100  1
 140 100  1
 157 100  1
 167 101  1
 168 101  1
 256 101  1
 139 102  1
 153 102  1
 178 102  1
 194 102  1
   1 103  1
 265 103  1
 139 104  1
 210 104  1
 252 104  1
 253 104  1
 121 105  1
  86 106  1
 132 106  1
 174 107  1
 175 107  1
   7 108  1
  46 108  1
  47 108  1
 256 108  1
 125 109  1
 264 109  1
 113 110  1
 152 110  1
 202 110  1
 203 110  1
 207 110  1
   8 112  1
 260 113  1
   5 114  1
  36 114  1
  93 114  1
  97 114  1
  98 114  1
 152 114  1
 153 114  1
 280 114  1
 281 114  1
  42 115  1
  43 115  1
  44 115  1
 159 115  1
  12 116  1
  13 116  1
  24 116  1
  87 116  1
  88 116  1
 148 117  1
 175 117  1
 206 117  1
 250 117  1
 251 117  1
 273 117  1
   1 118  1
  44 118  1
  45 118  1
 127 118  1
 156 118  1
 177 118  1
 178 118  1
 212 118  1
 113 119  1
 218 119  1
 258 119  1
   7 120  1
   8 120  1
  38 120  1
 105 120  1
 106 120  1
 152 120  1
 154 120  1
 228 120  1
 270 120  1
   1 121  1
   2 121  1
  19 121  1
  84 121  1
 115 121  1
 116 121  1
 231 121  1
 130 122  1
 187 122  1
 202 122  1
 203 122  1
  79 123  1
  96 123  1
 102 123  1
 108 123  1
 180 123  1
 196 123  1
 172 124  1
 173 124  1
 207 124  1
 215 124  1
 217 124  1
 253 124  1
  43 125  1
  65 125  1
  66 125  1
 127 125  1
 230 125  1
 231 125  1
 232 125  1
 266 125  1
 267 125  1
 268 125  1
  12 126  1
  37 126  1
  86 126  1
 149 126  1
 277 126  1
 278 126  1
  42 128  1
 108 128  1
 109 128  1
 110 128  1
 149 128  1
 171 128  1
 196 128  1
 206 128  1
  46 129  1
  80 129  1
  83 129  1
 102 129  1
 120 129  1
 236 129  1
  77 130  1
 100 130  1
 127 130  1
 149 130  1
  15 131  1
  91 131  1
  92 131  1
 151 131  1
 222 131  1
 269 131  1
 270 131  1
  12 132  1
  41 132  1
 190 132  1
 209 132  1
 214 132  1
 170 133  1
  86 135  1
 113 135  1
 114 135  1
 130 135  1
 179 135  1
 186 135  1
 198 135  1
 271 135  1
   1 136  1
   8 136  1
 171 136  1
 188 136  1
 121 137  1
 122 137  1
 146 137  1
 192 137  1
 225 137  1
 126 138  1
 217 138  1
 260 138  1
  92 139  1
 117 139  1
 138 139  1
 174 139  1
 255 139  1
 256 139  1
 279 139  1
 280 139  1
 156 140  1
  85 141  1
 138 141  1
 186 141  1
 224 141  2
 225 141  1
 138 143  1
 176 143  1
 256 143  1
 122 144  1
 126 144  1
 151 144  1
   4 145  1
   5 145  1
  89 145  1
 202 145  1
 281 145  1
 282 145  1
 198 146  1
 200 146  1
 116 147  1
 132 147  1
 183 147  1
 187 147  1
 207 147  1
  53 148  1
  60 148  1
 112 148  1
 157 148  1
   1 149  1
  64 149  1
  74 149  1
 134 149  1
 135 149  1
 127 150  1
 128 150  1
 193 150  1
  50 151  1
  79 151  1
  11 152  1
  13 152  1
  95 152  1
  96 152  1
 106 152  1
 190 152  2
 191 152  1
 192 152  1
 258 152  1
 109 153  1
  37 154  1
  93 155  1
 121 155  1
 206 155  1
 210 155  1
  80 156  1
  81 156  1
 167 156  1
  13 157  1
  96 157  1
  99 157  1
  10 158  1
  11 158  1
 159 159  1
 160 159  1
 274 159  1
 203 160  1
 204 160  1
 272 160  1
 174 161  1
 214 161  1
  12 163  1
 202 163  1
 203 163  1
   6 164  1
   7 164  1
  33 164  1
  58 164  1
 230 164  1
  17 165  1
 181 165  1
 184 165  1
 225 166  1
 226 166  1
  17 167  1
  48 167  1
 162 167  1
 167 167  1
 239 168  1
  39 169  1
 180 169  1
 182 169  1
 236 169  1
  23 170  1
  51 170  1
  55 170  1
  56 170  1
 185 170  1
 186 170  1
 202 170  1
 162 171  1
 167 171  1
 204 171  1
 205 171  1
 221 171  1
  17 172  1
 177 172  1
 230 172  1
  39 173  1
 169 173  1
 185 173  1
 178 174  1
 189 174  1
 248 175  1
 275 175  1
  23 176  1
  49 176  1
  50 176  1
 208 176  1
 180 177  1
 181 177  1
 182 177  1
  13 178  1
 163 178  1
 164 178  1
 225 178  1
  34 179  1
  74 179  1
 178 179  1
 188 179  1
 194 179  1
 245 179  1
  27 180  1
  28 180  1
 184 180  1
  20 181  1
 218 181  1
  27 182  5
  41 182  1
 166 182  1
  16 183  1
  39 183  1
 203 183  1
 211 183  1
 186 184  1
 240 184  1
  24 185  1
 159 185  1
 190 185  1
  29 186  1
 193 186  1
 238 186  1
 268 186  1
  18 187  1
 156 187  1
 157 187  1
  67 188  1
 174 188  1
 210 188  1
  37 189  1
  38 189  1
  40 189  1
 145 189  1
 146 189  1
 266 189  1
  27 190  1
  29 190  1
 188 190  1
 198 190  1
  21 192  1
  22 192  1
  43 192  1
  44 192  1
 142 192  1
 178 192  1
 264 192  1
  30 193  1
 242 193  1
 140 194  1
 141 194  1
  30 195  1
  74 195  1
 158 196  1
 196 196  1
 198 196  1
 245 196  1
  48 197  1
  52 197  1
  64 197  1
  69 197  1
 230 197  1
 231 197  1
 260 197  1
  25 198  1
  60 199  1
 163 199  1
 164 199  1
  57 200  1
 120 200  1
  27 201  1
  72 201  1
  45 202  1
 123 202  1
 164 202  1
 241 202  1
  65 203  1
 119 203  1
 138 204  1
 237 204  1
 145 205  1
 146 205  1
 141 206  1
  54 207  1
 159 207  1
  51 208  1
 169 208  1
 243 208  1
  33 209  1
 134 209  1
  41 211  1
  42 211  1
  56 211  1
  57 211  1
  64 212  1
  65 212  1
 141 212  1
 161 213  1
 246 213  1
  48 214  1
  49 214  1
 139 214  1
 156 215  1
  78 216  1
 154 216  1
  92 217  1
 159 217  1
 184 217  1
  66 218  1
  71 218  1
  50 219  1
  62 220  1
  91 220  1
 132 220  1
 133 220  1
  77 221  1
  78 221  1
 157 221  1
 158 221  1
  72 222  1
 109 222  1
  96 223  1
  98 223  1
 150 223  1
  47 224  1
  67 224  1
 182 225  1
 183 225  1
  74 226  1
  75 226  1
 121 226  1
 122 226  1
 148 226  1
 157 226  1
 158 226  1
  61 227  1
  62 227  1
  66 227  1
 133 227  1
  52 228  1
 137 229  1
 229 229  1
 159 231  1
  58 234  1
  74 234  1
  90 234  1
  96 234  1
 164 234  1
  65 235  1
 104 235  1
 125 235  1
 145 235  1
 217 235  1
  68 236  1
  88 236  1
  89 236  1
  94 236  1
 119 238  1
 168 238  1
  74 239  1
  85 239  1
 170 239  1
 211 239  1
 108 240  1
 194 240  1
  76 241  1
 209 241  1
 189 242  1
  84 244  1
 101 244  1
 112 244  1
 114 244  1
  98 245  1
  99 245  1
 104 245  1
  91 247  1
 145 247  1
  94 248  1
 106 248  1
 133 248  1
 194 248  1
 141 250  1
 188 250  1
 102 251  1
 143 251  1
 185 251  1
 146 252  1
 181 252  1
 132 253  1
 178 253  1
 174 254  1
 113 255  1
 169 255  1
 116 256  1
 149 257  1


count = 724