 157   1  1
 173   1  1
 149   2  1
 182   2  1
 146   3  1
 185   3  1
 188   4  1
 127   7  1
 196   7  1
 198   9  1
 183  12  1
 185  12  1
 112  13  1
 110  15  1
 209  15  1
 149  16  1
 187  16  1
 188  16  1
 189  16  1
 106  17  1
 199  17  1
 161  20  1
 194  20  1
 176  21  1
 178  21  1
 150  22  1
 151  22  1
 218  22  1
  66  24  1
 131  25  1
 132  25  1
 155  25  1
 179  25  1
 226  25  1
 165  26  1
 173  26  1
 194  26  1
 132  27  1
 231  27  1
 198  28  1
 173  30  1
 174  30  1
  51  31  1
  52  31  1
  92  31  1
 127  31  1
 184  31  1
 179  32  1
 180  32  1
 191  32  1
  61  33  1
  62  33  1
 187  34  1
 200  34  1
 133  35  1
  67  36  1
 177  36  1
 202  36  1
 239  36  1
 172  37  1
 173  37  1
 135  38  1
 139  38  1
  43  39  1
 137  39  1
  99  40  1
 187  40  1
 203  40  1
 241  40  1
  51  41  1
  52  41  1
 116  41  1
 128  41  1
 170  41  1
 112  42  1
 173  42  1
 185  42  1
 187  42  1
  39  43  1
  99  44  1
 100  44  1
 133  44  1
 134  44  1
  73  45  1
  74  45  1
 109  45  1
 215  45  1
 116  46  1
 124  46  1
 125  46  1
 144  46  1
 145  46  1
 247  46  1
 175  47  1
  49  48  1
  56  48  1
  77  48  1
 118  48  1
 119  48  1
 124  48  1
  85  49  1
  91  50  1
  98  50  1
 142  50  1
  38  52  1
 120  53  1
  44  54  1
 106  54  1
 136  54  1
 137  54  1
 216  54  1
  37  55  1
  50  55  1
 128  55  1
 258  55  1
 259  55  1
  33  56  1
  34  56  1
 123  56  1
 125  56  1
 229  56  1
 217  57  1
 219  57  1
 145  58  1
 231  58  1
 107  59  1
 108  59  1
 163  59  1
 147  61  1
 148  61  1
 199  61  1
  18  62  1
 215  62  1
 232  62  1
 244  63  1
 161  64  1
 211  64  1
  16  65  1
 107  65  1
 142  65  1
 143  65  1
 244  65  1
  46  66  1
 237  66  1
 239  66  1
 147  67  1
  40  68  1
 162  68  1
 163  68  1
  32  69  1
 148  69  1
  50  70  1
 236  70  1
  45  71  1
  46  71  1
 173  71  1
 267  72  1
 136  73  1
 162  73  1
 163  73  1
 169  74  1
 191  74  1
  10  75  1
  19  75  1
  20  75  1
  39  76  1
  24  77  1
  36  77  1
  51  77  1
  52  77  1
 162  77  1
 183  77  1
 184  77  1
 179  78  1
 194  78  1
 195  78  1
 157  79  1
 189  79  1
  30  80  1
  44  80  1
 176  80  1
 272  80  1
 158  81  1
 218  81  1
  30  82  1
  48  82  1
  52  82  1
 173  83  1
 184  83  1
  30  84  1
  40  84  1
 180  85  1
  32  86  1
 193  86  1
 276  86  1
 277  86  1
 163  87  1
 205  88  1
 207  88  1
 233  88  1
 234  88  1
 169  89  1
 229  89  1
 245  89  1
 277  89  1
 278  89  1
 192  90  1
 202  90  1
 218  90  1
 185  91  1
 186  91  1
 189  91  1
 190  91  1
 253  91  1
 172  92  1
 264  92  1
 278  92  1
 279  92  1
  25  93  1
 159  93  1
 234  93  1
 271  93  1
 272  93  1
  19  94  1
 212  95  1
 213  95  1
  31  96  1
 154  96  1
 201  96  1
 202  96  1
 236  96  1
  74  97  1
 146  97  1
 251  97  1
 252  97  1
 263  97  1
 280  97  1
 281  97  1
  20  98  1
  28  98  1
 142  98  1
 163  98  1
 211  98  1
  79  99  1
 159  99  1
 241  99  1
 242  99  1
 112 100  1
 179 100  1
  23 101  1
  73 101  1
 235 101  1
 167 102  1
 201 102  1
  30 104  1
 172 104  1
 195 104  1
 120 105  1
 152 105  1
 154 105  1
 209 105  1
 210 105  1
 249 105  1
 265 105  1
  14 106  1
  36 106  1
 161 106  1
 166 106  1
 188 106  1
 189 106  1
 201 106  1
 203 107  2
 258 107  1
 263 107  1
  83 108  1
 243 108  1
 112 109  1
 172 109  1
 180 109  1
  39 110  1
  40 110  1
  75 110  1
 200 110  1
 207 110  1
  69 111  1
  87 111  1
  12 112  1
  22 112  1
  39 112  1
  57 112  1
 143 112  1
 183 112  1
 263 112  1
  18 113  1
  27 113  1
 126 113  1
 160 113  1
 161 113  1
 241 113  1
 251 113  1
 132 114  1
 166 114  1
 202 114  1
 256 114  1
 266 114  1
  11 115  1
  29 115  1
 121 115  1
 157 115  1
 175 115  1
 189 115  1
 190 115  1
 268 115  1
  62 116  1
  83 116  1
 187 116  1
   1 117  1
  85 117  1
 171 117  1
 239 117  1
 252 117  2
 253 117  1
 269 117  1
  52 118  1
 163 118  1
 164 118  1
  32 119  1
  70 119  1
  71 119  1
  75 119  1
 174 119  1
 180 119  1
 212 119  1
 244 119  1
 271 119  1
  11 120  1
 132 120  1
 188 120  1
 236 120  1
 149 121  1
 155 121  1
 126 122  1
 143 122  1
 204 122  1
 243 122  1
   8 123  1
  88 123  1
 148 123  1
 209 123  1
 210 123  1
 214 123  1
 215 123  1
  57 124  1
 164 124  1
 179 124  1
 180 124  1
 237 124  1
 257 124  1
 262 124  1
 263 124  1
   8 125  1
  80 125  1
  95 125  1
  99 125  1
 130 125  1
 134 125  1
 140 125  1
 215 125  1
 253 125  1
 105 126  1
 106 126  1
 154 126  1
 155 126  1
 167 126  1
  58 127  1
 101 127  1
 185 127  1
 192 127  1
 199 127  1
   3 128  1
  12 128  1
  24 128  1
  65 128  1
 106 128  1
 111 128  1
 122 128  1
 195 128  1
 226 128  1
  26 129  1
 126 129  1
 130 129  1
 222 129  1
 251 129  1
 252 129  1
  29 130  1
 145 130  1
 146 130  1
 242 130  1
  42 131  1
 265 131  1
 270 131  1
 275 131  1
  29 132  1
  30 132  1
  40 132  1
  63 132  1
 258 132  1
   1 133  1
  70 133  1
  71 133  1
 140 133  1
 169 133  1
  45 134  1
  95 134  1
 104 134  1
 231 134  1
 246 134  1
   5 135  1
  26 135  1
  32 135  1
  37 135  1
  50 135  1
  60 135  1
 130 135  1
 151 135  1
 168 135  1
 186 135  1
 187 135  1
 198 135  1
 273 136  1
  42 137  1
  52 137  1
  69 137  1
 133 137  1
 134 137  1
 153 137  1
 154 137  1
 192 137  1
 193 137  1
  38 138  1
 197 138  1
  43 139  1
  47 139  1
  92 139  1
 125 139  1
 234 139  1
  30 140  1
  31 140  1
 162 140  1
 186 140  1
  35 141  1
  75 141  1
 158 141  1
 276 141  1
  43 142  1
  58 142  1
 104 142  1
 244 142  1
 245 142  1
  55 143  3
  56 143  1
 130 143  1
 194 143  1
 249 143  1
  37 144  1
  38 144  1
  40 144  1
  63 144  1
 156 144  1
 262 144  1
   1 145  1
   2 145  1
 137 145  1
 160 145  1
 100 146  1
 110 146  1
 248 146  1
 264 146  1
 114 147  1
 141 147  1
 143 147  1
 156 147  1
 189 147  1
 251 147  1
 252 147  1
 147 148  1
 268 148  1
  59 149  1
  89 149  1
  94 149  1
  81 150  2
 152 150  1
 160 150  1
 167 150  1
 258 150  1
  60 151  1
  94 151  1
 240 151  1
 249 151  1
 250 151  1
  81 152  1
 154 152  1
 190 152  1
 191 152  1
 244 152  1
  19 153  1
  45 153  1
  87 153  1
  88 153  1
 173 153  1
 196 153  1
 142 154  1
 253 154  1
 254 154  1
   8 155  1
   9 155  1
  17 155  1
 158 155  1
 199 156  1
  12 157  1
  84 157  1
 100 157  1
 102 157  1
 250 158  1
  47 159  1
 145 159  1
 254 159  1
 152 160  1
 153 160  1
 202 160  1
 248 160  1
 256 160  1
 264 160  1
  28 161  1
  43 161  1
 103 161  1
 139 161  1
 148 161  1
 231 161  1
 275 161  1
  10 162  1
  18 162  1
  19 162  1
 185 162  1
 186 162  1
 141 163  1
 227 163  1
 239 163  1
 240 163  1
 158 164  1
 168 164  1
 179 164  1
  30 165  1
 223 165  1
 146 166  1
 162 166  1
 205 166  1
 218 166  1
 234 166  1
  30 167  1
  32 167  1
 154 167  1
 244 167  1
 208 168  1
 279 168  1
 280 168  1
  34 169  1
  35 169  1
 180 169  1
 216 169  1
 160 171  1
 231 171  1
 234 171  1
 240 171  1
 241 171  1
 242 171  1
 247 172  1
 248 172  1
 253 172  1
 278 172  1
 279 172  1
   6 173  1
   7 173  1
  33 173  1
  44 173  1
 180 173  1
 181 173  1
 223 173  1
  18 174  1
  23 175  1
   7 176  1
   8 176  1
 214 176  1
 229 176  1
 235 176  1
  38 177  1
  44 177  1
  45 177  1
  20 178  1
  30 178  1
  33 178  1
   8 179  1
   9 179  1
 216 179  1
 176 180  1
 192 180  1
  22 181  1
  45 181  1
 183 181  1
 184 181  1
 221 181  1
 159 182  1
 223 182  1
 195 183  1
 275 183  1
 276 183  1
 192 184  1
  11 185  1
  12 185  1
 158 185  1
 159 185  1
  37 186  1
 161 187  1
 162 187  1
 153 188  1
  36 189  1
 147 189  1
  14 190  1
 138 191  1
 153 193  1
 160 193  1
 161 193  1
 271 193  1
  16 194  1
  38 194  1
  47 194  1
  54 195  1
  63 195  1
 152 195  1
  40 196  1
  18 197  1
  70 197  1
 140 197  1
 141 197  1
 143 197  1
 191 197  1
 203 197  1
 269 197  1
 160 198  1
 162 198  1
 195 198  1
 206 198  1
 225 198  1
  72 199  1
  91 199  1
  97 199  1
 100 199  1
  45 200  1
  46 200  1
  50 200  1
 211 200  1
  21 201  1
  77 201  1
 141 201  1
 148 201  1
 149 201  1
 228 201  1
  54 202  1
 213 202  1
 195 203  1
 233 203  1
 102 204  1
 190 204  1
 191 204  1
 225 204  1
  87 205  1
 219 205  1
  56 206  1
  57 206  1
 264 206  1
  47 207  1
  48 207  1
  74 207  1
  76 207  1
 105 207  1
 135 207  1
 153 207  1
  51 208  1
  59 208  1
  70 208  1
 131 208  1
 170 208  1
 191 208  1
 193 208  1
 217 208  1
 239 208  1
 240 208  1
  54 209  1
 158 209  1
 168 210  1
  64 211  1
 140 211  1
  73 212  1
 104 212  1
 173 212  1
 188 212  1
 199 212  1
 200 212  1
 208 212  1
 241 212  1
  60 213  1
  67 213  1
  68 213  1
  72 214  1
 165 214  1
 173 214  1
 127 215  1
 134 215  1
 135 215  1
 159 215  1
 160 215  1
  66 216  1
  67 216  1
  71 216  1
  72 216  1
 142 216  1
 200 216  1
 201 216  1
 218 216  1
 243 216  1
  60 218  1
  54 219  1
 140 219  1
 141 219  1
 209 219  1
 179 220  1
 203 220  1
 104 221  1
 209 221  1
 251 221  1
  50 222  1
  51 222  1
  86 222  1
  90 222  1
 124 222  1
 161 222  1
 165 222  1
 109 224  1
 157 224  1
 158 224  1
 198 224  1
 134 225  1
 138 225  1
 119 226  1
 121 226  1
 151 226  1
 199 226  1
  64 227  1
  65 227  1
  69 227  1
  70 227  1
 115 227  1
 126 227  1
 128 227  1
 105 228  1
 199 228  1
 243 228  1
  88 229  1
 201 229  1
  51 230  1
  94 230  1
  98 230  1
 109 230  1
 158 230  1
 159 230  1
 160 230  1
 129 231  1
 130 231  1
 147 231  1
 148 231  1
 208 231  1
  54 232  1
  87 232  1
  88 232  1
 139 232  1
 145 232  1
 188 232  1
  91 233  1
  92 233  1
 116 233  1
 126 233  1
 169 233  1
 236 233  1
  70 234  1
 135 234  1
 136 234  1
  60 235  1
  94 235  1
 118 235  1
 155 235  1
 156 235  1
 207 235  1
 211 235  1
 212 235  1
 124 236  1
 189 236  1
 110 237  1
 164 237  1
  82 238  1
 172 238  1
 213 238  1
  75 239  1
  86 239  1
 176 239  1
 102 240  1
 193 240  1
 194 240  1
 158 241  1
 226 241  1
 203 242  1
  70 243  1
 107 243  1
 108 243  1
 182 243  1
 207 243  1
 208 243  1
 196 245  1
 200 245  1
 221 245  1
 126 246  1
 127 246  1
 143 246  1
 191 246  1
 216 246  1
 135 247  1
 136 247  1
 146 248  1
 154 248  1
 193 248  1
 184 249  1
 210 249  1
 138 251  1
 187 251  1
 154 252  1
 155 252  1
 204 253  1
 162 258  1
 165 258  1


count = 848