 149   1  1
 168   1  1
 169   1  1
 185   1  1
 189   1  1
 123   5  1
 201   7  1
 140   8  1
 156   8  1
 109   9  1
 101  11  1
  94  13  1
 162  13  1
 196  13  1
 197  13  1
  92  14  1
 115  15  1
 142  15  1
 143  15  1
 198  15  1
 134  16  1
 157  17  1
 158  17  1
 213  17  1
 109  18  1
 138  18  1
 103  19  1
 115  19  1
 158  19  1
 160  21  1
 204  21  1
 205  21  1
  97  22  1
 124  22  1
 134  23  1
 135  23  1
 146  23  1
 160  23  1
 199  23  1
 200  23  1
 220  23  1
  67  24  1
  89  24  1
 103  24  1
 104  24  1
 141  24  1
 160  25  1
 161  25  1
  90  26  1
 135  26  1
 136  26  1
 148  27  1
  58  28  1
  59  28  1
 145  28  1
 229  29  1
  88  30  1
 103  30  1
 129  30  1
  97  31  1
 112  31  1
 113  31  1
 132  31  1
 196  31  1
 197  31  1
 231  31  1
  49  32  1
  85  32  1
 100  33  1
  45  34  1
  93  34  1
 136  34  1
 137  34  1
 236  34  1
 109  36  1
  39  37  1
  84  37  1
  85  37  1
 114  38  1
 115  38  1
 242  38  1
  89  39  1
  98  39  1
 104  39  1
 163  39  1
 167  39  1
 132  41  1
 246  41  1
  64  43  1
  91  44  1
  92  44  1
  99  44  1
 114  44  1
 121  44  1
 128  44  1
 107  45  1
 132  45  1
  41  46  1
 119  46  1
  27  47  1
 107  47  1
  66  48  1
  67  48  1
  72  48  1
 172  48  1
  77  49  1
 107  49  1
 177  49  1
  31  50  1
  67  50  1
 109  50  1
 160  50  1
 121  51  1
 126  51  1
 179  51  1
  67  52  1
  68  52  1
  79  52  1
  80  52  1
 168  52  1
 190  52  1
  40  53  1
  94  53  1
  74  54  1
 202  54  1
 128  55  1
 146  55  1
  25  56  1
  26  56  1
  32  56  1
 250  56  1
  57  57  1
 119  57  1
 128  57  1
 130  57  1
 132  57  1
 165  57  1
  17  58  1
  44  58  1
  45  58  1
  53  58  1
  25  59  1
  62  59  1
  78  59  1
 135  59  1
 147  59  1
  49  60  1
 210  61  1
 214  61  1
 221  61  1
 244  61  1
 253  61  1
 263  61  1
  80  62  1
 113  62  1
  74  63  1
 227  63  1
  38  64  1
  45  64  1
  46  64  1
 151  64  1
  34  65  1
 156  65  1
 228  65  1
 232  65  1
  73  66  1
 114  66  1
 115  66  1
  42  67  1
  43  67  1
 160  67  1
 162  67  1
 243  67  1
 267  67  1
  79  68  1
  27  69  1
  54  69  1
  55  69  1
  90  69  1
 137  69  1
  10  70  1
  94  70  1
 102  70  1
 123  70  1
 130  70  1
 269  70  1
  55  71  1
  71  71  1
  84  71  1
 117  71  1
 163  71  1
 184  71  1
  26  72  1
  67  72  1
  96  72  1
 182  72  1
  37  73  1
  46  73  1
  76  73  1
 121  73  1
 167  73  1
   8  74  1
  14  74  1
  15  74  1
  20  74  1
  83  74  1
 245  74  1
 246  74  1
  54  75  1
  78  75  1
 264  75  1
 248  76  1
 255  76  1
 123  77  1
 186  77  1
  14  78  1
  71  78  1
 163  79  1
 181  79  1
 242  79  1
 146  80  1
 191  80  1
 192  80  1
 231  81  1
 232  81  1
 255  81  1
  63  82  1
 132  82  1
 179  82  1
 209  82  1
 215  82  1
 189  83  1
 263  83  1
 267  83  1
   3  84  1
   4  84  1
  71  84  1
 180  84  1
 185  84  1
 231  84  1
 141  85  1
 149  85  1
 223  85  1
 243  86  1
 253  86  1
  31  87  1
  58  87  1
  63  87  1
 182  87  1
 183  87  1
 258  87  1
 260  87  1
 276  87  1
 277  87  1
  72  88  1
 231  88  1
 245  88  1
 268  88  1
 104  89  1
 105  89  1
 111  89  1
 118  89  1
 160  89  1
   1  90  1
   2  90  1
  62  90  1
  65  90  1
  66  90  1
 120  90  1
 152  90  1
 157  90  1
 158  90  1
 194  90  1
 277  90  1
 278  90  1
 211  91  1
 255  91  1
  27  92  1
  28  92  1
  55  92  1
 140  92  1
 141  92  1
 247  92  1
 268  92  1
 269  92  1
  21  93  1
 121  93  1
 172  93  1
 184  93  1
 207  93  1
 278  93  1
 279  93  1
   1  94  1
  14  94  1
  15  94  1
  60  94  1
  91  94  1
 236  94  1
  65  95  1
 133  95  1
 189  95  1
 191  95  1
 251  95  1
  24  96  1
  28  96  1
 147  96  1
 203  96  1
 257  96  1
  19  97  1
  55  97  1
 102  97  1
 140  97  1
 142  97  1
 239  97  1
  93  98  1
 174  98  1
  40  99  1
  41  99  1
  74  99  1
  75  99  1
 104  99  1
 105  99  1
 217  99  1
 242 100  1
 270 100  1
 280 100  1
 281 100  1
  58 101  1
 260 101  1
  45 102  1
 119 102  1
 128 102  1
  69 103  1
  70 103  1
 195 103  1
 213 103  1
 217 103  1
 245 103  1
 254 103  1
 106 104  1
 107 104  1
 240 104  1
 217 105  1
 252 105  1
  17 106  1
 111 106  1
 172 106  1
 173 106  1
 240 106  1
 273 106  1
 183 107  1
 210 107  1
 231 107  1
  17 108  1
  32 108  1
  34 108  1
  71 108  1
  78 108  1
 101 108  1
 102 108  1
 113 108  1
 114 108  1
 228 108  1
 261 108  1
 262 108  1
  37 109  1
  40 109  1
  41 109  1
  51 109  1
  63 109  1
  27 110  1
  74 110  1
 172 110  1
 191 110  1
 197 110  1
 236 110  1
 246 110  1
 114 111  1
  65 112  1
  66 112  1
  70 112  1
 221 112  1
 193 113  1
 194 113  1
 213 113  1
 250 113  1
 245 115  1
  28 116  1
  29 116  1
 111 116  1
 172 116  1
 173 116  1
 185 116  1
 208 116  1
 209 116  1
 216 116  1
  83 117  1
 178 117  1
 190 117  1
 248 117  1
  20 118  1
 120 118  1
 169 118  1
 209 118  1
 218 118  1
 223 118  1
  69 119  1
 114 119  1
 115 119  1
 193 119  1
 194 119  1
 273 119  1
   1 120  1
 119 120  1
 161 120  1
 238 120  1
  29 121  1
  35 121  1
  50 121  1
  64 121  1
  82 121  1
 165 121  1
 173 121  1
 174 121  1
 186 121  1
 208 121  1
 209 121  1
 242 121  1
  87 122  1
 189 122  1
  33 123  1
  73 124  1
  92 124  1
   3 125  1
  25 125  1
  43 125  2
  65 125  1
  66 125  1
 114 125  1
 168 125  1
 180 125  1
 181 125  1
 239 125  1
 277 125  1
 278 125  1
  29 126  1
  30 126  1
 193 126  1
 222 126  1
 249 126  1
  66 127  1
 150 127  1
 176 127  1
 271 127  1
  23 128  1
 200 128  1
 241 128  1
 263 128  1
 264 128  1
   9 129  1
  21 129  1
 237 129  1
 258 129  1
  18 130  1
  79 130  1
 166 130  1
 167 130  1
 237 131  1
  42 132  1
  81 132  1
  82 132  1
  90 132  1
 150 132  1
 172 132  1
 184 132  1
 232 132  1
 277 132  1
 278 132  1
  19 133  1
  37 133  1
  87 133  1
 113 133  1
 127 133  1
 175 133  1
 176 133  1
 191 133  1
 192 133  1
 201 133  1
   9 134  1
 234 134  1
 242 134  1
 259 134  1
 264 134  1
 265 134  1
  45 135  1
  85 135  1
 115 135  1
 116 135  1
 131 135  1
 176 135  1
 237 135  1
 272 135  1
 273 135  1
 278 135  1
 279 135  1
  28 136  1
 139 136  1
 156 136  1
 157 136  1
 205 136  1
 269 136  1
 125 137  1
 146 137  1
  14 138  1
  18 138  1
  19 138  1
 142 138  1
 159 138  1
 162 138  1
 204 138  1
  82 139  1
 187 139  1
 189 139  1
 200 139  1
 262 139  1
  54 140  1
 115 140  1
 164 140  1
  59 141  1
 121 141  1
 123 141  1
 269 141  1
  79 142  1
  89 142  1
 169 142  1
 171 142  1
  15 143  1
  17 143  1
  57 143  1
 186 143  1
 187 143  1
 254 143  1
 267 143  2
 280 143  1
 281 143  1
  47 144  1
 199 144  1
 201 144  1
  12 145  1
  18 146  1
 185 146  1
 240 146  1
 241 146  1
 260 146  1
 281 146  1
 282 146  1
  83 147  1
  21 148  1
  22 148  1
  74 148  1
 169 148  1
 185 148  1
  11 149  1
  44 149  1
  52 149  1
 188 149  1
 250 150  1
  40 151  1
 101 151  1
 103 151  1
 171 151  1
 180 151  1
 263 151  1
  24 152  1
 105 152  1
  98 153  1
 141 153  1
 221 153  1
 225 153  1
  72 154  1
 127 154  1
   7 155  1
  17 155  1
  26 156  1
  38 156  1
  74 156  1
 145 156  1
 149 156  1
 218 156  1
 226 156  1
 245 156  1
 257 156  1
 173 157  1
 174 157  1
 192 157  1
 250 157  1
  10 158  1
 130 158  1
 132 158  1
 140 158  1
 180 158  1
 213 158  1
 224 158  1
  22 159  1
   9 160  1
  73 160  1
  74 160  1
 125 160  1
 126 160  1
 136 160  1
 138 160  1
 144 160  1
 145 160  1
 256 160  1
  79 161  1
  80 161  1
 210 161  1
  92 162  1
 184 162  1
 190 162  1
 154 163  1
 155 163  1
 260 163  1
 268 163  1
 238 164  1
 134 165  1
 125 166  1
 145 166  1
 146 166  1
 180 166  1
  15 167  1
  20 167  1
  21 167  1
  73 167  1
 248 167  1
  11 168  1
 171 168  1
 277 168  1
  10 170  1
  11 170  1
 183 170  1
 184 170  1
 217 170  1
 130 171  1
 153 171  1
 177 171  1
 205 171  1
 259 171  1
  70 172  1
  17 173  1
  18 173  1
 138 173  1
 139 173  1
 228 173  1
 249 173  1
 151 174  1
   5 175  1
   6 175  1
 146 175  1
 147 175  1
 219 175  1
 243 175  1
 256 175  1
 252 176  1
 265 176  1
 266 176  1
  64 177  1
  69 177  1
 142 177  1
 223 177  1
  17 178  1
 201 178  1
 143 179  1
 180 179  1
 181 179  1
 189 179  1
 190 179  1
 216 179  1
 147 180  1
 254 180  1
 261 180  1
 263 180  1
  78 181  1
 192 181  1
 271 181  1
   8 182  1
   9 182  1
  39 182  1
  62 182  1
  68 182  1
 129 182  1
 130 182  1
  85 183  1
 160 183  1
 161 183  1
 239 183  1
  16 184  1
  56 184  1
  83 184  1
  93 184  1
  94 184  1
 252 184  1
  79 185  1
  17 187  1
  40 188  1
 159 188  1
 160 188  1
 235 188  1
 237 188  1
  89 189  1
 145 189  1
 267 189  1
 108 190  1
 133 190  1
 134 190  1
 237 190  1
 249 191  1
  13 192  1
  14 192  1
  44 192  1
  94 192  1
 100 192  1
 237 192  1
 238 192  1
 141 195  1
 142 195  1
 143 195  1
 238 195  1
 239 195  1
 263 195  1
  82 196  1
  95 197  1
 100 197  1
 110 197  1
  87 199  1
 133 200  1
 134 200  1
 184 200  1
 207 200  1
 212 200  1
  92 201  1
  94 201  1
 104 201  1
 105 201  1
 142 201  1
 144 201  1
 125 202  1
 189 202  1
  99 203  1
 144 203  1
 157 203  1
 217 203  1
 219 203  1
  81 204  1
 144 205  1
 192 206  1
 193 206  1
 228 206  1
 127 207  1
 142 207  1
 143 207  1
 207 207  1
 211 207  1
 213 207  1
  82 208  2
  83 208  1
  84 208  1
 184 208  1
 232 208  1
 235 208  1
 108 209  1
 109 209  1
 121 209  1
 122 209  1
 148 209  1
  47 211  1
  51 211  1
 179 211  1
 214 211  1
 218 211  1
 103 212  1
 157 212  1
 223 212  1
 119 213  1
 129 213  1
 133 213  1
 152 213  1
 249 213  1
 250 213  1
  69 214  1
  96 214  1
 228 214  1
  71 215  1
  73 215  1
 114 215  1
 167 215  1
  44 216  1
  66 216  1
 121 216  1
 148 216  1
 195 216  1
  33 217  1
  54 217  1
  59 218  1
 218 218  1
 222 218  1
 136 219  1
 205 219  1
  64 220  1
  95 220  1
 241 220  1
 114 221  1
 118 221  1
 129 221  1
 136 221  1
  40 222  1
  78 222  1
  90 222  1
 141 222  1
 210 222  1
 214 222  1
  60 223  1
 106 224  1
 107 224  1
 155 224  1
  46 225  1
 130 226  1
 133 226  1
 137 226  1
 138 226  1
 233 226  1
 120 227  1
 213 227  1
  52 228  1
 161 228  1
  55 229  1
 104 229  1
 105 229  1
  79 230  1
 115 230  1
 154 230  1
 156 230  1
 110 231  1
 111 231  1
 139 231  2
 140 231  1
 223 231  1
  92 232  1
  93 232  1
 135 232  1
 186 232  1
 187 232  1
  67 233  1
 120 233  1
 129 233  1
  70 234  1
 143 234  1
 163 234  1
 145 235  1
 113 236  1
  78 237  1
 159 237  1
 187 237  1
 191 237  1
 135 238  1
 144 239  1
 110 240  1
 105 241  1
 106 241  1
 133 241  1
  87 242  1
 122 242  1
 121 244  1
 122 244  1
 191 244  1
 195 244  1
  95 245  1
 133 245  1
 134 245  1
 144 245  1
 183 245  1
 184 245  1
 136 246  1
 167 246  1
 191 246  1
 203 246  1
 156 247  1
 180 248  1
 166 249  1
 157 250  1
 174 250  1
 151 251  1
 195 252  1
 139 254  1
 145 255  1
 183 255  1
 174 256  1


count = 897