 140   1  1
 174   1  1
 114   4  1
 111   5  1
 192   5  1
 153   7  1
 157   7  1
  98   9  1
 115  10  1
 121  10  1
 131  11  1
 116  14  1
 117  14  1
  81  15  1
  78  16  1
 215  17  1
  64  19  1
  88  19  1
 219  19  1
  58  21  1
 119  21  1
 120  21  1
 192  23  1
 198  23  1
 225  23  1
  87  24  1
  84  25  1
  85  25  1
 119  26  1
 229  26  1
 199  27  1
 200  27  1
 121  28  1
  77  29  1
  87  29  1
 125  29  1
 233  29  1
 186  30  1
 200  30  1
 201  30  1
 133  31  1
 135  31  1
  40  33  1
  41  33  1
 238  33  1
 126  34  1
 200  34  1
 139  35  1
  68  36  1
  96  36  1
 128  36  1
  49  37  1
 103  37  1
 131  37  1
  66  38  1
  90  38  1
  49  39  1
  94  39  1
  52  40  1
 133  40  1
 158  40  1
  76  41  1
 118  41  1
 136  41  1
 138  41  1
 209  41  1
 161  42  1
 143  43  1
 155  43  1
 187  43  1
 188  43  1
 213  43  1
 214  43  1
  64  44  1
 110  44  1
  28  45  1
  74  45  1
 117  45  1
 127  45  1
  51  46  1
  52  46  1
  68  46  1
 149  46  1
 162  46  1
 207  46  1
 208  46  1
  84  47  1
 200  47  1
 201  47  1
  26  48  1
  54  48  1
  55  48  1
 150  48  1
 177  48  1
 178  48  1
  86  49  1
  87  49  1
 144  49  1
 145  49  1
 214  49  1
 243  49  1
  91  50  1
 127  50  1
 147  50  1
 184  51  1
 185  51  1
 220  51  1
 123  52  1
 152  52  1
 167  52  1
 211  52  1
 212  52  1
  22  53  1
  78  53  1
  79  53  1
 154  53  1
 155  53  1
 202  53  1
  20  54  1
 204  54  1
 228  54  1
 229  54  1
  93  55  1
  19  56  1
  84  56  1
 181  56  1
  92  57  1
  93  57  1
 130  57  1
 131  57  1
 132  57  1
 225  57  1
 246  57  1
 247  57  1
  85  58  1
 123  58  1
 174  58  1
 235  58  1
 236  58  1
 168  59  1
 217  59  1
 223  59  1
  85  60  1
  16  61  1
 177  61  1
 252  61  1
  49  62  1
  51  62  1
  55  62  1
 131  62  1
 135  62  1
 258  62  1
  58  63  1
  81  63  1
 124  63  1
 158  63  1
 227  63  1
 241  63  1
 128  64  1
 216  64  1
 270  64  1
  93  65  1
  94  65  1
 135  65  1
 197  65  1
 198  65  1
 204  65  1
 212  65  1
 236  65  1
 243  66  1
 248  66  1
  96  67  1
 117  67  1
 122  67  1
 139  67  1
 187  67  1
 223  67  1
 260  67  1
  31  68  1
  33  68  1
  65  68  1
  89  68  1
 183  68  1
 238  68  1
  96  69  1
 210  69  1
 132  70  1
 159  70  1
 260  70  1
  23  71  1
  24  71  1
 140  71  1
 197  71  1
 227  71  1
 241  71  1
  63  72  1
 110  72  1
 133  72  1
 134  72  1
 155  72  1
 219  72  1
 251  72  1
  26  73  1
  27  73  1
  38  73  1
 116  73  1
 144  73  1
 149  73  1
 215  73  1
 262  73  1
 103  74  1
 195  74  1
 196  74  1
 144  75  1
   9  76  1
  10  76  1
  16  76  1
  17  76  1
  30  77  1
  40  77  1
  96  77  1
 151  77  1
 191  77  1
  19  78  1
  44  79  1
 139  79  1
 184  79  1
 218  79  1
 277  79  1
 278  79  1
 168  80  1
 206  80  1
   7  81  1
   8  81  1
 163  81  1
 262  81  1
  41  82  1
  98  82  1
 133  82  1
 134  82  1
 156  82  1
 146  83  1
 221  83  1
  36  84  1
  46  84  1
  47  84  1
 160  84  1
 175  84  1
 176  84  1
 215  84  1
 252  84  1
 279  84  1
 280  84  1
  33  85  1
  83  85  1
 265  85  1
  14  86  1
  29  86  1
  40  86  1
  41  86  1
  78  86  1
 144  86  1
 256  86  1
   5  87  1
   6  87  1
  17  87  1
 148  87  1
 166  87  1
 170  87  1
  47  88  1
  86  88  1
 176  88  1
 177  88  1
 243  88  1
 256  88  1
 257  88  1
 280  88  1
 281  88  1
 140  89  1
 182  89  1
 186  89  1
 268  89  1
  24  90  1
  91  90  1
 164  90  1
 240  90  1
 263  90  1
  49  91  1
  50  91  1
  77  91  1
  83  91  1
 257  91  1
  41  92  1
  72  92  1
 177  92  1
 179  92  1
 180  92  1
 273  92  1
  79  93  1
  42  94  1
  56  94  1
  95  94  1
  96  94  1
 140  94  1
  23  95  1
  49  95  1
  50  95  1
 144  95  1
 259  95  1
 267  95  1
  18  96  1
 171  96  1
 264  96  1
  74  97  1
  75  97  1
 252  97  1
  49  98  2
  50  98  1
 135  98  1
  37  99  1
  70  99  1
 130  99  1
 237  99  1
  22 100  1
  62 100  1
  82 100  1
 101 100  1
 145 100  1
  37 101  1
  77 101  1
  84 101  1
 137 101  1
 138 101  1
 239 101  1
 263 101  1
 272 101  1
 273 101  1
 274 101  1
 145 102  1
 232 102  1
 233 102  1
  65 103  1
  84 103  1
 255 103  1
  61 104  1
 145 104  1
 146 104  1
 266 104  1
  70 105  1
 103 105  1
 180 105  1
 181 105  1
 258 105  1
  58 106  1
  75 106  1
 238 106  1
 240 106  1
  44 107  1
  89 107  1
  70 108  1
  74 108  1
 117 108  1
 180 109  1
 247 109  1
 270 109  1
  79 110  1
 127 110  1
 128 110  1
 150 110  1
 190 110  1
 201 111  1
 202 111  1
  61 112  1
 187 112  1
 195 112  1
 256 112  1
 278 112  1
 279 112  1
   3 113  1
   4 113  1
  78 113  1
 266 113  1
 267 113  1
  68 114  1
  69 114  1
  81 114  2
  82 114  1
  83 114  1
  94 114  1
  95 114  1
 112 114  1
 154 114  1
  49 115  1
  53 115  1
  54 115  1
  55 115  1
  64 115  1
  65 115  1
 124 115  1
 275 115  1
 129 116  1
 135 116  1
 167 116  1
  18 117  1
  24 117  1
  56 117  1
 124 117  1
 198 117  1
 237 117  1
 238 117  1
  69 118  1
 196 118  1
  14 119  1
 113 119  1
 258 119  1
 263 119  1
  41 120  1
  65 120  1
  93 120  1
  94 120  1
 210 120  1
 211 120  1
 234 120  1
  31 121  1
 120 121  1
 133 121  1
 179 121  1
 180 121  1
 101 122  1
 106 122  1
 110 122  1
 196 123  1
 197 123  1
 234 123  1
  14 124  1
  28 124  1
  67 124  1
 168 124  1
 227 124  1
 259 124  1
  41 125  1
 123 125  1
 214 125  1
 263 125  1
 264 125  1
   4 126  1
  32 126  1
 144 126  1
 152 126  1
 159 126  1
 270 126  1
  53 127  1
 182 127  1
 191 127  1
 193 127  1
 237 127  1
 238 127  1
  78 128  1
  79 128  1
 142 128  1
 125 129  1
 176 129  1
 226 129  1
   2 130  1
  58 130  1
  71 130  1
 232 130  1
  30 131  1
 150 131  1
 160 131  1
 178 131  1
   1 132  1
  27 132  1
  93 132  1
  94 132  1
 110 132  1
 214 132  1
 232 132  1
  14 133  1
 120 133  1
 124 133  1
 125 133  1
 163 133  1
 165 133  1
 208 133  1
 219 133  1
 223 133  1
  55 134  1
  56 134  1
 112 134  1
  67 135  1
 151 135  1
 155 135  1
 205 135  1
 227 135  1
  56 136  1
  91 136  1
  93 136  1
 174 136  1
  69 137  1
 201 137  1
  76 138  1
  78 138  1
  97 138  1
 179 138  1
 189 138  1
  40 139  1
  32 140  1
 103 140  1
 107 140  1
 184 140  1
 193 140  1
 196 140  1
 181 142  1
 164 144  1
 175 144  1
  35 145  1
  37 145  1
  95 145  1
 105 145  1
 168 145  1
 185 145  1
 187 145  1
  11 146  1
 177 146  1
 178 146  1
  86 147  1
 189 147  1
  44 148  1
  57 148  1
  91 148  1
 277 148  1
  15 149  1
 173 150  1
 181 150  1
 189 150  1
 214 150  1
  73 151  1
 264 151  1
   1 152  1
  14 152  1
  82 152  1
 105 152  1
 251 152  1
  12 153  1
  69 153  1
  70 153  1
 276 153  1
 277 153  1
 124 154  1
 125 154  1
 202 154  1
  74 155  1
 174 155  1
 200 155  1
 244 155  1
 103 156  1
  58 157  1
  97 157  1
 154 157  1
 170 157  1
 192 157  1
 243 157  1
  29 158  1
 239 159  1
 240 159  1
 260 159  1
   8 160  1
   9 160  1
  37 160  1
 147 160  1
 253 160  1
 271 160  1
 136 161  1
 139 161  1
 168 161  1
 233 161  1
 274 161  1
 275 161  1
  92 162  1
 236 163  2
 252 163  1
 253 163  1
 258 163  1
 181 164  1
 265 165  1
 274 165  1
  10 166  1
  40 166  1
  53 166  1
  31 167  1
 182 167  1
 183 167  1
 184 167  1
 187 167  1
 189 167  1
 224 167  1
 250 167  1
 251 167  1
 265 167  1
  25 168  1
 178 168  1
 165 169  1
 222 170  1
 223 170  1
 273 170  1
   9 171  1
  11 171  1
  24 171  1
 268 172  1
 279 172  1
 280 172  1
  30 173  1
 177 173  1
 178 173  1
 209 173  1
 238 173  1
 246 173  1
  61 174  1
 159 174  1
 196 174  1
 197 174  1
 221 174  1
 271 174  1
  11 176  1
  12 176  1
 163 176  1
 189 176  1
 247 176  1
 248 176  1
 249 176  1
 258 176  1
 259 176  1
   6 177  1
   7 177  1
 193 177  1
 236 177  1
 215 178  1
  24 179  1
  25 179  1
 159 179  1
 262 179  1
 266 179  1
 207 180  1
 246 180  1
 153 181  1
 179 181  1
 189 182  1
 231 182  2
 232 182  1
 233 182  1
 140 183  1
 153 183  1
 193 183  1
 206 183  1
 237 183  1
 247 183  1
 260 183  1
  25 184  1
 182 184  1
 114 185  1
 134 185  1
 136 185  1
 261 185  1
  19 186  1
  22 186  1
 198 186  1
 127 187  1
 236 187  1
 245 187  1
 231 188  1
 112 189  1
  22 190  1
 118 190  1
 213 191  1
 216 191  1
 114 192  1
 263 192  1
 149 193  1
 150 193  1
 211 193  1
 212 193  1
 114 195  1
 105 196  1
 110 196  1
 123 196  1
 147 196  1
 260 197  1
 104 198  1
 125 198  1
 141 198  1
 142 198  1
 110 199  1
  21 200  1
 109 201  1
 121 201  1
  23 202  1
  24 202  1
 101 202  1
 139 202  1
 180 203  1
 187 203  1
 122 204  1
 154 204  1
 117 205  1
 100 207  1
 177 207  1
 114 208  1
 144 208  1
 109 210  1
 130 210  1
  85 211  1
  86 211  1
  95 211  1
 141 211  1
 165 211  1
 225 211  1
 236 211  1
 147 212  1
  61 213  1
 124 213  1
 161 213  1
 169 213  1
 145 214  1
 147 214  1
 194 214  1
  76 215  1
 123 215  1
 141 215  1
  68 216  1
 155 216  1
 156 216  1
 109 217  1
 110 217  1
 223 217  1
 224 217  1
 241 217  1
  59 218  1
  61 218  1
 103 218  1
 104 218  1
 210 218  1
  63 219  1
 128 219  1
 199 220  1
 223 221  1
  53 222  1
  54 222  1
 210 222  1
 211 222  1
 127 223  1
 158 223  1
 201 223  1
 217 223  1
 105 224  1
 106 224  1
 203 224  1
 101 225  1
 153 225  1
 216 225  1
 217 225  1
 229 225  1
  83 226  1
  93 226  1
 167 226  1
  87 227  1
  88 227  1
 158 227  1
 107 228  1
 151 228  1
 224 229  1
  51 230  1
  54 230  1
  96 230  1
 125 230  1
 126 230  1
  58 231  1
  83 231  1
 105 231  1
 106 231  1
  62 232  1
  91 232  1
 149 232  1
 210 232  1
 105 233  1
 106 233  1
 113 233  1
 114 233  1
 131 233  1
 132 233  1
 192 233  1
 195 233  1
  76 234  1
  93 234  1
 121 234  1
 123 234  1
 155 234  1
 156 234  1
 144 235  1
  80 236  1
  82 236  1
  84 236  1
  71 237  1
  84 238  1
 102 238  1
 103 238  1
 196 238  1
  96 239  1
 210 239  1
 121 240  1
 148 240  1
 149 240  1
  91 241  1
  92 241  1
 133 241  1
 206 241  1
 148 242  1
  96 243  1
 202 243  1
 203 243  1
  86 244  1
 113 244  1
 114 244  1
 127 244  1
  88 246  1
 152 247  1
  91 248  1
  92 248  1
 134 248  1
 136 248  1
 144 249  1
 148 249  1
 190 249  1
 191 249  1
 130 250  1
 155 251  1
 156 251  1
 186 251  1
 179 254  1
 147 256  1
 168 257  1


count = 841