 152   1  1
 154   1  1
 155   1  1
 165   1  1
 171   2  1
 190   6  1
 149  10  1
 143  11  1
 155  11  1
 125  12  1
 118  14  1
 110  18  1
 143  18  1
 136  19  1
 196  19  1
 105  20  1
 134  22  1
  99  23  1
 148  24  1
 149  24  1
 213  24  1
 216  24  1
 143  26  1
 144  26  1
 205  26  1
 136  28  1
 146  31  1
  71  32  1
  74  33  1
 140  33  1
 142  33  1
 105  35  1
 112  35  1
 146  35  1
 149  35  1
 177  36  1
  69  38  1
 114  38  1
 135  38  2
 136  38  1
 166  38  1
 203  38  1
  62  39  1
  99  39  1
 145  39  1
 169  39  1
  89  40  1
  94  40  1
 249  40  1
 115  41  1
 117  41  1
 148  41  1
  38  43  1
  86  44  1
 149  44  1
 242  44  1
 141  45  1
 153  46  1
  87  48  1
 134  48  1
 154  48  1
 176  48  1
 234  48  1
  91  49  1
 118  49  1
  75  50  1
 109  51  1
 110  51  1
 142  51  1
 234  51  1
 137  52  1
  25  53  1
 113  53  1
 129  53  1
 231  53  1
 152  54  1
 209  54  1
  83  55  1
 247  55  1
 252  55  1
 259  55  1
  77  56  1
 141  56  1
 168  56  1
  22  57  1
  32  57  1
  34  57  1
 102  57  1
 108  57  1
 110  57  1
 118  57  1
 263  57  1
 175  58  1
 231  58  1
 265  58  1
 272  58  1
 273  58  1
 195  59  1
 241  59  1
 170  60  1
 245  60  1
 100  61  1
 101  61  1
 111  61  1
 112  61  1
 118  61  1
 213  61  1
  18  62  1
  26  62  1
 219  62  1
 246  62  1
 252  62  1
 253  62  1
  92  63  1
  97  63  1
 179  63  1
 182  63  1
 194  63  1
 228  63  1
  17  64  1
 174  64  1
 236  64  1
 189  65  1
 217  65  1
 224  65  1
  78  66  1
 171  66  1
 208  66  1
 268  66  1
  92  67  1
 213  67  1
 248  67  1
  67  68  1
 278  68  1
 279  68  1
  74  70  1
 146  70  1
  34  71  1
  35  71  1
 120  71  1
 121  71  1
 244  71  1
 248  71  1
  63  72  1
 131  72  1
 142  72  1
 155  72  1
 121  73  1
 123  73  1
 150  73  1
 175  73  1
  20  74  1
  22  74  1
  73  74  1
 125  74  1
 182  74  1
 137  75  1
 138  75  1
  35  76  1
 109  76  1
  10  77  1
  63  77  1
 163  78  1
  16  79  1
  21  79  1
 165  79  1
 280  79  1
 281  79  1
  83  80  1
 183  81  1
 184  81  1
  65  82  1
  78  82  1
  83  82  1
  97  82  1
 175  82  1
   6  83  1
  70  83  1
 173  83  2
 204  83  1
 273  83  1
  32  84  1
 201  84  1
  75  85  1
 127  85  1
 155  85  1
  26  86  1
  27  86  1
 180  86  1
 214  86  1
 273  86  1
  97  87  1
 161  87  1
 162  87  1
   4  88  1
   5  88  1
 148  88  1
 178  88  1
 197  88  1
 143  89  1
  77  90  1
 151  90  1
 168  90  1
 129  91  1
 135  91  1
 136  91  1
 181  91  1
 208  91  1
 213  91  1
   2  92  1
  20  92  1
 188  92  1
 190  92  1
  79  93  1
 208  93  1
 218  93  1
 224  93  1
 207  95  1
 212  95  1
 236  95  1
 121  96  1
 153  96  1
 166  96  1
   1  97  1
  15  97  1
  16  97  1
  17  97  1
  85  97  1
 164  97  1
 191  97  1
 234  97  1
 157  98  1
  95  99  1
 234  99  1
 198 100  1
 207 100  1
 119 101  1
 165 101  1
 166 101  1
 170 101  1
 171 101  1
 201 101  1
 211 101  1
  73 102  1
 114 102  1
 124 102  1
 179 102  1
 183 102  1
 273 102  1
 120 103  1
 226 103  1
 161 104  1
 280 104  1
 281 104  1
   8 105  1
 103 105  1
 110 105  1
 269 105  1
 118 106  1
 160 106  1
 215 106  1
 237 106  1
  96 107  1
 114 107  1
 218 107  1
 267 107  1
  89 108  1
 212 108  1
 226 108  1
 257 108  1
 258 108  1
 279 108  1
 280 108  1
   1 109  1
  96 109  1
 168 109  1
   7 112  1
   8 112  1
 194 112  1
 209 112  1
 211 112  1
 213 112  1
 236 112  1
 237 112  1
  63 113  1
  78 113  1
  90 113  1
  97 113  1
 141 113  1
 190 113  1
 191 113  1
 229 113  1
  10 114  1
  59 114  1
  74 115  1
 207 115  1
 208 115  1
 237 116  1
 238 116  1
 258 116  1
  80 117  1
 103 117  1
 168 117  1
 212 117  1
 242 117  1
 243 117  1
 229 118  1
 167 119  1
 168 119  1
 192 119  1
 193 119  1
 212 119  1
  66 120  1
  76 120  1
 225 120  1
 243 120  1
 244 120  1
 270 120  1
  44 121  1
  45 121  1
 149 121  1
 184 121  1
 185 121  1
 250 121  1
 215 122  1
 220 122  1
  11 123  1
  79 124  1
  89 124  1
 110 124  1
 215 124  1
 217 124  1
 238 124  1
  55 125  1
 259 125  1
  61 126  1
 110 126  1
 120 127  1
 148 127  1
 233 127  1
 241 127  1
 275 127  1
 276 127  1
 179 128  1
 180 128  1
 181 128  1
 202 128  1
 255 128  1
  12 129  1
  13 129  1
  41 129  1
  70 129  1
 102 129  1
 118 129  1
 167 129  1
 237 129  1
 251 129  1
  65 130  1
 151 130  1
 201 130  1
 202 130  1
 258 130  1
 259 130  1
 270 130  1
  87 131  1
 229 131  1
 231 131  1
  23 132  1
  24 132  1
  35 132  1
 240 132  1
 118 133  1
 119 133  1
 234 133  1
 278 133  1
  30 134  1
  39 134  1
  84 134  1
  85 134  1
  86 134  1
 103 134  1
 141 134  1
 181 134  1
  73 135  1
  75 135  1
 143 135  1
   5 136  1
   6 136  1
  25 136  1
  27 136  1
 109 136  1
 193 136  1
 266 136  1
 267 136  1
  80 137  1
 233 138  1
 234 138  1
 262 138  1
 244 139  1
   2 140  1
  56 140  1
  58 140  1
  78 140  1
 109 140  1
 226 141  1
 281 141  1
 282 141  1
 196 142  1
  83 143  1
  84 143  1
 183 143  1
 184 143  1
 225 143  1
  53 144  1
  58 144  1
  75 145  1
 226 147  1
  21 148  1
  22 148  1
  23 148  1
  35 148  1
  38 149  1
  39 149  1
 191 149  1
 192 149  1
  24 150  1
  61 150  1
  66 150  1
 170 150  1
  57 151  1
  71 151  1
  78 151  1
  15 152  1
 179 152  1
 218 152  1
 236 152  1
 266 152  1
 268 152  1
 186 153  1
 201 153  1
 258 153  1
 197 154  1
 199 154  1
 203 154  1
   1 155  1
   2 155  1
 191 155  1
 229 155  1
 270 155  1
  15 157  1
  16 157  1
  36 157  1
 178 157  1
 218 157  1
 237 157  1
 258 157  1
 260 157  1
 262 157  1
  11 158  1
  47 158  1
  36 159  1
 185 159  1
 232 160  1
 258 160  1
  36 161  1
 167 161  1
 168 161  1
 174 161  1
  49 162  1
  77 162  1
  78 162  1
 236 162  1
 258 162  1
 263 162  1
  56 163  1
  68 163  1
  72 163  1
 165 163  1
 187 164  1
 190 164  1
 232 164  1
 254 164  1
 243 165  1
  18 166  1
 254 166  1
  11 167  1
  12 167  1
  32 167  1
 163 167  1
 275 167  1
 276 167  1
  37 168  1
  80 168  1
 253 168  1
 254 168  1
 167 169  1
 227 169  1
 250 169  1
 256 169  1
 270 169  1
  91 170  1
 200 170  1
 205 170  1
 219 170  1
 243 170  1
 256 171  1
  11 172  1
  22 172  1
 163 172  1
  39 173  1
 256 173  1
  11 174  1
  45 174  1
 169 174  1
 280 174  1
 281 174  1
  89 175  1
 234 175  1
  19 176  1
  34 176  1
 232 176  1
   6 177  1
   7 177  1
 279 177  1
 280 177  1
  44 178  1
  20 179  1
 101 179  1
 109 179  1
  36 180  1
 278 180  1
 279 180  1
   9 182  1
  15 183  1
 100 183  1
 101 183  1
 277 183  1
 278 183  1
  22 184  1
  23 184  1
 226 184  1
  19 185  1
  32 187  1
 275 188  1
 276 188  1
  12 189  1
  13 189  1
  30 189  1
  18 191  1
  19 191  1
 112 191  1
 142 191  1
 234 193  1
  14 194  1
  15 194  1
 114 195  1
 129 195  1
 133 197  1
 224 197  1
 238 197  1
 227 198  1
 229 198  1
 271 198  1
 272 198  1
  86 199  1
  89 199  1
  90 199  1
 133 199  1
 134 199  1
 162 200  1
 170 201  1
 118 202  1
 174 202  1
 231 202  1
  92 203  1
  95 203  1
 122 203  1
 224 203  1
 184 204  1
 232 204  1
 234 204  1
 235 204  1
 236 204  1
 256 205  1
 265 205  1
 251 207  1
 163 208  1
  89 209  1
  90 209  1
 130 209  1
  43 210  1
 157 210  1
 158 210  1
 252 210  1
 121 211  1
 142 211  1
 148 211  1
 150 211  1
  30 212  1
 126 213  1
  93 214  1
  94 214  1
 160 214  1
 161 214  1
 119 215  1
  50 216  1
  98 216  1
 158 216  1
 252 216  1
  60 218  1
  84 218  1
 120 218  1
 168 218  1
 169 218  1
  96 220  1
 126 220  1
 144 220  1
 118 221  1
 140 221  1
 174 221  1
  79 222  1
  80 222  1
 135 222  1
  44 223  1
 183 223  1
  97 224  1
  98 224  1
 110 224  1
 131 224  1
 167 224  1
 168 224  1
 185 224  1
  92 225  1
 131 226  1
 193 226  1
 131 228  1
 140 228  1
  90 231  1
 192 231  1
 221 232  1
  93 233  1
 100 237  1
 223 237  1
 219 238  1
 106 239  1
 127 240  1
 134 240  1
 139 240  1
 210 241  1
 182 244  1
 126 245  1
 190 245  1
 158 247  1
 163 249  1
 143 251  1
 171 251  1
 152 253  1
 189 253  1
 155 254  1
 179 257  1


count = 660