 152   1  1
 155   1  1
 177   3  1
 180   4  1
 202  13  1
 111  14  1
 130  14  1
  90  15  1
 126  15  1
 209  15  1
 104  16  1
 109  16  1
 110  16  1
 111  16  1
 118  17  1
 214  18  1
 121  19  1
 115  20  1
 217  20  1
 218  20  1
  83  21  1
 133  21  1
 115  22  1
 137  22  1
 221  22  1
  89  23  1
 112  23  1
  79  24  1
 224  24  1
  66  25  1
 118  25  1
 123  25  1
 130  25  1
 124  27  1
 141  27  1
 115  28  1
 129  29  1
  48  30  1
  65  30  1
 125  30  1
 126  30  1
 232  30  1
 145  31  1
  75  32  1
 236  33  1
  67  36  1
  68  36  1
 117  36  1
 125  36  1
 240  36  1
  37  38  1
  75  38  1
  70  39  1
 122  40  1
 123  40  1
 131  40  1
 110  41  1
 111  41  1
 133  41  1
  74  42  1
 145  42  1
 146  42  1
  54  43  1
  59  43  1
 138  44  1
 249  44  1
 250  44  1
 118  45  1
 102  46  1
 109  46  1
 124  46  1
 140  47  1
 147  47  1
  79  48  1
 117  48  1
 122  49  1
  51  50  1
  79  50  1
 254  50  1
  53  51  1
  55  51  1
  47  52  1
  23  53  1
  76  54  1
  77  54  1
 138  54  1
  57  55  1
  58  55  1
 154  55  1
 155  55  1
  69  56  1
 138  56  1
 149  56  1
  75  57  1
  44  59  1
  69  59  1
 194  59  1
 195  59  1
  19  60  1
 151  60  1
 155  61  1
 262  63  1
  17  64  1
  43  64  1
 190  64  1
 195  67  1
 187  68  1
 197  68  1
 198  68  1
  65  69  1
  37  72  1
 176  72  1
 182  72  1
 199  73  1
  37  74  1
 211  74  1
 101  75  1
  43  76  1
 178  77  1
 182  77  1
 273  77  1
 169  78  1
 211  78  1
 200  79  1
 201  79  1
  92  80  1
  94  80  1
 193  80  1
   7  82  1
   8  82  1
   6  85  1
   7  85  1
 198  85  1
 199  85  1
 200  85  1
 211  85  1
 167  86  1
 168  86  1
 175  86  1
 176  86  1
 195  86  1
 208  86  1
  83  87  1
  84  87  1
 127  87  1
 128  87  1
   5  88  1
   6  88  1
 180  88  1
 181  88  1
 187  89  1
 188  89  1
  86  90  1
  79  92  1
 208  92  1
 209  92  1
 173  93  1
  11  94  1
 185  94  1
 196  94  1
 197  94  1
 103  95  1
 107  95  1
 126  96  1
 281  96  1
 282  96  1
  97  97  1
 168  98  1
 169  98  1
  16  99  1
  17  99  1
  72  99  1
 107  99  1
 108  99  1
 206  99  1
 207  99  1
 212 100  1
 213 100  1
  67 101  1
 194 102  1
 195 102  1
 108 103  1
   1 104  1
   2 104  1
 212 104  1
 213 104  1
 110 106  1
 114 106  1
 189 106  1
 190 106  1
 260 106  1
 202 107  1
   1 108  1
 177 108  1
 178 108  1
  70 110  1
  75 110  1
 192 111  1
 198 111  1
 212 112  1
 281 112  1
 282 112  1
  34 113  1
 258 113  1
 259 113  1
  77 114  1
  78 114  1
 208 114  1
 166 115  1
 280 115  1
 281 115  1
 192 116  1
 164 117  1
 165 117  1
 263 117  1
 271 117  1
 233 118  1
 100 119  1
 101 119  1
 194 119  1
  31 120  1
  33 120  1
 106 120  1
 198 120  1
 267 120  1
 278 120  1
 279 120  1
 181 121  1
 193 121  1
 158 122  1
 165 122  1
 166 122  1
 212 122  1
 272 123  1
 111 124  1
 158 124  1
 174 124  1
 175 124  1
   1 125  1
 235 125  1
 239 125  1
 255 125  1
 259 125  1
  35 126  1
  82 126  1
 219 126  1
 230 126  1
 180 127  1
 227 127  1
  51 128  1
  56 128  1
 103 128  1
 110 128  1
 151 128  1
 158 128  1
 220 128  1
 221 128  1
 246 128  1
 242 129  1
  38 130  1
 144 130  1
 153 131  1
 165 131  1
 166 131  1
 189 131  1
 203 131  1
  31 132  1
  56 132  1
 184 132  1
 209 132  1
 210 132  1
 257 132  1
 266 132  1
 154 133  1
 158 133  1
 201 133  1
 225 133  1
 235 133  1
 239 133  1
 142 134  1
 143 134  1
 186 134  1
 223 134  1
 247 134  1
 269 134  1
  15 135  1
 100 135  1
 114 135  1
 115 135  1
 219 135  1
  13 136  1
  88 136  1
 253 136  1
 264 136  1
  37 137  1
  38 137  1
  83 137  1
 170 137  1
 189 137  1
 190 137  1
 111 138  1
 152 138  1
 180 138  1
 247 138  1
 249 138  1
 251 138  1
 161 139  1
 204 139  1
 205 139  1
 218 139  1
 227 139  1
 240 139  1
 241 139  1
  41 140  1
  45 140  1
 179 140  1
 115 141  1
 219 141  1
   4 142  1
 213 142  1
 245 142  1
 158 143  1
 159 143  1
  76 144  1
 180 144  1
 273 145  1
  85 146  1
 111 147  1
 167 147  1
 168 147  1
 191 147  1
  82 149  1
 265 150  1
 276 150  1
 174 151  1
 175 151  1
 192 151  1
 263 152  1
 264 152  1
 109 153  1
 190 153  1
 122 154  1
 178 154  1
 245 154  1
 256 154  1
  71 155  1
 169 155  1
 170 155  1
 264 155  1
 174 156  1
 184 156  1
 127 157  1
 180 157  1
 239 158  1
 240 158  1
 247 158  1
 253 158  1
 110 159  1
 194 159  1
 199 159  1
 257 159  1
 186 160  1
  67 161  1
 117 161  1
 123 161  1
 181 161  1
 194 161  1
 260 161  1
 261 161  1
 245 162  1
 248 162  1
 233 163  1
 109 164  2
 110 164  1
 238 164  1
 252 165  1
 140 166  1
 257 166  1
  75 167  1
 246 168  1
 230 171  1
 231 171  1
 243 171  1
   5 172  1
   6 172  1
 113 172  1
 189 172  1
 190 172  1
 206 172  1
 207 172  1
 239 172  1
 130 173  1
 230 173  1
  24 174  1
  25 174  1
 281 174  1
 282 174  1
   6 175  1
   7 175  1
 182 175  1
 238 175  1
 239 175  1
 108 176  1
 133 176  1
 177 176  1
 178 176  1
 224 176  1
  15 177  1
  17 177  1
 157 177  1
 110 178  1
 111 178  1
 135 178  1
 136 178  1
 183 178  1
 117 179  1
 168 179  1
 237 179  1
  20 180  1
 251 180  1
  15 181  1
  16 181  1
 193 181  1
 200 181  1
 202 181  1
 209 181  1
 216 181  1
 244 181  1
 206 182  1
 143 183  1
 181 183  1
 229 183  1
  10 184  1
  11 184  1
 226 185  1
 227 185  1
 187 186  1
 188 186  1
 277 186  1
 223 187  1
 221 189  1
 185 190  1
 186 190  1
 206 190  1
  13 192  1
  14 192  1
 191 192  1
 239 193  1
 195 195  1
 206 195  1
 148 198  1
 142 199  1
  17 200  1
  18 200  1
 104 202  1
 237 203  1
  96 204  1
  76 205  1
  93 205  1
 133 205  1
 225 205  1
 230 206  1
  23 208  1
 132 208  1
  82 210  1
 102 210  1
 143 210  1
  95 211  1
  96 211  1
 116 212  1
  27 213  1
 113 215  1
 114 215  1
 123 215  1
  80 217  1
  81 217  1
  74 218  1
  75 218  1
 108 218  1
 252 218  1
 102 219  1
 116 220  1
 122 221  1
 126 221  1
 109 224  1
  39 225  1
  92 225  1
  74 226  1
  75 226  1
  95 227  2
  96 227  1
 177 227  1
 242 227  1
  45 228  1
 200 228  1
 201 228  1
  81 229  1
  82 229  1
  99 229  1
 140 229  1
  47 230  1
  86 230  1
 130 230  1
 131 230  1
  50 232  1
 175 232  1
 176 232  1
 235 232  1
  76 233  1
 179 233  1
 180 233  1
 203 233  1
  74 234  1
  80 234  1
 211 235  1
 230 235  1
  80 236  1
  85 236  1
 137 237  1
 138 237  1
 224 238  1
 225 238  1
  88 239  1
 208 239  1
  76 242  1
  77 242  1
  90 242  1
 217 242  1
 131 243  1
 173 243  1
  93 244  1
  98 244  1
 103 244  1
 118 244  1
 119 244  1
 214 244  1
 107 245  1
 208 247  1
 209 247  1
  93 249  1
 123 249  1
 132 250  1
 103 251  1
 197 252  1
 199 252  1
 192 253  1
 119 254  1
 189 254  1
 132 256  1
 160 257  1


count = 550