 131   1  1
 135   1  1
 149   1  1
 172   1  1
 181   1  1
 128   2  1
 188   2  1
 125   3  1
 119   5  1
 115   6  1
 143   7  1
 144   7  1
 171   7  1
 172   7  1
 151   8  1
 152   8  1
 149  10  1
 156  10  1
 157  10  1
 167  10  1
 145  11  1
 126  12  1
 133  12  1
 169  12  1
 215  13  1
  90  14  1
 112  14  1
 113  14  1
 132  14  1
 142  14  1
 143  14  1
 155  14  1
 156  14  1
 166  14  1
 220  14  1
 127  15  1
 128  15  1
  79  17  1
 108  18  1
 174  18  1
 228  18  1
 139  19  1
 145  20  1
 152  20  1
 172  20  1
 141  21  1
 188  21  1
 201  22  1
 202  22  1
  65  24  1
 236  24  1
 142  25  1
 148  25  1
 165  25  1
 166  25  1
 173  25  1
 191  25  1
 195  25  1
 227  25  1
 182  26  1
 240  26  1
  70  27  1
 170  27  1
  76  28  1
 106  28  2
 108  28  1
 127  29  1
 128  29  1
 152  29  1
 170  29  1
 175  29  1
 188  29  1
 154  30  1
 228  30  1
 141  31  1
 170  31  1
 215  31  1
 216  31  1
 222  31  1
 180  33  1
  42  34  1
  43  34  1
  71  34  1
 139  34  1
 168  34  1
 169  34  1
  64  35  1
  78  35  1
 163  35  1
 164  35  1
 211  35  1
 237  35  1
 103  36  1
 175  36  1
  65  37  1
 154  37  1
 105  38  1
 175  38  1
 225  38  1
 109  39  1
 211  39  1
 216  40  1
  73  41  1
  77  41  1
 144  41  1
 242  41  1
 247  41  1
  71  42  1
 102  42  1
 103  42  1
 138  42  1
 139  42  1
 154  42  1
 158  42  1
 159  42  1
 210  43  1
 220  43  1
 154  44  1
 135  45  1
 102  46  1
 103  46  1
 129  46  1
 130  46  1
 154  46  1
 238  47  1
 260  47  1
 261  47  1
  95  48  1
  96  48  1
  97  48  1
 246  48  1
 140  49  1
 152  49  1
  90  50  1
 205  50  1
 105  51  1
 106  51  1
 169  51  1
 170  51  1
 193  51  1
 228  51  1
 221  52  1
 243  52  1
 265  53  1
 123  54  1
 126  54  1
 206  55  1
 212  55  1
 241  55  1
  19  56  1
 118  56  1
 130  56  1
 176  56  1
 236  56  1
 173  57  1
 210  57  1
 220  57  1
 116  58  1
 126  58  1
 210  59  1
 215  59  1
 221  59  1
 233  59  1
 121  60  1
 142  60  1
 171  60  1
 114  61  2
 269  61  1
 270  61  1
 116  62  1
 117  62  1
 118  62  1
 229  62  1
  15  63  1
  16  63  1
 225  64  1
 168  65  1
 214  66  1
 215  66  1
 166  67  1
 245  67  1
  13  68  1
  14  68  1
 221  68  1
 251  68  1
 252  68  1
 245  69  1
 156  70  1
 158  71  1
 164  71  1
 236  71  1
 223  72  1
 244  72  1
  11  73  1
  12  73  1
  33  73  1
  16  74  1
  17  74  1
  28  75  1
  36  75  1
 238  75  1
  10  77  1
  11  77  1
  18  77  1
  44  77  1
  37  78  1
 222  78  1
 223  78  1
 247  78  1
  21  79  1
  32  79  1
 216  79  1
 220  79  1
 251  79  1
   9  80  1
  10  80  1
  27  81  1
 236  81  1
  15  82  1
 177  82  1
 209  82  1
  22  83  1
  27  83  1
  44  83  1
 181  83  1
  31  84  1
  42  84  1
 225  84  1
   7  85  1
   8  85  1
 207  85  1
 208  85  1
 232  85  1
 243  85  1
 253  85  1
 256  85  1
  85  86  1
 229  86  1
  38  87  1
 202  87  1
  93  88  1
 238  88  1
 272  88  1
  17  89  1
  27  89  1
  82  89  1
  83  89  1
 101  89  1
 182  89  1
 257  89  1
 200  91  1
 201  91  1
 205  91  1
 224  91  1
 265  91  1
 129  92  1
 159  92  1
 183  92  1
 184  92  1
  12  93  1
  13  93  1
 107  93  1
 166  93  1
 245  93  1
 281  93  1
 282  93  1
  44  94  1
 124  94  1
 175  94  1
 176  94  1
 253  94  1
  51  95  1
  60  95  1
  98  95  1
 182  95  1
 195  95  1
 216  95  2
 257  95  1
 258  95  1
 189  96  1
 261  96  1
  34  97  1
  35  97  1
  43  97  1
 132  97  1
 218  97  1
 266  97  1
  80  98  1
 100  98  1
 101  98  1
 156  98  1
 173  98  1
 275  98  1
 169  99  1
 191  99  1
 236  99  1
  51 100  1
 139 100  1
 200 100  1
 240 100  1
 268 100  1
 158 101  1
 160 101  1
 162 101  1
 175 101  1
 208 101  1
 166 102  1
 271 102  1
  36 103  1
  42 103  1
  43 103  1
  81 103  1
 116 103  1
 281 103  1
 282 103  1
  49 104  1
 262 104  1
 273 104  1
 274 104  1
  34 105  1
 137 105  1
 138 105  1
 159 105  1
 160 105  1
 191 105  1
 237 105  1
 238 105  1
 258 105  1
 259 105  1
 266 105  1
 267 105  1
  75 106  1
 131 106  1
  92 107  1
 124 107  1
 136 107  1
 200 107  1
 210 107  1
 243 107  1
 247 107  1
 280 107  1
 281 107  1
 176 108  1
 193 108  1
  40 109  1
 121 109  1
 159 109  1
 160 109  1
 174 109  1
 237 109  1
 238 109  1
 251 109  1
  80 110  1
  98 110  1
 279 110  1
 280 110  1
 256 111  1
  10 112  1
  19 112  1
 101 112  1
 166 112  1
   3 113  1
   4 113  1
  41 113  1
  83 113  1
  85 113  1
 121 113  1
 122 113  1
  37 114  1
  38 114  1
  99 114  1
 156 114  1
 202 114  1
 241 114  1
 150 115  1
 206 115  1
 270 115  1
 165 116  1
 166 116  1
 230 116  1
 233 116  1
   4 117  1
   5 117  1
  17 117  1
  22 117  1
 228 117  1
 129 118  1
 130 118  1
 190 118  1
 266 118  1
  13 119  1
 254 119  1
 260 119  1
  94 121  1
  96 121  1
 163 121  1
 195 121  1
 224 121  2
 225 121  1
 226 121  1
 128 122  1
 150 122  1
 159 122  1
 190 122  1
 205 122  1
  11 123  1
 219 123  1
 262 123  1
 264 123  1
  59 124  1
  65 124  1
  71 124  1
 223 124  1
  48 125  1
 142 125  1
 143 125  1
 152 125  1
 254 125  1
  23 126  1
  67 126  1
 150 126  1
 224 126  1
  15 127  1
 140 127  1
  37 128  1
  39 128  1
 150 128  1
 202 128  1
 116 129  1
 217 129  1
 260 129  1
 261 129  1
  39 130  1
  48 130  1
 149 130  1
 267 130  1
 268 130  1
 278 131  1
 279 131  1
   1 132  1
  66 132  1
 148 132  1
 149 132  1
 159 132  1
  41 133  1
  46 133  1
  55 133  1
 118 133  1
 120 133  1
 122 133  1
 260 133  1
 261 133  1
   6 134  1
  12 134  1
 151 134  1
 193 134  1
 267 134  1
 146 136  1
 147 136  1
 254 136  1
 266 136  1
 267 136  1
 119 137  1
 120 137  1
 213 137  1
 244 137  1
 199 138  1
 207 138  1
 114 139  1
 116 139  1
 193 139  1
 194 139  1
 214 139  1
  89 140  1
  90 140  1
 160 140  1
 217 140  1
 218 140  1
 223 140  1
 235 140  1
 236 140  1
 255 140  1
   1 141  1
  56 141  1
  80 141  1
  86 142  1
 172 142  1
 240 142  1
 125 143  1
 163 143  1
 271 143  1
 221 144  1
 255 144  1
 277 144  1
  77 145  1
  78 145  1
 174 145  1
 195 145  1
 246 145  1
 248 145  1
  56 146  1
  83 146  1
 105 146  1
 106 146  1
 107 146  1
 124 146  1
 125 146  1
 217 146  1
 271 146  1
  33 147  1
 169 147  1
 170 147  1
 213 147  1
  23 148  1
  39 148  1
 225 148  2
 226 148  1
 233 148  1
 270 148  1
 278 148  1
  80 149  1
 114 149  1
 121 149  1
 188 149  1
 189 149  1
 199 149  1
 244 149  1
   8 150  1
  72 150  1
 171 150  1
 181 150  1
 229 150  1
  98 151  1
 241 151  1
 242 151  1
 267 151  1
   2 152  1
   3 152  1
  78 152  1
 172 152  1
 224 152  2
 225 152  1
 262 152  1
 110 153  1
 111 153  1
 112 153  1
 275 153  1
  18 154  1
  20 154  1
 106 154  1
 194 154  1
 196 154  1
  96 155  1
 207 155  1
 241 155  1
 242 155  1
 282 155  1
 283 155  1
  26 156  1
 104 156  1
 192 156  1
 269 156  1
  68 157  1
 178 157  1
 200 157  1
 229 157  1
  88 158  1
  92 158  1
 263 158  1
  73 159  1
 185 159  1
 192 159  1
 242 159  1
 269 160  1
 281 160  1
 282 160  1
  31 161  1
 104 161  1
 212 162  1
  10 163  1
  11 163  1
 261 163  1
  33 164  1
  34 164  1
 227 164  1
 252 164  1
 265 164  1
 110 165  1
 216 165  1
 256 165  1
 257 165  1
  16 166  1
 130 166  1
 131 166  1
 149 166  1
 150 166  1
 243 166  1
 251 166  1
 152 167  1
 213 167  1
 214 167  1
  13 168  1
 184 168  1
 113 169  1
 153 169  1
 164 169  1
 170 169  1
 180 169  1
 201 169  1
 231 169  1
 232 169  1
  38 170  1
 102 170  1
 126 170  1
 128 170  1
  29 171  1
  87 171  1
  14 172  1
 132 172  1
 154 172  1
 156 172  1
 206 172  1
 207 172  1
 212 172  1
 277 172  1
  88 173  1
 161 173  1
 246 173  1
   7 174  1
   8 174  1
 174 174  1
 207 174  1
 212 174  1
 136 175  1
 179 175  1
  97 176  1
 202 176  1
 148 177  1
 189 177  1
 190 177  1
 191 177  1
  31 178  1
 118 178  1
 209 178  1
 210 178  1
  67 179  1
  99 179  1
 100 179  1
 197 179  1
 239 179  1
 240 179  1
 118 180  1
 205 180  1
 236 180  1
 237 180  1
 201 181  1
  80 182  1
 114 184  1
 267 184  1
  11 185  1
  12 185  1
  28 185  1
 107 185  1
 125 185  1
 236 185  1
 237 185  1
  43 186  1
 102 186  1
 130 186  1
  24 187  1
  25 187  1
  33 187  1
  63 187  1
  64 187  1
  28 189  1
 263 189  1
  47 190  1
  23 191  1
 206 191  1
 234 191  1
 261 192  1
 203 193  1
 260 194  1
  56 195  1
 216 195  1
 217 195  1
  47 196  1
  48 196  1
  54 197  1
  18 198  1
 222 198  1
 227 198  1
  61 199  1
 200 201  1
  48 202  1
  59 202  1
 139 202  1
 225 202  1
 193 205  2
 194 205  1
  54 206  1
 212 206  1
  61 207  1
 233 207  1
 119 208  1
 228 208  1
  46 209  1
  47 209  1
 109 209  1
 121 209  1
  72 210  1
  73 210  1
 123 210  1
  53 211  1
  54 211  1
 115 212  1
 117 212  1
 130 212  1
 147 212  1
  43 213  1
  44 213  1
  35 214  1
  68 214  1
 135 214  1
 149 214  1
  82 215  1
  83 215  1
  65 217  1
  85 217  1
 131 217  1
  73 218  1
  74 218  1
  90 218  1
  91 218  1
 147 218  1
 170 218  1
 221 218  1
 224 218  1
 240 218  1
  42 220  1
  43 220  1
 170 220  1
 236 220  1
  65 221  1
  48 222  1
  74 222  1
  75 222  1
 170 222  1
 232 222  1
 233 222  1
  91 224  1
 167 225  1
 176 225  1
 216 226  1
  70 227  1
 176 227  1
 165 228  1
 109 229  1
 159 229  1
 160 229  1
 171 229  1
 150 230  1
  89 231  1
  86 232  1
  87 232  1
 109 232  1
 220 232  1
 114 234  1
 217 234  1
  91 235  1
 151 235  1
 156 235  1
 194 235  1
 205 235  1
 101 236  1
 199 238  1
 202 238  1
 194 239  1
 105 240  1
 106 240  1
 109 240  1
 162 240  1
 176 242  1
 164 244  1
 169 244  1
 203 245  1
 179 247  1
 111 248  1
 172 248  1
 181 253  1
 135 255  1
 173 255  1


count = 792