 176   1  1
 182   1  1
 185   1  1
 157   3  1
 129   6  1
 123   7  1
 203   7  1
 166   9  1
 167   9  1
 160  10  1
 107  11  1
 139  11  1
 216  12  1
  98  14  1
 222  14  1
 183  15  1
 188  15  1
  92  16  1
 120  16  1
 124  16  1
 137  16  1
  85  17  1
 172  17  1
 230  17  1
 120  18  1
 233  18  1
  79  19  1
 138  19  1
 235  19  1
 118  20  1
 120  20  1
 127  20  1
 128  20  1
 165  20  1
 181  20  1
 182  20  1
 176  21  1
 222  21  1
 238  21  1
 167  22  1
 173  22  1
 180  22  1
 113  23  1
 128  23  1
 146  23  1
 147  23  1
 188  23  1
 104  24  1
 115  24  1
 126  24  1
  85  25  1
 100  25  1
 131  25  1
 165  25  1
  81  26  1
  82  26  1
  63  27  1
 215  27  1
 112  28  1
 138  28  1
 183  28  1
 125  29  1
 126  29  1
 214  29  1
 215  29  1
  58  30  1
  59  30  1
  96  30  1
 183  30  1
 119  31  1
 173  31  1
 109  32  1
 121  32  1
 178  32  1
 179  32  1
 180  32  1
 213  32  1
 214  32  1
 166  33  1
 175  33  1
 146  34  1
  61  35  1
 135  35  1
  58  36  1
  59  36  1
 121  36  1
 122  36  1
 255  36  1
  49  37  1
 180  37  1
 178  38  1
 122  39  1
 123  39  1
 127  39  1
 210  39  1
  95  40  1
 160  41  1
 169  41  1
 157  42  1
  98  43  1
 149  43  1
 155  43  1
 177  43  1
 178  43  1
 221  43  1
 222  43  1
 114  45  1
 125  46  1
 199  46  1
 160  47  1
  36  48  1
 197  48  1
 202  48  1
 203  48  1
 135  49  1
 151  49  1
 255  49  1
  43  50  1
 204  50  1
 219  50  1
 172  51  1
  44  52  1
 176  52  1
 177  52  1
 265  52  1
 266  52  1
 149  54  1
 209  54  1
  27  55  1
  37  55  1
  38  55  1
  48  56  1
 112  56  1
 113  56  1
 156  56  1
 161  56  1
 163  56  1
 175  56  1
 165  57  1
  25  58  1
 119  58  1
 145  59  1
 152  59  1
  53  60  1
 261  60  1
  49  61  1
 203  61  1
 236  61  1
 240  61  1
 154  62  1
 163  62  1
 167  62  1
 212  62  1
 261  62  1
 177  63  1
 178  63  1
 200  63  1
 251  64  1
 269  64  1
 270  64  1
 259  65  1
  61  66  1
 270  66  1
 158  67  1
  42  68  1
  43  68  1
 270  68  1
 271  68  1
  45  69  1
  47  69  1
 145  69  1
 154  70  1
 239  70  1
  45  71  1
 149  71  1
 150  71  1
 225  71  1
 244  71  1
  14  72  1
  58  73  1
 244  73  1
 245  73  1
  43  74  1
 228  74  1
 221  75  1
 244  75  1
  12  76  1
  43  76  1
 216  76  1
 233  76  1
 183  78  1
  34  79  1
  35  79  1
  38  79  1
  31  80  1
 211  81  1
 212  81  1
 175  82  1
 188  82  1
 189  82  1
   5  83  1
 242  83  1
 173  84  1
 253  84  1
   1  85  1
   2  85  1
  29  85  1
  30  85  1
 224  85  1
 226  85  1
 235  85  1
  37  86  1
  38  86  1
 183  86  1
 185  86  1
 186  86  1
 221  87  1
 228  87  1
   1  88  1
  36  88  1
 176  88  1
 178  89  1
 209  89  1
 241  89  1
  92  90  1
   1  91  1
  23  91  1
 234  91  1
 241  91  1
  34  92  1
 104  92  1
 114  92  1
 150  92  1
 152  92  1
 184  92  1
 253  92  1
 112  93  1
 138  93  1
 190  93  1
 176  94  1
   7  95  1
  20  95  1
  21  95  1
  99  95  1
 242  95  1
 117  96  1
 135  96  1
 188  96  1
 107  97  1
 109  97  1
 114  97  1
 184  97  1
 186  97  1
 195  97  1
 210  97  1
 211  97  1
 247  98  1
 254  98  1
 255  98  1
 102  99  1
 175  99  1
 176  99  1
 271  99  1
   8 100  1
  18 100  1
 106 100  1
 239 100  1
 247 100  1
 221 101  1
 239 102  1
 272 102  1
 100 103  1
 107 103  1
 181 103  1
 182 103  1
 265 103  1
 173 104  1
 234 104  1
 256 104  1
 275 104  1
 276 104  1
 250 105  1
 251 105  1
  11 106  1
  12 106  1
 108 106  1
 109 106  1
 170 106  1
 177 106  1
 178 106  1
 223 106  1
 224 106  1
 233 106  1
 234 106  1
 272 107  1
 101 108  1
 191 108  1
 215 109  1
 264 109  1
 107 110  1
 162 110  1
 163 110  1
 178 110  1
 238 110  1
 103 111  1
 104 111  1
 167 111  1
 208 111  1
 232 111  1
 252 111  1
 253 111  1
  12 112  1
  13 112  1
 165 112  1
 199 112  1
 200 112  1
 201 112  1
 143 113  2
 144 113  1
 257 113  1
 108 114  1
 110 114  1
 176 114  1
 228 114  1
 273 114  1
 163 115  1
 183 115  1
 195 115  1
 196 115  1
 236 115  1
 241 115  1
 144 116  1
 185 116  1
 187 116  1
 208 116  1
 210 116  1
 219 116  1
 170 117  1
 171 117  1
 204 117  1
 245 117  1
 279 117  1
 280 117  1
   4 118  1
   5 118  1
 157 118  1
 161 118  1
 189 118  1
 190 118  1
 191 118  1
 221 118  1
 231 118  1
 232 118  1
 257 118  1
 111 119  1
  66 120  1
 166 120  1
 228 120  1
 264 120  1
 265 120  1
 199 121  1
  12 122  1
 190 122  1
 191 122  1
 234 122  1
 243 122  1
 248 122  1
 116 123  1
 117 123  1
 140 123  1
 147 123  1
 161 123  1
 203 123  1
 217 123  1
 257 123  1
 268 123  2
  23 124  1
  25 124  1
 109 124  1
 187 124  1
 242 124  1
 145 125  1
 222 125  1
 230 125  1
  70 126  1
  71 126  1
 233 126  1
 242 126  1
 262 126  1
  31 127  1
  32 127  1
 173 127  1
 200 127  1
 201 127  1
  40 128  1
  61 128  1
  86 128  1
 104 128  2
 273 128  1
 274 128  1
 107 129  1
 149 129  1
 168 129  1
  16 130  1
 164 130  1
 265 130  1
 267 130  1
 273 130  1
 114 131  1
 123 131  1
 207 131  1
 252 131  1
 269 131  1
 280 131  1
 281 131  1
 179 132  1
 191 132  1
 245 132  1
   7 133  1
   8 133  1
  43 133  1
 208 133  1
 238 133  1
  25 134  1
 103 134  1
 172 134  1
 275 134  1
  21 135  1
  23 135  1
 129 135  1
 130 135  1
 164 135  1
 245 135  1
 246 135  1
  39 136  1
 124 136  1
 240 136  1
 241 136  1
 254 136  1
  12 137  1
 111 137  1
 133 137  1
 261 137  1
 263 137  1
 267 137  1
 268 137  1
 172 138  1
 177 138  1
 246 138  1
 166 139  1
 167 139  1
 270 139  1
 281 139  1
 282 139  1
 108 140  1
 109 140  1
 178 140  1
 206 140  1
 207 140  1
 215 140  1
 247 140  1
 120 141  1
 121 141  1
 168 141  1
 169 141  1
 256 141  1
 117 142  1
 118 142  1
 185 142  1
 211 142  1
 202 143  1
 272 143  1
 273 143  1
 134 144  1
 135 144  1
 139 144  1
 268 144  1
 100 145  1
 101 145  1
 177 145  1
 245 145  1
 251 145  1
 104 146  1
 105 146  1
 185 146  1
 211 146  1
 171 147  1
 181 147  1
  34 148  1
 257 148  1
 181 149  1
 189 149  1
  44 150  1
  46 151  1
 108 151  1
 216 152  1
 225 152  1
 273 153  1
 186 154  1
 276 154  1
 277 154  1
  37 155  1
 111 155  1
 180 155  1
  13 156  1
 224 156  1
 245 156  1
 258 156  1
  96 157  1
 217 157  1
 255 157  2
 113 158  1
 245 158  1
 121 159  1
 230 159  1
 236 159  1
 249 159  1
 241 160  1
 243 160  1
  48 161  1
  98 161  1
 109 161  1
 192 161  1
 222 161  1
  31 162  1
 127 162  1
  11 163  1
  12 163  1
 189 163  1
 211 163  1
 217 163  1
 265 163  1
  24 164  1
  26 164  1
 131 164  1
 258 164  1
 236 165  1
 237 165  1
  45 166  1
  30 167  1
 232 167  1
 187 168  1
 188 168  1
 192 168  1
 244 168  1
 245 168  1
 266 168  1
 160 169  1
 239 169  1
 240 169  1
 173 170  1
 180 170  1
 184 170  1
  26 171  1
  33 171  1
 195 171  1
 240 171  1
 280 171  1
 281 171  1
  31 172  1
 228 172  1
 230 172  1
  51 173  1
 221 173  1
 236 173  1
 240 173  1
  18 174  1
 279 174  1
 280 174  1
  14 175  1
  16 175  1
 242 175  1
 215 176  1
 247 177  1
 249 177  1
  51 178  1
  52 178  1
 165 178  1
 166 178  1
 251 178  1
 242 179  1
  16 180  1
  70 180  1
 153 180  1
 237 180  1
 133 181  1
 263 181  1
  76 182  1
 243 183  1
 220 184  1
 221 184  1
 235 184  1
  34 185  1
  35 185  1
  90 186  1
  13 187  1
 247 188  1
  77 189  1
  35 190  1
  82 190  1
  96 190  1
 137 191  1
  28 192  1
 231 193  1
  30 194  1
  32 194  1
  38 194  1
  39 194  1
 140 194  1
 141 194  1
 230 198  1
 220 199  1
 224 200  1
  26 201  1
  46 203  1
 235 203  1
  29 204  1
 242 204  1
 211 205  1
 212 205  1
 244 205  1
  33 206  1
 219 206  1
 125 208  1
 208 208  1
 216 208  1
  44 209  1
  45 209  1
  51 209  1
  52 209  1
 194 209  1
 200 209  1
 204 209  1
 125 210  1
 211 210  1
  49 213  1
  50 213  1
 128 213  1
  41 214  1
 195 214  1
 263 214  1
 160 215  1
 193 215  1
 199 215  1
 200 215  1
 250 215  1
 105 216  1
 106 216  1
  43 217  1
 122 217  1
 129 218  1
 232 218  1
 234 219  1
 260 219  1
 103 220  1
 120 220  1
 130 220  1
 134 220  1
 160 220  1
 164 220  1
 193 220  1
 194 220  1
 246 220  1
 248 220  1
  50 221  1
  94 221  1
  90 222  1
 241 222  1
 242 222  1
  52 223  1
 124 223  1
 156 223  1
 159 223  1
 198 223  1
 199 223  1
 202 223  1
  55 225  1
 133 225  1
 153 225  1
 163 225  1
  88 226  1
  95 226  1
 109 226  1
 110 226  1
 192 226  1
 239 226  1
 114 227  1
 168 227  1
  60 228  1
  88 228  1
  89 228  1
 120 228  1
 199 228  1
  63 230  1
 160 230  1
 161 230  1
 238 230  1
 249 230  1
 189 231  1
  66 232  1
 116 232  1
 229 232  1
 165 233  1
 166 233  1
 244 233  1
  92 234  1
 155 235  1
 156 235  1
  72 236  1
  92 236  1
 117 236  1
 118 236  1
 131 236  1
 206 236  1
 239 237  1
  80 238  1
 166 238  1
 167 238  1
 226 238  1
  82 239  1
 152 239  1
 160 239  1
 111 241  1
 123 242  1
 211 242  1
  89 243  1
 101 244  1
 142 244  1
 164 244  1
 165 244  1
 180 244  1
 158 245  1
 178 245  1
 198 245  1
 207 245  1
 220 245  1
 221 245  1
 186 246  1
 113 247  1
 152 247  1
 156 247  1
 119 248  1
 164 249  1
 187 249  1
 124 250  1
 131 252  1
 202 253  1
 204 253  1
 163 256  1
 193 256  1


count = 750