 155   1  1
 170   1  1
 189   3  1
 125   4  1
 122   5  1
 160   6  1
 199   7  1
 171   9  1
 112  10  1
 207  10  1
 174  11  1
 209  12  1
 130  13  1
 102  14  1
 104  14  1
 123  15  1
 155  16  1
 203  17  1
 126  18  1
 197  18  1
 109  19  1
 110  19  1
 141  19  1
 143  20  1
 106  21  1
 114  21  1
 133  21  1
 146  21  1
 170  21  1
 171  21  1
  84  22  1
 123  22  1
 124  22  1
  82  23  1
  99  23  1
 223  23  1
 110  24  1
 112  24  1
 147  24  1
 149  24  1
 100  25  1
 106  25  1
 204  25  1
  76  26  1
 117  26  1
 228  26  1
 103  27  1
  72  28  1
  73  28  1
 113  28  1
 205  28  1
 206  28  1
 233  29  1
 137  30  1
 199  30  1
 131  31  1
 102  33  1
 103  33  1
 117  33  1
 118  33  1
 194  33  1
 198  33  1
  72  34  1
 110  34  1
 127  35  1
 216  35  1
  92  36  1
  93  36  1
 121  36  1
 161  36  1
  67  37  1
  68  37  1
 211  37  1
 232  37  1
  96  38  1
 107  38  1
 206  38  1
  74  39  1
 134  39  1
 141  39  1
 164  39  1
  45  40  1
 199  40  1
  70  42  1
  72  42  1
 127  42  1
 197  42  1
 206  42  1
 231  42  1
 166  43  1
 167  43  1
  89  44  1
 113  44  1
 114  44  1
 127  44  1
 128  44  1
 135  44  1
 144  44  1
 218  44  1
 187  45  1
 249  45  1
  50  46  1
  51  46  1
 121  46  1
 211  46  1
 235  46  1
 167  47  1
 185  47  1
  50  48  1
  51  48  1
  65  48  1
 123  48  1
 126  48  1
 211  48  1
 233  48  1
 251  48  1
 112  49  1
  55  50  1
  67  50  1
 148  50  1
 200  50  1
  43  51  1
 140  51  1
 173  51  1
 204  51  1
 135  52  1
 178  52  1
  57  53  1
  74  53  1
 112  54  1
 150  54  1
 151  54  1
  54  55  1
  55  55  1
 234  55  1
 243  55  1
  79  56  1
 128  56  1
 130  56  1
 166  56  1
  43  57  1
  44  57  1
  45  57  1
 108  57  1
 152  57  1
 236  57  1
 247  57  1
 248  57  1
 103  58  1
  77  59  1
 107  59  1
 133  59  1
 142  59  1
 147  59  1
  38  60  1
  47  60  1
  64  60  1
 135  60  1
 240  60  1
  81  62  1
  41  63  1
  42  63  1
  98  63  1
 102  63  1
 108  63  1
  53  64  1
  81  64  1
  19  65  1
  58  65  1
  94  65  1
 139  65  1
 148  65  1
 172  66  1
 240  66  1
  55  67  1
  56  67  1
  84  67  1
 106  67  1
 176  67  1
 102  69  1
 152  69  1
 161  69  1
 162  69  1
  98  70  1
 157  70  1
 189  70  1
 212  70  1
 213  70  1
 216  70  1
  15  71  1
  36  71  1
  43  71  1
  56  71  1
  87  71  1
  88  71  1
  89  71  1
 121  71  1
 147  71  1
 183  71  1
 218  71  1
 261  71  1
 126  72  1
 137  72  1
 176  72  1
  39  73  1
 116  73  1
 142  73  1
 150  73  1
 154  73  1
 200  73  1
 210  73  1
 127  74  1
 146  74  1
  12  75  1
 151  75  1
 205  75  1
 227  75  1
 112  76  1
 239  76  1
 138  77  1
 171  77  1
 212  77  1
 220  77  1
 268  77  1
  55  79  1
 135  79  1
 207  79  1
  43  80  1
  44  80  1
 128  80  1
 262  80  1
 271  80  1
 272  80  1
   8  81  1
  37  81  1
 243  81  1
 248  81  1
  23  82  1
  24  82  1
  45  82  1
 111  82  2
 126  82  1
 128  82  1
 151  82  1
 152  82  1
 170  82  1
 182  82  1
 184  82  1
 231  82  1
 252  83  1
  44  84  1
 114  84  1
 122  84  1
 166  84  1
 228  84  1
  25  85  1
  31  85  1
 130  85  1
 147  85  1
  14  86  1
 185  86  1
 228  86  1
 232  86  1
  38  87  1
 202  87  1
 218  87  1
 258  87  1
 124  88  1
 221  88  1
 222  88  1
 113  89  1
 177  89  1
 178  89  1
 274  89  1
 275  89  1
 132  90  1
 228  90  1
  30  91  1
  34  91  1
 165  91  1
 197  91  1
 142  92  1
 146  92  1
 135  93  1
 201  94  1
 216  94  1
 211  95  1
 221  95  1
 234  95  1
  23  96  1
  24  96  1
 276  96  1
 277  96  1
 227  97  1
 266  97  1
 197  98  1
 199  98  1
 203  99  1
  22 100  1
  23 100  1
 173 100  1
 174 100  1
 217 100  1
 208 102  1
 271 102  1
  71 103  1
 167 103  1
 226 103  1
 227 103  1
  77 104  1
 214 105  1
 259 105  1
  25 106  1
  26 106  1
  80 106  1
  81 106  1
 194 106  1
 219 106  1
 163 107  1
  47 108  1
   1 109  1
  11 109  1
  13 109  1
  28 109  1
 157 109  1
 158 109  1
 224 109  1
 225 109  1
  19 110  1
  82 110  1
  83 110  1
 191 110  1
 192 110  1
   7 111  1
  73 111  1
 219 111  1
 220 111  1
  16 112  1
 163 112  1
 218 113  1
   6 114  1
  12 114  1
  33 114  1
  95 114  1
 198 114  1
 202 114  1
 263 114  1
 121 115  1
 259 115  1
  53 116  1
 216 116  1
  45 117  1
  58 117  1
 277 117  1
  10 118  1
  35 118  1
  81 119  1
 151 119  1
 158 119  1
 165 119  1
 189 119  1
 197 119  1
  28 120  1
 218 120  2
 219 120  1
 261 120  1
 269 120  1
  52 121  1
  53 121  1
  81 121  1
 119 121  1
 274 121  1
   1 122  1
  94 122  1
 110 122  1
 190 123  1
 266 123  1
  88 124  1
 157 124  1
 200 124  1
 209 124  1
 223 124  1
   9 125  1
  43 125  1
  44 125  1
  66 125  1
  68 125  1
 205 125  1
 212 125  1
  56 126  1
 160 126  1
 161 126  1
 226 126  1
 227 126  1
 269 126  1
 270 126  1
 139 127  1
 141 127  1
 193 127  1
 222 127  1
 258 127  1
 260 127  1
   4 128  1
   5 128  1
 100 128  1
 117 128  1
 217 128  1
 236 128  1
 202 129  1
 266 129  1
  10 130  1
  14 130  1
  71 130  1
  75 130  1
  77 130  1
  79 130  1
  93 130  1
 210 130  1
  22 131  1
  47 131  1
 158 131  1
 164 132  1
 172 132  1
  52 133  1
  86 133  1
 128 133  1
 162 133  1
 166 133  1
 195 133  1
 246 133  1
 260 133  1
  10 134  1
  20 134  1
 208 134  1
 209 134  1
 217 134  1
 218 134  1
 239 134  1
 240 134  1
 255 134  1
 256 134  1
  22 135  1
  76 135  1
  77 135  1
  84 135  1
 247 135  1
  47 136  1
  52 136  1
 121 136  1
 128 136  1
 169 136  1
 240 136  1
 268 136  1
  91 137  1
 143 137  1
 226 137  1
   4 138  1
  19 138  1
  81 138  1
 200 138  1
 201 138  1
 202 138  1
 206 138  1
 212 138  1
 214 138  1
  14 139  1
 146 139  1
 147 139  1
 171 139  1
 172 139  1
   8 140  1
  41 140  1
  45 140  1
 196 140  1
  22 141  1
  80 141  1
  81 141  1
  88 141  1
  90 141  1
 269 141  1
  12 142  1
 127 142  1
 128 142  1
 153 142  1
  18 143  1
  51 143  1
 141 143  1
 149 143  1
  16 144  1
 121 144  1
 122 144  1
 132 144  1
 159 144  1
 173 144  1
 200 144  1
 213 144  1
 280 144  1
  21 145  1
  83 145  1
  91 145  1
 119 145  1
 230 145  1
  93 146  1
 225 146  1
 274 146  1
  31 147  1
  32 147  1
 270 147  1
 271 147  1
  24 148  1
  25 148  1
 148 148  1
 202 148  1
 206 148  1
  38 149  1
 177 149  1
 178 149  1
 135 150  1
 227 150  1
  48 151  1
  80 151  1
  96 151  1
 117 151  1
 153 151  1
 154 151  1
 160 151  1
 162 151  1
 167 151  1
 168 151  1
 273 151  1
 125 152  1
  13 153  1
  76 153  1
  90 153  1
 180 153  1
 219 153  1
  31 154  1
  35 154  1
  47 154  1
 163 154  1
 244 154  1
  56 155  1
  57 155  1
 182 155  1
 248 155  1
 268 155  1
   9 156  1
 152 156  1
 263 156  1
 264 156  1
 270 156  1
 170 158  1
 171 158  1
 184 158  1
 221 158  1
 222 158  1
 244 158  1
  51 159  1
  53 159  1
 104 159  1
 265 159  1
 267 159  1
  71 160  1
  72 160  1
 202 160  1
 249 160  1
  10 161  1
  16 161  1
 126 161  1
 131 161  1
 151 161  1
  80 162  1
 153 162  1
 202 162  1
  24 163  1
  74 163  1
 104 163  1
 133 163  1
  20 164  1
 101 164  1
 102 164  1
 110 164  1
 123 164  1
 125 164  1
 246 164  1
  88 165  1
 141 165  1
 135 166  1
 166 166  1
 243 166  1
 250 166  1
 220 167  1
  89 168  1
 233 168  1
  14 169  1
  17 169  1
  23 169  1
 105 169  1
 127 169  1
 159 169  1
 169 169  1
 170 169  1
 210 169  1
 235 169  1
 236 169  1
 240 170  1
 241 170  1
 258 170  1
 259 170  1
  36 171  1
 162 171  1
 164 171  1
 192 171  1
   7 172  1
   8 172  1
 194 172  1
  16 173  1
  29 173  1
  45 173  1
 269 173  1
 271 173  1
 222 174  1
 228 174  1
 236 174  1
 252 174  1
  29 175  1
 190 175  1
 264 175  1
 269 175  1
  18 176  1
  19 176  1
 236 176  1
  16 177  1
  35 177  1
 238 177  1
  24 178  1
 198 178  1
 233 178  1
 261 178  1
 276 178  1
 277 178  1
  22 179  1
 227 179  1
 233 180  1
 247 180  1
 258 180  1
 189 181  1
  12 182  1
  20 182  1
  46 182  1
  47 182  1
 236 182  1
 262 182  1
 224 183  1
 183 184  1
 230 184  1
  57 185  1
  58 185  1
 186 185  1
 265 185  1
  45 187  1
 226 187  1
  16 188  1
 189 188  1
 219 188  1
  94 189  1
 250 189  1
 196 190  1
 216 190  1
 253 190  1
  59 192  1
 253 192  1
 270 192  1
  64 193  1
 159 193  1
 160 193  1
 202 193  1
  20 194  1
  21 194  1
 110 194  1
 244 194  1
  49 195  1
  54 195  1
  96 195  1
  98 195  1
 115 196  1
 201 196  1
  90 197  1
 122 197  1
 166 197  1
 197 197  1
 199 197  1
 152 198  1
 214 198  1
 254 198  1
  24 199  1
 220 199  1
 242 199  1
 243 199  1
 215 200  2
 220 201  1
 163 202  1
 183 202  1
 153 203  1
 154 203  1
 143 204  1
 198 204  1
 261 204  1
 173 207  1
 200 207  1
 142 208  1
 177 208  1
 259 208  1
  35 209  1
 144 210  1
 146 210  1
 152 210  1
 163 210  1
 164 210  1
 171 210  1
  39 211  1
 132 211  1
 158 211  1
 180 211  1
 188 211  1
 189 211  1
 200 211  1
 201 211  1
 230 212  1
 242 212  1
 132 213  1
 161 213  1
  95 214  1
 115 215  1
 134 215  1
 180 215  1
 232 215  1
 122 216  1
 170 217  1
 171 217  1
 254 217  1
 191 218  1
 237 218  1
 244 218  1
 171 219  1
 196 219  1
  90 220  1
  91 220  1
 116 220  1
 160 220  1
 161 220  1
 243 220  1
 145 221  1
 171 221  1
 123 222  1
 149 222  1
 151 222  1
 153 222  1
  54 223  1
 140 223  1
 167 223  1
  77 224  1
  78 224  1
  80 224  1
 112 224  1
 128 224  1
 149 224  1
 157 224  1
 189 224  1
  93 225  1
 100 225  1
 108 225  1
 181 225  1
 182 225  1
  58 226  1
  59 226  1
  73 226  1
  77 226  1
 135 226  1
 136 226  1
 150 226  1
 167 227  1
 168 227  1
 177 227  1
 178 227  1
 243 228  1
  67 229  1
  81 229  1
 106 229  1
 146 229  1
 154 229  1
 180 229  1
 182 229  1
 139 230  1
 112 231  1
 174 231  1
 239 231  1
 109 232  1
 116 232  1
 117 232  1
 133 233  1
 138 233  1
 139 233  1
 151 233  1
 152 233  1
 176 233  1
 235 233  1
 236 233  1
  77 234  1
 113 234  1
 126 234  1
 117 235  1
 118 235  1
 232 235  1
 180 236  1
 182 236  1
  98 237  1
 102 237  1
 103 237  1
 199 237  1
 228 237  1
 229 237  1
 136 238  1
 118 239  1
 186 240  1
 203 242  1
 176 243  1
 207 243  1
 208 243  1
 109 244  1
 121 244  1
 156 244  1
 115 245  1
 125 247  1
 217 247  1
 129 248  1
 130 248  1
 160 248  1
 182 248  1
 110 249  1
 154 250  1
 155 250  1
 180 250  1
 181 250  1
 186 251  1
 205 251  1
 120 252  1
 144 255  1
 149 256  1
 183 257  1


count = 850