 143   1  1
 164   1  1
 185   3  1
 187   4  1
 121   5  1
 116   6  1
 112   7  1
 114   7  1
 109   8  1
 139   9  1
 102  11  1
 172  11  1
 176  11  1
 177  11  1
 183  12  1
 163  13  1
 164  13  1
 189  13  1
 209  13  1
  96  14  1
  97  14  1
 191  14  1
 192  14  1
 172  16  1
 173  16  1
 215  16  1
 216  16  1
 119  17  1
  87  18  1
 132  18  1
 138  18  1
 139  18  1
 167  18  1
 168  18  1
 146  19  1
 184  19  1
 185  19  1
  83  20  1
  84  20  1
 125  20  1
 130  20  1
 211  20  1
 107  21  1
 145  21  1
 157  21  1
 175  21  1
 176  21  1
 180  21  1
 193  21  1
 194  21  1
 202  21  1
 225  21  1
 226  21  1
  78  22  1
  80  22  1
 136  22  1
  91  23  1
  92  23  1
 153  23  1
 154  23  1
 180  23  1
 216  23  1
 122  24  1
 127  24  1
 159  24  1
 190  24  1
 211  24  1
 231  24  1
  98  25  1
 113  25  1
 177  25  1
 178  25  1
  87  26  1
  88  26  1
 102  26  1
 170  26  1
  90  27  1
 204  27  1
 198  28  1
 210  28  1
 117  29  1
 143  29  1
 161  29  1
 165  29  1
 183  30  2
 214  30  1
  60  31  1
 100  31  1
 151  31  1
 169  31  1
 180  33  1
 186  33  1
 187  33  1
 166  34  1
  53  36  1
  73  36  1
 107  36  1
 108  36  1
 156  38  1
  79  39  1
 101  39  1
 102  39  1
 184  39  1
 239  39  1
  72  40  1
  73  40  1
 123  40  1
 129  40  1
 152  41  1
 191  41  1
 192  41  1
 179  42  1
 221  42  1
  83  43  1
 109  43  1
 110  43  1
 160  43  1
 240  43  1
 246  43  1
 103  44  1
 140  44  1
 145  44  1
 146  44  1
 195  44  1
 206  44  1
 211  44  1
 131  45  1
 176  46  1
 110  47  1
 121  47  1
 131  47  1
 153  47  1
 199  47  1
 176  48  1
 203  48  1
 207  48  1
 208  48  1
 220  48  1
 221  48  1
 175  50  1
 176  50  1
 191  50  1
  73  51  1
  74  51  1
  79  51  1
 158  51  1
 217  51  1
 162  52  1
 173  52  2
 199  52  1
 200  52  1
 263  53  1
  32  54  1
 101  54  1
 151  54  1
 109  55  1
 110  55  1
 165  55  1
 167  55  1
 242  55  1
 243  55  1
  59  56  1
  71  56  1
  78  56  1
 157  56  1
 194  56  1
  55  57  1
  80  57  1
 199  57  1
 238  57  1
 162  58  1
 246  59  1
 175  60  1
 240  60  1
 244  60  1
  65  61  1
 214  61  1
  55  62  1
  56  62  1
  61  62  1
  80  62  1
  98  63  1
 243  64  1
 244  64  1
  66  65  1
  82  65  1
  63  67  1
 144  67  1
 177  67  1
 178  67  1
  55  68  1
 152  68  1
 154  68  1
  16  69  1
  85  69  1
 146  72  1
  13  73  1
  57  73  1
  95  73  1
 154  73  1
 227  73  1
 228  73  1
  31  74  1
 150  74  1
  89  75  1
 221  75  1
 237  75  1
  24  76  1
  25  76  1
  51  76  1
  92  76  1
  99  76  1
  29  77  1
  41  77  1
  42  77  1
  47  77  1
 221  77  1
 241  77  1
  11  78  1
  12  78  1
 146  78  1
 150  78  1
  95  79  1
 231  79  1
  18  80  1
  22  80  1
 217  80  1
 242  80  1
  53  81  1
 223  81  1
 229  81  1
  35  82  1
  59  82  1
   9  84  1
  10  84  1
  64  84  1
 171  84  1
 222  84  1
 234  84  1
 213  85  1
 237  85  1
  50  86  1
   8  87  1
   9  87  1
  42  87  1
 210  87  1
 231  87  1
  63  88  1
 269  88  1
 172  89  1
 207  89  1
 266  89  1
 267  89  1
   7  90  1
   8  90  1
 181  90  1
  41  91  1
  60  91  1
  13  92  1
  14  92  1
 264  92  1
  45  93  1
 258  93  1
 160  94  1
 162  94  1
  58  95  1
 204  95  1
 205  95  1
 234  95  1
 229  96  1
 269  96  1
 155  97  1
  11  98  1
  12  98  1
  16  98  1
  17  98  1
 147  98  1
 201  98  2
 202  98  1
 203  98  1
 237  98  1
 238  98  1
 250  98  1
 279  98  1
 280  98  1
  56  99  1
 178  99  1
 180  99  1
 214  99  1
 235  99  1
 140 100  1
 252 100  1
 253 100  1
 224 101  1
 228 101  1
   3 102  1
   4 102  1
  61 103  1
 219 103  1
 244 103  1
 245 103  1
  48 104  1
 133 104  1
 174 104  1
 234 104  1
  44 105  1
 146 105  1
 152 105  1
 169 105  1
 226 105  1
  71 106  1
 167 106  1
 221 106  1
 245 106  1
 246 106  1
 105 108  1
 111 108  1
 235 108  1
 124 109  1
 253 109  1
 254 109  1
 138 110  1
 143 110  1
 144 110  1
 145 110  1
 161 110  1
 234 110  1
 128 111  1
 210 111  1
  31 113  1
  37 113  1
  74 113  1
  99 113  1
 194 113  1
 236 113  1
  56 114  1
 111 114  1
 215 114  1
   9 115  1
  11 115  1
 121 115  1
 139 115  1
 228 115  1
 118 116  1
 190 116  1
 221 116  1
 222 116  1
 239 116  1
   1 117  1
  52 117  1
  53 117  1
 210 117  1
 251 117  1
  14 118  1
 112 118  1
 113 118  1
 224 118  1
  20 119  1
  49 119  1
 107 119  1
 108 119  1
 219 119  1
  43 120  1
  73 120  1
  77 120  1
 184 120  1
 208 121  1
 213 121  1
 267 121  1
 270 121  1
   1 122  1
  47 122  1
  79 122  1
 242 122  1
 253 122  1
  89 123  2
 265 123  1
  34 124  1
  59 124  1
  63 124  1
  72 124  1
 239 124  1
   8 125  1
  12 125  1
  52 125  1
  67 125  1
  89 125  1
 199 125  1
 233 125  1
 234 125  1
  32 126  1
  81 126  1
 188 126  1
 256 126  1
 258 126  1
 180 127  1
 202 127  1
 248 127  1
 266 127  1
  45 128  1
  48 128  1
  38 129  1
   7 130  1
  21 130  1
  22 130  1
  36 130  1
  63 130  1
 173 130  1
  17 131  1
  28 131  1
  30 131  1
  69 131  1
 215 131  1
 192 132  1
 193 132  1
 220 132  1
 232 132  1
 240 132  1
  17 133  1
  53 133  1
  54 133  1
 171 133  1
 175 133  1
 202 133  1
 203 133  1
 228 133  1
 268 133  1
  25 134  1
 254 134  1
 273 134  1
 274 134  1
  15 135  1
  17 135  1
  63 135  1
  70 135  1
  71 135  1
  77 135  1
  89 135  1
 198 135  1
  35 136  1
  82 136  1
 194 136  1
 221 136  1
   1 137  1
  94 137  1
 108 137  1
 186 137  1
 187 137  1
  60 138  1
 135 138  1
 138 138  1
 143 138  1
 148 138  1
 192 138  1
 193 138  1
 214 138  1
 218 138  1
 257 138  1
  13 139  1
  19 139  1
  99 139  1
 151 139  1
 226 139  1
  28 140  1
  54 140  1
 112 140  1
 210 140  1
 247 140  1
  26 141  1
 118 141  1
 140 141  1
 156 141  1
 157 141  1
  46 142  1
  63 142  1
  80 142  1
  85 142  1
 105 142  1
 219 142  1
 226 142  1
 257 142  1
 258 142  1
  19 143  1
  53 143  1
 107 143  1
 127 143  1
  86 144  1
  87 144  1
 159 144  1
 160 144  1
  68 145  1
 138 145  1
 142 145  1
 202 145  1
 244 145  1
  65 146  1
  76 146  1
 110 146  1
 111 146  1
 149 146  1
 274 146  1
  22 147  1
  23 147  1
  54 147  1
 205 147  1
 206 147  1
  39 148  1
  41 148  1
  64 148  1
 100 148  1
 134 148  1
 161 148  1
 242 148  1
  60 149  1
 108 149  1
 125 149  1
  30 150  1
  36 150  1
  56 150  1
  82 150  1
 160 150  1
 161 150  1
   1 151  1
 154 151  1
 155 151  1
 246 151  1
 271 151  1
   9 152  1
  43 152  1
  82 152  1
  21 153  1
  22 153  1
  32 153  1
 100 153  1
 129 153  1
 206 153  1
 241 153  1
 269 153  1
   9 154  1
  10 154  1
  68 154  1
  69 154  1
 159 154  1
 257 154  1
 258 154  1
  96 155  1
 109 155  1
  70 156  1
 282 156  1
 283 156  1
  34 157  1
  75 157  1
 113 157  1
 117 157  1
 129 157  1
 172 157  1
 207 157  1
 270 157  1
   2 158  1
   3 158  1
  70 158  1
 143 158  1
 186 158  1
 274 158  1
 275 158  1
 282 158  1
   9 159  1
  10 159  1
  82 159  1
  84 159  1
 162 159  1
  17 160  1
 144 160  1
 281 160  1
 282 160  1
  23 161  1
  24 161  1
  25 161  1
  34 161  1
 215 161  1
  63 162  1
  67 162  1
  77 162  1
 177 162  1
 189 162  1
 194 162  1
 205 162  1
 229 164  1
 255 164  1
 256 164  1
 260 165  1
  20 166  1
  56 166  1
  73 166  1
 162 166  1
 179 166  1
 244 166  1
 263 166  1
  59 167  1
 174 167  1
 271 167  1
  12 168  1
 178 168  1
 243 168  1
  36 169  1
 217 169  1
 221 169  1
 223 169  1
 206 170  1
 207 170  1
 230 170  1
 238 170  1
 240 170  1
 261 170  1
  58 171  1
 245 171  1
 247 171  1
  14 172  1
  40 172  1
  41 172  1
  65 172  1
 219 172  1
 220 172  1
 278 172  1
 279 172  1
  34 173  1
 161 173  1
 162 173  1
 247 173  1
 269 173  1
   5 174  1
   6 174  1
 224 174  1
  37 176  1
  38 176  1
 160 176  1
 208 177  1
 209 177  1
 218 178  1
 226 178  1
 257 179  1
 276 179  1
 277 179  1
  16 181  1
  68 181  1
  33 182  1
  65 183  1
 261 183  1
  33 184  1
 239 184  1
 274 184  1
  12 185  1
  25 185  1
 198 185  1
 199 185  1
 246 185  1
  30 186  1
 253 187  1
 254 187  1
  21 188  1
  22 188  1
 264 188  1
 214 189  1
  68 190  1
 197 190  1
 198 190  1
 271 190  1
 272 190  1
  73 191  1
 101 191  1
 218 191  1
 243 191  1
  64 192  1
  99 192  1
 225 192  1
 221 193  1
 244 193  1
 248 193  1
 249 193  1
  28 194  1
  86 194  1
  93 194  1
 186 194  1
 215 194  1
 227 194  1
 173 195  1
  86 196  1
 203 196  1
 204 196  1
 243 196  1
  32 198  1
  35 198  1
  69 198  2
 172 198  1
 177 198  1
 198 198  1
 245 198  1
 268 198  1
  71 199  1
 187 199  1
 189 199  1
  83 200  1
 175 200  1
 214 200  1
 239 200  1
  50 202  1
 128 202  1
 135 202  1
 195 202  1
 200 202  1
 254 203  1
  29 204  1
 103 204  1
 141 204  1
 202 204  1
 203 204  1
 204 204  1
 208 204  1
 236 204  1
 263 204  1
 177 205  1
 178 205  1
  32 206  1
  33 206  1
  50 206  1
  53 206  1
 126 206  1
 143 206  1
  71 207  1
  72 207  1
 100 207  1
 132 207  1
  36 208  1
  98 208  1
 124 209  1
 138 209  1
 140 209  1
 245 209  1
  75 210  1
 121 210  1
 145 210  1
 149 210  1
 247 210  1
 248 210  1
  77 211  1
 103 211  1
 126 211  1
 127 211  1
 132 211  1
 133 211  1
 193 212  1
 204 212  1
 205 212  1
  72 213  1
 179 213  1
 202 213  1
 213 213  1
 222 213  1
 226 214  1
 227 214  1
  86 215  1
 136 215  1
 138 215  1
 184 215  1
 209 215  1
 253 215  1
  97 216  1
 106 216  1
 111 216  1
 216 216  1
 104 218  1
 120 218  1
 121 218  1
  93 219  1
 211 219  1
 117 220  1
 134 220  1
 135 220  1
 198 220  1
 246 220  1
  53 221  1
 110 221  1
 220 221  1
 156 222  1
  72 223  1
  99 223  1
 105 223  1
 178 223  1
 179 223  1
 216 223  1
 117 224  1
 126 224  1
 138 224  1
 167 224  1
 168 224  1
 211 224  1
 136 225  1
 179 225  1
 239 225  1
  60 226  1
 203 226  1
 113 227  1
 134 227  1
 153 227  1
 158 227  1
 168 227  1
 208 227  1
 219 227  1
 237 227  1
  63 228  1
 121 228  1
  82 229  1
 163 229  1
 164 229  1
  90 230  1
  91 230  1
 110 230  1
 115 231  1
 133 231  1
 134 231  1
 146 231  1
 150 231  1
 193 231  1
 121 232  1
 184 232  1
 186 232  1
 202 232  1
 213 232  1
 129 233  1
 157 233  1
 228 233  1
 160 234  1
 213 234  1
 142 235  1
 167 235  1
 196 235  1
 173 236  1
 174 236  1
 178 236  1
 192 236  1
 208 236  1
 104 237  1
 116 237  1
  96 238  1
 222 238  1
  84 239  1
 175 239  1
 202 239  1
 114 241  1
 126 241  1
 141 241  1
 142 241  1
 163 241  1
  88 242  1
  89 242  1
 118 242  1
 173 242  1
 174 242  1
 196 242  1
 216 242  1
 114 243  1
 140 244  1
 135 246  1
 132 247  1
 175 247  1
 182 252  1
 173 254  1
 135 255  1
 169 255  1
 171 255  1
 143 257  1


count = 871