 138   1  1
 144   1  1
 162   1  1
 130   3  1
 124   5  1
 181   5  1
 186   7  1
 194  11  1
 158  12  1
 172  12  1
 157  14  1
 176  14  1
 115  15  1
 154  15  1
 206  16  1
 116  17  1
  93  18  1
 209  18  1
 108  19  1
 170  19  1
 171  19  1
  87  20  1
  97  22  1
 116  24  1
 171  24  1
  92  26  1
 101  26  5
 102  26  1
 103  26  1
 220  28  1
  58  29  1
  98  29  1
  99  29  1
  54  31  1
 173  31  1
 174  31  1
 152  32  1
  50  33  1
  51  33  1
 104  33  1
 174  35  1
 105  38  1
 107  38  1
  65  39  1
  66  39  1
 105  40  1
  42  41  1
  48  42  1
  64  42  1
 105  42  1
 153  42  1
 107  43  1
  48  44  1
 126  45  1
 156  45  1
  44  46  1
 138  46  1
  46  47  1
  51  47  1
  61  47  1
  62  47  1
 133  47  1
 156  47  1
 173  47  1
 112  48  1
 113  48  1
 140  48  1
 141  48  1
  53  49  1
  54  49  1
 144  49  1
 156  49  1
 171  49  1
 107  50  1
 108  50  1
 135  50  1
 122  51  1
 137  52  1
 116  53  1
 130  53  1
 126  54  1
 132  54  1
 140  54  1
 141  54  1
 151  54  1
 121  55  1
 106  56  1
 107  56  1
 151  56  1
 170  56  1
 249  59  1
  22  61  1
 106  61  1
 107  61  1
 140  61  1
 141  61  1
 153  61  1
 171  61  1
 253  63  1
 111  65  1
 156  65  1
 167  65  1
 107  66  1
 148  66  1
 173  66  1
 137  67  1
 187  67  1
 143  68  1
 200  68  1
 220  68  1
 166  69  1
 178  69  1
 226  69  1
 230  69  1
 160  71  1
 180  71  1
 181  71  1
 192  71  1
 238  71  1
 162  72  1
 187  72  1
 203  72  1
 206  72  1
 219  73  1
 115  74  1
 116  74  1
 153  74  1
 168  74  1
 200  74  1
 226  74  1
 127  75  1
 149  75  1
 150  75  1
 224  75  1
 264  75  1
  12  77  1
 122  77  1
 131  77  1
 195  77  1
 145  79  1
 246  79  1
 112  80  1
 118  80  3
 167  80  1
 123  81  1
 171  81  1
 191  81  1
 194  81  1
 118  82  1
 160  82  1
 161  82  1
 166  82  1
 176  82  1
 125  83  1
 126  83  1
 136  83  1
 138  83  1
 187  83  1
 188  83  1
  13  84  1
  14  84  1
 132  84  1
 178  84  1
 267  84  1
 268  84  1
 113  85  1
 120  86  1
 130  87  1
 131  87  1
 185  87  1
  16  88  1
 268  88  1
 269  88  1
   5  89  1
 126  89  1
 160  89  1
 154  91  1
 173  91  1
 174  91  1
 187  91  1
  10  92  1
  16  92  1
 144  92  1
  84  93  1
 186  93  1
  86  94  1
   8  95  1
  30  95  1
 134  95  1
  32  96  1
 145  96  1
 157  96  1
  32  98  1
 157  98  1
 172  98  1
  91  99  1
  93  99  1
 151  99  1
 152  99  1
  76 100  1
  96 101  1
  99 101  1
 200 101  1
   1 102  1
  88 102  1
  89 102  1
 168 102  1
  74 103  1
 129 103  1
   5 104  1
 178 104  1
 179 104  1
 235 104  1
  42 105  1
  11 106  1
  14 106  1
  36 107  1
 105 107  1
 184 107  1
 234 107  1
 261 107  1
  47 108  1
  41 109  1
  43 109  1
 178 109  1
 222 109  1
 168 110  1
 194 110  1
 196 110  1
 214 110  1
 230 110  1
 222 111  2
  77 112  1
 209 112  1
 234 112  1
 191 113  1
 192 113  1
  79 114  1
 186 114  1
 197 114  1
 205 114  1
 259 114  1
  57 115  1
  90 115  1
  91 115  1
 166 115  1
   1 116  1
  61 116  1
  63 116  1
 111 116  1
 231 116  1
 161 117  1
 168 117  1
 169 117  1
 233 117  1
 234 117  1
  11 118  1
  82 118  1
  33 119  1
 169 119  1
 171 119  1
 173 119  1
 196 119  1
   2 120  1
 158 120  1
 268 120  1
 198 121  1
 199 121  1
  64 122  1
 270 122  1
 271 122  1
  22 123  1
 116 123  1
 189 123  1
 190 123  1
 204 123  1
 274 123  1
  13 124  1
 217 124  1
  26 125  1
  32 125  1
  56 125  1
  88 125  1
  89 125  1
 108 125  1
 211 125  1
 227 125  1
   7 126  1
  72 126  1
  73 126  1
 147 126  1
 222 126  1
 232 126  1
 160 127  1
 161 127  1
 180 127  1
 181 127  1
 268 127  1
 125 128  1
 144 128  1
 280 128  1
  26 129  1
  51 129  1
  60 129  1
 161 129  1
  33 130  1
  56 130  1
 198 130  1
   6 131  1
  67 131  1
 161 131  1
 162 131  1
 181 131  1
 213 131  1
 216 131  1
 104 132  1
 261 132  1
  29 133  1
 127 133  1
 148 133  1
 230 133  1
 231 133  1
 249 133  1
  36 134  1
  88 134  1
 152 134  1
 178 134  1
 207 134  1
 253 134  1
 254 134  1
  41 135  1
 116 135  1
 118 135  1
   9 136  1
 177 136  1
 197 136  1
 200 136  1
 159 137  1
 175 137  1
 228 137  1
   7 138  1
  45 138  1
 172 139  1
 226 139  1
 227 139  1
 250 139  1
 266 139  1
  20 140  1
  38 140  1
 117 141  1
  20 142  1
  38 142  1
  45 143  1
 114 143  1
 165 143  1
 189 143  1
 226 143  1
 232 143  1
  22 144  1
  80 144  1
 103 144  1
 187 144  1
  92 145  1
 232 145  1
  24 147  1
  27 147  1
  58 147  1
 219 147  1
 227 147  1
 271 147  1
 275 147  1
 172 148  1
  11 150  1
  12 150  1
 111 150  1
 176 150  1
 180 150  1
 198 150  1
  74 151  1
 229 151  1
 104 152  1
 109 152  1
 111 152  1
 263 153  1
 271 153  1
   4 154  1
   5 154  1
  27 154  2
  28 154  1
  29 154  1
  36 154  1
 237 154  1
  11 156  1
  12 156  1
 103 156  1
 191 156  1
 185 157  1
  73 159  1
 178 159  1
 179 159  1
  77 160  1
 185 164  1
 194 164  1
  94 165  1
  78 166  1
  90 166  1
 128 166  1
 129 166  1
 119 167  1
 182 167  1
  84 168  1
  85 168  1
  89 168  1
 136 168  1
 126 169  1
 191 169  1
   7 170  1
   8 170  1
 122 170  1
 128 170  1
 187 170  1
 138 171  1
 197 171  1
 256 171  1
 181 172  1
 182 172  1
 129 174  1
  10 175  1
 194 175  1
 195 175  1
  89 176  1
 164 176  1
 175 176  1
 176 176  1
 177 176  1
 187 176  1
 188 176  1
 141 177  1
  81 178  1
  89 178  1
 152 178  1
  12 179  1
 147 179  1
 200 179  1
 201 179  1
  95 180  1
 167 180  1
 169 180  1
 193 180  1
 139 181  1
 181 181  1
 182 181  1
 213 181  1
  14 182  1
  90 182  1
 134 182  1
 156 182  1
 202 182  1
  84 183  1
 206 183  1
 259 183  1
 185 184  1
 191 184  1
 223 184  1
 210 185  1
 257 185  1
  16 186  1
 160 187  1
 178 187  1
 269 187  1
 172 188  1
 202 188  1
  18 189  1
  64 189  1
  65 189  1
 220 189  1
 240 189  1
 246 189  1
 164 190  1
 170 190  1
 180 190  1
 182 190  1
 196 190  1
 216 190  1
  48 192  1
  69 192  1
  73 192  1
  75 192  1
 133 192  1
 267 192  1
 268 192  1
  43 193  1
  54 193  1
 172 193  1
  66 195  1
 160 195  1
 161 195  1
 130 197  1
 126 198  1
 127 198  1
  26 199  1
  41 199  1
  53 199  1
  54 199  1
  35 200  1
  67 200  1
  71 200  1
  82 200  1
 151 200  1
 152 200  1
 264 200  1
 109 201  1
 110 201  1
 123 204  1
  32 205  1
  40 205  1
  48 205  1
 114 206  1
 120 206  1
 127 207  1
 158 207  1
 109 208  1
 145 208  1
 164 208  1
 192 208  1
 193 208  1
 130 209  1
 131 209  1
 142 209  1
 169 209  1
 152 211  1
 164 211  1
 181 211  1
 254 211  1
 150 212  1
 135 213  1
  57 214  1
  62 214  1
 114 214  1
 186 214  1
  42 215  1
 129 215  1
 146 215  1
 201 215  1
  71 216  1
  72 216  1
 247 216  1
 138 217  1
 205 217  1
  74 218  1
  55 219  1
  56 219  1
 126 219  1
  46 220  1
  76 220  1
  77 220  1
  96 221  1
 119 221  1
  74 223  1
  78 223  1
 124 225  1
 128 225  1
 135 226  1
 136 226  1
 184 226  1
 237 226  1
  73 227  1
  79 229  1
 117 229  1
 118 229  1
  96 230  1
  87 231  1
  88 231  1
 189 232  1
 194 232  1
 111 233  1
 227 235  1
  95 236  1
 199 237  1
 203 238  1
 209 238  1
 222 238  1
 109 239  1
  95 240  1
 216 241  1
 213 243  1
 105 244  1
 108 245  1
 111 246  1
 114 247  1
 131 247  1
 202 248  1
 199 249  1
 128 251  1
 182 252  1
 179 253  1
 171 256  1


count = 597