 161   1  1
 178   1  1
 135   2  1
 126   4  1
 122   5  1
 124   5  1
 178   7  1
 173   8  1
 205   8  1
 185  10  1
 213  12  1
  95  13  1
 179  14  1
 215  14  1
  90  15  1
 174  15  1
  84  17  1
 186  19  1
 225  19  1
 212  20  1
  75  21  1
 184  24  1
 185  24  1
 216  24  1
 222  24  1
  69  25  1
 212  26  1
 213  26  1
  91  27  1
  92  27  1
 205  27  1
  64  28  1
  65  28  1
 136  28  1
 216  29  1
 101  30  1
 102  30  1
 125  30  1
 212  30  1
  93  31  1
 247  32  1
  55  33  1
 138  33  1
  97  34  1
 140  34  1
 251  34  1
  63  35  1
 180  35  2
  50  36  1
  67  36  1
 106  36  2
 140  36  1
 238  36  1
  94  37  1
 144  37  1
 126  38  2
 140  38  1
 142  38  1
 152  38  1
 181  39  1
 195  39  1
  44  40  1
 202  40  1
 237  40  1
 238  40  1
 193  41  1
  42  42  1
 143  42  1
  93  43  1
  99  43  1
 103  43  1
 104  43  1
 133  43  1
 248  43  1
 249  43  1
 169  44  1
 198  44  1
 240  44  1
 236  45  1
 123  46  1
 124  46  1
 188  46  1
 190  46  1
  69  47  1
  99  47  1
 130  47  1
 145  47  1
 102  48  1
 117  48  1
  57  50  1
  69  50  1
 125  50  1
 142  50  1
 232  50  1
 169  51  1
 196  51  1
 157  52  1
 179  52  1
 180  52  1
  29  53  1
  66  53  1
  68  53  1
  96  53  1
 147  54  1
 172  54  1
 203  54  1
 231  54  1
 232  54  1
  69  55  1
 120  55  1
  26  56  1
 104  56  1
  23  57  1
 106  57  1
 130  57  1
 232  57  1
 267  57  1
 201  58  1
 223  58  1
  60  59  1
 147  59  1
 217  59  1
 219  59  1
  21  60  1
  68  60  1
 143  60  1
 144  60  1
 153  60  1
 197  60  1
 204  60  1
 269  60  1
  91  61  1
  92  61  1
  63  62  1
 222  62  1
  48  63  1
 135  63  1
 139  63  1
 197  63  1
 226  63  1
 231  63  1
  44  64  1
 151  64  1
 193  64  1
 204  64  1
 221  64  1
 238  64  1
 144  65  1
 145  65  1
 171  65  1
  16  66  1
  50  66  1
 250  66  1
  92  67  1
  96  67  1
 135  67  1
 178  67  1
 240  67  1
 246  67  1
  15  68  1
  62  68  1
 175  68  1
 219  68  1
 251  68  1
 252  68  1
  91  69  1
  92  69  1
 190  69  1
 191  69  1
 215  69  1
 246  69  1
 120  70  2
 122  70  1
 165  70  1
 209  70  1
 210  70  1
  80  71  1
  98  71  1
 100  71  1
 246  71  1
  13  72  1
  72  72  1
  73  72  1
  74  72  1
 104  72  1
 142  72  1
 143  72  1
 161  72  1
 249  72  1
  44  73  1
  51  73  1
  65  73  1
  80  73  1
 156  73  1
 241  73  1
 242  73  1
 254  73  1
  76  74  1
  96  74  1
  97  74  1
 106  74  1
 129  74  1
 186  74  1
 190  74  1
 192  74  1
 222  74  1
 277  75  1
 278  75  1
  76  76  1
 117  76  1
 149  76  1
 228  76  1
  16  77  1
 252  77  1
  82  78  1
 106  78  1
 241  78  1
 245  78  1
 278  78  1
 279  78  1
  36  79  1
  78  79  1
 102  79  1
 109  79  1
 114  80  1
 141  80  1
 167  80  1
 172  81  1
 192  81  1
 193  81  1
  57  82  1
 184  82  1
 201  82  1
 225  82  1
  33  83  1
  34  83  1
 136  83  1
  49  84  1
  98  84  1
 161  84  1
 178  84  1
 179  84  1
 117  85  1
 141  85  1
  45  86  1
  47  86  1
 126  86  1
 128  86  1
 178  86  1
  14  87  1
  98  87  1
 104  87  1
 124  87  1
 145  87  1
 188  87  1
 204  87  1
  47  88  1
 152  88  1
 156  88  1
 213  88  1
 204  89  1
 158  90  1
 159  90  1
  23  91  1
 173  91  1
 108  92  1
 115  92  1
 145  92  1
  18  93  1
  28  93  1
 170  93  1
 199  93  1
 200  93  1
 223  93  1
  52  94  1
  90  94  1
 165  94  1
 215  94  1
  19  95  1
  25  96  1
 186  96  1
   2  97  1
   3  97  1
  40  97  1
  82  97  1
  83  97  1
  94  97  1
 174  97  1
 226  97  1
 227  97  1
  11  98  1
  79  98  1
  99  98  1
 196  98  1
 202  98  1
 132  99  1
 231  99  1
  21 100  1
  27 100  1
  32 100  1
  83 100  1
  84 100  1
 178 100  1
 179 100  1
 202 100  1
 274 100  1
  17 101  1
 101 101  1
 128 101  1
 135 101  1
 209 101  1
 221 101  1
   9 102  1
  10 102  1
 156 102  1
 182 102  1
 183 102  1
 228 102  1
  29 103  1
  79 103  1
 126 103  1
 103 104  1
 213 104  1
 276 104  1
 124 105  1
 231 105  1
  22 106  1
  43 106  1
  84 106  1
 148 106  1
 198 106  1
 202 106  1
 224 106  1
 176 107  1
 177 107  1
 189 107  1
  13 108  1
  54 108  1
  55 108  1
  79 108  1
 224 108  1
 232 108  1
   6 109  1
  75 109  1
   1 110  1
  39 110  1
 109 110  1
 171 110  1
 226 110  1
 228 110  1
  21 111  1
  22 111  1
 190 111  1
 274 111  1
 275 111  1
 159 112  1
 174 112  1
 175 112  1
 223 112  1
  15 113  1
 184 113  1
 225 113  1
 268 113  1
 269 113  1
  37 114  1
  89 114  1
 169 114  1
 192 114  1
  76 115  1
 184 115  1
   6 116  1
  21 116  1
 107 116  1
  16 117  1
  83 117  1
 180 117  1
 217 117  1
 218 117  1
 227 117  1
 228 117  1
 263 117  1
 230 118  1
 222 119  1
  12 120  1
  58 120  1
  61 120  1
  86 120  1
 160 120  1
 191 120  1
  65 121  1
 261 121  1
  87 122  1
 257 122  1
   7 123  1
  91 123  1
 277 123  1
  44 124  1
 154 124  1
 170 124  1
   1 125  1
  14 125  1
  21 125  1
  40 125  1
  94 125  1
 221 125  1
  28 126  1
  88 126  1
 101 126  1
 103 126  1
 116 126  1
 149 126  1
 160 126  1
 161 126  1
 268 126  1
  78 127  1
 222 127  1
 235 127  1
 256 127  1
 262 127  1
  11 128  1
  56 128  1
  57 128  1
  76 128  1
 179 128  1
 241 128  1
 244 128  1
 272 128  1
  14 129  1
  15 129  1
  17 129  1
  39 129  1
 117 129  1
 171 129  1
  24 130  1
 148 130  1
 149 130  1
   7 131  1
  34 131  1
 105 131  1
 126 131  1
 184 131  1
 264 131  1
 165 132  1
 190 132  1
 191 132  1
 220 132  1
 225 132  1
 227 132  1
 238 132  1
   8 133  1
  33 133  1
  75 133  1
  90 133  1
 217 133  1
  59 134  1
 227 134  1
 234 134  1
 235 134  1
 242 134  1
  33 135  1
 119 135  1
 185 135  1
 240 135  1
 257 135  1
   6 136  1
   7 136  1
 247 136  1
   1 137  1
  44 137  1
  67 137  1
  85 137  1
  86 137  1
 160 137  1
 263 137  1
  48 138  1
 119 138  1
 258 138  1
  38 139  1
  39 139  1
  85 139  1
 182 139  1
  50 140  1
 229 140  1
 230 140  1
 252 140  1
 109 141  1
 169 141  1
 189 141  1
 190 141  1
 198 141  1
 224 141  1
 241 141  2
 242 141  1
 243 141  1
 248 141  1
  59 142  1
 126 142  1
 131 142  1
 135 143  1
 188 143  1
 231 143  1
 263 143  1
 264 143  1
 197 144  1
 198 144  1
  63 145  1
 232 145  1
 269 145  1
  52 146  1
 172 146  1
  50 147  1
  88 147  1
  89 147  1
 136 147  1
 258 147  1
  46 148  1
  83 148  1
 107 148  1
 126 148  1
 130 148  1
 229 148  1
 279 148  1
 280 148  1
  58 149  1
 265 149  1
  80 150  1
 120 151  1
 173 151  1
 192 151  1
 193 151  1
 280 151  1
 281 151  1
  26 152  1
  60 152  1
 127 152  1
 227 152  1
 228 152  1
 245 152  1
 257 152  1
   1 153  1
 176 153  1
 181 153  1
 253 153  1
  17 154  1
  39 154  1
 169 154  1
 220 154  1
 259 154  1
 281 154  1
 282 154  1
  21 155  1
  84 155  1
 106 155  1
 137 155  1
 224 155  1
 190 156  1
  99 157  1
 251 157  1
 253 157  1
 256 157  1
  14 158  1
  15 158  1
  96 158  1
 126 158  1
 130 158  1
 131 158  1
 171 158  1
 190 158  1
 191 158  1
   1 159  1
   2 159  1
  30 159  1
 152 160  2
 214 160  1
 215 160  1
 216 160  1
 254 160  1
  24 162  1
  34 162  1
  82 162  1
 106 162  1
 132 162  1
 253 162  1
 254 162  1
  93 163  1
 147 163  1
 157 163  1
  29 164  1
  45 164  1
  46 164  1
  47 164  1
  85 164  1
 130 164  1
 154 164  1
 234 164  1
 239 164  1
 218 165  1
 229 165  1
 103 166  1
 105 166  1
 192 166  1
 241 166  1
 101 167  1
 112 167  1
  54 168  1
 229 168  1
 248 168  1
  90 169  1
  91 169  1
 156 169  1
  11 170  1
 254 170  1
 158 171  1
   5 172  1
   6 172  1
  19 172  1
  58 172  1
 107 172  1
 108 172  1
 122 172  1
 129 172  1
 133 172  1
  24 173  1
 112 173  1
 165 173  1
  99 174  1
 122 174  1
 169 174  1
 174 174  1
 176 174  1
 211 174  1
   6 175  1
  13 175  1
 163 175  1
 281 175  1
 282 175  1
 113 177  1
 119 177  1
 129 177  1
 138 177  1
 146 177  1
 207 177  1
  57 178  1
 109 178  1
 213 178  1
 280 178  1
 281 178  1
 126 179  1
  20 180  1
  21 180  1
 101 180  1
 104 180  1
 154 180  1
 241 180  1
  93 182  1
  98 182  1
 138 182  1
 149 182  1
 243 182  1
 119 183  1
 168 183  1
 183 183  1
 233 183  1
 239 183  1
 278 183  1
 279 183  1
 123 184  1
 159 184  1
 160 184  1
 187 184  1
 201 184  1
 205 184  1
  22 185  1
  94 185  1
  19 186  1
  65 186  1
 109 186  1
 147 186  1
 156 186  1
 197 186  1
 213 186  1
 225 186  1
 246 186  1
  36 187  1
 113 187  1
 114 187  1
 137 187  1
 193 187  1
 217 187  1
 232 187  1
  34 188  1
  65 188  2
 141 188  1
 169 188  1
 175 188  1
 181 188  1
 235 188  1
 237 188  1
  32 189  1
  37 189  1
 104 189  1
 210 189  1
 230 189  1
 242 190  1
  53 191  1
  86 191  1
 112 191  1
 229 191  1
 230 191  1
 275 191  1
 154 192  1
 173 192  1
 235 192  1
 248 192  1
 250 192  1
  18 194  1
  28 194  1
  29 194  1
 163 194  1
 238 194  1
 107 195  1
 151 195  1
 193 195  1
 195 195  1
  91 196  1
 144 196  1
 218 196  1
 242 196  1
 258 196  1
 271 197  1
  52 198  1
  53 198  1
 110 198  1
 105 199  1
 106 199  1
 193 199  1
 194 199  1
  23 200  1
  85 200  1
  94 200  1
 179 200  1
 222 200  1
 260 200  1
  81 201  1
 114 201  1
 115 201  1
 147 201  1
 148 201  1
 100 202  1
 135 202  1
 136 202  1
 186 202  1
 219 202  1
  65 203  1
  67 203  1
  74 203  1
  52 204  1
  53 204  1
 140 204  1
 144 204  1
 195 204  1
 197 204  1
 204 204  1
 205 204  1
 211 204  1
  56 205  1
 264 205  1
  47 206  1
  48 206  1
 106 206  1
 110 206  1
 152 207  1
 100 208  1
 150 208  1
 186 208  1
  59 209  1
 110 209  1
 111 209  1
  48 210  1
  68 210  1
 124 210  1
  60 211  1
  64 211  1
 102 211  1
 203 211  1
 258 211  1
  50 212  1
 156 212  1
 162 212  1
 238 212  1
 101 213  1
 158 213  1
 159 213  1
 166 213  1
 167 213  1
 126 215  1
 169 215  1
 224 215  1
 254 215  1
 135 216  1
 152 216  1
 207 216  1
 208 216  1
 233 216  1
 242 216  1
  72 217  1
 102 217  1
 103 217  1
 110 217  1
 114 217  1
 222 217  1
 120 218  1
 121 218  1
 133 218  1
 135 218  1
 142 218  1
 149 218  1
 251 218  1
  55 219  1
 105 219  1
 109 219  1
 127 219  1
 128 219  1
 170 219  1
 171 219  1
 183 219  1
 187 219  1
 205 219  1
  61 220  1
 138 220  1
 151 221  1
 247 221  1
  77 222  1
  59 223  1
  60 223  1
  82 223  1
 123 223  1
  49 224  1
 114 224  1
 216 224  1
 238 224  1
 123 225  1
 133 225  1
 134 225  1
 150 225  1
 188 225  1
 104 226  1
 128 226  1
 160 226  1
 234 226  1
 235 226  1
  55 227  1
  83 227  1
 143 227  1
 145 227  1
  68 228  1
  75 228  1
 151 228  1
 195 228  1
  82 229  1
 143 229  1
 171 229  2
 197 229  1
 215 229  1
 216 229  1
 217 229  1
  59 230  1
  99 230  1
 124 230  1
  81 231  1
 156 231  1
 183 231  1
 184 231  1
 213 231  1
  96 232  1
  65 233  1
  94 233  1
 190 234  1
  68 235  1
 116 235  1
 117 235  1
 132 235  1
  92 236  1
 134 236  1
 203 236  1
 217 236  1
  70 237  1
 140 238  1
 141 238  1
 167 238  1
 199 238  1
 153 239  1
  79 240  1
 115 240  1
 116 240  1
 124 240  1
 125 240  1
 184 240  1
 185 240  1
 193 240  1
  82 241  1
 190 241  1
 210 242  1
 121 243  1
 149 244  1
 156 244  1
 157 244  1
 169 244  1
 102 246  1
 107 248  1
 125 248  1
 138 248  1
 144 249  1
 156 249  1
 177 249  1
 179 249  1
 180 249  1
 200 249  1
 112 250  1
 142 250  1
 131 251  1
 174 251  1
 197 251  1
 123 253  1
 195 253  1
 126 254  1
 129 255  1
 151 256  1
 187 256  1
 189 256  1


count = 930