 153   1  1
 169   1  1
 138   2  1
 174   2  1
 136   4  1
 176   4  1
 131   5  1
 125   7  1
 158   7  1
 159   7  1
 168   7  1
 199   7  1
 118   9  1
 135   9  1
 170   9  1
 115  10  1
 163  11  1
 178  11  1
 179  11  1
 207  11  1
 109  12  1
 106  13  1
 176  13  1
 139  14  1
 119  16  1
 142  16  1
  86  17  1
 125  17  1
 177  17  1
 214  17  1
 146  18  1
 127  19  1
 149  20  1
 164  20  1
 165  20  1
 219  20  1
 220  20  1
  75  21  1
 119  21  1
 127  23  1
 170  23  1
 227  23  1
 160  24  1
  67  25  1
  68  25  1
 121  25  1
 122  25  1
 129  25  1
 166  25  1
 167  25  1
 172  26  1
 173  26  1
 231  26  1
 161  27  1
 162  27  1
 170  28  1
 171  28  1
 172  28  1
  60  29  1
  76  29  1
 181  29  1
  70  30  1
 162  30  1
 237  30  1
 169  32  1
 141  33  1
 143  33  1
 144  33  1
  53  34  1
  69  34  1
  70  34  1
 164  34  1
 165  34  1
 129  35  1
  50  36  1
  63  36  1
 133  36  1
 134  36  1
 139  37  1
  47  38  1
 175  38  1
 127  39  1
 136  41  1
 141  41  1
  69  42  1
  80  43  1
 184  43  1
  72  44  1
  73  44  1
  88  44  1
 171  44  1
 167  45  1
 168  45  1
 188  45  1
 134  46  1
 135  46  1
 141  46  1
 127  47  1
  79  48  1
 133  48  1
 164  48  1
  74  50  1
 188  50  1
 189  50  1
  76  51  1
  49  52  1
  58  52  1
 145  52  1
 155  52  1
  43  53  1
 138  53  1
 158  53  1
 159  53  1
 134  54  1
 162  54  1
 163  54  1
  39  55  1
 247  55  1
 261  55  1
  51  56  1
  77  56  1
  78  56  1
  40  57  1
 152  57  1
 161  57  1
 248  57  1
 263  57  1
  58  58  1
  83  58  1
 157  58  1
  78  59  1
  79  59  1
 248  59  1
 266  60  1
 267  60  1
  43  61  1
 150  61  1
 156  61  1
 201  61  1
  23  62  1
 134  62  1
 180  62  1
 184  62  1
 258  62  1
 271  62  1
  31  63  1
  32  63  1
  86  63  1
  83  64  1
 136  64  1
 177  64  1
 204  64  1
  39  65  1
 171  65  1
 184  65  1
 245  65  1
  20  66  1
 146  66  1
 208  66  1
 238  66  1
  44  67  1
  48  67  1
 111  67  1
 139  67  1
 151  67  1
 168  68  1
 257  68  1
 258  68  1
 270  69  1
 271  69  1
  38  70  1
  85  70  1
  89  70  1
 115  70  1
 121  70  1
 122  70  1
 265  70  1
 266  70  1
 147  71  1
 271  71  1
 276  71  1
 277  71  1
  40  72  1
  41  72  1
  46  72  1
 166  72  1
 219  72  1
 187  73  1
 237  73  1
 139  74  1
 181  74  1
 194  74  1
 220  74  1
 267  74  1
 268  74  1
  88  75  1
 124  75  1
 146  75  1
 207  75  1
  53  76  1
  77  76  1
  82  76  1
 178  76  1
 221  76  1
 160  77  1
 189  77  1
 209  77  1
 278  77  1
 279  77  1
  12  78  1
  53  78  1
 271  78  1
  75  79  1
 226  79  1
  59  80  1
  60  80  1
 215  80  1
 217  80  1
 279  80  1
 280  80  1
 182  81  1
 229  81  1
  65  82  1
  69  82  1
 158  82  1
 233  82  1
 188  83  1
 189  83  1
 280  83  1
 281  83  1
  15  84  1
 195  84  1
 203  84  1
 249  84  1
  10  85  1
 233  85  1
 182  86  1
 235  86  1
 269  86  1
 270  86  1
  20  87  1
  26  87  1
 177  87  1
 223  88  1
 224  88  1
   7  89  1
  52  89  1
  30  90  1
 192  91  1
 193  91  1
 250  91  1
 164  92  1
 172  92  1
 201  92  1
  19  93  1
  45  93  1
  46  93  1
  47  93  1
 147  93  1
 154  93  1
 155  93  1
 207  93  1
 230  93  1
 231  93  1
 243  93  1
 252  93  1
   6  94  1
 157  94  1
  63  95  1
  65  95  1
 188  95  1
 260  95  1
 264  95  1
   4  96  1
  10  96  1
  67  96  1
 140  96  1
 162  96  1
 246  96  1
 247  96  1
 255  96  1
  16  97  1
  52  97  1
 266  97  1
  76  98  1
 231  98  1
 232  98  1
 250  98  1
  71  99  1
 137  99  1
 186  99  1
 205  99  1
 206  99  1
  55 100  1
  81 100  1
   3 101  1
 165 101  1
 166 101  1
 199 101  1
  63 102  1
  77 102  1
 131 102  1
 181 102  1
 232 102  1
 233 102  1
 259 102  1
   1 103  1
  70 103  1
 116 103  1
 162 103  1
 196 103  1
 175 104  1
 178 104  1
 281 104  1
 282 104  1
 240 105  1
 241 105  1
   1 106  1
   6 106  1
  90 106  1
  91 106  1
 160 106  1
  72 107  1
 264 107  1
 280 107  1
 281 107  1
  15 108  1
 233 108  1
  78 109  1
 129 109  1
 174 109  1
 175 109  1
 176 109  1
 240 109  1
 241 109  1
  16 110  1
  86 110  1
  95 110  1
 100 110  1
 111 110  1
 195 110  1
 227 110  1
 231 110  1
 271 110  1
 143 111  1
 144 111  1
 212 111  1
 214 111  1
  68 112  1
  69 112  1
  88 112  1
 278 112  1
 279 112  1
  92 113  1
 113 113  1
 158 113  1
 216 113  1
 217 113  1
 223 113  1
 251 113  1
 115 114  1
 149 114  1
 155 114  1
 233 114  1
 263 114  1
  14 115  1
  64 115  1
 199 115  1
  74 116  1
  93 116  1
  95 116  1
 108 116  1
 146 116  1
 225 116  1
 270 116  1
 265 117  1
   1 118  1
  12 118  1
 101 118  1
 122 118  1
 221 119  1
 222 119  1
  63 120  1
 139 120  1
 179 120  1
 262 120  1
 227 121  1
   8 122  1
  33 122  1
 121 122  1
 251 122  1
 260 122  1
 275 122  1
 276 122  1
 107 123  1
  23 124  1
  34 124  1
 249 124  1
 221 125  1
  39 126  1
  75 126  1
 258 126  1
 267 126  1
   8 127  1
  66 127  1
 119 127  1
 154 127  1
 269 127  1
 270 127  1
  25 128  1
 146 128  1
 176 128  1
 206 128  1
 207 128  1
 248 128  1
  82 129  1
  83 129  1
 102 129  1
 104 129  1
 135 129  1
 136 129  1
 199 129  1
 244 129  1
 246 129  1
  93 130  1
 143 130  1
   8 131  1
  63 131  1
  89 131  1
  91 131  1
 107 131  1
 195 131  1
   9 133  1
  27 133  1
  31 133  1
 102 133  1
 116 133  1
 125 133  1
 132 133  1
 277 133  1
  38 134  1
  47 134  1
  54 134  1
 155 134  1
 156 134  1
 199 134  1
 200 134  1
   1 135  1
 177 135  1
   8 136  1
  41 136  1
  45 136  1
 135 136  1
 192 136  1
 193 136  1
  13 137  1
 197 137  1
 212 137  1
  15 138  1
  56 138  1
  57 138  1
 272 138  1
  23 139  1
  32 139  1
 177 139  1
 178 139  1
 218 139  1
 222 139  1
 280 139  1
 231 140  1
   1 141  1
  80 141  1
 152 141  1
 102 142  1
 213 142  1
  47 143  1
 119 143  1
 177 143  1
 184 143  1
  88 144  1
 106 144  1
 157 144  1
 110 145  1
 133 145  1
  90 146  1
  94 146  1
 271 146  1
 276 146  1
 227 147  1
   2 148  1
   3 148  1
 160 148  1
 229 148  1
 100 149  1
 113 149  1
 163 150  1
 269 150  1
  11 152  1
  21 152  1
  51 152  1
  61 152  2
 132 152  1
 257 152  1
 275 152  1
  72 153  1
 229 153  1
 269 153  1
  56 154  1
  95 154  1
 112 154  1
 226 154  1
 263 154  1
 166 155  1
 242 155  1
 248 155  1
  83 156  1
 114 156  1
 119 156  1
 251 156  1
 271 156  1
   5 157  1
  19 157  1
 133 157  1
  21 158  1
  23 158  1
  13 159  1
  90 159  1
  91 159  1
 104 159  1
 223 160  1
  93 161  1
 100 161  1
 272 161  1
 274 161  1
 133 162  1
 135 163  1
 259 163  1
 267 163  1
 235 164  1
 144 165  1
 224 165  1
 248 165  1
 260 165  1
 280 165  1
 281 165  1
 176 166  1
 256 166  1
  11 167  1
 246 168  1
 153 169  1
 239 169  1
 240 169  1
 268 169  1
 269 169  1
 278 170  1
  24 172  1
  29 172  1
 268 172  1
  60 173  1
 238 173  1
 156 174  1
 243 174  1
 244 174  1
 275 174  1
  21 175  1
  38 175  1
 215 175  1
 159 176  1
 160 176  1
 243 176  1
  14 177  1
 198 177  1
 214 177  1
  50 179  1
  62 179  1
  63 179  1
 194 179  1
 237 179  1
 238 179  1
  22 180  1
  23 180  1
 164 180  1
 190 180  1
  17 181  1
  31 181  1
  32 181  1
  63 182  1
 231 182  1
  50 183  1
  51 183  1
 169 183  1
 223 183  1
 267 183  1
 230 184  1
 237 184  1
 176 185  1
  29 186  1
  30 186  1
  44 186  1
  46 186  1
 215 186  1
 220 186  1
 179 187  1
  49 188  1
  57 188  1
  58 188  1
  91 188  1
 213 188  1
  62 189  1
  75 189  1
  86 189  1
 208 189  1
  24 191  1
  44 191  1
  36 192  1
 159 193  1
 160 193  1
 205 193  1
  26 194  1
  33 194  1
  41 194  1
 152 194  1
 151 196  1
 152 196  1
 163 196  1
 164 196  1
  28 197  1
 257 197  1
  40 198  1
  43 198  1
 101 198  1
  30 200  1
  47 200  1
 158 202  1
  97 203  1
  99 203  1
 162 203  1
  47 204  1
  92 205  1
  97 205  1
 252 205  1
 170 206  1
 101 208  1
 103 208  1
 158 208  1
 160 208  6
 162 208  1
 250 208  1
  52 209  1
  69 211  1
 109 212  1
  92 213  1
 100 213  1
 116 213  1
 153 213  1
 171 213  1
 172 213  1
  85 214  1
 122 214  1
 117 216  1
  69 217  1
  80 217  1
  62 218  1
  63 218  1
 115 218  2
  92 219  1
 170 219  1
 171 219  1
  97 220  1
 161 220  1
  67 221  1
  83 221  1
  62 222  1
  75 222  1
 150 222  1
  52 223  1
  80 223  1
 100 224  1
 149 224  1
 154 224  1
 155 224  1
 166 224  1
 107 225  1
 164 225  1
  57 226  1
 158 226  1
 160 226  1
  76 227  1
 162 227  1
 232 227  1
  62 229  1
  63 229  1
 112 229  1
 150 230  1
 227 230  1
  67 231  1
  75 231  1
 144 231  1
 162 232  1
 224 232  1
 182 233  1
 221 234  1
  89 235  1
  90 235  1
 187 235  1
  76 236  1
 207 236  1
 208 236  1
 218 236  1
 183 237  1
 197 237  1
  78 238  1
 205 238  1
 215 238  1
 193 239  1
 198 239  1
  81 240  1
  87 240  1
 103 240  1
  89 241  1
  91 241  1
 188 241  1
 193 241  1
 197 242  1
 150 243  1
 155 243  1
  97 244  1
 197 244  1
 207 244  1
 155 246  1
 202 247  1
 104 248  1
 145 248  1
 109 249  1
 153 249  1
 154 249  1
 197 250  1
 157 251  1
 188 252  1
 185 253  1
 182 254  1
 158 257  1


count = 742