 143   1  1
 144   1  1
 171   1  1
 177   2  1
 163   5  1
 158   6  1
 151   7  1
 152   7  1
 194   7  1
  85   8  1
 139   8  1
  82   9  1
 129  10  1
 130  10  1
 153  10  1
 201  10  1
  77  11  1
  78  11  1
 159  11  1
 160  11  1
 139  12  1
 140  12  1
 206  12  1
  74  13  1
  91  14  1
 211  14  1
  71  15  1
 127  15  1
 128  15  1
 214  15  1
  66  17  1
  68  17  1
  91  17  1
 132  17  1
 166  17  1
 141  18  1
  61  19  1
  89  19  1
 162  19  1
 168  20  1
 169  20  1
 129  21  1
 130  21  1
  52  22  1
 144  22  1
  66  23  1
 124  23  1
  50  24  1
 159  24  1
 166  24  1
  61  25  1
  62  25  1
  64  25  1
  71  25  1
 168  25  1
 122  27  1
 123  27  1
 145  27  1
 169  27  1
  68  28  1
  69  28  1
  42  30  1
 121  30  1
 122  30  1
 139  30  1
 170  30  1
 127  31  1
  69  32  1
  86  32  1
 237  33  1
 231  35  1
  37  36  1
 126  36  1
 127  36  1
  66  37  1
 140  38  1
 228  38  1
  76  39  1
 136  39  1
 218  39  1
 219  39  1
 224  39  1
 225  39  1
 233  40  1
 234  40  1
 141  41  1
 127  42  1
 230  42  1
 255  42  1
  33  43  1
 216  43  1
 141  44  1
 226  44  1
 227  44  1
 243  44  1
 130  45  1
 145  45  1
 224  46  1
 147  47  1
 121  48  1
 261  48  1
 262  48  1
 219  49  1
 225  50  1
 233  50  1
 234  50  1
 263  51  1
 264  51  1
 135  52  1
 105  53  1
 114  53  1
 148  53  1
 120  54  1
 146  54  1
 139  56  1
 150  56  1
  21  57  1
 124  57  1
 125  57  1
 132  57  1
 133  57  1
 220  57  1
 267  57  1
 106  58  1
 110  58  1
 233  58  1
 234  58  1
 235  58  1
 120  59  1
  97  60  1
 111  60  1
 134  60  1
 173  60  1
 245  60  1
 142  61  1
 222  61  1
 224  61  1
 238  61  1
 240  61  1
 257  61  1
 269  61  1
  18  62  1
 107  62  1
 122  62  1
 126  62  1
 180  62  1
 189  62  1
 262  62  1
  90  63  1
 144  63  1
 145  63  1
 153  63  1
 165  63  1
 250  63  1
 103  64  1
 116  64  1
 157  64  1
 198  64  1
 271  64  1
  16  65  1
 162  65  1
 221  65  1
 104  66  1
 131  66  1
 242  66  1
 259  66  1
  89  67  1
  90  67  1
  91  67  1
 108  67  1
 273  67  1
  71  68  1
 134  68  1
 190  68  1
 232  68  1
 233  68  1
 251  68  1
 256  68  1
  61  69  1
  68  69  1
  69  69  1
 116  69  1
 230  69  1
 245  69  1
 262  69  1
 263  69  1
 137  70  1
 148  70  1
 156  70  1
 158  70  1
 160  70  1
 173  70  1
 194  70  1
 198  70  1
  12  71  1
  13  71  1
  61  71  1
  74  71  1
  86  71  1
 146  72  1
 192  72  1
 248  72  1
  51  73  1
  52  73  1
  53  73  1
 104  73  1
 140  73  1
 257  73  1
  49  74  1
 150  74  1
 192  75  1
 201  76  1
 206  76  1
 244  76  1
 177  77  1
 178  77  1
 198  77  1
 249  77  1
 268  77  1
 185  78  1
 186  78  1
 196  78  1
  33  79  1
 103  79  1
 104  79  1
 164  79  1
 244  79  1
  55  80  1
  57  80  1
 264  80  1
 118  81  1
 156  81  1
 157  81  1
 191  81  1
 214  81  1
 242  81  1
 279  81  1
 280  81  1
 166  82  1
   7  83  1
   8  83  1
 168  83  1
 170  83  1
 223  83  1
 256  83  1
  34  84  1
  36  84  1
 264  84  1
 180  85  1
   6  86  1
   7  86  1
  15  86  1
 106  86  1
 115  86  1
 185  86  1
 225  87  1
  29  88  1
 170  88  1
 171  88  1
 201  88  1
 237  88  1
  13  89  1
  14  89  1
  82  89  1
 231  89  1
 262  89  1
 281  89  1
 282  89  1
  78  90  1
 103  91  1
 200  91  1
 201  91  1
 241  91  1
 259  91  1
  85  92  1
  86  92  1
 178  92  1
 246  94  1
  92  95  1
  15  96  1
  17  96  1
  77  96  1
  94  96  1
 246  96  1
  12  97  1
  25  97  1
 197  98  1
 248  99  1
 249  99  1
  37 100  1
  38 100  1
  45 100  1
 165 100  1
  28 101  1
  29 101  1
  43 101  1
 206 101  1
 207 101  1
 249 101  1
   1 102  1
   2 102  1
  35 102  1
 162 102  1
 163 102  1
 227 102  1
 228 102  1
  25 103  1
  26 103  1
 235 103  1
  64 104  1
 189 104  1
 213 104  1
 214 104  1
  81 105  1
 174 105  1
 232 105  1
 233 105  1
   1 106  1
  21 106  1
 187 106  1
 200 106  1
 208 106  1
 209 106  1
 217 106  1
  54 107  1
  58 107  1
  75 107  1
  82 107  1
 212 108  1
 193 109  1
 198 109  1
 233 109  1
  27 110  1
  52 110  1
  59 110  1
 184 110  1
 218 110  1
 274 110  1
  84 111  1
 101 111  1
 157 111  1
 164 111  1
 165 111  1
 239 111  1
   1 112  1
  52 112  1
  56 112  1
  57 112  1
 103 112  1
 212 112  1
 213 112  1
 226 112  1
  10 113  1
  15 113  1
 172 113  1
 189 113  1
 202 113  1
  33 114  1
  52 114  1
  53 114  1
 154 114  1
 179 114  1
 217 114  1
 273 114  1
 150 115  1
 151 115  1
 204 115  1
 256 115  1
 260 115  1
  48 116  1
  63 116  1
  64 116  1
  71 116  1
  90 116  1
 110 116  1
 174 116  1
 267 116  1
 199 117  1
 200 117  1
 226 117  1
 227 117  1
 255 117  1
   1 118  1
   2 118  1
  84 118  1
  85 118  1
 146 118  1
 165 118  1
 207 118  1
  79 119  1
  80 119  1
 193 119  1
 194 119  1
 216 119  1
 252 119  1
   2 120  1
   8 120  1
  17 120  1
  21 120  1
 169 120  1
  13 121  1
  50 121  1
 210 121  1
   2 122  1
   3 122  1
  23 122  1
 274 122  1
 281 122  1
  61 123  1
 108 123  1
 145 123  1
 205 124  1
 227 124  1
   7 125  1
 148 125  1
 155 125  1
 217 125  1
 231 125  1
 279 125  1
  34 126  1
  35 126  1
 128 126  1
 159 126  1
 234 126  1
 239 126  1
  44 127  1
  49 127  1
 112 127  1
 119 127  1
 131 127  1
 132 127  1
 192 127  1
 193 127  1
 210 127  1
 223 127  1
 236 127  1
 267 127  1
  15 128  1
 252 128  1
   8 129  1
  61 129  1
  62 129  1
 179 129  1
 258 129  1
 259 129  1
  34 130  1
 147 130  1
 171 130  1
 172 130  1
 190 130  1
 128 131  1
 131 131  1
 182 131  1
 236 131  1
  27 132  1
 109 132  1
 115 132  1
 134 132  1
 136 132  1
 154 132  1
 158 132  1
 165 132  1
 251 132  1
   1 134  1
   2 134  1
 228 134  1
  85 135  1
 197 135  1
 198 135  1
 212 135  1
 108 136  1
 251 136  1
 271 136  1
   1 137  1
  65 137  1
  76 137  1
 112 137  1
 166 137  1
  83 138  1
  91 138  1
 147 138  1
 190 138  1
 204 138  1
  51 140  1
  53 140  1
  91 140  1
 165 140  1
 166 140  1
 204 140  1
   9 141  1
  17 141  1
 150 141  1
 162 141  1
  12 142  1
  13 142  1
 174 142  1
  47 143  1
  60 143  1
  65 143  1
 158 143  1
 192 143  1
 196 143  1
 201 144  1
  88 146  1
 280 146  1
 281 146  1
  84 147  1
  86 147  1
   1 148  1
  61 148  1
 111 148  1
 169 148  1
 181 148  1
 193 148  1
 273 148  1
 274 148  1
 275 148  1
 281 148  1
 160 149  1
 161 149  1
  61 150  1
  78 150  1
  80 150  1
 176 150  1
 268 150  1
 281 150  1
 282 150  1
  52 151  1
 101 152  1
 167 152  1
 267 152  1
  49 153  1
 116 153  1
  47 154  1
 172 154  1
 218 154  1
 219 154  1
  90 155  1
 101 155  1
 126 155  1
  76 156  1
 220 157  1
  96 158  1
 167 158  1
 234 158  1
 235 158  1
  78 159  1
 102 159  1
 115 159  1
 126 159  1
 172 159  1
 176 159  1
 177 159  1
 220 159  1
 229 159  1
 164 160  1
 215 160  1
 216 160  1
  87 161  1
 173 161  1
 250 161  1
  11 162  1
  16 162  1
  18 162  1
  24 162  1
  26 163  1
 227 163  1
  21 164  1
  29 164  1
 231 164  1
 238 164  1
  75 165  1
 214 165  1
  84 167  1
 179 168  1
 180 168  1
  29 169  1
 230 169  1
 236 170  1
   6 171  1
  84 171  1
  85 171  1
 211 172  1
 234 172  1
  85 173  1
 113 173  1
 114 173  1
 181 173  1
  95 174  1
  96 174  1
 117 174  1
 131 174  1
 132 174  1
 166 174  1
 219 174  1
 236 174  1
  86 175  1
 169 175  1
 242 175  1
   8 176  1
   9 176  1
  84 176  1
 123 176  1
 185 176  1
 278 176  1
  75 177  1
  79 177  1
 136 177  1
 218 177  1
 219 177  1
  69 178  1
 187 178  1
 139 179  1
 148 179  1
 276 179  1
 177 180  1
 178 180  1
  72 181  1
  73 181  1
  82 181  1
 121 181  1
 136 181  1
 144 181  1
 195 181  1
 275 181  1
  10 182  1
  11 182  1
  75 182  1
  88 182  1
 115 182  1
 128 182  1
 129 182  1
 176 182  1
 248 182  1
  97 183  1
  69 184  1
  11 185  1
  12 185  1
 115 185  1
 131 185  1
 188 185  1
 192 185  1
 198 185  1
  82 186  1
 207 186  1
  86 187  1
  96 187  1
 116 187  1
 125 187  1
 107 188  1
 152 189  1
 181 190  1
 242 190  1
 254 190  1
 131 191  1
 174 191  1
 244 191  1
  16 193  1
 247 193  1
 179 194  1
  88 195  1
 130 195  1
 131 195  1
 165 196  1
 190 196  1
 192 197  1
 248 197  1
 249 197  1
 266 197  1
 195 198  1
 153 199  1
 154 199  1
  89 201  1
 136 201  1
 252 202  1
  97 203  1
  98 203  1
 142 203  1
 261 203  1
 107 206  1
 120 206  1
 129 207  1
 258 207  1
  94 208  1
  95 208  1
 115 208  1
 140 208  1
  25 209  1
 138 209  1
 150 209  1
 100 210  1
 101 210  1
 102 210  1
 107 210  1
 148 210  1
  56 212  1
  60 212  1
  83 212  1
 125 212  1
 126 212  1
 129 212  1
 142 212  1
  72 213  1
  87 213  1
  96 213  1
 119 213  1
 123 213  1
  55 214  1
  65 214  1
  70 215  1
 250 215  1
  97 216  1
 106 216  1
 137 217  1
 138 217  1
  33 218  1
  92 218  1
  61 220  1
 111 220  1
  37 222  1
 108 223  1
 109 223  1
 116 223  1
  83 225  1
  84 225  1
  93 226  1
  94 226  1
  43 227  1
 108 227  1
 109 227  1
 232 227  1
 115 228  1
 122 229  1
 123 229  1
 159 229  1
 230 229  1
  48 230  1
  93 230  1
  94 230  1
 153 230  1
  51 232  1
 149 232  1
 150 232  1
 162 232  1
 227 232  1
 113 233  1
  84 234  1
 116 235  1
  57 236  1
 162 237  1
  85 243  1
  87 244  1
  89 244  1
  94 246  1
 182 249  1
 122 251  1
 173 252  1


count = 757