 153   1  1
 160   1  1
 179   4  1
 181   5  1
 106   7  1
 147   7  1
 153   7  1
 154   7  1
 139   8  1
 149   9  1
 150   9  1
  98  10  1
 195  12  1
 132  13  1
 133  13  1
  87  14  1
 156  14  1
 134  15  1
 152  16  1
 153  16  1
 101  17  1
 158  17  1
 159  17  1
 138  19  1
 143  19  1
 105  20  1
 111  21  1
 112  21  1
 157  21  1
 149  22  1
 160  22  1
  78  23  1
  79  23  1
 147  23  1
  68  24  1
 145  24  1
 215  25  1
  72  26  1
 193  26  1
  72  30  1
  65  31  1
  66  31  1
 102  31  1
 134  31  1
  56  32  1
 105  32  1
 196  32  1
 197  32  1
  69  33  1
 110  33  1
  77  34  1
 186  36  2
  92  37  1
  93  37  1
 136  38  1
 190  38  1
  59  39  1
  75  39  1
  76  39  1
  80  40  1
  81  40  1
 157  40  1
 162  40  1
  59  41  1
 146  41  1
 136  42  1
 197  44  1
 201  44  1
  62  45  1
 237  45  1
  69  46  3
  80  46  1
 160  46  1
  65  47  1
 127  47  1
 203  47  1
 240  47  1
 241  47  1
 207  49  1
 244  49  1
 228  50  1
 129  51  1
  35  52  1
 235  52  1
 129  53  1
 134  54  1
 135  54  1
 203  55  1
 208  55  1
 189  56  1
 192  58  1
 224  58  1
 149  59  1
 231  59  1
 141  60  1
 224  60  1
 209  61  1
  27  62  1
 221  62  1
 192  63  1
 230  63  1
 231  63  1
 159  64  1
 200  64  1
 217  64  1
 145  65  1
 149  65  1
 210  65  1
 211  65  1
 241  65  1
 215  66  1
 233  66  1
 156  67  1
 211  67  1
 260  67  1
 261  67  1
 236  68  1
 127  69  1
 128  69  1
  28  70  1
  29  70  1
 251  70  1
 143  71  1
  28  72  1
  29  72  1
 216  72  1
 223  72  1
  18  73  1
 133  73  1
 241  73  1
 155  74  1
 266  74  1
 183  76  1
 146  78  1
 178  78  1
 214  78  1
 268  78  1
 216  79  1
 218  79  1
  13  80  1
 172  80  1
 184  80  1
  21  81  1
 222  81  1
 224  81  1
 240  81  1
 241  81  1
 204  82  1
  22  83  1
 183  84  1
 189  84  1
 165  86  1
 221  86  1
 139  88  1
 144  88  1
 145  88  1
 169  88  1
 174  88  1
 214  88  1
 220  88  1
 227  88  1
 245  88  1
 274  89  1
 132  90  1
 185  90  1
 192  90  1
 230  90  1
  23  91  1
  24  91  1
 159  91  1
 209  91  1
 141  92  1
 131  93  2
 132  93  1
 216  93  1
 238  93  1
  29  94  1
 156  94  1
 181  94  1
 233  94  1
 276  94  1
 277  94  1
  24  95  1
  25  95  1
 138  95  1
 152  96  1
 219  96  1
 146  97  1
 171  97  1
  21  98  1
 130  98  1
 131  98  1
 257  98  1
  14 100  1
 254 100  1
 278 100  1
 279 100  1
  10 101  1
 138 101  1
 259 101  1
 260 101  1
 247 102  1
 136 104  1
 137 104  1
 184 104  1
 258 104  1
   6 105  1
   7 105  1
  14 105  1
   1 106  1
 166 106  1
 189 106  1
  24 107  1
  90 107  1
 147 108  1
 161 108  1
 248 108  1
  10 109  1
  99 109  1
 124 109  1
  22 110  1
  66 110  1
 104 110  1
 128 110  1
 143 110  1
 144 110  1
   8 111  1
 154 111  1
 183 111  1
  48 112  1
 160 112  1
 173 112  1
 180 112  1
   1 113  1
  82 113  1
  86 113  1
 275 114  1
  24 115  1
  72 115  1
  97 115  1
 152 115  1
  45 116  1
  76 116  1
 155 116  1
  23 117  1
  24 117  1
  28 117  1
  86 117  1
  99 117  1
 195 117  1
 199 117  1
 274 117  1
 275 117  1
  30 119  1
  51 119  1
 136 119  1
 137 119  1
 267 119  1
  40 120  1
  99 120  1
 119 120  1
 140 120  1
 263 120  1
 264 120  1
  51 121  1
 142 121  1
 143 121  1
 194 121  1
  12 122  1
  23 122  1
  93 122  1
 185 122  1
 260 122  1
   9 123  1
  55 123  1
 117 123  1
 160 123  1
  93 124  1
 103 124  1
 187 124  1
 254 124  1
 255 124  1
 257 124  1
  25 125  1
  59 125  1
  60 125  1
 154 125  1
  15 126  1
  18 126  1
  46 126  1
  55 126  1
 243 126  1
 208 127  1
 266 127  1
  28 128  1
  55 128  1
 100 128  1
 101 128  1
 144 128  1
 146 128  1
 164 128  1
 197 128  1
 198 128  1
 214 128  1
 238 128  1
 272 128  1
  53 129  1
  60 129  1
  17 130  1
  22 130  1
 139 130  1
 187 130  1
 245 130  1
 246 130  1
   9 131  1
  44 131  1
  45 131  1
 198 131  1
  67 132  1
  71 132  1
 147 132  1
 149 132  1
 204 132  1
 258 132  1
  62 133  1
  63 133  1
 132 133  1
 219 133  1
 237 133  1
 254 133  1
  15 134  1
  40 134  1
 136 134  1
 150 134  1
  17 135  1
  19 135  1
  99 135  1
 100 135  1
 196 135  1
  12 136  1
 231 136  1
 279 136  1
  10 137  1
  94 137  1
  95 137  1
  96 137  1
 160 137  1
 161 137  1
 204 137  1
 121 139  1
 153 139  1
 155 139  1
 116 140  1
 131 140  1
 135 140  1
 189 140  1
 140 141  1
 142 141  1
  88 142  1
  99 142  1
 127 142  1
 160 142  1
 188 142  1
 196 142  1
 270 142  1
 271 142  1
 201 143  1
 118 144  1
 151 145  1
 152 145  1
 190 145  1
 259 145  1
 140 146  1
 183 146  1
 184 146  1
 105 147  1
 274 147  1
 196 148  1
 269 148  1
  84 149  1
  85 149  1
 125 149  1
 162 149  1
 257 149  1
 258 149  1
 188 150  1
 118 151  1
 138 151  1
 124 152  1
 186 152  1
 194 152  1
 208 153  1
 102 155  1
 103 155  1
 214 155  1
 240 155  1
 241 155  1
 243 155  1
 255 155  1
 199 157  1
 207 157  1
 223 157  1
 241 157  1
 254 157  1
 261 157  1
 265 157  1
  77 158  1
  78 158  1
  83 158  1
  87 158  1
  94 158  1
 170 158  1
 202 158  1
 219 158  1
 221 158  1
 259 160  1
 271 160  1
  17 161  1
  18 161  1
 237 161  1
 243 161  1
 275 161  1
  80 162  1
 167 162  1
 221 162  1
 249 162  1
 121 163  1
 204 163  1
  87 164  1
 248 164  1
 157 165  1
 219 165  1
 239 165  1
  12 166  1
  13 166  1
  20 166  1
 107 166  1
 111 166  1
 230 166  1
 268 166  1
  45 167  1
 116 167  1
 211 167  1
 217 167  1
 233 167  1
 273 167  1
 274 167  1
 161 168  1
 238 168  1
 239 168  1
  54 169  1
  76 169  1
 191 169  1
 251 169  1
 253 169  1
 258 169  1
 264 169  1
 165 170  1
 236 170  1
 279 170  1
 280 170  1
  26 171  1
  38 171  1
  40 171  1
  41 171  1
  42 171  1
  46 171  1
  21 172  1
  88 172  1
 182 172  1
 183 172  1
 210 172  1
  46 173  1
  84 173  1
 188 173  1
 204 173  1
 278 173  1
 279 173  1
  16 174  1
  34 174  1
  49 174  1
  50 174  1
 199 174  1
 209 174  1
 248 174  1
 188 175  1
 189 175  1
 193 175  1
 194 175  1
  42 176  1
  89 176  1
 224 176  1
  24 177  1
  38 177  1
 213 177  1
 176 178  1
 248 178  1
 199 179  1
 186 181  1
 189 181  1
 190 181  1
 210 181  1
 250 181  1
 251 181  1
 276 181  1
 277 181  1
 196 182  1
 204 183  1
  21 184  1
  22 184  1
 115 184  1
 208 184  1
 201 186  1
 111 188  1
 254 188  1
 271 188  1
 150 189  1
 250 190  1
 270 190  1
 165 191  1
 143 192  1
 204 192  1
 208 193  1
 125 194  1
 170 194  1
 268 194  1
 199 195  1
 142 196  1
  66 197  1
  70 197  1
 106 197  1
 107 197  1
 112 197  1
 136 197  1
 266 197  1
 139 198  1
 171 198  1
 172 198  1
  77 199  1
  32 202  1
 106 202  1
 263 202  1
 162 203  1
 163 203  1
 185 204  1
 174 205  1
 159 206  1
 105 207  1
 138 207  1
 142 207  1
 191 208  1
  56 209  1
 135 209  1
 257 209  1
 176 210  1
 199 210  1
  76 212  1
 118 213  1
 130 213  1
 166 213  1
 167 213  1
  74 214  1
 152 215  1
  75 216  1
 131 216  1
 147 216  1
 108 217  1
  70 218  1
 102 218  1
 131 218  1
  65 219  1
 167 219  1
 202 219  1
 110 220  1
 129 220  1
 144 220  1
  50 221  1
  59 221  1
  64 221  1
 123 221  1
 110 222  1
 134 222  1
 144 222  1
 150 222  1
 204 222  1
 175 223  1
 111 224  1
 122 224  1
 146 224  1
 158 224  1
 240 224  1
  72 225  1
  98 225  1
 135 226  1
 139 226  1
 145 226  1
 151 226  1
  58 228  1
 138 228  1
 106 229  1
 155 229  1
  71 230  1
  72 230  1
  61 231  1
  62 231  1
 137 231  1
 126 232  1
 141 232  1
 142 232  1
 232 232  1
  65 233  1
  81 233  1
 147 233  1
 132 234  1
 192 234  1
 195 234  1
 229 234  1
 100 235  1
 105 236  1
 106 236  1
  72 237  1
  84 237  1
 122 237  1
 123 237  1
 197 237  1
 198 237  1
 133 238  1
 144 238  1
 224 238  1
  98 239  1
  77 240  1
 129 240  1
 220 240  1
 102 241  1
 194 241  1
  80 243  1
  85 244  1
 139 244  1
 192 244  1
 197 244  1
  91 246  1
 108 246  1
 146 246  1
 154 246  1
 159 246  1
 160 246  1
 209 246  1
 114 247  1
 128 248  1
 206 248  1
 103 250  1
 154 250  1
 201 250  1
 140 251  1
 159 251  1
 110 252  1
 196 252  1
 116 253  1
 119 254  1
 178 256  1


count = 660