 151   1  1
 169   1  1
 172   1  1
 177   2  1
 120   4  1
 140   8  1
 203   8  1
 204   8  1
 134   9  1
 135   9  1
 150   9  1
 151   9  1
 166   9  1
 178   9  1
 207  10  1
 160  11  1
 171  11  1
 191  11  1
 101  12  1
 112  13  1
 113  13  1
 170  13  1
 120  14  1
 192  14  1
 186  15  1
 187  15  1
 188  15  1
 115  16  1
 171  16  1
 172  16  1
 181  16  1
  82  19  1
 148  20  1
 226  20  1
  75  22  1
 138  22  1
  73  23  1
 122  23  1
 155  23  1
 156  23  1
 167  23  1
 193  23  1
 230  23  1
 119  24  1
 145  25  1
 146  25  1
 171  25  1
  85  26  1
  86  26  1
 234  26  1
  66  27  1
  81  27  1
 162  27  1
 196  28  1
  62  29  1
  63  29  1
 146  29  1
 164  29  1
 165  29  1
  76  30  1
 131  30  1
 132  30  1
 158  30  1
  91  31  1
 124  31  1
 143  31  1
  82  32  1
 201  32  1
  78  34  1
  50  35  1
  51  35  1
  65  35  1
  95  35  1
  47  37  1
  88  37  1
 140  37  1
 167  37  1
  75  38  1
  82  38  1
 191  38  1
 193  38  1
  44  39  1
  73  39  1
 116  39  1
 168  39  1
 180  39  1
 111  40  1
 195  40  1
 130  41  1
 131  41  1
 167  41  1
 187  41  1
  88  42  1
 218  42  1
  81  43  1
  82  43  1
  66  44  1
 177  44  1
 196  44  1
  76  45  1
 101  45  1
 102  45  1
 118  45  1
 119  45  1
 164  45  1
 171  45  1
 189  45  1
 212  45  1
  82  46  1
 196  46  1
  76  47  1
 147  47  1
 191  47  1
  32  48  1
  33  48  1
 197  48  1
  85  49  1
  67  51  1
 117  51  1
 166  51  1
 150  52  1
 205  52  1
 209  52  1
  29  53  1
  87  53  1
  99  53  1
 142  53  1
 143  53  1
 220  53  1
 224  53  1
 162  54  1
 213  54  1
 107  55  1
 108  55  1
  77  56  1
  98  56  1
  99  56  1
 140  56  1
 243  56  1
  88  57  1
 207  57  1
 250  57  1
 226  58  1
 143  60  1
 144  60  1
 240  60  1
  98  61  1
 218  61  1
 222  61  1
  92  63  1
  96  63  1
 158  63  1
 223  63  1
 250  63  1
 119  64  1
 227  64  1
 246  64  1
 116  65  1
 147  65  1
 159  65  1
 124  66  1
 219  67  1
 247  67  1
  16  68  1
  96  68  1
 155  68  1
 158  68  1
  99  69  1
 222  69  1
 244  69  1
  69  70  1
 126  70  1
 143  70  1
 239  70  1
  58  71  1
 263  71  1
 264  71  1
  52  72  1
 144  72  1
 249  72  1
 250  72  1
 117  73  1
 121  73  1
  78  74  1
 110  74  1
 236  74  1
 264  74  1
 265  74  1
 103  75  1
 188  75  1
 181  76  1
 183  76  1
 238  76  1
 189  77  1
 220  77  1
 189  79  1
 201  79  1
 202  79  1
 203  79  1
 242  80  1
 244  80  1
  10  81  1
  49  81  1
  56  81  1
 177  81  1
 198  81  1
 210  81  1
 217  81  1
 167  82  1
 251  83  1
 165  84  1
  57  85  1
 179  86  1
 180  86  1
 218  86  1
 219  86  1
 197  87  1
 257  87  1
 271  87  1
  33  88  1
  54  88  1
   5  89  1
 172  89  1
  28  90  1
  29  90  1
  89  90  1
  94  90  1
  12  91  1
  44  91  1
 207  91  1
 211  91  1
 216  91  1
 220  91  1
 102  92  1
 133  92  1
 156  92  1
 178  92  1
 236  92  1
 240  92  1
 122  93  1
 136  93  1
  11  94  1
  12  94  1
  49  94  1
  85  94  1
  86  94  1
 176  94  1
 275  94  1
 276  94  1
   2  95  1
   3  95  1
 111  95  1
 115  95  1
 116  95  1
 147  95  1
 149  95  1
 234  95  1
 144  96  1
 258  96  1
 142  97  1
 244  97  1
  72  98  1
  73  98  1
 175  98  1
 259  98  1
 179  99  1
 245  99  1
 182 100  1
 192 100  1
 278 100  1
 279 100  1
 186 101  1
   8 102  1
  17 102  1
  65 102  1
 172 102  1
 193 102  1
 186 103  1
  50 104  1
  51 104  1
  65 104  1
 121 104  1
 151 104  1
 164 104  1
 165 104  1
 166 104  1
 232 104  1
 255 104  1
  16 105  1
  43 105  1
  90 105  1
 160 105  1
 186 105  1
 280 105  1
 281 105  1
   1 106  1
  65 106  1
  66 106  1
 102 106  1
 146 106  1
 191 107  1
 192 107  1
 237 107  1
  42 108  1
  58 108  1
 144 108  1
 169 108  1
  20 109  1
  22 109  1
  61 109  1
 132 109  1
 252 109  1
 253 109  1
 254 109  1
  68 111  1
  91 111  1
  96 111  1
  97 111  1
  98 111  1
 196 111  1
  16 112  1
 126 112  1
 165 112  1
  49 113  1
 143 113  1
 160 113  1
 161 113  1
 235 113  1
  34 114  1
  64 114  1
  65 114  1
 103 114  1
  12 115  1
  30 115  1
 195 115  1
 280 115  1
 281 115  1
  75 116  1
 125 116  1
 199 116  1
  99 117  1
 114 117  1
 192 117  1
  17 118  1
 119 118  1
 145 118  1
 188 118  1
 279 118  1
 280 118  1
   8 119  1
  22 119  1
  28 119  1
 111 119  1
 141 119  1
 170 119  1
  11 120  1
  85 120  1
 129 120  1
 235 120  1
   1 121  1
 118 122  1
 119 122  1
 123 122  1
 155 122  1
 169 122  1
 241 122  1
 242 122  1
  86 124  1
  32 125  1
 164 125  2
 165 125  1
 233 125  1
  35 126  1
  39 126  1
  41 126  1
  87 126  1
 133 126  1
 138 126  1
 153 126  1
 179 126  1
 195 126  1
 247 126  1
 256 126  1
 273 126  1
  12 127  1
 126 127  1
 135 127  1
 136 127  1
 237 127  1
 108 128  1
 175 128  1
 150 129  2
 158 129  1
 140 130  1
 178 130  1
 186 130  1
 189 130  1
 246 130  1
 278 130  1
 279 130  1
  10 131  1
  19 131  1
  38 131  1
  43 131  1
 193 131  1
 219 131  1
 226 131  1
 266 131  1
  14 132  1
  15 132  1
  25 132  1
  32 132  1
 250 132  1
 262 132  1
 141 133  1
 256 133  1
 274 133  1
  16 134  1
 262 134  1
 166 135  1
 225 135  1
 256 135  1
  21 136  1
  31 136  1
 104 136  1
 197 136  1
 240 136  1
 262 136  1
   3 137  1
   4 137  1
 161 137  1
 189 137  1
 208 137  1
 256 137  1
  49 138  1
 146 138  1
 147 138  1
 171 138  1
 243 138  1
 264 138  1
 150 139  1
 200 139  1
 269 139  1
 270 139  1
  13 140  1
  14 140  1
  56 140  1
 245 140  1
 246 140  1
  21 141  1
  37 141  1
 116 141  1
 117 141  1
 132 141  1
 140 141  1
 166 141  1
 167 141  1
 201 141  1
   1 142  1
   2 142  1
 127 142  1
 228 142  1
 229 142  1
 270 142  1
 271 142  1
  49 143  1
  85 143  1
  56 144  1
 149 144  1
  25 145  1
  87 145  1
 142 145  1
 172 145  1
  94 146  1
 111 146  1
 112 146  1
 158 146  1
 228 146  1
 229 146  1
 117 147  1
 263 147  1
 268 147  1
  12 148  1
  24 148  1
  29 148  1
 151 148  1
 166 148  1
 244 148  1
  38 149  1
 102 149  1
 123 149  2
 132 149  1
 178 149  1
 260 150  1
  46 151  1
 180 151  1
 212 151  1
  51 152  1
 167 152  1
 248 152  1
   2 153  1
   3 153  1
  35 153  1
  43 153  3
  44 153  1
  58 153  1
  94 153  1
 229 153  1
 167 154  1
 201 154  1
  20 155  1
 155 155  1
 272 155  1
 276 155  1
 163 156  1
 258 156  1
 259 156  1
  57 157  1
 109 157  1
 121 157  1
  28 158  1
 125 158  1
 129 158  1
 131 159  1
 173 159  1
 229 159  1
 282 159  1
 283 159  1
  14 160  1
  87 160  1
 106 160  1
 206 160  1
 208 160  1
 233 160  1
 252 160  1
  18 161  1
  19 161  1
   6 162  1
   7 162  1
  87 162  1
 114 162  1
 136 162  1
 236 162  1
 107 163  1
 281 163  1
 282 163  1
  90 164  1
  94 164  1
 147 164  1
 229 164  1
 230 164  1
 273 164  1
  38 165  1
 149 165  1
 180 165  1
 219 165  1
 269 165  1
 177 166  1
 187 166  1
 188 166  1
  30 167  1
 219 167  1
 169 168  1
 257 168  1
  44 169  1
 155 169  1
 166 169  1
 175 169  1
 217 169  1
 244 169  1
  27 170  1
 204 170  1
  42 171  1
 261 171  1
 262 171  1
 159 172  1
 209 172  1
 210 172  1
 242 172  1
 164 173  1
  34 174  1
  35 174  1
 265 174  1
 228 175  1
  30 176  1
 203 176  1
 204 176  1
 257 176  1
 276 178  1
  34 179  1
 187 179  1
 209 179  1
 244 179  1
 261 179  1
 265 179  1
 246 180  1
  38 182  1
  63 183  1
  64 183  1
 184 184  1
 186 184  1
 245 184  1
 272 185  1
 235 186  1
  51 187  1
  70 187  1
 232 187  1
 233 187  1
 245 187  1
 246 187  1
  56 189  1
  61 189  1
  28 190  1
  32 190  1
  72 191  1
  80 191  1
 183 192  1
 204 192  1
 221 192  1
  34 193  1
  76 193  1
  85 193  1
  92 193  1
 177 193  1
 178 193  1
 226 193  1
 103 194  1
 190 194  1
 268 194  1
 269 194  1
 209 195  1
 210 195  1
 254 195  1
  26 196  1
 166 196  1
 167 196  1
 228 196  1
  75 197  1
  76 197  1
 105 197  1
 106 197  1
 216 197  1
 217 197  1
  60 198  1
 179 198  1
 190 198  1
  81 199  1
  89 199  1
 234 199  1
  72 200  1
  73 200  1
  77 200  1
 168 201  1
 169 201  1
 213 201  1
 257 201  1
 164 202  1
 228 202  1
 215 203  1
 216 203  1
  48 204  1
  71 204  1
  72 204  1
 248 204  1
 255 204  1
  50 205  1
  51 205  1
 185 205  1
 253 205  1
 264 205  1
 159 206  1
 162 206  1
 246 207  1
 217 208  1
 218 208  1
 121 209  1
 262 209  1
  55 210  1
  56 210  1
 124 210  1
 125 210  1
 192 210  1
 238 210  1
  60 211  1
 160 211  1
 161 211  1
 185 211  1
 206 211  1
 171 212  1
 194 212  1
 166 213  1
 202 213  1
 224 213  1
 228 213  1
 118 214  1
 123 214  1
 242 214  2
  63 215  1
 109 215  1
 161 215  1
 162 215  1
 175 216  1
 256 216  1
  62 217  1
  63 217  1
 102 218  1
 103 218  1
 185 218  1
 186 218  1
 194 218  1
 195 218  1
 197 219  1
 199 219  1
 243 219  1
 124 220  1
 176 220  1
 177 220  1
  70 221  1
 116 221  1
 160 223  1
 161 223  1
 248 223  1
 109 224  1
 121 225  1
 177 225  1
 245 225  1
  61 226  1
 116 226  1
 179 226  1
 184 226  1
 155 227  1
 160 227  1
  64 228  1
  65 228  1
 187 228  2
 101 230  1
 103 230  1
  70 231  1
 124 232  1
 125 232  1
 184 232  1
 185 232  1
  73 233  1
  74 233  1
 112 234  1
 106 235  1
 174 235  1
 175 235  1
 231 236  1
 116 237  1
 123 237  1
  88 239  1
 226 239  1
 112 241  1
 171 241  1
 205 241  1
 206 241  1
 164 242  1
 205 243  1
 221 243  1
 102 244  1
 158 244  1
 177 244  1
 111 247  1
 156 247  1
 183 247  1
 185 247  1
 187 247  1
 213 247  1
 113 248  1
 151 248  1
 172 249  1
 207 249  1
 165 250  1
 170 250  1
 154 251  1
 165 252  1
 132 254  1
 169 257  1


count = 779