 150   1  1
 154   1  1
 177   1  1
 147   2  1
 131   4  1
 189   4  1
 166   6  1
 173   7  1
 174   7  1
 197   9  1
 110  12  1
 112  12  1
 120  14  1
 210  14  1
 114  17  1
 115  17  1
 121  17  1
 122  17  1
  89  20  1
 101  20  1
 123  21  1
 224  21  1
  84  22  1
 131  22  1
 127  24  1
 135  24  1
 122  25  1
  78  26  1
 105  26  1
 106  26  1
 124  27  1
 125  27  1
 108  28  1
 224  29  1
  57  30  1
  86  30  1
  99  31  1
 100  31  1
 235  31  1
  51  33  1
  52  33  1
 228  33  1
  93  34  1
 222  34  1
 106  36  1
 222  36  1
  46  37  1
 111  37  1
 244  37  1
 123  38  1
 222  38  1
 224  38  1
 225  38  1
 226  38  1
  44  39  1
  95  39  1
 125  39  1
 128  41  1
 129  41  1
 217  41  1
 109  45  1
 254  45  1
 255  45  1
  33  46  1
 126  46  1
 136  46  1
 104  47  1
 114  48  1
 120  48  1
  37  50  1
  38  50  1
 127  50  1
 122  52  1
  83  53  1
  84  53  1
  85  53  1
  27  54  1
 265  54  1
 266  54  1
  85  55  1
 164  57  1
  24  58  1
  43  58  1
  44  58  1
  92  58  1
  79  59  1
 200  59  1
  41  60  1
  45  61  1
  46  61  1
  89  61  1
 184  61  1
  82  63  1
 188  63  1
 200  64  1
 201  64  1
  92  65  1
 191  65  1
  69  66  2
  75  66  1
 193  66  1
 272  66  1
  24  67  1
  43  67  1
  47  67  1
 205  67  1
  28  69  1
  20  72  1
  21  72  1
  31  73  1
  74  73  1
  27  74  1
 276  74  1
 277  74  1
  11  76  1
  76  76  1
  77  76  1
  78  76  1
  16  78  1
  18  78  1
  27  78  1
  15  82  1
  23  82  1
  34  83  1
  92  83  1
  93  83  1
 279  84  1
 280  84  1
  25  85  1
  26  85  1
 260  86  1
  13  87  1
  33  87  1
  87  87  1
  88  87  1
 255  87  1
   4  88  1
   5  88  1
 166  88  1
 235  88  1
 280  88  1
 281  88  1
 249  90  1
 252  90  1
  84  91  1
 164  91  1
 246  91  1
 176  92  1
 254  94  1
  81  95  1
 181  96  1
   1  97  1
   2  97  1
   7  97  1
 172  98  1
  71  99  1
  75  99  1
  80 100  1
 273 100  1
   1 101  1
 179 101  1
 181 101  1
 215 102  1
 276 102  1
 181 103  1
 165 104  1
 268 104  1
  79 105  1
 222 105  1
  72 106  1
 216 106  1
 217 106  1
 228 106  1
 229 106  1
 252 106  1
 253 106  1
 169 108  1
 185 108  1
 186 108  1
 249 108  1
  75 110  1
 222 110  1
 223 110  1
 171 111  1
 217 111  1
 227 111  1
 228 111  1
  75 112  1
  78 113  1
 251 113  1
 188 114  1
 219 114  1
 243 114  1
  46 115  1
  47 115  1
 221 115  1
 251 115  1
 235 116  1
 253 116  1
 267 116  1
 268 116  1
 269 116  1
 276 116  1
   1 117  1
  80 117  1
 110 117  1
 224 117  1
 226 117  1
  43 118  1
 210 118  2
 211 118  1
 261 118  1
 266 118  1
 217 119  1
 231 119  1
 240 119  1
 236 120  1
   1 121  1
   2 121  1
   8 121  1
  36 121  1
 193 121  1
 227 121  1
  16 122  1
 108 122  1
 113 122  1
 114 122  1
 115 122  1
 198 122  1
 236 122  1
 246 122  1
 257 122  1
 232 123  1
  40 124  1
 234 124  1
 236 124  1
  35 125  1
  54 125  1
 122 125  1
 179 125  1
   4 126  1
 119 126  1
 238 126  1
 261 126  1
 171 127  1
 229 127  1
 230 127  1
 242 127  1
 157 128  1
 178 128  1
 245 128  1
 254 128  1
 255 128  1
   6 129  1
  17 129  1
  18 129  1
  24 129  1
  32 129  1
  47 129  1
  49 129  1
   9 130  1
  15 130  1
  57 130  1
 230 130  1
 231 130  1
 251 130  1
 252 130  1
 274 130  1
 275 130  1
  43 131  1
  63 132  1
  99 132  1
 158 132  1
 218 132  1
  38 133  1
  39 133  1
  45 133  1
 244 133  1
  11 134  1
  12 134  1
  90 134  1
 139 134  1
 151 134  1
 185 134  1
 186 134  1
 252 134  1
 253 134  1
  16 135  1
 117 135  1
 118 135  1
 136 135  1
 217 135  1
 222 135  1
 133 136  1
  34 137  1
 177 137  1
 277 137  1
 278 137  1
  23 138  1
  11 139  1
 182 139  1
 222 139  1
 229 139  1
 253 139  1
 248 140  1
 278 140  1
 279 140  1
  17 141  1
 231 141  1
 235 141  1
  36 142  1
  62 142  1
  63 142  1
 111 143  1
 215 143  1
  58 144  1
  97 144  1
 280 145  1
 281 145  1
   9 146  1
  50 146  1
  56 146  1
 106 146  1
  13 147  1
  17 147  1
  89 147  1
  90 147  1
 213 147  1
   1 148  1
  76 150  1
 210 150  1
 282 151  1
 283 151  1
 206 152  1
  46 153  1
 266 153  1
 169 154  1
 165 155  1
 223 155  1
  72 156  1
  73 156  1
 171 156  1
 166 159  1
 179 159  1
 223 159  1
 274 159  1
 185 160  1
 205 160  1
 268 160  1
  72 161  1
 217 161  1
 206 162  1
  74 163  1
  78 163  1
 172 166  1
 188 166  1
 193 167  1
   5 169  1
   6 169  1
 278 175  1
 279 175  1
  13 176  1
 277 178  1
 278 178  1
  18 179  1
  19 181  1
  20 181  1
 181 181  1
  11 182  1
  12 182  1
  54 183  1
  55 183  1
 264 184  1
 265 184  1
  46 185  1
 176 185  1
  59 186  1
 274 186  1
 275 186  1
  43 187  1
 165 187  2
 167 187  1
  20 189  1
  21 189  1
 259 189  1
 265 189  1
 175 191  1
 188 193  1
 189 193  1
  18 195  1
  47 195  1
 179 196  1
 260 197  1
 163 198  1
  45 199  1
  46 199  1
  52 199  1
  59 199  1
 174 199  1
  54 200  1
  43 202  1
  84 202  1
  24 203  1
  48 203  1
  57 203  1
  95 203  1
 169 203  1
  55 204  1
  59 204  1
  60 204  1
 100 204  1
 104 205  1
  43 206  1
  49 206  1
  53 206  1
 112 206  1
  93 207  1
  39 209  1
  40 209  1
  47 209  1
  82 209  1
  83 209  1
 102 209  1
 107 209  1
 108 209  1
 136 210  1
 114 211  1
 127 211  1
 128 211  1
 152 212  1
  97 213  1
 106 213  1
 146 214  1
  46 215  1
  39 216  1
 136 216  1
 120 218  1
 125 218  1
 245 218  1
 113 219  1
  86 220  1
 102 220  1
 241 221  1
  87 222  1
 134 222  1
 126 223  1
 127 223  1
 131 223  1
  86 224  1
 103 226  1
  91 227  1
 125 227  1
  50 228  1
  87 228  1
  51 230  1
 119 230  1
  74 231  1
 229 231  1
  57 232  1
  94 232  1
 148 232  1
 149 232  1
 107 233  1
 109 233  1
  92 236  1
  93 236  1
 116 236  1
 131 236  1
 154 236  1
 155 236  1
  77 237  1
 101 237  1
 163 237  1
 150 239  1
 162 239  1
 217 239  1
 213 240  1
  82 241  1
  84 241  1
 150 241  1
 133 242  1
 161 243  1
 112 244  1
  98 245  1
 161 245  1
 162 245  1
 201 245  1
 202 245  1
 104 247  1
 197 247  1
 107 248  1
 125 248  1
 193 249  1
 194 249  1
 143 250  1
 151 250  1
 117 251  1
 120 252  1
 163 252  1
 186 252  1
 132 255  1
 169 256  1


count = 502