 155   1  1
 164   1  1
 147   2  1
 144   3  1
 138   5  1
 132   7  1
 195   9  1
 140  10  1
 145  11  1
 173  11  1
 201  11  1
 147  12  1
 119  13  1
 206  14  1
 115  15  1
 144  16  1
 145  16  1
 113  17  1
 138  18  1
 175  20  1
 107  21  1
 113  22  1
 135  22  1
 154  24  2
 155  24  1
 178  24  1
 179  24  1
 120  25  1
 122  25  1
 133  25  1
 105  26  1
 108  26  1
 111  27  1
 123  27  1
 127  27  1
 149  27  1
 221  27  1
 156  28  1
 179  28  1
  76  30  1
 100  30  1
 134  30  1
 135  30  1
 161  30  1
 162  30  1
 139  31  1
 140  31  1
 144  31  1
 181  31  1
 227  31  1
  61  32  1
 153  32  1
 125  33  1
 130  35  1
 189  35  1
  49  36  1
  79  36  1
 108  36  1
 232  36  1
 135  37  1
 153  37  1
  70  38  1
  74  38  1
 114  38  1
 167  38  1
 119  39  1
 153  39  1
 154  39  1
  42  41  1
 108  41  1
 119  41  1
 120  41  1
 133  41  1
 154  41  1
  63  42  1
 112  43  1
 125  43  1
 128  43  1
 135  43  1
 194  43  1
  84  44  1
 200  45  1
 201  45  1
  70  46  1
 157  46  1
 166  46  1
 167  46  1
  63  47  1
  67  47  1
 119  47  1
 120  47  1
 159  47  1
 247  47  1
  74  48  1
  85  48  1
 125  48  1
  33  49  1
 142  49  1
  77  50  1
 162  50  1
 144  51  1
  57  52  1
 113  52  1
  44  53  1
  51  53  1
  52  53  1
  83  53  1
  89  53  1
 129  53  1
  27  55  1
  80  55  1
 104  55  1
 106  55  1
 126  55  1
 121  56  1
 122  56  1
  92  57  1
  95  57  1
  24  58  1
 122  58  1
  34  59  1
 100  60  1
 153  60  1
 154  60  1
  30  61  1
 247  61  1
  92  64  1
 263  64  1
 179  65  1
  26  66  1
  84  66  1
  85  66  1
 229  66  1
 154  67  1
 164  67  1
 225  67  1
 250  67  1
 258  67  1
  37  68  1
  90  68  1
  93  68  1
 230  68  1
 234  68  1
 266  68  1
 177  69  1
  21  70  1
  31  70  1
  48  70  1
  39  71  1
  42  71  1
 159  71  1
  12  72  1
  21  72  1
 134  72  1
 153  72  1
 185  72  1
 207  72  1
 250  72  1
 139  73  1
 151  73  1
 197  73  1
 210  73  1
 223  73  1
 224  73  1
  99  74  1
 124  74  1
 182  74  1
 270  74  1
  47  75  1
 119  75  1
 158  75  1
  51  77  1
 181  77  1
 182  77  1
 210  77  1
 246  77  1
 247  77  1
   9  78  1
  10  78  1
  46  79  1
 191  79  1
 233  79  1
 235  79  1
  52  80  1
 180  80  1
 195  80  1
 231  80  1
 250  80  1
 251  80  1
 206  81  1
 235  81  1
 236  81  1
 144  82  1
 161  82  1
 255  82  1
 273  82  1
 274  82  1
   7  83  1
   8  83  1
 167  83  1
 168  83  1
 202  84  1
 240  84  1
 241  84  1
 255  84  1
  15  85  1
  51  85  1
 181  85  1
 265  85  1
 266  85  1
  28  86  1
 127  86  1
 133  86  1
 142  86  1
 233  86  1
  79  87  1
  80  87  1
 129  87  1
 207  87  1
 265  87  1
 184  89  1
 190  89  1
 194  89  1
 203  89  1
 240  89  1
  13  90  1
  25  90  1
  29  90  1
 255  90  1
  11  91  1
 168  91  1
 260  91  1
 261  91  1
 133  92  1
 251  92  1
  11  93  2
  23  93  1
 216  93  1
 229  93  1
 234  93  1
  99  94  1
 120  94  1
 130  94  1
 131  94  1
 160  94  1
 182  94  1
  26  95  1
  27  95  1
 115  95  1
 153  95  1
 167  95  1
 168  95  1
 195  95  1
  78  96  1
  82  96  1
  94  96  1
 113  96  1
 201  96  1
 202  96  1
 279  96  1
 280  96  1
 255  97  1
 271  97  1
 169  98  1
 226  98  1
 227  98  1
 234  98  1
  32  99  1
  33  99  1
 112  99  1
 132  99  1
 211  99  1
 212  99  1
 247  99  1
 265  99  1
 135 100  1
 208 101  1
  94 102  1
 184 102  1
 185 102  1
 201 102  1
 202 102  1
 238 102  1
 239 102  1
 244 102  1
 261 102  1
 262 102  1
 206 103  1
 271 103  1
 185 104  1
  16 105  1
  19 105  1
  31 106  1
  10 107  1
  80 107  1
  81 107  1
  23 108  1
  29 108  1
 185 108  1
 200 108  1
 261 108  1
 262 108  1
  21 109  1
  82 110  1
  83 110  1
 171 110  1
 269 110  1
  11 111  1
 101 111  1
  77 112  1
  78 112  1
 183 112  1
 242 113  1
 261 113  1
 262 113  1
 126 116  1
 179 116  1
  80 117  1
 168 117  1
 264 117  1
  89 119  1
  90 119  1
 113 119  1
 114 119  1
 164 119  1
 185 119  1
 228 119  1
 260 119  1
 262 119  1
 263 119  1
 274 119  1
 122 121  1
 177 121  1
 257 121  1
 258 121  1
 118 122  1
 119 122  1
 190 122  1
 125 123  1
 126 123  1
 280 123  1
 281 123  1
 209 124  1
 210 124  1
   1 125  1
 130 125  1
 132 125  1
  63 126  1
 117 126  1
 118 126  1
 157 126  1
 168 126  1
 200 126  1
 202 126  1
 212 126  1
 155 127  1
 175 127  1
 188 127  1
 189 127  1
 206 127  1
 260 127  1
  69 128  1
 111 128  1
 159 128  1
 238 128  1
   5 129  1
   6 129  1
 150 129  1
 151 129  1
 260 129  1
 272 129  1
  36 130  1
  56 130  1
 128 130  1
 240 130  1
  31 131  1
  40 131  1
 151 131  1
 280 131  1
  12 132  1
  17 132  1
  18 132  1
  22 132  1
  28 132  1
  67 132  1
 265 132  1
   1 133  1
  15 133  1
 151 133  1
 152 133  1
 176 133  1
  58 134  1
  64 134  1
  99 134  1
 112 134  1
 125 134  1
 126 134  1
 206 134  1
 224 134  1
 259 134  1
 265 134  1
   5 135  1
   7 135  1
  52 135  1
 154 135  1
  31 136  1
  32 136  1
  33 136  1
 190 136  1
 191 136  1
 276 136  1
  37 137  1
  38 137  1
 204 137  1
 210 137  1
 211 137  1
 219 137  1
  29 138  1
  31 138  1
  49 138  1
  58 138  1
  59 138  1
  26 139  1
  66 139  1
  89 139  1
  60 140  1
  87 140  1
 123 140  1
 195 140  1
  32 141  1
  33 141  1
  62 141  1
  66 141  1
 162 141  1
 169 141  1
 225 141  1
  99 142  1
 188 142  1
  10 143  1
  17 143  1
 211 143  1
 216 143  1
 217 143  1
  85 144  1
  95 144  1
  96 144  1
 123 144  1
 166 144  1
 160 145  1
  41 146  1
  56 146  1
 118 146  1
 170 146  1
 172 146  1
 184 146  1
 185 146  1
  81 148  1
 217 148  1
 255 148  1
  87 149  1
 178 149  1
 261 149  1
  39 151  1
 109 151  1
 110 151  1
 127 151  1
 131 151  1
 172 151  1
 173 151  1
 219 151  1
  78 152  1
  85 152  1
 119 152  1
 213 152  1
 223 152  1
  36 153  1
 248 153  1
 251 153  1
 133 154  1
 216 154  1
  36 155  1
 171 155  1
 190 155  1
  47 156  1
  54 156  1
  75 156  1
  82 157  1
 177 157  1
 184 157  1
 240 157  1
 122 159  1
 123 159  1
 133 159  1
 134 159  1
 240 159  1
  71 160  1
  72 160  1
  79 160  1
 131 160  1
 179 160  1
 180 160  1
 181 160  1
 197 160  1
 258 160  1
 264 160  1
 265 160  1
 242 161  2
 243 161  1
 244 161  1
 126 162  1
 139 162  1
 271 162  1
  77 163  1
 100 163  1
 102 163  1
 198 163  1
 254 163  1
 281 163  1
 282 163  1
  13 165  1
 182 165  1
 238 165  1
 239 165  1
 249 165  1
 260 165  1
 267 166  1
 149 167  1
 150 167  1
 265 167  1
 273 167  1
 153 168  1
  35 169  1
  36 169  1
 257 169  1
 156 170  1
 236 170  1
 237 170  1
 135 171  1
 251 171  1
 252 171  1
  32 172  1
  33 172  1
  13 173  1
  14 173  1
 164 173  1
 165 173  1
 185 173  1
 186 173  1
 260 173  1
   7 174  1
   8 174  1
  19 175  1
 141 176  1
 181 176  1
 236 176  1
 240 176  1
 242 176  1
 166 177  1
  29 178  1
 146 178  1
 169 179  1
 261 179  1
  14 180  1
  16 180  1
 181 180  1
 188 180  1
 148 181  1
 228 181  1
 229 181  1
 181 182  1
 188 182  1
 189 182  1
 198 182  1
 265 182  1
 275 182  1
 150 184  1
 182 184  1
 190 184  1
 204 184  1
 222 184  1
 267 184  1
 206 185  1
 246 185  1
 182 186  1
 273 186  1
 274 186  1
 185 187  1
 186 187  1
 197 187  1
 215 187  1
 193 188  1
 209 188  1
 153 189  1
 157 189  1
 242 189  1
 243 189  1
 206 190  1
 234 190  1
 157 191  1
 161 191  1
 200 191  1
  14 192  1
 240 192  1
  48 193  1
 152 193  1
 163 193  1
  45 194  1
 190 194  1
 152 195  1
 153 195  1
  17 196  1
  23 196  1
  24 196  1
  45 196  1
 197 197  1
 222 198  1
  26 199  1
  27 199  1
 154 199  1
 227 199  1
 241 199  1
 162 200  1
 185 200  1
  32 201  1
 148 202  1
 152 202  1
 234 202  1
 238 202  1
  91 203  1
 227 203  1
 228 203  1
  30 204  1
  36 204  1
  87 204  1
  88 204  1
 130 204  1
  44 205  1
 211 205  1
 212 205  1
 115 206  1
 223 206  1
 264 206  1
 218 207  1
  94 208  1
 146 208  1
 113 209  1
 123 209  1
 126 209  1
 130 209  1
  94 210  1
 153 210  1
 237 210  1
  47 211  1
 130 211  1
 132 211  1
 170 211  1
 211 211  1
 223 211  1
  31 212  1
  38 212  1
 233 212  1
  98 213  1
 209 213  1
 224 213  1
 118 214  1
 148 214  1
 150 214  1
 154 214  1
  43 215  1
 102 215  1
 232 215  1
 254 215  1
 117 216  1
 135 216  1
 136 216  1
 227 216  1
 122 217  1
 151 218  1
 152 218  1
  70 219  1
  41 220  1
 115 220  1
 197 220  1
  67 221  1
 135 221  1
 209 221  1
 246 221  1
 147 222  1
 148 222  1
 206 222  1
 138 223  1
 199 223  1
 244 223  1
 202 224  1
  93 225  1
 113 225  1
 211 225  1
 212 225  1
 227 225  1
 240 225  1
  71 226  1
  72 226  1
  99 226  1
 137 227  1
 138 227  1
 237 227  1
  51 228  1
  87 228  1
  88 228  1
 203 228  1
 204 228  1
  79 229  1
 148 229  1
  69 230  1
  74 231  1
  75 231  1
  81 231  1
  86 231  1
 213 233  1
  96 234  1
  75 235  1
 134 235  1
 147 235  1
 151 235  1
 215 235  1
 110 236  1
 114 236  1
  69 237  1
  70 237  1
  86 237  1
  92 237  1
  75 239  1
  87 241  1
 107 241  1
 108 241  1
 131 241  1
 129 243  1
 135 243  1
 140 243  1
 114 244  1
 153 244  1
 218 244  1
 121 245  1
 136 245  1
 108 246  1
 153 246  1
 154 246  1
 113 248  1
 209 249  1
 119 250  1
 152 250  1
 202 252  1
 151 256  1


count = 753