 175   1  1
 198   1  1
 203   1  1
 208   3  1
 148   7  1
 144   8  1
 218   8  1
 220   8  1
 173   9  1
 168  10  1
 194  11  1
 126  13  1
 194  13  1
 199  13  1
 201  13  1
 205  13  1
 229  13  1
 122  14  1
 191  15  1
 192  15  1
 207  15  1
 110  17  1
 235  17  1
 197  18  1
 201  18  1
  95  19  1
 127  19  1
 131  19  1
 132  19  1
  89  21  1
 219  22  1
  81  23  1
 127  23  1
 128  23  1
 206  23  1
 207  23  1
 119  24  1
 193  24  1
 194  24  1
 202  24  1
 101  25  1
 104  25  1
  77  26  1
  91  26  1
 135  27  1
 136  27  1
  75  28  1
 194  29  1
 205  29  1
  71  30  1
  86  30  1
 109  30  1
  80  31  1
 133  31  1
 140  31  1
 141  31  1
 111  32  1
 114  32  1
 218  32  1
  80  34  1
 111  34  1
 117  34  1
 196  34  1
 206  34  1
 139  35  1
  78  37  1
 257  37  1
  71  40  1
  74  40  1
 110  40  1
  55  42  1
 261  42  1
 132  43  1
 133  43  1
 248  43  1
 123  45  1
 124  45  1
 118  46  1
  48  47  1
  95  47  1
 142  47  1
 112  48  1
 150  48  1
 248  48  1
 249  48  1
 119  50  1
 124  50  1
 140  50  1
 141  50  1
 253  52  1
 270  53  1
 100  55  1
 110  55  1
 119  55  1
 147  55  1
 122  56  1
 115  57  1
 140  57  1
  94  58  1
 244  59  1
 251  59  1
 252  59  1
 273  59  1
 274  59  1
 250  61  1
  91  63  1
  92  63  1
  82  68  1
 106  68  1
  87  69  1
  88  69  1
 113  69  1
 277  69  1
 278  69  1
  71  70  1
  98  70  1
 243  70  1
 244  70  1
  22  71  1
  88  71  1
  89  71  1
 107  71  1
  93  73  1
  94  73  1
 108  73  1
 109  73  1
  54  74  1
  65  74  1
  66  74  1
  82  74  1
  83  74  1
  31  77  1
  32  77  1
 256  77  1
  43  78  1
 120  78  1
 262  78  1
 263  78  1
 187  79  1
 236  79  1
 267  79  1
  17  80  1
  48  80  1
 116  80  1
 241  81  1
 260  81  1
 244  82  1
 248  82  1
 184  83  1
  24  84  1
 103  84  1
 105  84  1
 124  84  1
 114  85  1
 118  85  1
 198  85  1
 220  85  1
  18  87  1
  20  87  1
  63  87  2
  65  87  1
 118  87  1
  49  88  1
 126  88  1
 189  88  1
 197  88  1
  44  90  1
  38  91  1
 138  91  1
  36  94  1
  82  94  1
 226  95  1
  34  96  1
  24  97  1
  25  97  1
  80  97  1
 180  97  1
   7  98  1
   8  98  1
  18  98  1
  19  98  1
  53  98  1
 184  98  1
  96  99  1
 186  99  1
 226 100  1
  20 101  1
  80 101  1
 179 101  1
 189 102  1
   5 103  1
   6 103  1
  53 103  1
 171 103  1
 172 103  1
 173 103  1
 111 104  1
 179 104  1
 180 104  1
  58 105  1
 106 105  1
 107 105  1
 186 105  1
   4 106  1
   5 106  1
 176 106  1
  85 107  1
  90 107  1
 167 107  1
 220 107  1
 175 109  1
 210 109  1
  56 110  1
  57 110  1
  94 110  1
  99 110  1
 102 110  1
 116 110  1
 117 110  1
 123 110  1
 180 110  1
 107 111  1
 185 111  1
 219 112  1
 273 112  1
 171 113  1
 206 113  1
  54 114  1
 125 114  1
 127 114  1
 131 114  1
 168 114  1
 175 115  1
 222 115  1
 223 115  1
 125 116  1
 135 116  1
   4 117  1
   5 117  1
 167 117  1
 123 118  1
 176 118  1
 269 118  1
 271 118  1
  32 120  1
  34 120  1
 169 120  1
  80 121  1
  89 121  1
  96 121  1
 165 121  1
 219 121  1
  15 122  1
  16 122  1
  19 122  1
  21 122  1
 229 122  1
 266 122  1
 275 122  1
 183 123  1
  11 124  1
  37 124  1
 160 124  1
 174 124  1
 191 124  1
  27 125  1
  28 125  1
  41 125  1
  71 125  1
 134 125  1
 138 125  1
 150 125  1
 197 125  1
 201 125  1
 271 125  1
  55 126  1
  59 126  1
  96 126  1
 118 126  1
 125 126  1
 153 126  1
 179 126  2
 180 126  1
 181 126  1
 220 126  1
 203 127  1
 248 127  1
  47 128  1
  51 128  1
 176 128  1
  27 129  1
  28 129  1
  33 129  1
  38 129  1
 167 129  1
 191 129  1
 217 129  1
 224 130  1
  71 131  1
  72 131  1
  73 131  1
 126 131  1
 159 131  1
 178 131  1
 236 131  1
 256 131  2
 260 131  2
  57 132  1
  58 132  1
  86 132  1
  87 132  1
 182 132  1
 183 132  1
 238 132  1
  23 133  1
  29 133  1
  48 133  1
 123 133  1
 166 133  1
 218 133  1
 240 133  1
  80 134  1
 191 134  1
 195 134  1
 196 134  1
 197 134  1
 216 134  1
 277 134  1
  31 135  1
  32 135  1
 171 135  1
  10 136  1
  93 136  1
  99 136  1
 158 136  1
 186 136  1
 204 136  1
  88 137  1
 174 137  1
 175 137  1
  83 138  1
 111 138  1
 170 139  1
 210 139  1
 218 139  1
  16 140  1
 163 140  1
 178 140  1
 193 140  1
 198 140  1
 165 141  1
 195 143  1
  23 144  1
  92 144  1
 239 144  1
   1 145  1
 206 145  1
  95 146  1
 212 146  1
   9 147  1
  10 147  1
 168 147  1
 181 147  1
 217 147  1
 233 147  1
 269 147  1
 271 147  1
 197 148  1
 213 148  1
  93 149  1
 219 149  1
 229 149  1
  87 150  1
 180 151  1
 181 151  1
  37 152  1
  58 153  1
  95 153  1
  41 154  1
  53 154  1
 190 154  1
   7 155  1
   8 155  1
  12 155  1
 225 155  1
 179 156  1
   1 157  1
   8 157  1
  23 157  1
  38 157  1
 181 158  1
 186 158  1
 198 158  1
   8 159  1
  49 159  1
 192 159  1
 193 159  1
 204 159  1
 262 159  1
   1 160  1
   2 160  1
  25 160  1
  29 160  1
  37 160  1
  43 160  1
 259 160  1
  15 161  1
  83 161  1
  84 161  1
 120 161  1
 130 161  1
 263 161  1
 220 162  1
 221 162  1
 226 162  1
 257 162  1
 132 163  1
 204 163  1
  33 164  2
 110 164  1
 118 164  1
   3 165  1
   4 165  1
 200 165  1
 201 165  1
 202 165  1
 268 165  1
 269 165  1
  13 166  1
 189 166  1
 194 166  1
 208 166  1
 232 166  1
  10 167  1
  84 167  1
 117 167  1
 252 167  1
 279 167  1
 280 167  1
 125 168  1
 232 168  1
 111 169  1
 205 169  1
  81 170  1
 278 170  1
 279 170  1
 161 171  1
 239 171  1
 245 171  1
 232 172  1
 195 173  1
 214 173  1
 261 173  1
  30 174  1
 270 174  1
   5 175  1
   6 175  1
 212 176  1
 219 176  1
 245 176  1
 246 176  1
 256 177  1
  22 178  1
 211 178  1
 212 178  1
 197 179  1
 216 179  1
  12 180  1
  13 180  1
  15 180  1
 202 180  1
 220 180  1
 221 180  1
 197 181  1
 198 181  1
 244 182  1
  24 183  1
  15 184  1
  81 184  1
 201 184  1
 202 184  1
 231 184  1
 241 184  1
 248 184  1
 225 185  1
  76 186  1
 241 186  1
 245 186  1
 253 187  1
 235 188  1
  81 191  1
  82 191  1
 100 191  1
  86 192  1
 236 192  1
 245 192  1
 142 193  1
 147 193  1
  69 196  1
  70 196  1
 150 196  1
 270 196  1
 271 196  1
  81 197  1
 134 197  1
 135 197  1
 136 197  1
 157 197  1
 165 197  1
 238 197  1
  78 198  1
 159 198  1
 161 198  1
 169 200  1
 268 200  1
 148 201  1
  56 202  1
  63 202  1
  69 202  1
  70 202  1
  71 202  1
 126 203  1
 127 203  1
  24 204  1
  50 204  1
  51 204  1
  76 204  1
  77 204  1
 105 205  1
 151 205  1
 119 206  1
 121 206  1
 124 206  1
 162 206  1
 163 206  1
 254 206  1
 255 206  1
  47 207  1
  65 207  1
 182 207  1
  52 208  1
 158 208  1
 188 208  1
 246 208  1
  44 209  1
 118 209  1
 151 209  1
 211 209  1
  39 210  1
  67 210  1
  72 210  1
 147 210  1
 159 210  1
 217 210  1
 152 211  1
  47 212  1
  48 212  1
  49 212  1
 121 212  1
 122 212  1
 165 212  1
 166 212  1
 193 212  1
 205 212  1
 110 213  1
 111 213  1
 171 213  1
 177 213  1
 104 214  1
 258 214  1
 119 217  1
 146 217  1
 147 217  1
 165 217  1
 161 218  1
 174 218  1
 177 218  2
 178 218  1
 156 219  1
 157 219  1
 185 219  1
 195 219  1
  48 220  1
 107 220  1
 108 220  1
 170 220  1
  52 221  1
 166 221  1
 189 221  1
 221 221  1
 222 221  1
  43 223  1
 111 223  1
 177 223  1
 194 223  1
 222 223  1
  56 224  1
 161 224  1
  66 225  1
 193 225  1
  47 226  1
  99 226  1
  86 229  1
  97 229  1
 187 229  1
 188 229  1
 192 229  1
 193 229  1
 159 230  1
  73 231  1
 155 231  1
 201 231  1
  57 232  1
 117 232  1
 147 233  1
  60 234  1
  61 234  1
  77 234  1
  94 234  1
 137 235  1
 151 235  1
 173 235  1
 174 235  1
 236 235  1
 104 237  1
 122 237  1
 187 237  1
 188 237  1
 232 237  1
  83 238  1
 113 238  1
 126 239  1
 130 239  1
 186 239  1
 107 240  1
 119 241  1
 126 241  1
 165 241  1
 166 241  1
 192 241  1
 224 241  1
 225 241  1
 111 242  1
 200 242  1
 102 243  1
 106 243  1
 126 243  1
 128 243  1
 161 243  1
  75 244  1
 112 244  1
 116 244  1
 183 244  1
 162 245  1
 165 245  1
 122 246  1
 187 246  1
 113 250  1
 147 250  1
 156 250  1
 207 250  1
 209 250  1
 164 253  1
 165 253  1
 199 253  1
 127 254  1
 135 256  1


count = 667