 164   1  1
 183   1  1
 128   5  1
 167   6  1
 159   7  1
 177   7  1
 204   7  1
 150   9  1
 210   9  1
 167  10  1
 107  11  1
 100  13  1
 123  13  1
 146  13  1
 163  13  1
 153  14  1
 155  14  1
 166  14  1
  96  15  1
  97  15  1
 170  15  1
 221  15  1
 143  16  1
 155  16  1
  89  18  1
  91  18  1
 113  18  1
 119  18  1
  86  19  1
 107  19  1
 161  19  1
 101  20  1
 120  20  1
 171  20  1
 172  20  1
 120  22  1
 121  22  1
 126  22  1
 217  22  1
  76  23  1
  77  23  1
 156  23  1
 172  23  1
 173  23  1
 161  24  1
 162  24  1
 167  24  1
 217  24  1
  97  25  1
 123  28  1
  67  29  1
  83  29  1
 131  29  1
  97  30  1
  98  30  1
  83  32  1
 133  32  1
 134  32  1
 163  33  1
 165  33  1
 167  33  1
 173  33  1
 174  33  1
  72  34  1
 214  34  1
 218  34  1
 156  35  1
 157  35  1
  99  36  1
 135  36  1
  57  37  1
  84  37  1
 190  37  1
 191  37  1
  64  38  1
  69  38  1
  86  38  1
 101  38  1
 166  38  1
 175  38  1
 220  38  1
 130  39  1
 224  39  1
 226  39  1
 110  40  1
 137  40  1
 157  40  1
 158  40  1
  50  41  1
 115  41  2
 231  41  1
 249  41  1
  90  43  1
 169  43  1
  93  45  1
 113  45  1
 116  46  1
 175  46  1
 176  46  1
 162  48  1
 127  49  1
  86  50  1
 256  50  1
 204  51  1
 223  51  1
 224  51  1
  59  52  1
 175  52  1
 229  52  1
 230  52  1
 128  53  1
 133  53  1
 173  53  1
  78  55  1
  79  55  1
 240  55  1
 189  56  1
 234  56  1
 250  56  1
 259  56  1
 260  56  1
  85  57  1
  86  57  1
 225  57  1
  66  58  1
 186  58  1
 187  58  1
 236  59  1
  92  60  1
 231  60  1
 247  60  1
  37  61  1
  87  62  1
 174  62  1
 186  62  1
  69  63  1
  71  64  1
  96  64  1
 246  64  1
 247  64  1
 253  64  1
  27  65  1
 104  66  1
 253  66  1
 255  66  1
  79  67  1
 236  67  1
 218  68  1
 222  68  1
  24  69  1
  25  69  1
  30  69  1
 234  69  1
 266  69  1
 231  70  1
 238  72  1
 239  72  1
 247  73  1
 232  74  1
 269  74  1
  33  76  1
 239  77  1
 245  77  1
 235  78  1
  35  79  1
  29  81  1
  35  81  1
  81  81  1
 218  81  1
  74  82  1
  83  82  1
 212  82  1
  41  83  3
  42  83  1
  85  83  1
 274  83  1
 237  84  1
 230  85  1
  16  86  1
  17  86  1
  45  86  1
  46  86  1
 225  86  1
  27  87  1
  28  87  1
  84  87  1
  89  87  1
 229  87  1
  16  88  1
  94  88  1
 169  88  1
 176  88  1
 177  88  1
 180  88  1
 218  88  1
 234  88  1
 242  88  1
  31  89  1
  32  89  1
  37  89  1
  15  90  1
  16  90  1
  45  90  1
  94  90  1
 219  90  1
  85  91  1
 162  91  1
 163  91  1
 182  91  1
 224  91  1
 270  91  1
 277  91  1
 278  91  1
  21  92  1
  88  92  1
 168  93  1
  29  94  1
  40  94  1
 237  94  1
 260  94  1
 267  94  1
 268  94  1
 248  95  1
 254  95  1
 181  96  1
 208  96  1
 217  96  1
 221  96  1
 226  96  1
 232  96  1
 140  97  1
 167  97  1
 240  97  1
  12  98  1
  24  98  1
  29  98  1
 108  98  1
 124  98  1
 206  98  1
 208  98  1
 233  98  1
 259  98  1
  87  99  1
  88  99  1
  52 100  1
 174 100  1
 203 100  1
 254 100  1
  17 101  1
  18 101  1
  35 101  1
  47 101  1
  64 101  1
  68 101  1
 103 101  1
 122 101  1
 219 101  1
 247 101  1
 270 101  1
  58 102  1
 173 102  1
 200 102  1
 266 102  1
 272 102  1
  53 103  1
  54 103  1
  70 103  1
  71 103  1
 132 103  1
 189 103  1
  83 104  1
  89 104  1
 180 104  1
 205 104  1
 127 105  1
 111 106  1
 178 106  1
 195 106  1
 210 106  1
 213 106  1
 215 106  1
 228 106  1
  18 107  1
  50 107  1
 152 107  1
 156 107  1
 220 107  1
   6 108  1
  27 108  1
  43 108  1
  74 108  1
 107 108  1
 136 108  1
 138 108  1
 200 108  1
 204 108  1
 225 108  1
  68 109  1
  93 109  1
  98 109  1
 151 109  1
 192 109  1
 207 109  1
  27 110  1
  42 110  1
 127 110  1
 145 110  1
 217 110  1
 133 111  1
  24 112  1
 159 112  1
 178 112  1
 172 113  1
 213 113  1
 227 113  1
 234 113  1
 219 114  1
 221 114  1
  70 115  1
 134 115  1
 146 115  1
 148 115  1
 168 115  1
 172 115  1
 224 115  1
  24 116  1
  73 116  1
 231 116  1
  75 117  1
  93 117  1
 104 117  1
 227 117  1
   6 118  1
   7 118  1
 236 118  1
 168 119  1
  12 120  1
  75 120  1
 159 120  1
 100 121  1
 166 121  1
   1 123  1
   2 123  1
  39 124  1
  44 124  1
  91 124  1
  99 124  1
 124 124  1
 234 124  1
 245 124  1
   6 125  1
   8 125  1
 193 125  1
 254 125  1
 275 125  1
 276 125  1
 277 125  1
  15 126  1
  41 126  1
  47 126  1
  95 126  1
 163 126  1
 171 126  1
 191 126  1
  28 127  1
  79 127  1
  90 127  1
 267 127  1
 268 127  1
  47 128  1
  49 129  1
 102 129  1
 141 129  1
 158 129  1
 179 129  1
 218 129  1
 225 129  1
 234 129  1
 243 129  1
   7 130  1
  13 130  1
  29 130  1
  93 130  1
  98 130  1
 145 130  1
 264 130  1
   3 131  1
  51 131  1
  88 131  1
 114 131  1
 150 131  1
 162 131  1
 173 131  1
  41 132  1
  76 132  1
 152 132  3
 271 132  1
   3 133  1
  23 133  1
  59 133  1
  26 134  1
  69 134  1
 144 135  1
 149 135  1
 156 135  1
 158 135  1
 175 135  1
 237 135  1
 278 135  1
  11 136  1
  99 136  1
 103 136  1
 189 136  1
 195 136  1
 148 137  1
 227 137  1
 242 137  1
  45 138  1
  89 138  1
 106 138  1
 124 138  1
 142 138  1
 143 138  1
 160 138  1
 199 138  1
 209 138  1
 150 139  1
  64 140  1
  69 140  1
  96 140  1
 176 140  1
 274 140  1
 275 140  1
 111 141  1
 132 141  1
 155 141  1
 163 141  1
  89 142  1
 105 142  1
 106 142  1
 136 142  1
 227 142  1
 228 142  1
  99 143  1
 118 143  1
 156 143  1
 163 143  1
 267 143  1
 105 144  1
 138 144  1
 150 144  1
   8 145  1
   9 145  1
  63 145  1
  64 145  1
  68 146  1
 107 146  1
 225 146  1
 129 147  1
 137 147  1
 138 147  1
 265 147  1
   9 148  1
  10 148  1
  86 148  1
  91 148  1
 157 148  1
 122 149  1
 150 149  1
 151 149  1
 172 149  1
 145 150  1
 218 150  1
 219 150  1
 228 150  1
  10 151  1
  11 151  1
  16 151  1
  17 151  1
 107 151  1
 108 151  1
 119 151  1
 212 151  1
  81 152  1
  82 152  1
  83 152  1
  11 153  1
  53 153  1
  54 153  1
  64 153  1
 225 153  1
  18 154  1
 162 154  1
 163 154  1
  11 155  1
  12 155  1
 135 155  1
 219 156  1
 220 156  1
 176 157  1
 262 157  1
 109 158  1
 226 158  1
 140 159  1
 268 159  1
  27 160  1
 127 160  1
 146 160  1
 219 160  1
 220 160  1
  31 161  1
 150 161  1
 173 161  1
 183 161  1
  37 162  1
  19 163  1
  20 163  1
  33 163  1
 179 163  1
 226 163  1
 237 163  1
 249 163  1
 105 164  1
 247 164  1
 159 165  1
 219 165  1
 236 165  1
 105 166  1
 155 166  1
 248 167  1
 265 167  1
 172 168  1
 241 168  1
 242 168  1
 175 169  1
 184 169  1
 185 169  1
  16 171  1
  17 171  1
 232 171  1
 261 171  1
 279 171  1
 280 171  1
 259 174  1
 183 175  1
 247 175  1
 244 176  1
 255 176  1
 239 178  1
  21 181  1
  22 181  1
 227 181  1
 275 181  1
 276 181  1
  27 182  1
  35 182  1
  38 182  1
 233 182  1
  30 183  1
  31 183  1
  32 183  1
 229 183  1
 238 183  1
 239 183  1
 275 183  1
  23 185  1
  24 185  1
  32 185  1
 274 185  1
 275 185  1
  96 186  1
  97 186  1
 105 186  1
  88 187  1
  82 188  1
  93 188  1
  94 188  1
 249 188  1
 250 188  1
 264 188  1
 242 189  1
  34 190  1
  50 190  1
  51 190  1
 267 190  1
  81 191  1
 254 192  1
 109 193  1
  46 195  1
 109 195  1
  41 198  1
  43 198  1
 255 198  1
  35 199  1
  46 200  1
 116 200  1
 224 200  1
 228 200  1
 270 200  1
 271 200  1
  36 201  1
 148 201  1
 152 201  1
  84 203  1
 113 203  1
 154 204  1
 179 204  1
 180 204  1
 259 204  1
  83 205  1
 185 205  1
 186 205  1
 223 205  1
 224 205  1
  75 206  1
 123 206  1
 176 206  1
  50 207  1
  51 207  1
 100 207  1
 242 207  1
 246 208  1
 116 209  1
 187 209  1
 188 209  1
 111 210  1
 225 210  1
 265 210  1
 103 211  1
 120 211  1
 143 211  1
  98 212  1
  99 212  1
 107 212  1
 126 214  1
 127 214  1
 222 214  1
 228 214  1
 243 214  1
  79 215  1
 213 215  1
 237 215  1
  84 216  1
 228 216  1
  92 217  1
 140 217  1
 144 217  1
 109 218  1
 148 218  1
 152 218  1
 153 218  1
 224 218  1
 233 218  1
  76 219  1
  77 219  1
  81 219  1
  69 220  1
 138 220  1
 191 220  1
 195 220  1
 233 220  1
  59 221  1
  60 221  1
  81 221  1
 255 221  1
  74 222  1
  75 222  1
 185 222  1
 208 222  1
 213 222  1
  63 223  1
  80 223  1
  81 223  1
 166 223  2
 198 223  1
 126 224  1
 189 224  1
 195 225  1
 203 225  1
  69 226  1
  70 226  1
  84 226  1
  86 226  1
 173 226  1
 234 226  1
 235 226  1
 135 227  1
 210 227  1
 219 228  1
 220 228  1
 114 229  1
 116 229  1
 199 229  1
 215 229  1
 227 229  1
 233 229  1
  80 230  1
 101 230  1
 126 230  1
 155 230  1
 205 230  1
 245 230  1
  86 232  1
 134 232  1
 147 232  1
 148 232  1
 117 233  1
 108 234  1
 136 234  1
 137 234  1
 152 234  1
 198 234  1
 199 234  1
 203 234  1
 207 234  1
 208 234  1
 239 234  1
 168 235  1
 236 236  1
 148 237  1
 222 237  1
 103 238  1
 104 238  1
 120 238  1
 207 238  1
 131 239  1
 137 239  1
 162 239  1
 108 240  1
 125 240  1
 126 240  1
 227 241  1
 110 242  1
 129 242  1
 130 242  1
 224 243  1
 136 244  1
 173 244  1
 115 245  1
 116 245  1
 192 245  1
 193 245  1
 198 245  1
 199 245  1
 203 245  1
 204 245  1
 176 246  1
 177 246  1
 121 247  1
 123 248  1
 138 248  1
 190 248  1
 217 248  1
 188 250  1
 189 250  1
 177 252  1
 207 252  1
 140 253  1
 143 254  1
 201 254  1
 191 256  1


count = 761