 146   1  1
 168   1  1
 196   1  1
 138   2  1
 132   5  1
 133   5  1
 212   6  1
 129   7  1
 154   7  1
 158   7  1
 181   7  1
 192   7  1
 173   8  1
 217   8  1
 140  11  1
 141  11  1
 220  11  1
 191  12  1
 179  13  1
 161  14  1
 162  14  1
 174  14  1
 126  15  1
 178  15  1
 184  15  1
 187  15  1
 132  16  1
 160  16  1
 209  16  1
 231  16  1
  97  17  1
  86  19  1
 120  19  1
 141  19  1
 146  19  1
  83  20  1
 114  20  1
 177  20  1
  80  21  1
 104  21  1
 126  22  1
 127  22  1
 183  22  1
 131  23  1
  97  24  1
 141  24  1
 176  24  1
 139  25  1
 164  25  1
 171  25  1
 178  25  1
 185  25  1
  89  26  1
 101  26  1
 123  26  1
 150  26  1
 208  26  1
 202  27  1
 104  28  2
 232  28  1
 233  28  1
 207  29  1
 228  29  1
 127  30  1
 137  30  1
 237  30  1
 180  31  1
  58  32  1
  86  32  1
  81  33  1
 110  33  1
 167  33  1
 168  33  1
 208  33  1
 209  33  1
 230  33  1
  95  34  1
  82  35  1
 168  36  1
 210  36  1
 251  36  1
 101  37  1
 102  37  1
 230  37  1
 231  37  1
  42  38  1
 187  38  1
 193  38  1
 200  38  1
 107  39  1
 224  39  1
  83  40  1
 142  40  1
 143  40  1
 161  40  1
 180  40  1
 208  40  1
 209  40  1
  36  41  1
  37  41  1
  53  41  1
 107  41  1
 211  41  1
 212  41  1
 255  41  1
  49  42  1
  67  42  1
  79  42  1
  90  42  1
 164  42  1
 219  42  1
  75  43  1
 147  43  1
 148  43  1
 228  44  1
  86  45  1
  95  45  1
 128  45  1
 136  45  1
 148  45  1
  81  46  1
  82  46  1
 106  46  1
 107  46  1
 155  46  1
 147  49  1
 160  49  1
 161  49  1
 162  49  1
 138  50  1
 155  50  1
  66  51  1
  76  51  1
  78  51  1
  98  51  1
 119  51  1
 129  51  1
 165  51  1
 166  51  1
  37  52  1
 219  52  1
  91  53  1
 226  53  1
 232  53  1
 102  54  1
 117  54  1
 138  54  1
  71  55  1
  72  55  1
  97  55  1
  98  55  1
 111  55  1
 160  55  1
 161  55  1
  66  56  1
 154  56  1
 172  56  1
  51  57  1
  80  57  1
 130  57  1
 166  57  1
 237  57  1
  67  58  1
 134  58  1
  19  59  1
  46  59  1
  47  59  1
 141  59  1
 145  59  1
 180  59  1
  68  60  1
 118  60  1
 160  60  1
  37  61  1
  76  61  1
 154  61  1
 229  61  1
  15  62  1
 123  62  1
 181  62  1
 132  64  1
 157  64  1
  75  66  1
  76  66  1
 124  66  1
 151  66  1
 152  66  1
  25  67  1
  27  67  1
  78  67  2
  79  67  1
  80  67  1
 100  67  1
 120  67  1
 140  67  1
 227  67  1
 256  67  1
 222  68  1
 251  68  1
  21  69  1
 153  69  1
 245  69  1
  71  70  1
  85  70  1
  88  70  1
  89  70  1
  28  71  1
  83  71  1
  35  72  1
  36  72  1
  89  72  1
  98  72  1
 242  72  1
  73  73  1
 167  74  1
  13  75  1
  85  75  1
 230  75  1
 274  75  1
 275  75  1
  35  76  1
 224  76  1
 240  76  1
 257  76  1
  70  77  1
  71  77  1
 262  77  1
  78  78  1
  32  79  1
 253  79  1
 264  79  1
  70  80  1
 270  80  1
 190  81  1
 191  81  1
 221  81  1
 222  81  1
 233  81  1
  30  82  1
 225  83  1
  70  84  1
 179  84  1
 184  84  1
 230  84  1
  28  85  1
 277  85  1
 278  85  1
 184  87  1
  30  88  1
  33  88  1
 133  88  1
 226  88  1
 228  88  1
 230  88  1
 278  88  1
 279  88  1
 184  89  1
 185  89  1
 246  89  1
 262  89  1
   3  90  1
   4  90  1
 132  90  1
 133  90  1
  10  91  1
  36  91  1
  43  91  1
  90  91  1
 176  91  1
 190  91  1
 221  91  1
 260  91  1
  13  92  1
  14  92  1
  47  92  1
  75  92  1
 150  92  1
 258  92  1
  16  93  1
  18  93  1
  87  93  1
  88  93  1
  96  93  1
 166  93  1
 167  93  1
 183  94  1
 131  95  1
 156  95  1
 179  95  1
  38  96  1
  41  96  1
  73  96  1
  75  96  1
  99  96  1
 100  96  1
 159  96  1
  36  97  1
  89  97  1
 143  97  1
 175  97  1
 176  97  1
 103  98  1
 138  98  1
 145  98  1
 149  98  1
 150  98  1
 171  99  1
  11 100  1
  44 100  1
  46 100  1
 168 100  1
  29 101  1
  77 101  1
  84 101  1
  89 101  1
 161 101  1
  49 102  1
 116 102  1
 147 102  1
  40 103  1
  91 103  1
 129 103  1
 216 103  1
 224 103  1
  49 104  1
  50 104  1
 111 104  1
   8 105  1
  86 105  1
  29 106  1
 170 106  1
  18 107  1
  91 107  1
  92 107  1
 134 107  1
 240 107  1
 241 107  1
 151 108  1
 154 108  1
 228 108  1
 231 108  1
 269 108  1
  45 109  1
 142 109  1
 218 109  1
 219 109  1
 264 109  1
 139 110  1
 160 110  1
 262 110  1
 137 111  1
  91 112  1
  54 113  1
 157 113  1
 214 113  1
 257 113  1
 126 114  1
 150 114  1
 233 114  1
 234 114  1
 271 114  1
 193 115  1
 252 115  1
 234 116  1
 115 117  1
 138 117  1
  43 118  1
  53 118  1
  54 118  1
  63 118  1
  64 118  1
 144 118  1
 207 118  1
 234 118  1
 238 118  1
 187 119  1
   1 120  1
  66 120  1
 142 120  1
 185 120  1
 192 120  1
 193 120  1
 205 120  1
 211 120  1
 251 120  1
 138 121  1
 245 121  1
 193 122  1
 230 122  1
 260 122  1
  32 123  1
 101 123  1
 221 123  1
 274 123  1
 281 123  1
 282 123  1
  44 124  1
  48 124  1
 193 124  1
  26 125  1
  27 125  1
 198 125  1
 223 125  1
  11 126  1
  12 126  1
  63 126  1
  94 126  1
  95 126  1
 242 126  1
  52 127  1
 179 127  1
 209 127  1
 240 127  1
 246 127  1
 254 127  1
 100 128  1
 110 128  1
 176 128  1
 177 128  1
 201 128  1
 256 128  1
 257 128  1
  23 129  1
  24 129  1
  61 129  1
 115 129  1
 193 129  1
 194 129  1
 246 129  1
  12 130  1
  51 130  1
 122 130  1
 282 130  1
 194 131  1
 195 131  1
  29 132  1
  35 132  1
 218 132  1
 248 132  1
 280 132  1
   7 133  1
  41 133  1
  54 133  1
 138 133  1
 186 133  1
 199 133  1
 232 133  1
 238 133  1
  94 134  1
  95 134  1
 144 134  1
 163 134  1
 190 134  1
 272 134  1
   5 135  1
  17 135  1
  18 135  1
  25 135  1
  54 135  1
 149 135  1
 173 135  1
 205 135  1
 211 135  1
 236 135  1
  36 136  1
 158 136  1
 169 136  1
 234 136  1
  67 137  1
 252 137  1
  31 138  1
  32 138  1
 138 139  1
 218 139  1
  11 140  1
  32 140  1
 146 140  1
 167 140  1
 168 140  1
 200 140  1
  68 141  1
 211 141  1
  94 142  1
  95 142  1
 114 142  1
 244 142  1
  51 143  1
 136 143  1
 233 143  1
  64 144  1
  65 144  1
 125 144  1
 237 145  1
  59 146  1
  94 146  1
 161 146  1
 204 146  1
 208 146  1
  21 147  1
  22 147  1
  53 147  1
 200 147  1
  72 148  1
 100 148  1
 138 148  1
   9 149  1
  29 149  1
  46 149  1
 140 149  1
 141 149  1
 276 149  1
 277 149  1
  16 150  1
  50 150  1
  67 150  1
  85 150  1
  90 150  1
 100 150  1
 198 150  1
 208 150  1
  95 151  1
 234 151  1
 235 151  1
 244 151  1
  20 152  1
  76 152  1
 166 152  1
 191 152  1
 230 152  1
  47 153  1
 247 153  1
 253 153  1
 170 154  1
 209 154  1
  71 155  1
 194 155  1
  78 156  1
  92 156  1
  93 156  1
 111 156  1
 158 156  1
 227 156  1
 267 156  1
  71 157  1
 219 157  1
  39 158  1
 116 158  1
 166 158  1
 177 158  1
  17 160  1
  38 160  1
  70 160  1
  85 160  1
 214 160  1
 215 160  1
   5 161  1
   6 161  1
  19 161  1
 169 161  1
 181 161  1
 182 161  1
 264 161  1
 265 161  1
  65 163  1
 191 163  1
  74 164  1
  81 164  1
  98 164  1
  99 164  1
  88 165  1
  96 165  1
 181 165  1
 264 165  1
  80 166  1
 122 166  1
  31 167  1
  90 167  1
 268 167  1
 274 167  1
 275 167  1
  33 168  1
  74 168  1
 115 168  1
  70 169  1
 188 169  1
 189 169  1
 111 170  1
 112 170  1
  74 172  1
  78 172  1
  67 173  1
  69 173  1
 108 173  1
 179 173  1
  27 174  1
  28 174  1
  79 174  1
 190 174  1
 273 174  1
 274 174  1
 232 176  1
 233 176  1
   8 177  1
   9 177  1
  88 177  1
 265 177  1
  28 178  1
  81 178  1
 105 178  1
 179 178  1
 187 178  1
  88 179  1
  89 179  1
 238 179  1
 239 179  1
 266 179  1
  33 180  1
  73 181  1
  76 181  1
  92 181  1
 154 181  1
 243 181  1
  96 182  1
 152 182  1
  10 183  1
  11 183  1
  52 183  1
  81 183  1
 245 183  1
 251 183  1
 124 184  1
 131 184  1
 249 184  1
 258 184  1
 259 184  1
 261 186  1
 262 186  1
 236 187  1
  49 189  1
 131 189  1
 146 189  1
 119 190  1
 120 190  1
 163 190  1
 122 192  1
 148 192  1
  85 193  1
 161 193  1
  48 194  1
  66 194  1
 141 194  1
 152 195  1
 153 195  1
  14 196  1
 236 196  1
 268 196  1
 269 196  1
 122 197  1
 145 197  1
 258 197  1
 232 198  1
 234 198  1
  52 199  1
 153 199  1
 224 199  1
 242 199  1
 201 200  1
 203 200  1
 205 200  1
 234 200  1
 236 200  1
 248 200  1
 222 201  1
 215 202  1
  45 203  1
  46 203  1
  50 203  1
  57 203  1
 205 204  1
 264 204  1
  32 205  1
 151 205  1
  67 206  1
 131 206  1
 142 206  1
 143 206  1
  41 207  1
 253 207  1
 146 208  1
 198 208  1
 262 208  1
 127 209  1
 166 209  1
  27 210  1
  28 210  1
  63 210  1
 149 210  1
 249 210  1
 250 210  1
  70 212  1
  82 212  1
 217 212  1
 229 212  1
  92 213  1
 136 213  1
 137 213  1
  82 214  1
 220 214  1
 257 214  1
  38 215  1
  89 215  1
 128 215  1
 129 215  1
  82 216  1
  83 216  1
 149 216  1
 165 216  1
 166 216  1
 228 216  1
 229 216  1
  72 217  1
 117 217  1
 135 217  1
 158 217  1
 237 217  1
 124 218  1
 210 218  1
 228 218  1
 135 219  1
 147 219  1
 111 220  1
 157 220  1
 244 220  1
 245 220  1
  83 221  1
  84 221  1
 163 221  1
 252 221  1
  65 222  1
 153 222  1
  62 223  1
  88 223  1
  89 223  1
 175 223  1
  67 224  1
  74 224  1
  81 224  1
 125 224  1
 173 224  1
  50 226  1
  51 226  1
 169 226  1
 170 226  1
 107 227  1
 114 227  1
 144 227  1
 148 227  1
 156 227  1
 160 227  1
 217 227  1
 227 227  1
 181 228  1
 107 229  1
  84 230  1
 213 230  1
  64 231  1
 119 231  1
 169 231  1
 114 232  1
 154 232  1
 155 232  1
 172 233  1
 192 233  1
 175 234  1
 116 235  1
 117 235  1
 159 235  1
 160 235  1
 227 235  1
 162 237  1
 195 237  1
 198 238  1
 111 239  1
 166 240  1
 193 240  1
 159 241  1
 160 241  1
 206 241  1
 108 243  1
 164 244  1
 182 244  1
 215 244  1
 227 244  1
 152 245  1
 153 245  1
 159 245  1
 197 245  1
 198 245  1
 188 246  1
 203 246  1
 204 246  1
 205 246  1
 224 246  1
 161 247  1
 162 247  1
 166 248  2
 176 248  1
 222 248  1
 156 250  1
 157 250  1
 217 251  1
 130 254  1
 132 254  1
 207 255  1
 209 255  1
 143 257  1


count = 816