  76   1  1
  77   1  1
  78   1  1
 100   1  1
 122   1  1
 182   1  1
  94   2  1
 108   2  1
 116   2  1
 139   2  1
 184   2  1
 112   3  1
  94   4  1
  95   4  1
 160   4  1
  66   5  1
  84   5  1
 189   5  1
  64   6  1
 111   6  1
 112   6  1
 116   6  1
 117   6  1
  95   7  1
  96   7  1
 139   7  1
 140   7  1
 194   8  1
 161   9  1
 162   9  1
 197  10  1
 119  11  1
 120  11  1
 200  12  1
 201  12  1
 204  13  1
 142  14  1
 207  14  1
 155  16  1
 156  16  1
  62  18  1
  83  18  1
  85  18  1
  96  19  1
 100  19  1
 124  19  1
 219  20  1
  61  21  1
  62  21  1
 205  21  1
  40  22  1
 223  22  1
 160  23  1
 120  24  1
 125  25  1
 155  25  1
 156  25  1
 169  25  1
 129  27  1
  87  28  1
  31  29  1
  80  29  1
 130  29  1
 131  29  1
 163  29  1
  70  30  1
 103  30  1
 158  30  1
  72  31  1
 206  32  1
 233  32  1
 108  33  1
 109  33  1
 145  33  1
 175  34  1
 196  34  1
  74  35  1
  82  35  1
 130  35  1
 194  35  1
 203  35  1
 179  36  1
 121  37  1
 148  37  1
 190  37  1
 136  38  1
 137  38  1
 104  39  1
 105  39  1
 144  39  1
 182  39  1
 118  41  1
 119  41  1
 197  41  1
  66  42  1
  82  42  1
  87  42  1
 121  42  1
 122  42  1
 195  42  1
 216  42  1
  26  43  1
  27  43  1
 137  43  1
  81  44  1
 130  44  1
  15  45  1
 136  46  1
 137  46  1
 244  46  1
 132  47  1
 105  48  1
 107  48  1
 212  48  1
 163  49  1
 165  49  1
 180  49  1
 188  49  1
 246  49  1
  48  50  1
 160  50  1
 167  51  1
 168  51  1
 193  51  1
 195  51  1
 156  52  1
 150  53  1
 193  53  1
  35  54  1
 159  55  1
 169  55  1
 173  55  1
 174  55  1
 250  55  1
 251  55  1
  38  56  1
  82  56  1
  90  56  1
 121  56  1
 122  56  1
 192  57  1
 193  57  1
   3  58  1
  98  58  1
 104  58  1
 156  58  1
 195  58  2
 107  59  1
 120  59  1
 121  59  1
 165  59  1
 200  59  1
  85  60  1
 110  60  1
 202  60  1
   1  61  1
  53  62  1
  98  62  1
 153  62  1
 193  62  1
  89  63  1
 118  64  1
 204  64  1
 205  64  1
  47  65  1
  51  65  1
 161  65  1
 162  65  1
 213  66  1
 161  67  1
 188  67  1
 184  68  1
 161  69  1
  42  70  2
  43  70  1
  44  70  1
 212  70  1
 159  71  1
 161  71  1
 246  71  1
 152  72  1
 191  72  1
 202  72  1
 204  72  1
 208  72  1
 212  74  1
 234  74  1
 193  75  1
 194  75  1
 215  75  1
 229  75  1
 185  77  1
  54  78  2
 194  78  1
 195  78  1
  10  79  1
  16  79  1
 211  79  1
   7  80  1
 208  80  1
 209  80  1
  24  81  1
 195  82  1
 212  82  1
 235  82  1
  26  83  1
 190  83  1
 206  83  1
 232  83  1
 180  84  1
   8  85  1
 209  85  1
  19  86  1
 211  86  1
  52  87  1
 196  87  1
 232  87  1
 252  87  1
 253  87  1
  21  88  1
  43  88  1
 143  88  1
 175  88  1
 213  88  1
 192  89  1
  28  90  1
 184  90  1
 213  90  1
  86  91  1
  76  92  1
 243  92  1
  30  93  1
  92  93  1
 143  93  1
 192  93  1
 197  93  1
  68  94  1
 207  94  1
 212  94  1
 213  94  1
 241  94  1
  29  95  1
  92  95  1
 175  95  1
 236  95  1
 141  96  1
 142  96  1
 219  96  1
  61  97  1
 200  97  1
 202  97  1
  67  98  1
 146  98  1
 185  98  1
 213  98  1
  32  99  1
  48  99  1
  77  99  1
 205  99  1
  24 100  1
  97 100  1
 134 100  1
  68 101  1
  89 101  1
  99 101  1
 158 101  1
 159 101  1
 165 101  1
 171 101  1
  19 102  1
  86 102  1
 191 102  1
 210 102  1
 230 102  1
 244 102  1
  16 103  1
  48 103  1
  76 103  1
 180 103  1
 235 103  1
  34 104  1
 139 104  1
 154 104  1
 169 105  1
 198 105  1
 191 106  1
 192 106  1
 218 106  1
 126 107  1
 160 107  1
 220 107  1
  39 108  1
  64 108  1
  68 108  1
  80 108  1
 154 108  1
  75 109  1
  76 109  1
 137 109  1
 143 109  1
 150 109  1
  60 110  1
  96 110  1
 120 110  1
 180 110  1
 181 110  1
 212 110  1
 229 110  1
  26 111  1
  27 111  1
 150 111  1
 162 111  1
 217 111  1
 246 111  1
 252 111  1
 253 111  1
  71 112  1
  82 112  1
 102 112  1
 134 112  1
 211 112  1
 232 112  1
 233 112  1
  27 113  1
  31 113  1
  92 113  1
 137 113  1
 143 113  1
 150 113  1
 141 114  1
 211 114  1
  46 115  1
  47 115  1
  89 115  1
  91 115  1
  97 115  1
  99 115  1
 123 115  1
 124 115  1
 172 115  1
 198 115  1
 224 115  1
  62 116  1
  63 116  1
  64 116  1
 108 116  1
 162 116  1
 157 117  1
 208 117  1
 214 117  1
 235 117  1
 248 117  1
  80 118  1
  81 118  1
  93 118  1
 121 118  1
 148 118  1
 204 118  1
 102 119  1
 103 119  1
 139 119  1
 177 119  1
 182 119  1
 183 119  1
 184 119  1
 191 119  1
 238 119  1
 148 120  1
 157 120  1
 221 120  1
 228 120  1
 231 120  1
  83 121  1
  90 121  1
 105 121  1
 153 121  1
 208 121  1
 243 121  1
 244 121  1
 110 122  1
 142 122  1
 143 122  1
 197 122  1
  45 123  1
 159 123  1
 174 123  1
 234 123  1
 235 123  1
 246 123  1
 258 123  1
 259 123  1
 114 124  1
 154 124  1
  46 125  1
  47 125  1
  81 125  1
  82 125  1
 104 125  1
 105 125  1
 119 125  1
 159 125  1
 229 125  2
 108 126  1
 187 126  1
 208 126  1
  70 127  1
 246 127  1
 247 127  1
  28 129  1
 191 129  1
 203 129  1
 227 129  1
  48 130  1
  96 130  1
 164 130  1
 176 130  1
 178 130  1
 233 130  1
 234 130  1
 152 131  1
 153 131  1
 174 131  1
 246 131  1
 247 131  1
   1 132  1
   4 132  1
  23 132  1
  53 132  1
 123 132  1
 124 132  1
 188 132  1
 190 132  1
   7 133  1
  56 133  1
 153 133  1
 205 133  1
 210 133  1
  19 134  1
 193 134  1
 194 134  1
 195 134  1
 239 134  1
  11 135  1
  51 135  1
  75 135  1
 148 135  1
 181 135  1
  20 136  1
  57 136  1
  63 136  1
 262 136  1
 263 136  1
 154 137  1
 227 137  1
  12 138  1
  20 138  1
  77 138  1
  16 139  1
 154 139  1
 159 139  1
 171 139  1
 212 139  1
 226 139  1
 241 139  1
 107 140  1
 203 140  1
  37 141  1
  77 141  1
 124 141  1
 229 141  1
   1 142  1
   5 142  1
  34 142  1
  73 142  1
  84 142  1
 193 142  1
 200 142  1
 201 142  1
 171 143  1
 172 143  1
 207 143  1
 223 143  1
 229 143  1
  56 144  1
  76 144  1
 110 144  1
 115 144  1
  28 145  1
  29 145  1
  96 145  1
 103 145  1
 115 146  1
 172 146  1
 173 146  1
 214 146  1
 242 146  1
 201 147  1
  93 148  1
  86 149  1
  87 149  1
 104 149  1
 228 149  1
 229 149  1
  23 150  1
  25 150  1
  48 150  1
  52 150  1
 197 150  1
  17 151  1
 222 151  1
 238 151  1
 219 152  1
  33 153  1
 104 153  1
 111 153  1
  28 154  1
  56 154  1
  95 154  1
  52 155  1
 101 155  1
 168 155  1
 170 155  1
 172 155  1
 236 155  1
 237 155  1
  77 156  1
  83 156  1
  84 156  1
 121 156  1
 130 156  1
 227 156  1
 124 157  1
 217 157  1
 221 158  1
 222 158  1
 134 159  1
 144 159  1
 166 159  1
 177 160  1
 260 161  1
 261 161  1
 138 162  1
 210 162  1
 182 164  1
 183 164  1
 202 164  1
 136 165  1
 192 165  1
   1 166  1
 165 166  1
 166 166  1
 178 166  1
 258 166  1
 199 167  1
 132 169  1
   3 170  1
  76 170  1
  77 170  1
 170 170  1
 186 170  1
 255 170  1
   1 171  1
 173 171  1
 195 171  1
  44 173  1
 205 173  1
 206 173  1
 211 173  1
 212 173  1
  36 174  1
 131 174  1
 132 174  1
  46 175  1
  66 175  1
 136 175  1
 127 176  1
 128 176  1
   1 177  1
 138 177  1
 198 177  1
 249 177  1
 172 178  1
 203 178  1
 208 178  1
 209 178  1
 219 178  1
  74 179  1
  75 179  1
 122 179  1
  62 182  1
 112 182  1
 138 182  1
  46 183  1
 143 183  1
 245 183  1
  24 184  1
 177 184  1
 186 184  1
 104 185  1
 109 185  1
 244 185  1
   1 186  1
  82 186  1
 136 186  1
 145 186  1
 186 186  2
 205 186  1
  26 187  1
  44 187  1
  79 187  1
  54 188  1
  55 188  1
  72 188  1
 133 188  1
  42 189  1
 242 189  1
   5 190  1
  55 190  1
  42 191  1
  69 191  1
 210 191  1
  23 192  1
 151 192  1
 205 192  1
   7 193  1
  78 193  1
  52 194  1
  11 195  1
  17 195  1
  18 195  1
  68 195  1
  23 196  1
  80 197  1
  81 197  1
 162 197  1
  22 198  1
  64 198  1
  86 198  1
  52 199  1
  74 199  1
 160 199  1
  64 200  1
  71 200  1
 149 201  1
 150 201  1
 155 201  1
  65 203  1
 107 204  1
 156 204  1
 226 204  1
  86 205  1
  87 205  1
 167 205  1
 101 206  1
 102 206  1
 221 207  1
  23 208  1
 101 208  1
 154 208  1
 162 208  1
  85 209  1
  86 209  1
 108 209  2
 109 209  1
 200 209  1
 218 209  1
  75 211  1
  80 211  1
 103 211  1
 143 211  1
 170 211  1
 215 211  1
 164 212  1
  92 213  1
 111 213  1
 147 213  1
 148 213  1
 166 213  1
 168 213  1
 212 213  1
  80 214  1
  85 214  1
  86 214  1
  97 214  1
 157 215  1
 108 216  1
 169 216  1
 170 216  1
  65 217  1
  34 218  1
  76 218  1
  89 218  1
 101 219  1
 160 219  1
 161 219  1
  48 220  1
  65 220  1
  69 220  1
  85 220  1
 130 220  1
 170 220  1
 204 220  1
  39 221  1
  40 221  1
 135 221  1
 141 221  1
 164 221  1
  92 222  1
  43 223  1
  96 223  1
 109 223  1
 165 224  1
 171 224  1
 172 224  1
  57 225  1
  58 225  1
 114 226  1
 125 226  1
 126 226  1
 168 226  1
  51 227  1
 119 227  1
 140 227  1
  60 228  1
  81 229  1
  88 230  1
  92 230  1
 165 230  1
 167 230  1
  55 231  1
  56 231  1
  77 232  1
  78 232  1
 147 232  1
  85 233  1
 133 233  1
 170 233  1
  97 234  1
 142 234  1
 188 234  1
  69 236  1
 124 236  1
 125 236  1
 183 237  1
  76 238  1
 135 238  1
 136 238  1
 127 239  1
 128 239  1
 142 240  1
 180 240  1
 136 241  1
 148 242  1
 173 242  1
 129 243  1
  99 244  1
 122 244  1
 168 244  1
 102 245  1
 105 246  1
 155 246  1
 147 248  1


count = 762