 123   1  1
 130   1  1
 163   1  1
 120   2  1
 173   2  1
 180   4  1
 182   5  1
 184   5  1
 187   6  1
 162   9  1
 175   9  1
  98  10  1
 113  12  1
 167  12  1
 168  12  1
 175  12  1
 162  13  1
 204  13  1
  82  14  1
 114  14  1
  78  15  1
  80  15  1
 109  15  1
 207  16  1
  70  17  1
  67  18  1
 104  18  1
 117  18  1
 210  18  1
  83  19  1
  84  19  1
  89  19  1
 130  19  1
 194  19  1
 108  20  1
  56  21  1
 180  21  1
 186  21  1
  72  22  1
  91  22  1
 110  22  1
 121  22  1
 122  22  1
 216  22  1
 191  23  1
  97  25  1
 119  25  1
 136  25  1
 187  25  1
 191  25  1
 158  27  1
 159  27  1
 190  27  1
 191  27  1
 223  27  1
 116  28  1
  73  29  1
  74  29  1
  62  30  1
  69  30  1
 104  31  1
 117  31  1
 136  31  1
  63  32  1
 138  32  1
  51  33  1
 110  33  1
 143  33  1
  95  34  1
 161  34  1
 155  35  1
  45  36  1
  46  36  1
 151  36  1
 192  36  1
 139  37  1
 140  37  1
 151  38  1
 160  38  1
 179  38  1
 184  38  1
  53  39  1
  54  39  1
 108  39  1
 163  39  1
 103  40  1
 105  40  1
 150  40  1
  92  41  1
  93  41  1
  96  41  1
 146  42  1
 147  42  1
 157  42  1
 182  43  1
  29  45  1
  57  45  1
  51  46  1
 176  46  1
  54  51  1
 147  51  1
 160  52  1
  55  53  1
 150  53  1
  59  54  1
 152  57  1
 166  57  1
  19  58  1
  58  59  1
  59  59  1
 255  59  1
 256  59  1
 153  62  1
 159  64  1
  13  66  1
  18  67  1
 146  70  1
   8  73  1
  21  75  1
 179  76  1
 186  76  1
  19  77  1
  23  77  1
  11  78  1
 173  78  1
 174  78  1
 187  79  1
  21  80  1
 261  80  1
 262  80  1
 179  81  1
  10  82  1
  23  82  1
  31  82  1
 181  82  1
  26  84  1
 216  85  1
 265  85  1
  29  86  1
  30  86  1
 225  86  1
  40  87  1
  41  87  1
   9  88  1
  10  88  1
  38  88  1
 200  88  1
 227  88  1
 270  90  1
 157  92  1
   7  93  1
 152  93  1
 178  93  1
  86  95  1
 149  96  1
  13  97  1
  92  97  1
 110  97  1
 114  97  1
 134  97  1
 275  97  1
 276  97  1
 117  98  1
 118  98  1
  78  99  1
  14 100  1
  87 100  1
  10 101  1
  12 101  1
  59 101  1
 143 101  1
 171 101  1
 277 101  1
 278 101  1
   6 102  1
  53 102  1
  80 102  1
  81 102  1
 104 103  1
  62 104  1
 120 105  1
 196 105  1
   1 106  1
  81 106  1
 168 106  1
  68 108  1
  84 109  1
  85 109  1
  90 109  1
  96 109  1
 163 110  1
  49 111  1
  55 111  1
  99 112  1
  54 113  1
  76 113  1
   7 114  1
   9 114  1
 101 114  1
 102 114  1
  54 115  1
  80 115  1
 107 115  1
  47 116  1
  48 116  1
  88 116  1
 114 116  1
   6 118  1
  94 118  1
 119 118  1
 120 118  1
  97 119  1
 150 119  1
   1 120  1
 274 120  1
  27 121  1
 243 121  1
 254 121  1
  91 122  1
 142 122  1
 120 123  1
 130 123  1
 265 123  1
 266 123  1
 270 123  1
 271 123  1
 279 123  1
 280 123  1
  30 124  1
  48 124  1
  89 124  1
  93 124  1
 134 124  1
 182 124  1
 183 124  1
 188 124  1
 190 124  1
  98 125  1
 246 125  1
 252 125  1
   6 126  1
  57 126  1
  62 126  1
 269 126  1
 278 126  1
 279 126  1
  24 127  1
 221 127  1
  42 128  1
 273 128  1
 274 128  1
  56 129  1
 113 129  1
 233 129  1
  32 130  1
  76 130  1
 102 130  1
 191 130  1
 196 130  1
 227 130  1
 228 130  1
 231 130  1
 239 130  1
  64 131  1
  97 131  1
 143 131  1
  29 132  1
 204 132  1
 253 132  1
   8 133  1
   9 133  1
  20 133  1
  56 133  1
  99 133  2
 185 133  1
 186 133  1
  11 134  1
  46 134  1
  52 134  1
 233 134  1
 246 134  1
 261 134  1
  38 135  1
 147 135  1
 184 135  1
 254 135  1
  63 136  1
  95 136  1
  27 138  1
 138 138  1
  92 141  1
 162 141  1
 149 142  1
  90 143  1
 281 143  1
 282 143  1
 183 144  1
 184 144  1
 155 145  1
 186 145  1
 188 145  1
 100 146  1
 171 146  1
  86 147  1
  96 147  1
 149 148  1
 160 148  1
 189 148  1
  87 151  1
  92 151  1
 147 151  1
 106 152  1
 141 152  1
  80 154  1
 104 154  1
 131 154  1
 151 154  1
 138 155  1
  78 156  1
  99 156  1
 180 156  1
 144 157  1
 154 157  1
 109 159  1
 111 159  1
 183 159  1
 147 160  1
  79 161  1
  93 161  1
  90 162  1
 155 162  1
 186 162  1
 187 162  1
 271 162  1
   8 163  1
  84 163  1
 160 163  1
 190 163  1
  37 164  1
 236 165  1
 237 165  1
  31 166  1
 271 166  1
 272 166  1
  18 167  1
 199 167  1
  26 168  1
 242 168  1
 243 168  1
 195 169  1
 166 170  1
 239 170  1
 140 171  1
 144 171  1
   4 172  1
   5 172  1
 204 172  1
 205 172  1
 238 172  1
 228 173  1
   5 175  1
   6 175  1
 273 176  1
 228 180  1
 270 181  1
 271 181  1
  15 182  1
 184 183  1
  18 184  1
 226 184  1
  62 185  2
  63 185  1
 216 187  1
  46 188  1
  13 191  1
  14 191  1
  61 191  1
  20 192  1
  56 192  1
  57 192  1
  63 192  1
  57 194  1
 265 197  1
 266 197  1
 174 198  1
 175 198  1
  59 199  1
  60 199  1
  22 202  1
  35 202  1
 149 202  1
 263 202  1
 264 202  1
 166 203  1
 167 203  1
 180 203  1
 181 203  1
 141 204  1
 149 204  1
 173 205  1
 174 205  1
 234 205  2
 236 205  1
  28 206  1
 138 207  1
 167 207  1
  59 208  1
 108 208  1
 180 208  1
  38 209  1
  39 209  1
 157 209  1
 238 209  1
 239 209  1
 174 210  1
 175 210  1
 167 211  1
 168 211  1
  50 212  1
 259 212  1
  35 213  1
 139 213  1
 171 213  1
  53 215  1
  54 215  1
 115 215  1
 241 215  1
 242 215  1
 257 215  1
  40 216  1
  46 216  1
 111 217  1
 143 217  1
 165 217  1
 166 217  1
  50 218  1
  51 218  1
 209 218  1
 253 221  1
 147 222  1
 151 222  1
 152 222  1
 104 223  1
 109 223  1
 110 223  1
  95 224  1
 156 225  1
 157 225  1
 158 225  1
 217 225  1
 218 225  1
  93 226  1
 212 226  1
 107 227  1
 105 228  1
 212 228  1
 213 228  1
  53 229  1
 147 229  1
 148 229  1
 244 229  1
 166 230  1
 213 230  1
 152 231  1
 238 232  1
 239 232  1
  59 233  1
 215 233  1
 222 233  1
 223 233  1
 150 235  1
 151 235  1
 168 235  1
 169 235  1
 218 235  1
 162 236  1
  64 237  1
  65 237  1
 229 237  1
  89 238  1
 149 238  1
 150 238  1
  72 239  1
 158 239  1
 226 239  1
  74 240  1
  76 240  1
  78 241  1
  95 242  1
  92 245  1
 161 245  1
 216 245  1
 141 246  1
 139 249  1
 140 249  1
 147 249  1
 148 249  1
 198 251  1
 138 252  1
 195 252  1
 148 253  1
 184 255  1
 177 256  1


count = 503