 130   1  1
 148   1  1
 119   2  1
 166   3  1
 177   6  1
 185   8  1
 165   9  1
 191  10  1
 170  11  1
 194  11  1
 107  12  1
  83  15  1
 101  15  1
 102  15  1
  90  16  1
  97  17  1
 108  17  1
 109  17  1
  70  18  1
 166  18  1
  91  19  1
  99  19  1
 199  19  1
  68  20  1
  86  20  1
 214  20  1
 215  20  1
 106  21  1
 162  21  1
 169  21  1
  88  23  1
  89  23  1
 101  23  1
 102  23  1
 107  23  1
 108  23  1
 114  25  1
 168  25  1
 195  25  1
 196  25  1
 207  25  1
 110  26  1
 162  26  1
  90  27  1
 172  27  1
 213  27  1
  62  28  1
 203  28  1
 230  28  1
 231  28  1
  92  29  1
 107  29  1
 167  30  1
 176  30  1
  57  31  1
 222  31  1
 104  32  1
 170  32  1
 186  32  1
 211  32  1
  91  33  1
 241  35  1
 119  36  1
 166  37  1
 168  37  1
 199  37  1
 200  37  1
 119  38  1
  59  39  1
  60  39  1
 187  39  1
 188  39  1
  37  40  1
 115  40  1
 172  40  1
 176  41  1
 226  41  1
  92  42  1
 220  42  1
 107  43  1
 165  43  1
 173  43  1
 199  44  1
 200  44  1
  65  45  1
 176  45  1
 170  46  1
 173  49  1
 174  49  1
 221  49  1
 188  50  1
 189  50  1
 198  50  1
  63  51  1
 256  51  1
 191  52  1
 221  53  1
 249  53  1
  23  54  1
  66  57  1
 215  57  1
 216  57  1
  28  58  1
  29  58  1
 201  58  1
 202  58  1
 262  58  1
  66  59  1
  67  59  1
 206  61  1
 264  62  1
 240  63  1
 246  63  1
 236  64  1
 254  64  1
 255  64  1
 256  64  1
 251  67  1
 258  67  1
  18  68  1
  19  68  1
 269  69  1
 227  71  1
   9  72  1
  22  72  1
 254  72  1
  15  73  1
 253  74  1
 259  74  1
   7  75  1
  18  75  1
  19  75  1
 249  76  1
  24  79  1
 273  79  1
 274  79  1
 254  81  1
 243  82  1
   3  84  1
   4  84  1
 168  84  1
 169  84  1
 179  85  1
 191  85  1
  31  86  1
 277  86  1
   8  87  1
 209  88  1
 162  89  1
 180  89  1
 181  89  1
  23  90  1
 238  90  1
  11  91  1
 157  91  1
 159  91  1
 224  91  1
 155  92  1
 205  92  1
 238  92  1
  96  93  1
 181  93  1
 188  93  1
  24  94  1
  25  94  1
 230  94  1
 280  94  1
 281  94  1
 174  95  1
 175  95  1
  19  96  1
  95  97  1
 146  97  1
 192  97  1
 231  97  1
   7  98  1
 240  98  1
 137  99  1
 138  99  1
 234  99  1
  22 100  1
  98 100  1
 179 100  1
 202 100  1
 109 101  1
 110 101  1
 113 101  1
 114 101  1
 131 101  1
 133 101  1
  12 102  1
 127 103  1
 128 103  1
  34 104  1
  35 104  1
 173 104  1
  95 105  1
 196 105  1
 202 105  1
   1 106  1
  91 106  1
 116 106  1
 154 106  1
 159 106  1
  21 107  1
  22 107  1
  97 107  1
 103 107  1
  91 108  1
 141 108  1
 161 108  1
 162 108  1
 166 108  1
 167 108  1
 168 108  1
 114 109  1
 102 110  1
 202 110  1
 249 111  1
  16 112  1
 115 112  1
 167 112  1
 251 112  1
 133 113  1
 134 113  1
 241 113  1
 238 114  1
  13 115  1
 149 115  1
   1 116  1
  75 116  1
 152 116  1
 259 116  1
 260 116  1
 115 117  1
 143 117  1
 144 117  1
 108 118  1
 120 118  1
 121 118  1
 250 118  1
 252 118  1
 253 118  1
 262 118  1
 265 118  1
 266 118  1
 267 118  1
  10 119  1
 106 119  1
 237 119  2
 238 119  1
 239 119  1
  80 120  1
 142 120  1
 248 120  1
  44 121  1
  99 121  1
 194 121  1
 195 121  1
 244 121  1
 246 121  1
  24 122  1
  35 122  1
  41 122  1
  14 123  1
  96 123  1
   7 124  1
  51 124  1
  52 124  1
 281 124  1
 282 124  1
  67 125  1
 194 125  1
 260 125  1
 261 125  1
  31 127  1
 100 127  1
 129 127  1
 187 127  1
 199 127  1
  39 128  1
  75 128  1
 111 128  1
 115 128  1
 121 128  1
 125 128  1
  43 129  1
  83 129  1
 179 129  1
   8 130  1
  48 130  1
 257 130  1
 272 130  1
 273 130  1
  19 131  1
 177 131  1
 197 131  1
  27 132  1
  28 132  1
  50 132  1
  52 132  1
  63 132  1
 209 132  1
 225 132  1
 267 132  1
 140 133  1
  61 134  1
  99 134  1
 120 134  1
 124 134  1
 147 134  1
 209 134  1
 220 134  1
 264 134  1
 135 135  1
 152 135  1
 179 135  2
  44 136  1
 114 136  1
 150 136  1
 208 136  1
 220 136  1
 230 136  1
 238 136  1
 251 136  1
 252 136  1
   1 137  1
  10 137  1
 177 137  1
 203 137  1
 132 138  1
 223 138  1
   1 139  1
   7 139  1
  43 139  1
 156 139  1
 132 140  1
 134 140  1
 269 140  1
 270 140  1
 108 141  1
 260 141  1
 272 141  1
 146 142  1
 108 143  1
  96 144  1
 186 144  1
  44 145  1
 147 145  1
 149 145  1
 160 145  1
 178 145  1
 194 145  1
  89 146  1
 107 146  1
 219 146  1
 220 146  1
  41 147  1
  98 147  1
 105 147  1
 165 147  1
 167 147  1
 268 147  1
 125 148  1
 126 148  1
  53 149  1
  54 149  1
  87 149  1
  96 149  1
 225 149  1
   1 150  1
 143 150  1
 144 150  1
 145 150  1
 162 150  1
 139 151  1
  41 152  1
 220 152  1
  87 153  1
 136 153  1
 212 153  1
 224 153  1
 228 153  1
  83 154  1
 104 154  1
 215 154  1
 235 154  1
  44 155  1
  45 155  1
  50 155  1
  52 155  1
  97 155  1
 205 156  1
 138 157  1
 139 157  1
 196 157  1
 203 157  1
 230 157  1
 150 158  1
 152 158  1
 165 158  1
 169 158  1
 217 159  1
 234 159  1
  83 160  1
 161 160  1
 211 160  1
  87 161  1
 114 161  1
 208 162  1
 239 162  1
 240 162  1
  97 163  1
 105 163  1
 219 163  1
   3 164  1
   4 164  1
 127 164  1
 144 164  1
 169 164  1
 232 164  1
 233 164  1
 189 165  1
 146 166  1
 178 166  1
 194 166  1
 207 167  1
   4 168  1
   5 168  1
 155 168  1
 106 169  1
 207 169  1
 159 170  1
 225 170  1
 101 171  1
 231 171  1
 232 171  1
 222 172  1
 238 172  1
 277 173  1
 278 173  1
   7 174  1
 163 174  1
 236 174  1
 178 175  1
 175 176  1
 189 176  1
 192 176  1
 235 178  1
  10 179  1
 228 180  1
  27 181  1
  12 183  1
  32 184  1
 233 184  1
  20 186  1
  15 188  1
 231 188  1
  23 190  1
 155 192  1
 210 192  1
 231 192  1
  18 193  1
 214 193  1
 160 194  1
 229 194  1
 268 194  1
 269 194  1
 220 195  1
  92 196  1
  97 196  1
 151 196  1
 231 196  1
 202 197  1
 215 197  1
 266 197  1
  21 198  1
 252 199  1
  98 200  1
 201 200  1
 254 200  1
 258 200  1
  86 201  3
  87 201  1
  88 201  1
 225 201  1
 150 202  1
 151 202  1
  27 204  1
 212 204  1
 213 204  1
 102 205  1
 202 205  1
 221 205  1
 254 205  1
 262 205  1
 148 207  1
 149 207  1
 204 207  1
 228 207  1
 229 207  1
  29 208  1
 105 208  1
 106 208  1
 215 208  1
  31 209  1
 260 209  1
 217 210  1
 227 211  1
  35 212  1
 165 213  1
 176 213  1
  52 214  1
  53 214  1
  54 214  1
 194 214  1
 165 215  1
  51 216  1
 200 216  1
  40 217  1
  58 217  1
 166 217  1
 183 217  1
 185 217  1
 226 217  1
 190 218  1
 146 219  1
 178 219  1
  43 220  1
 173 220  1
  97 221  1
 164 221  1
 165 221  1
  92 222  1
  93 222  1
 168 223  1
  99 224  1
 245 224  1
  48 225  1
  96 226  1
  51 227  1
  82 227  1
  83 227  1
  92 228  1
  80 229  1
  99 229  1
 166 229  1
 167 229  1
 172 229  1
  87 230  1
 106 230  1
  57 231  1
 171 231  1
  94 232  1
 158 233  1
 233 233  1
  64 235  1
  82 235  1
 113 235  1
 117 235  1
 119 235  1
 121 235  1
  67 237  1
  68 237  1
  91 237  1
  82 239  1
 204 239  1
 205 239  1
 208 239  1
 153 240  1
 156 240  1
 164 240  1
  75 241  1
 204 241  1
 217 241  1
 218 241  1
 171 242  1
 166 243  1
 214 243  1
  79 244  1
 120 245  1
 121 245  1
 211 245  1
 159 246  1
 114 247  1
 136 247  1
 151 248  1
  99 249  1
 143 249  1
 202 249  1
 150 250  1
 144 251  1
 139 252  1
 114 254  1
 185 254  1
 124 257  1


count = 596