 106   1  1
 118   1  1
 134   1  1
 101   3  1
 168   5  1
 135   7  1
  89   8  1
  85   9  1
 138  10  1
 153  11  1
 153  13  1
 154  13  1
 169  13  1
 168  15  1
  68  16  1
  69  16  1
 133  16  1
  84  17  1
  85  17  1
 173  17  1
 140  18  1
 205  18  1
 145  19  1
 166  19  1
  78  20  1
  90  20  1
  91  20  1
 160  20  1
 162  20  1
 207  20  1
  74  21  1
  82  21  1
  93  21  1
 171  21  1
 153  23  1
 154  23  1
 212  23  1
  62  24  1
 146  24  1
  72  25  1
  73  25  1
 174  25  1
 175  25  1
  89  26  1
  94  26  1
 163  26  1
 164  26  1
  51  27  1
 171  27  1
 173  27  1
 150  29  1
 144  30  1
 145  30  1
  44  31  1
  55  31  1
  62  31  1
 162  31  1
 163  31  1
 222  31  1
 102  33  1
  56  34  1
 226  34  1
 143  35  1
  98  36  1
 210  36  1
 211  36  1
  45  38  1
  50  38  1
 156  39  1
 232  39  1
 141  40  1
  56  41  1
 142  42  1
 147  42  1
 219  42  1
  30  43  1
  39  43  1
  44  43  1
  45  43  1
  49  43  1
  91  43  1
  63  44  1
  76  44  1
 149  44  1
 162  44  1
 163  44  1
  58  45  1
  68  45  1
 165  46  1
 241  46  1
 244  48  1
 245  48  1
  27  49  1
  48  49  1
  91  49  1
  99  49  1
 249  50  1
  53  51  1
  77  51  1
  53  53  1
 105  53  1
  79  54  1
  80  54  1
  95  54  1
  52  55  1
 149  58  1
  81  59  1
 147  60  1
 212  61  1
 213  61  1
 246  61  1
 260  61  1
  78  64  1
  79  64  1
 147  64  1
 243  64  1
  50  65  1
  51  65  1
 153  66  1
 250  66  1
  70  68  1
 255  68  1
 256  68  1
  40  69  1
  41  69  1
  65  69  1
 147  69  1
 244  69  1
 245  69  1
  54  70  1
  60  70  1
 150  70  1
 206  70  1
 207  70  1
 258  71  1
 141  72  1
 164  72  1
 187  72  1
 212  72  1
 205  73  1
  45  74  1
  46  74  1
  73  74  1
 157  74  1
 159  74  1
 216  75  1
  69  76  1
 183  76  1
  75  77  1
 180  77  1
 193  77  1
  68  78  1
  69  78  1
 210  78  1
  47  79  1
 150  79  1
 201  80  1
 206  80  1
 210  80  1
 215  80  1
  11  81  1
  12  81  1
  71  81  1
  75  81  1
 143  82  1
 176  83  1
 192  83  1
 211  84  1
 137  85  1
 215  85  1
   9  86  1
  10  86  1
 173  86  1
 135  87  1
 200  87  1
 223  87  1
 226  87  1
 258  88  1
 259  88  1
 170  89  1
 230  89  1
 181  90  1
 209  90  1
 238  90  1
 258  90  1
 240  91  1
  44  92  1
  49  92  1
 128  92  1
 217  92  1
 218  92  1
 258  92  1
 260  92  1
 268  92  1
 188  93  1
 202  93  1
 203  93  1
 183  94  1
 207  94  1
 209  94  1
  55  95  1
 114  95  1
   5  96  1
   6  96  1
 100  96  1
 241  96  1
  80  97  1
  91  97  1
  97  97  1
 128  97  1
 232  97  1
 233  97  1
 246  97  1
 258  97  1
 279  97  1
 280  97  1
  27  98  1
  33  98  1
  37  98  1
  57  98  1
  89  98  1
 211  98  1
 237  98  1
 252  98  1
  86  99  1
 180  99  1
 193  99  1
 194  99  1
 216  99  1
 217  99  1
  61 100  1
 201 100  1
 202 100  1
 206 100  1
 256 100  1
 194 101  1
  10 102  1
  29 102  1
  73 102  1
 225 102  1
 181 103  1
 205 103  1
 231 103  1
 281 103  1
 282 103  1
  24 104  1
  57 104  1
  58 104  1
  65 104  1
 108 104  1
 154 104  1
 155 104  1
 188 104  1
  15 105  1
  16 105  1
 118 105  1
 178 105  1
 230 105  1
  36 106  1
  55 106  1
 116 106  1
 214 106  1
 215 106  1
  45 107  1
 112 107  1
 191 107  1
 193 107  1
  23 108  1
 226 108  1
 227 108  1
   9 109  1
  57 109  1
 145 109  1
 176 109  1
 183 109  1
  31 110  1
 107 110  1
 222 110  1
 123 111  1
 230 111  1
 109 112  1
 110 112  1
 188 112  1
 140 113  1
 204 113  1
 205 113  1
 211 113  1
 216 113  1
  26 114  1
 128 114  1
 185 114  1
 237 114  1
  24 115  1
  90 115  1
  91 115  1
 122 115  1
 123 115  1
 212 115  1
 226 115  1
  10 116  1
  15 116  1
 107 116  1
 189 116  1
 194 116  1
 239 116  1
  99 117  1
 100 117  1
 281 117  1
  44 118  1
  69 118  1
  93 118  1
  97 118  1
 129 118  1
 210 118  1
 211 118  1
  38 119  1
 243 119  1
 259 119  1
  40 120  1
 125 120  1
 179 120  1
  17 121  1
 103 121  1
 169 121  1
 184 121  1
 243 121  1
  12 122  1
  69 122  1
 207 122  1
 208 122  1
 261 122  1
 105 123  1
 124 123  1
 133 123  1
 212 123  1
 237 123  1
 243 123  1
  47 124  1
  52 124  1
 129 124  1
 191 124  1
 201 124  1
 252 124  1
 253 124  1
 277 124  1
 278 124  1
  55 125  1
 136 125  1
 167 125  1
 187 125  1
 198 125  1
  33 126  1
  34 126  1
  38 126  1
  47 126  1
 176 126  1
 203 126  1
 247 126  1
 271 126  1
  60 127  1
 124 127  1
 125 127  1
 164 127  1
  20 128  1
  47 128  1
 252 128  1
  30 129  1
 135 129  1
 136 129  1
 137 129  1
 242 129  1
 243 129  1
 264 129  1
 200 130  1
 201 130  1
 255 130  1
  22 131  1
  33 131  1
  38 131  1
  51 131  1
  60 131  1
 133 131  1
   1 132  1
   2 132  1
  71 132  1
 127 132  1
 178 132  1
 179 132  1
 134 133  1
 265 133  1
 107 134  1
 108 134  1
 109 134  1
 228 134  1
 245 134  1
 133 135  1
 134 135  1
 163 135  1
   1 136  1
 103 136  1
 104 136  1
  36 137  1
 176 137  1
 270 137  1
 101 138  1
 111 138  1
 112 138  1
 123 138  1
 220 139  1
 224 139  1
  43 140  3
  44 140  1
 131 140  1
 185 140  1
 220 141  1
  53 142  1
 122 142  1
 132 142  1
 256 142  1
  51 143  1
  96 143  1
 102 143  1
 108 144  1
 142 144  1
 260 144  1
   1 145  1
  45 145  1
 183 145  1
 251 145  1
 269 145  1
 273 145  1
 274 145  1
 134 146  1
 170 146  1
 224 146  1
 225 146  1
 253 146  1
 260 146  1
 279 146  1
 280 146  1
 210 147  1
 211 147  1
 267 147  1
  53 148  1
  72 148  1
 149 148  1
 195 148  1
 254 148  1
   1 149  1
   2 149  1
  49 149  1
 161 149  1
 199 149  1
  91 150  1
 153 150  1
 190 150  1
 221 150  1
  66 151  1
  67 151  1
 156 151  1
 237 151  1
 186 152  1
 275 152  1
  49 153  1
 104 153  1
 105 153  1
 195 153  1
 205 153  1
 186 154  1
 224 154  1
 225 154  1
 227 154  1
 258 154  1
  51 155  1
  52 155  1
  84 155  1
  90 155  1
 143 155  1
 273 155  1
 141 156  1
 147 156  1
 266 156  1
 268 156  1
  55 157  1
 198 157  1
 199 157  1
  62 158  1
  90 158  1
 161 158  1
 162 158  1
 215 158  1
  58 159  1
 114 159  1
 260 159  1
 261 159  1
 280 159  1
 281 159  1
  84 160  1
 165 160  1
 207 160  1
 193 161  1
 194 161  1
 232 161  1
  89 162  1
 101 162  1
 102 162  1
 123 162  1
 153 162  1
 279 162  1
 280 162  1
 169 163  1
 232 163  1
  13 164  1
 201 164  1
 205 164  1
 261 164  1
 262 164  1
  19 165  1
 236 165  1
 278 165  1
 279 165  1
 138 166  1
 174 166  1
 195 166  1
 222 166  1
 268 166  1
 189 167  1
 215 167  1
   6 168  1
 120 168  1
  18 169  1
 117 169  1
 124 169  1
 125 169  1
 141 169  1
 142 169  1
 200 169  1
 201 169  1
 127 170  1
 179 170  1
 204 170  1
 206 170  2
  18 171  1
 150 172  1
 152 172  1
 183 172  1
 204 172  1
 275 172  1
 198 174  1
 247 174  1
  81 175  1
 103 176  1
 201 176  1
 264 176  1
  94 177  1
 209 177  1
 197 178  1
 272 178  1
  51 179  1
 243 179  1
 251 179  1
  47 180  1
  75 180  1
 151 180  1
  56 181  1
 251 181  1
 256 181  1
  21 182  1
 248 182  1
 150 183  1
 162 183  1
  29 184  1
 137 184  1
 198 184  1
 224 184  2
  56 185  1
 135 185  1
  14 186  1
  15 186  1
 220 186  1
 224 186  1
 225 186  1
 244 186  1
 258 186  1
 192 187  1
 197 187  1
 253 187  1
  34 188  1
  15 189  1
  16 189  1
 235 189  1
 253 189  1
 132 190  1
  39 191  1
 125 191  1
 127 191  1
 128 191  1
 225 191  1
 249 191  1
 261 192  1
  44 193  1
 113 193  1
 145 193  1
  39 194  1
  63 194  1
  66 194  1
  91 194  1
 133 194  1
 157 194  1
 158 194  1
 247 194  1
 212 195  2
 213 195  1
 214 195  1
  54 196  1
  98 196  1
 100 196  1
 110 196  1
 130 196  1
 131 196  1
 139 196  1
  45 197  1
 102 197  1
 154 197  1
  29 198  1
  38 198  1
 257 198  1
  75 199  1
  66 200  1
 130 200  1
 142 200  1
 222 201  1
 241 201  1
 242 201  1
  81 203  1
  82 203  1
 153 203  1
 235 203  1
 252 205  1
  37 207  1
 129 207  1
 142 207  1
 122 208  1
  38 209  1
  81 209  1
  82 209  1
 233 209  1
  25 210  1
 118 210  1
 119 210  1
 126 210  1
 204 212  1
 210 212  1
 125 213  1
 179 213  1
 180 213  1
 224 213  1
  81 214  1
  82 214  1
 173 214  1
 140 216  1
 156 216  1
 189 216  1
 201 216  1
 206 216  1
 212 216  1
 217 216  1
 241 216  1
  70 217  1
 100 217  1
 161 217  1
  85 218  1
 124 218  1
 125 218  1
 142 218  1
 170 218  1
 181 218  1
 200 218  1
 201 218  1
  87 219  1
  88 219  1
  96 219  1
 183 220  1
 234 220  1
  73 221  1
 212 221  1
 140 222  1
 141 222  1
 157 222  1
 158 222  1
 204 222  1
 165 223  1
 166 223  1
 198 223  1
 210 223  1
  90 224  1
  92 224  1
 171 224  1
 217 225  1
  51 226  1
 176 226  1
  49 227  1
  54 227  1
 123 227  1
 124 227  1
  64 228  1
 187 228  1
 214 228  1
  86 229  1
 191 229  1
 223 229  1
 137 230  1
 138 230  1
 180 230  1
  84 231  1
 114 231  1
  47 233  1
  69 233  1
 121 233  1
  71 234  2
 175 234  1
 124 235  1
 165 235  1
 169 235  1
  62 236  1
  68 237  1
 131 237  1
 165 237  1
 212 237  1
 117 238  1
  55 239  1
  56 239  1
 165 239  1
 166 239  1
 206 240  1
 207 240  1
  61 242  1
  62 242  1
  85 242  1
 114 242  1
 203 242  1
  65 243  1
 123 244  1
 170 244  1
 128 245  1
  74 246  1
 135 246  1
 116 247  1
 144 247  1
  86 249  1
  89 250  1
 110 250  1
 124 250  1
  94 252  1
 100 254  1
 124 255  1
 105 256  1
 108 257  1
 118 257  1


count = 759