 159   1  1
 177   1  1
 193   3  1
 150   6  1
 202   6  1
 110   7  1
 144   7  1
 207   8  1
 103  10  1
 148  10  1
 100  11  1
 187  11  1
 188  11  1
  96  12  1
 144  13  1
 216  13  1
 155  15  1
 180  16  1
 137  17  1
 149  17  1
 168  17  1
 168  19  1
 184  19  1
  74  21  1
 174  22  1
 214  22  1
  99  23  1
 102  23  1
 188  23  1
  91  24  1
  68  25  1
 106  25  1
 121  25  1
 158  25  1
 169  25  1
  78  26  1
 160  26  1
  91  27  1
 173  27  1
 185  27  1
  73  29  1
 138  30  1
 213  30  1
 214  30  1
  80  31  1
 108  31  1
 109  31  1
 171  31  1
 118  32  1
 161  32  1
 143  33  1
 172  33  1
 232  34  1
 184  36  1
  72  37  1
  99  37  1
 111  37  1
 171  37  1
  81  38  1
  82  38  1
 116  38  1
 164  38  1
 165  38  1
  40  39  1
  78  40  1
 101  41  1
 143  41  1
 144  41  1
 174  41  1
 201  41  1
 207  41  1
 228  41  1
 230  41  1
  84  42  1
  87  42  1
 211  42  1
 212  42  1
 101  43  1
 102  43  1
 185  45  1
 186  45  1
  86  47  1
  99  47  1
 145  47  1
 197  48  1
 230  48  1
 212  49  1
 219  49  1
 235  49  1
  39  50  1
  79  50  1
  80  50  1
  81  50  1
  94  50  1
 215  50  1
 215  52  1
  42  53  1
 255  53  1
  76  54  1
 211  54  1
 242  54  1
 155  55  1
 220  55  1
 221  55  1
 232  55  1
 233  55  1
 253  55  1
  40  56  1
  41  56  1
  81  56  1
  92  56  1
 220  57  1
  52  58  1
 258  58  1
  59  59  1
 220  59  1
 238  59  1
 253  59  1
 266  59  1
 267  59  1
  89  60  1
  90  60  1
  69  62  1
 169  63  1
 170  63  1
 251  63  1
  89  64  1
 227  64  1
 228  64  1
 231  65  1
 242  67  1
 270  67  1
  31  69  1
 186  70  1
 231  70  1
 238  70  1
  63  71  1
  84  71  1
  40  72  1
  74  72  1
 188  72  1
 234  72  1
  28  74  1
 160  74  1
  21  75  1
  63  75  1
  65  75  1
 152  75  1
  40  76  1
 184  77  1
  30  78  1
 215  78  1
   9  79  1
  10  79  1
 264  79  1
  21  80  1
  40  81  1
  48  81  1
 248  82  1
 214  83  1
  24  84  1
  29  84  1
  31  84  1
 212  84  1
 184  85  1
  15  87  1
  16  87  1
 223  87  1
 235  87  1
  28  88  1
  36  88  1
 238  88  1
 206  89  1
 210  89  1
   7  90  1
   8  90  1
  20  90  1
 204  91  1
 259  92  1
 266  92  1
 268  92  1
   6  93  1
   7  93  1
  17  93  1
  18  93  1
 169  93  1
  22  94  1
  29  94  1
  30  94  1
  38  94  1
 219  94  1
 224  94  1
 272  94  1
  42  95  1
 178  95  1
 202  95  1
 203  95  1
 204  95  1
 212  95  1
   5  96  1
   6  96  1
 174  96  1
 209  96  1
  30  98  1
 270  98  1
  40  99  1
 165  99  1
 110 101  1
 131 101  1
 139 101  1
  25 102  1
 115 102  1
 160 102  1
 161 102  1
 172 102  1
 173 102  1
 247 102  1
 248 102  1
 138 103  1
   2 105  1
   3 105  1
 115 105  1
 118 105  1
 265 105  1
 249 106  1
 263 106  1
   1 108  1
   2 108  1
 152 108  1
 143 109  1
 252 109  1
  28 110  1
  29 110  1
 149 110  1
 258 110  1
  12 111  1
 200 112  1
   1 113  1
  29 113  1
 125 113  1
 149 113  1
 253 115  1
  10 117  1
  11 117  1
 203 117  1
   1 118  1
  51 118  1
 139 118  1
 259 118  1
 128 119  1
 203 119  1
  51 120  1
  52 120  1
  86 120  1
 134 120  1
 218 120  2
 125 121  1
  86 122  1
 219 122  1
 230 122  1
  50 123  1
 197 123  1
 191 124  1
 192 124  1
  22 125  1
  52 125  1
 165 125  1
 255 125  1
 256 125  1
   7 126  1
  31 126  1
  32 126  1
  45 126  1
  46 126  1
 161 126  1
 188 126  1
 198 126  1
 211 126  1
 212 126  1
 234 126  1
  51 127  1
 173 127  1
 248 127  1
 255 127  1
 274 127  1
 265 128  1
  45 129  1
  51 129  1
  60 129  1
 171 129  1
   1 130  1
   2 130  1
  54 130  1
  62 130  1
 180 130  1
 229 130  1
   8 131  1
  19 131  1
  33 131  1
 171 131  1
 183 131  1
 190 131  1
 196 131  1
 214 131  1
 225 131  1
  87 132  1
 174 132  1
 185 132  1
  89 133  1
  90 133  1
 234 133  1
 262 133  1
 263 133  1
 271 133  1
  39 134  1
  40 134  1
 258 134  1
 123 135  1
  27 137  1
  32 137  1
  40 137  1
  41 137  1
  48 137  1
 165 137  1
 277 137  1
  10 138  1
  52 138  1
 113 138  1
 126 138  1
 161 138  1
 162 138  1
   2 139  1
   3 139  1
  84 139  1
 122 139  1
 126 140  1
 272 140  1
  36 141  1
  38 141  1
  43 141  1
  45 141  1
  54 141  1
  55 141  1
 132 141  1
 170 141  1
 263 141  1
  81 142  1
 164 142  1
 165 142  1
 120 143  1
 274 145  1
 275 145  1
 276 145  1
  40 146  1
 106 146  1
 107 146  1
 111 146  1
 123 146  1
 165 146  1
 149 147  1
 150 147  1
 161 147  1
  80 148  1
 102 148  1
 103 148  1
 135 148  1
 144 148  1
 220 148  1
 221 148  1
 268 148  1
  62 149  1
 252 149  1
  25 150  1
  34 150  1
  43 150  1
  55 150  1
 128 150  1
 130 150  1
 158 150  1
 111 151  1
  12 152  1
  41 152  1
 219 152  1
 111 153  1
 224 153  1
 225 153  1
 268 153  1
  74 154  1
 158 154  1
 159 154  1
 162 154  1
 164 154  1
 249 154  1
  57 155  1
 103 155  1
 255 155  1
 256 155  1
 158 156  1
 179 156  1
 220 156  1
 265 156  1
 211 157  1
 158 158  1
 226 158  1
 218 160  1
 223 161  1
 264 161  1
 265 161  1
   8 162  1
   9 162  1
 155 162  1
 217 162  1
 275 162  1
 237 164  1
 238 164  1
 268 164  1
  32 165  1
 229 165  1
 232 165  1
  25 166  1
 223 166  1
 175 167  1
 274 167  1
  17 168  1
  18 168  1
  25 168  1
  30 168  1
 255 168  1
 256 168  1
 257 168  1
 213 169  1
 217 169  1
  10 170  1
  11 170  1
 233 170  1
 249 170  1
 269 170  1
 224 171  1
 225 171  1
 226 176  1
 232 176  1
 253 177  1
 262 177  1
 260 181  1
 256 182  1
 248 183  1
 238 187  1
 229 188  1
 230 188  1
  96 190  1
  86 192  1
  88 192  1
 229 192  1
 103 193  1
  83 198  1
  64 199  1
  85 200  1
 104 200  1
 168 200  1
 210 200  1
 236 200  1
  90 201  1
 170 201  1
 113 202  1
 114 202  1
 108 203  1
 170 203  1
 225 203  1
 229 203  1
 235 203  1
  56 204  1
  62 204  1
 267 204  1
 268 204  1
  42 205  1
  44 205  1
  79 205  1
  80 205  1
 212 205  1
  74 206  1
 113 207  1
 167 207  1
 258 207  1
 109 208  1
 111 208  1
  61 209  1
  62 209  1
 256 209  1
 265 209  1
 266 209  1
  71 211  1
 209 211  1
 210 211  1
 159 212  1
 161 212  1
 196 212  1
  51 213  1
  66 213  1
  67 213  1
 172 214  1
 173 214  1
 174 214  1
 166 215  1
 213 215  1
 121 216  1
 211 216  1
 224 216  1
  54 218  1
 106 218  1
  57 219  1
 126 219  1
  65 220  1
  66 220  1
 162 220  1
 215 220  1
 216 220  1
 166 222  1
 100 223  1
  83 224  1
 129 224  1
 166 224  1
 173 224  1
 174 224  1
 250 225  1
  68 226  1
  69 226  1
 150 226  1
  61 227  1
  62 227  1
  75 228  1
  81 228  1
 246 228  1
  84 229  1
  99 229  1
 108 229  1
 147 229  1
  96 230  1
 158 230  1
 159 230  1
 211 230  1
  71 232  1
 135 233  1
 179 233  1
 212 233  1
 114 234  1
 184 234  1
  85 235  1
  86 235  1
 190 235  1
  64 236  1
 193 238  1
 217 238  1
  67 239  1
 134 239  1
 154 240  1
 173 241  1
  98 244  1
 138 244  1
 101 245  1
 126 245  1
 105 246  1
 137 247  1
 110 248  1
 153 248  1
 132 249  1
 169 249  1
 115 250  1
 140 250  1
 201 250  1
 144 251  1
 156 251  1
 122 252  1
 161 252  1
 193 252  1
 125 253  1
 188 253  1
 185 254  1
 130 255  1
 179 256  1


count = 579