 145   1  1
 174   1  1
 127   2  1
 190   3  1
 195   5  1
 171   8  1
 134   9  1
 126  10  1
 178  12  1
 179  12  1
 212  13  1
 122  14  1
 197  14  1
  85  15  1
  82  16  1
 106  16  1
 116  16  1
 165  16  1
 198  16  1
  80  17  1
  95  17  1
 170  17  1
 102  18  1
 124  18  1
 125  18  1
 203  18  1
 120  19  1
 130  19  1
 131  19  1
 186  19  1
 179  20  1
 210  20  1
 222  20  1
  91  21  1
 171  21  1
 173  21  1
 183  21  1
  95  22  1
  96  22  1
 116  22  1
 125  22  1
 126  22  1
 204  22  1
 110  23  1
 111  23  1
 130  23  1
 215  23  1
 187  24  1
 207  24  1
 228  24  1
  86  25  1
  96  25  1
  97  25  1
  77  26  1
  91  26  1
  92  26  1
 103  26  1
  58  28  1
  77  28  1
 190  28  1
 191  28  1
 208  29  1
  55  30  1
  71  30  1
  72  30  1
  99  30  1
 106  30  1
 203  30  1
 236  30  1
  87  31  1
 101  31  1
 179  31  1
 120  32  1
  77  33  1
  78  33  1
 127  33  1
 143  33  1
 144  33  1
 145  33  1
 209  33  1
 241  33  1
  83  34  1
 131  34  1
 132  34  1
  67  35  1
  72  35  1
 102  35  1
 107  35  1
 108  35  1
 187  35  1
 227  36  1
 231  36  1
  67  37  1
  68  37  1
 126  37  1
 127  37  1
 137  37  1
 139  37  1
 146  37  1
 187  37  1
 202  38  1
 139  39  1
 146  39  1
 187  39  1
 188  39  1
 191  39  1
 193  39  1
  39  40  1
  78  40  1
  98  40  1
 173  40  1
 175  40  1
 135  41  1
 197  41  1
 229  41  1
 109  42  1
 110  42  1
  92  43  1
 149  43  1
 150  43  1
 131  45  1
 228  45  1
 140  46  1
 175  46  1
 196  47  1
 184  48  1
 152  49  1
 153  49  1
 179  49  1
 208  49  1
 230  49  1
 231  49  1
  28  50  1
 103  50  1
 259  50  1
 108  51  1
 144  51  1
  69  53  1
  70  53  1
 140  53  1
 152  53  1
 153  53  1
 192  53  1
 207  53  1
 127  54  1
 188  54  1
 262  54  1
  76  55  1
 132  56  1
 145  56  1
 177  56  1
 249  57  1
  28  58  1
  30  58  1
 253  58  1
 129  59  1
 130  59  1
 137  59  1
 146  59  1
 175  59  1
  17  60  1
 134  61  1
 140  61  1
 205  61  1
  16  62  1
 166  62  1
 208  62  1
 130  63  1
 226  63  1
 251  63  1
 172  64  1
 173  64  1
 164  65  1
 210  65  1
 222  65  1
 268  65  1
 269  65  1
 160  66  1
 220  66  1
 147  67  1
 148  69  1
 149  69  1
  19  70  1
 113  70  1
 114  70  1
 165  70  1
 173  70  1
 218  70  1
 270  70  1
 271  70  1
 159  72  1
  22  73  1
 110  73  1
 271  73  1
 272  73  1
 112  74  1
  24  76  1
  28  76  1
 116  76  1
 192  76  1
  83  77  1
 174  77  1
 188  77  1
  31  78  1
  75  78  1
  79  78  1
 110  78  1
 147  78  1
 177  78  1
 178  78  1
  33  79  1
  25  80  1
  13  82  1
  14  82  1
  86  82  1
 195  82  1
  82  83  1
 258  83  1
 107  84  1
 108  84  1
 150  84  1
 188  84  1
 189  84  1
  13  86  1
  14  86  1
  86  86  1
  87  86  1
 124  86  1
 132  86  1
 121  89  1
 190  89  1
 191  89  1
  56  90  1
 113  90  1
 149  90  1
 115  91  1
 140  91  1
  86  92  1
  87  92  1
  93  92  1
 168  92  1
 180  92  1
 184  92  1
 223  92  1
   2  93  1
   3  93  1
  39  93  1
 158  93  1
  52  94  1
  93  94  1
 188  94  1
  83  95  1
 279  95  1
 280  95  1
  37  96  1
 193  96  1
 223  96  1
 224  96  1
  45  97  1
 207  97  1
  36  98  1
  37  98  1
  50  98  1
 185  98  1
 261  98  1
 262  98  1
 280  98  1
 281  98  1
  34  99  1
 274  99  1
  42 100  1
 202 100  1
 225 100  1
 270 101  1
 189 102  1
 159 103  1
 164 103  1
 165 103  1
 238 103  1
  71 104  1
 232 104  1
 262 104  1
   1 106  1
  65 106  1
  66 106  1
  84 106  1
 134 106  1
  56 107  1
 146 107  1
 147 107  1
 176 107  1
 200 107  1
 272 107  1
  76 108  1
  93 109  1
 125 109  1
 166 109  1
 262 109  1
  71 110  1
 189 110  1
 198 110  1
 146 111  1
 160 111  1
 202 111  1
  84 112  1
 143 112  1
  76 113  1
 123 113  1
 277 113  1
  69 114  1
  95 114  1
 103 114  1
 169 114  1
 216 114  1
 217 114  1
 268 114  1
 269 114  1
 131 115  1
 133 115  1
 163 115  1
  69 116  1
  73 116  1
 141 116  1
 191 116  1
 204 116  1
 250 116  1
 272 116  1
  88 118  1
 125 118  1
 201 118  1
 239 118  1
 264 118  1
   1 119  1
  51 119  1
  78 119  1
 182 119  1
 183 119  1
 273 119  1
  15 120  1
  90 120  1
  94 120  1
 157 120  1
 233 120  1
 246 120  1
 125 121  1
  64 122  1
 144 122  1
 244 122  1
 246 122  1
  16 123  1
  17 123  1
  21 123  1
  22 123  1
 186 123  1
 187 123  1
 196 123  1
 197 123  1
 236 124  1
  96 125  1
 141 125  1
 143 125  1
 163 125  1
  25 126  1
  29 126  1
  38 126  1
  44 126  1
  89 126  1
 139 126  1
 262 126  1
 263 126  1
  16 127  1
 148 127  1
 154 127  1
 214 127  1
  20 128  1
 185 128  1
 241 128  1
 203 129  1
  14 130  1
  76 130  1
 193 130  1
 220 130  1
 227 130  1
  11 131  1
  19 131  1
 156 131  1
  25 132  1
 190 132  1
 191 132  1
 220 132  1
  41 133  1
  50 133  1
  65 133  1
 107 133  1
 138 133  1
 144 133  1
 146 133  1
 180 133  1
  98 134  1
 149 134  1
 153 134  1
 245 134  1
  10 135  1
  19 135  1
 128 135  1
 255 135  1
  41 136  1
  95 136  1
  97 136  1
 154 136  1
 175 136  1
 185 136  1
 237 136  1
 271 136  1
   2 137  1
   3 137  1
 157 137  1
 159 137  1
 197 137  1
  90 138  1
  91 138  1
 131 139  1
 180 139  1
 213 139  1
 275 139  1
   9 140  1
  12 140  1
 147 140  1
 184 140  1
 203 140  1
  57 141  1
 123 141  1
 124 141  1
 130 141  1
 161 141  1
 180 141  1
 192 141  1
 194 141  1
  97 142  1
 139 142  1
  90 143  1
  91 143  1
 201 143  1
 274 143  1
 275 143  1
   1 144  1
  29 144  1
  30 144  1
  68 144  1
 151 144  1
 157 144  1
 175 144  1
  34 145  1
  83 145  1
  84 145  1
 128 145  1
  14 146  1
  29 146  1
  58 146  1
 103 146  1
 105 146  1
  65 147  1
  94 147  1
 138 147  1
 139 147  1
 171 147  1
  45 148  1
  55 148  1
 117 148  1
 124 148  1
   1 149  1
 248 149  1
  20 150  1
  21 150  1
 163 150  1
 204 150  1
 214 150  1
 274 150  1
 277 150  1
  93 151  1
 132 151  1
  86 152  1
  27 153  1
  39 153  1
  40 153  1
 258 153  1
  45 154  1
  80 154  1
  84 154  1
 101 154  1
 155 154  1
 263 154  1
 134 155  1
 252 155  1
  18 156  1
  19 156  1
  35 156  1
  37 156  1
 151 156  1
   7 157  1
  88 157  1
 155 157  1
 156 157  1
 249 157  1
 234 158  1
  97 159  1
 265 159  1
  76 160  1
  77 160  1
 275 160  1
  88 161  1
  89 161  1
  92 161  1
 153 161  1
  81 162  1
 232 162  1
 233 162  1
 281 162  1
 282 162  1
  77 163  1
 205 163  1
 127 164  1
 186 164  1
  17 165  1
  23 165  1
  24 165  1
  40 165  1
  75 165  1
  77 165  1
  98 165  1
 120 165  1
 208 165  1
 231 165  1
 280 165  1
 281 165  1
 124 166  1
 213 166  1
 251 166  1
  84 167  1
 216 167  1
 268 167  1
 272 167  1
  29 168  1
 254 168  1
 256 168  1
 264 168  1
 232 169  1
 278 169  1
  33 170  1
 228 170  1
 263 170  1
  21 171  1
 259 171  1
 175 172  1
 251 173  1
 252 173  1
 156 174  1
 191 174  1
 276 174  1
 277 174  1
  23 176  1
 270 176  1
   5 177  1
  15 177  1
  37 177  1
  38 177  1
 162 177  1
 205 177  1
 268 177  1
 157 178  1
 212 178  1
 259 178  1
 275 178  1
 276 178  1
  25 180  1
 172 180  1
 182 180  1
 215 180  1
 247 180  1
  19 181  1
  20 181  1
 152 181  1
  48 182  1
  49 182  1
  14 183  1
  20 183  1
  39 184  1
 182 184  1
 252 184  1
  20 185  1
  33 186  2
  34 186  1
  35 186  1
 172 187  1
 174 187  1
 176 187  1
  11 189  1
 217 189  1
 272 189  1
 273 189  1
  75 190  1
  22 191  1
 132 191  1
  13 193  1
 167 193  1
 169 193  1
 171 193  1
  53 194  1
 253 194  1
 259 194  1
 260 194  1
  71 195  1
 147 195  1
 256 195  1
 257 195  1
  66 196  1
 216 196  1
 217 196  1
  16 197  1
  62 198  1
 116 198  1
  27 199  1
 173 199  1
 268 199  1
  31 200  1
  37 200  1
  62 200  1
 132 200  2
 133 200  1
  78 201  1
  79 201  1
 239 201  1
  42 202  1
  56 202  1
  59 202  1
 113 202  1
 154 202  1
 202 202  1
 146 203  1
 168 203  1
 169 203  1
 246 203  1
  34 204  1
 109 205  1
 110 205  1
 126 205  1
 172 205  1
 219 205  1
 238 205  1
 254 205  1
 263 205  1
  81 206  1
 140 206  1
 141 206  1
 204 206  1
 225 206  1
 206 207  1
 221 207  1
  56 208  1
 123 208  1
  27 209  1
 117 209  1
 130 209  1
 221 209  1
 231 209  1
 195 210  1
 117 211  1
 163 211  1
 167 211  1
 221 211  1
  47 212  1
  48 212  1
 208 212  1
 210 212  1
  44 213  1
 109 213  1
 110 213  1
 117 213  1
 123 213  1
 124 213  1
 241 213  1
 256 213  1
  33 214  1
 150 214  1
 198 214  1
 128 215  1
 165 215  1
  79 216  1
  93 216  1
 131 216  1
 160 216  1
 176 216  1
  38 217  1
  48 217  1
  49 217  1
  53 217  1
 110 217  1
 112 217  1
 185 217  1
 190 217  1
 196 217  1
  77 218  1
 120 219  1
 121 219  1
 153 219  1
 157 219  1
 197 219  1
 239 219  1
 175 221  1
 197 221  1
 235 221  1
 236 221  1
 186 222  1
  48 223  1
  98 223  1
 122 224  1
 123 224  1
 200 224  1
 230 224  1
 231 224  1
 108 225  1
 153 225  1
 101 226  1
 156 226  1
 157 226  1
 179 226  1
 223 226  1
 225 226  1
  53 227  1
  75 227  1
 162 227  1
 186 227  1
 221 227  1
  56 229  1
  71 229  1
 237 229  1
 110 230  1
 112 230  1
 159 230  1
  73 231  1
 188 231  1
 209 231  1
 232 231  1
 233 231  1
  61 232  1
 127 232  1
 173 233  1
 179 233  1
 227 234  1
  67 235  1
 166 235  1
 168 235  1
 183 235  1
 170 236  1
 126 237  1
 161 238  1
  86 239  1
  87 239  1
  91 239  1
 153 239  1
 219 239  1
 112 241  1
 113 241  1
 102 242  1
 156 243  1
  86 245  1
 116 246  1
 162 247  1
 121 248  1
 148 249  1
 155 249  1
  99 250  1
 201 250  1
 148 251  1
 154 251  1
 168 251  1
 169 251  1
 108 253  1
 119 255  1
 124 256  1


count = 780