 153   1  1
 172   1  1
 190   2  1
 196   4  1
 201   6  1
 120   7  1
 147   7  1
 154   7  1
 155   7  1
 203   7  1
 117   8  1
 114   9  1
 140   9  1
 111  10  1
 144  11  1
 180  11  1
 180  13  1
 217  14  1
 150  15  1
 151  15  1
 223  18  1
  72  19  1
 182  19  1
  70  20  1
 209  20  1
  99  22  1
 141  22  1
 143  22  1
  63  23  1
 149  23  1
 150  23  1
 155  23  1
 156  23  1
 205  23  1
 206  23  1
  95  24  1
 149  25  1
 181  25  1
 206  25  1
 213  25  1
  76  26  1
  81  26  1
  82  26  1
 136  26  1
  65  27  1
  66  27  1
 150  28  1
 111  29  1
 155  29  1
 204  29  1
  53  30  1
  84  30  1
 150  30  1
 135  31  1
 166  31  1
 152  32  1
  74  33  1
  92  33  1
  93  33  1
 209  33  1
  79  34  1
  80  34  1
 168  34  1
 185  34  1
 197  34  1
  90  35  1
 107  35  1
 109  35  1
 111  35  1
 209  35  1
  71  36  1
 164  36  1
 165  36  1
 201  36  1
 206  36  1
 172  39  1
 173  39  1
  89  41  1
  84  42  1
  92  42  1
 153  43  1
 113  44  1
 114  44  1
 149  44  1
 250  44  1
 251  44  1
 103  45  1
 155  45  1
 101  48  1
 102  48  1
  34  49  1
 118  49  1
 127  49  1
 153  49  1
 154  49  1
 245  49  1
 148  50  1
  44  51  1
 143  51  1
 144  51  1
 139  52  1
 140  52  1
 152  52  1
  40  53  1
 144  53  1
 244  53  1
 245  53  1
  28  54  1
 140  56  1
  94  57  1
 123  57  1
 129  57  1
 251  57  1
 144  58  1
 146  58  1
 259  58  1
 260  58  1
 123  60  1
 124  60  1
 176  60  1
  67  61  1
 126  61  1
 173  63  1
 252  63  1
  21  64  1
  74  65  1
 147  65  1
 262  65  1
 165  66  1
  86  67  1
  93  67  1
 256  67  1
  19  68  1
 141  69  1
 148  69  1
 251  69  1
 253  69  1
 161  70  1
 143  71  1
 257  72  1
 176  74  1
 217  74  1
 144  75  1
 146  75  1
 207  75  1
 149  76  1
 180  76  1
 182  76  1
 184  76  1
  11  77  1
 188  77  1
 202  77  1
 224  77  1
  10  79  1
 175  80  1
 138  81  1
 140  81  1
 180  81  1
 181  81  1
 205  81  1
 145  82  1
 168  82  1
 262  83  1
 202  84  1
 185  85  1
 212  85  1
 213  85  1
 258  85  1
  15  88  1
 161  89  1
 210  89  1
 156  90  1
 153  91  1
 208  91  1
 276  91  1
 212  92  1
 147  93  1
 178  94  1
 248  94  1
 256  94  1
 262  95  1
  92  96  1
 252  96  1
 279  97  1
 280  97  1
  94  98  1
  99  98  1
 114  98  1
 176  98  1
 201  98  1
 226  98  1
 103  99  1
 133  99  1
 202 100  1
 217 100  1
  13 101  1
  89 101  1
 250 101  1
 211 102  1
 228 102  1
 252 102  1
 259 102  1
 266 102  1
   9 103  1
 102 103  1
 103 103  1
 207 103  1
 262 103  1
 109 104  1
 110 104  1
 201 104  1
 171 105  1
 218 105  1
 109 106  1
  95 107  1
   1 108  1
  20 109  1
  30 109  1
 101 109  1
 102 109  1
 206 109  1
 113 110  1
 193 110  1
 212 110  1
 213 110  1
 261 111  1
   8 112  1
 266 112  1
  58 113  1
 103 113  1
 189 113  1
 272 113  1
 273 113  1
 108 115  1
 109 115  1
 214 115  1
 215 115  1
  42 116  1
 112 116  1
 113 116  1
 156 116  1
 174 116  1
 194 116  1
 195 116  1
 177 117  1
 251 117  1
 254 118  1
 177 119  1
 248 119  1
 262 119  1
 264 119  1
  14 120  1
  31 120  1
  35 120  1
  47 120  1
 149 120  1
 207 120  1
   6 121  1
 124 121  1
 177 121  1
 213 121  1
 214 121  1
 258 121  1
   1 122  1
  59 122  1
  61 122  1
 130 122  1
 133 122  1
 157 122  1
 190 122  1
 268 122  1
  83 123  1
  75 124  1
 127 124  1
 162 124  1
 243 124  1
 244 124  1
 278 124  1
 279 124  1
  32 125  1
 183 125  1
 208 125  1
 209 125  1
 258 125  1
  23 126  1
  38 126  1
  44 126  1
  31 127  1
 213 127  1
 214 127  1
 279 127  1
 280 127  1
  48 128  1
  75 128  1
  76 128  1
 206 128  1
 216 128  1
  18 129  1
  58 129  1
 124 129  1
 186 129  1
 187 129  1
 237 129  1
 256 129  1
  11 130  1
  30 130  1
  41 130  1
 111 130  1
 112 130  1
 119 130  1
 244 130  1
  25 131  1
  27 131  1
 136 131  1
   7 132  1
 103 132  1
  36 133  1
  37 133  1
  42 133  1
  74 134  1
 107 134  1
 124 134  1
 148 134  1
 164 134  1
 203 134  1
  81 135  1
 118 135  1
 193 135  1
 216 135  1
 271 135  1
   1 136  1
  10 136  1
  13 136  1
 100 136  1
 107 136  1
 254 136  1
  96 137  1
  97 137  1
 263 137  1
 282 138  1
 283 138  1
  93 139  1
  94 139  1
 168 139  1
  72 140  1
 108 140  1
 159 140  1
 269 140  1
 270 140  1
  20 141  1
 218 141  1
  29 142  1
  36 142  1
  69 142  1
 113 142  1
 114 142  1
 222 142  1
   1 143  1
  34 143  1
  43 143  1
  94 143  1
 197 143  1
  30 144  1
 164 144  1
 266 144  1
 101 145  1
   1 146  1
   2 146  1
  38 146  1
  39 146  1
  44 147  1
  57 147  1
  66 147  1
 189 147  1
 190 147  1
 195 147  1
 196 147  1
 223 147  1
 224 147  1
 100 148  1
 113 148  1
 217 148  1
 252 148  1
   2 149  1
   3 149  1
 172 149  1
 274 149  1
 275 149  1
  10 150  1
 270 150  1
  80 151  1
  81 151  1
  93 151  1
  94 151  1
 109 151  1
 110 151  1
 137 151  1
 220 151  1
 221 151  1
 251 151  1
 252 151  1
 253 151  1
 260 151  1
 261 151  1
  11 153  1
  80 153  1
 107 153  1
 118 153  1
 133 153  1
 174 153  1
 209 153  1
 260 153  1
 266 153  1
 281 153  1
 282 153  1
  95 154  1
  97 154  1
 105 154  1
 213 155  1
 259 155  1
 260 155  1
 272 155  1
 273 155  1
 274 155  1
   3 156  1
   4 156  1
  84 156  1
 117 156  1
 123 156  1
 176 156  1
 219 156  1
 248 156  1
 249 156  1
  85 158  1
  93 158  1
 120 158  1
 135 158  1
 138 158  1
 139 158  1
 263 158  1
 264 158  1
 146 160  1
 147 160  1
 267 160  1
 127 161  1
 262 161  1
  12 162  1
 222 162  1
 223 162  1
 244 162  1
  33 163  1
  16 164  1
 159 164  1
 244 164  1
 220 165  1
 239 165  1
 267 165  1
 268 165  1
   5 166  1
   6 166  1
 116 166  1
 186 166  1
  11 167  1
 213 167  1
 249 168  1
 277 168  1
 278 168  1
 166 170  1
 167 170  1
 248 170  1
   7 171  1
   8 171  1
  31 171  1
 217 171  1
 221 171  1
 229 171  1
 237 171  1
  14 172  1
 223 173  1
 228 173  1
 275 173  1
 276 173  1
  38 175  1
 190 175  1
 244 175  1
  34 176  1
 195 177  1
 196 177  1
 218 178  1
 222 178  1
 245 178  1
  68 182  1
  83 182  1
  84 182  1
 206 182  1
 214 182  1
 215 182  1
 135 183  1
 136 183  1
 161 183  1
 199 183  1
  56 184  1
  88 184  1
 168 184  1
 222 184  1
 240 184  1
  79 185  1
  52 186  1
 205 186  1
 232 186  1
 270 186  1
  83 187  1
 162 187  1
 213 187  1
 170 188  1
 203 188  1
  40 189  1
  41 189  1
 174 189  1
 268 189  1
  91 190  1
  92 190  1
 129 191  1
 210 191  1
 176 192  1
 178 192  1
 180 192  1
 202 192  1
 203 192  1
 166 193  1
 167 193  1
 126 194  1
 209 194  1
 233 194  1
  91 196  1
 201 197  1
  26 198  1
 136 198  1
 173 198  1
 174 198  1
  49 199  1
 141 199  1
 177 199  1
 186 199  1
  54 200  1
 127 201  1
 128 201  1
 134 201  1
 193 201  1
 220 201  1
 172 202  1
 227 202  1
  42 203  1
  44 203  1
 158 203  1
 159 203  1
 161 203  1
 176 203  1
 209 203  1
 210 203  1
 183 204  1
  52 205  1
 218 205  1
 258 205  1
  32 206  1
 139 206  1
 171 206  1
 136 207  1
 153 207  1
 155 207  1
 236 207  1
 141 208  1
 165 208  1
 169 208  1
 203 208  1
 209 209  1
 210 209  1
  86 210  1
  98 210  1
  99 210  1
  51 211  1
 144 212  1
 154 212  1
 178 212  1
 219 212  1
  67 213  1
  81 213  1
  93 213  1
 147 213  1
 149 213  1
 213 213  1
  90 214  1
  95 214  1
 156 214  1
 137 215  1
  87 216  1
 129 216  1
 144 216  1
 157 216  1
 222 216  1
  66 217  1
  68 217  1
 216 217  1
  76 218  1
  77 218  1
 151 218  1
 161 218  1
  55 219  1
  63 219  1
 137 219  1
 179 219  1
 180 219  1
 150 220  1
 188 220  1
 201 220  1
 212 220  1
 213 220  1
 171 221  1
  96 222  1
  97 222  1
 129 222  1
 149 222  1
 150 222  1
 225 222  1
  58 223  1
 126 223  1
 165 223  1
 222 224  1
  66 225  1
  79 225  1
  85 225  1
 115 225  1
 121 225  1
 172 225  1
 210 225  1
 119 226  1
 159 226  1
 170 226  1
 177 226  1
 203 226  1
  66 227  1
 115 227  1
 181 227  1
 182 227  1
 237 227  1
 133 228  1
 161 228  1
 162 228  1
 187 228  1
 213 228  1
 173 229  1
 206 229  1
  73 230  1
  74 230  1
 133 230  1
 162 230  1
 198 230  1
 179 231  1
 222 231  1
 223 231  1
  58 232  1
  59 232  1
  83 232  1
 111 232  1
 112 232  1
 162 232  1
 163 232  1
 215 232  1
 225 232  1
  62 233  1
  91 233  1
 150 233  1
 151 233  1
 171 234  1
  72 235  1
 125 235  1
 204 235  1
 211 235  1
 218 235  1
 219 235  1
  77 236  1
 112 236  1
 176 236  1
 167 237  1
 181 237  1
  83 238  1
 149 238  1
 191 238  1
 195 238  1
 118 239  1
 144 239  1
 153 239  1
 224 239  1
 108 240  1
 201 240  1
 137 241  1
 138 241  1
  94 242  1
 107 242  1
 108 242  1
 115 242  1
 219 243  1
 144 244  1
 162 244  1
 138 245  1
 171 245  1
 188 245  1
 196 245  1
 197 245  1
 202 245  1
 215 245  1
 142 246  1
 109 248  1
 176 248  1
 211 248  1
 172 249  1
 184 249  1
 114 250  1
 164 250  1
 157 251  1
 180 251  1
 181 251  1
 119 252  1
 176 253  1
 201 253  1
 195 255  1
 165 256  1


count = 727