 162   1  1
 170   1  1
 194   1  1
 209   6  1
 196   9  1
 120  11  1
 117  12  1
 194  13  1
 225  14  1
 111  15  1
 112  15  1
 139  15  1
 193  15  1
 127  17  1
 119  18  1
 120  18  1
 139  19  1
 131  21  1
 137  21  1
 191  21  1
 200  21  1
 195  22  1
 107  24  1
 103  26  1
 238  26  1
 200  31  1
 201  31  1
 127  32  1
 105  34  1
 244  34  1
  95  35  1
 126  35  1
 127  35  1
 130  35  1
 131  35  1
 199  35  1
 200  35  1
  46  37  1
 210  37  1
 101  38  1
 202  38  1
  42  39  1
  66  39  1
 206  39  1
 125  40  1
 126  40  1
  96  41  1
 146  41  1
  48  42  1
 190  42  1
 124  43  1
 125  43  1
 138  43  1
 251  43  1
 252  43  1
  60  44  1
  61  44  1
 101  44  1
 102  44  1
 106  44  1
 134  44  1
 140  44  1
 152  45  1
 163  45  1
 239  45  1
  43  46  1
 200  46  1
 207  46  1
 124  47  1
 125  47  1
 130  48  1
 185  48  1
 191  48  1
 210  49  1
 144  50  1
 149  50  1
 151  50  1
 233  50  1
  27  51  1
 140  51  1
 159  51  1
 222  51  1
 165  52  1
 166  52  1
 174  52  1
 258  53  1
 259  53  1
  32  54  1
 154  54  1
 155  54  1
  56  55  1
 138  55  1
 223  55  1
 227  56  1
  28  57  1
 137  57  1
 138  57  1
  55  58  1
 145  59  1
 156  59  1
 178  59  1
 182  59  1
  36  61  1
  37  61  1
  97  61  1
 161  61  1
 163  61  1
 171  61  1
 184  62  1
 185  62  1
 154  63  1
 265  63  1
 266  63  1
  21  64  1
  41  65  1
  99  65  1
 138  65  1
  37  66  1
 186  66  1
 187  66  1
  10  67  1
  23  67  1
  43  67  1
 215  67  1
 216  67  1
 110  68  1
 146  68  1
 208  68  1
 210  68  1
 242  68  1
 243  68  1
 271  70  1
   8  71  1
  21  71  1
  40  71  1
  82  71  1
  83  71  1
  88  71  1
  89  71  1
  90  71  1
 186  71  1
 117  72  1
 182  72  1
 197  72  1
  13  73  1
 124  73  1
 189  74  1
 191  74  1
 239  74  1
 240  74  1
 110  75  1
 162  76  1
 206  76  1
 216  76  1
 217  76  1
 155  77  1
 211  77  1
 214  77  1
 109  78  1
 146  78  1
 275  78  1
 276  78  1
   2  79  1
   3  79  1
  93  79  1
 104  79  1
 140  79  1
 160  79  1
 203  80  1
 228  80  1
 229  80  1
 167  81  1
  25  82  1
  26  82  1
 126  83  1
 129  83  1
 133  83  1
 166  83  1
 167  83  1
 180  83  1
 189  84  1
 197  84  1
 277  84  1
 278  84  1
 159  86  1
 177  86  1
 203  86  1
 204  86  1
 278  87  1
 279  87  1
  25  88  1
  28  88  1
 121  88  1
 141  88  1
 142  88  1
 157  88  1
 200  88  1
 126  89  1
 136  89  1
 178  89  1
 180  89  1
 183  89  1
 188  89  1
 196  89  1
   1  90  1
 151  90  1
 152  90  1
 193  90  1
 238  90  1
 239  90  1
 113  91  1
 116  92  1
 118  92  1
 176  92  1
 235  92  1
  78  94  1
  79  94  1
 145  94  1
 191  94  1
  88  95  1
  93  95  1
 138  95  1
 182  95  1
 183  95  1
  74  96  1
 118  96  1
 175  96  1
 114  97  1
 134  97  1
 142  97  1
  97  98  1
 104  98  1
 119  98  1
 128  98  1
 215  98  1
 235  98  1
 132 100  1
 245 100  1
 246 100  1
  72 101  1
 236 101  1
 108 102  1
 171 102  1
 117 103  1
 218 103  1
 227 103  1
  76 104  1
 244 105  1
  90 106  1
 171 106  1
  90 108  1
 235 108  1
 244 109  1
 279 109  1
 280 109  1
 120 110  1
 230 110  1
 231 110  1
  92 111  1
  97 111  1
  82 112  1
 100 112  1
 102 113  1
 247 113  1
 104 114  1
 123 114  1
 171 114  1
 168 115  1
   1 116  1
  21 116  1
 127 116  1
 166 116  1
 176 116  1
 177 116  1
  86 117  1
 251 117  1
 252 117  1
 212 119  1
 241 120  1
 177 121  1
  13 122  1
 156 122  1
  91 123  1
  92 123  1
 122 123  1
 173 123  1
 174 123  1
 207 123  1
  11 124  1
 222 124  1
 257 124  4
 260 124  1
  52 125  1
 238 125  1
 266 125  1
  56 126  1
 155 126  1
  24 127  1
  30 127  1
 139 127  1
 140 127  1
 226 127  1
 233 127  1
 242 127  1
  16 128  1
  34 128  1
  42 128  1
  52 129  1
 183 129  1
 197 129  1
   7 130  1
   8 130  1
  43 130  1
  47 130  1
  48 130  1
  93 130  1
 178 130  1
 193 130  1
 195 130  1
 258 130  1
  55 131  1
  56 131  1
 118 131  1
 146 131  1
 175 131  1
 176 131  1
 273 131  1
  22 132  1
  26 132  1
  43 132  1
  44 132  1
  89 132  1
  90 132  1
 124 132  1
 223 132  1
 231 132  1
 247 132  1
 152 133  1
 221 134  1
 253 134  1
  16 135  1
  59 135  1
 164 135  1
 165 135  1
 173 135  1
 175 135  1
 206 135  1
 274 135  1
   8 136  1
  21 136  1
  86 136  1
 253 136  1
 235 137  1
 263 137  1
 264 137  1
  26 138  1
  28 138  1
 157 138  1
 198 138  1
 211 138  1
  24 139  1
 125 139  1
 130 140  1
 131 140  1
   4 141  1
  83 141  1
  84 141  1
 171 141  1
 172 141  1
   9 142  1
  31 142  1
 197 142  1
 161 143  1
  26 144  1
 131 144  1
 132 144  1
 107 145  1
 121 145  1
 213 145  1
 128 146  1
 176 146  1
 203 146  1
 205 146  1
 234 146  1
   7 147  1
 212 147  1
  95 148  1
 115 148  1
 167 148  1
 222 148  1
   1 149  1
   2 149  1
 230 149  1
 282 149  1
 283 149  1
  32 150  1
 220 150  1
  75 151  1
 204 151  1
 205 151  1
 212 151  1
 213 151  1
   1 153  1
 208 153  1
 210 153  1
  72 154  1
  86 154  1
 200 154  1
 201 154  1
 227 154  1
 186 155  1
  85 156  1
 243 156  1
 234 157  1
  18 158  1
 172 158  1
 250 158  1
 251 158  1
 252 158  1
 255 158  1
 256 158  1
   9 159  1
  10 159  1
  76 159  1
  83 159  1
 202 159  1
 211 159  1
 188 160  1
 175 161  1
 266 161  1
   5 162  1
  96 162  1
 216 162  1
 217 162  1
  17 163  1
  18 163  1
  88 163  1
 255 163  1
  90 164  1
 191 164  1
 235 164  1
 248 164  1
 249 164  1
 282 164  1
 283 164  1
  74 165  1
  81 165  1
 208 165  1
 214 165  1
 270 165  1
 257 166  1
 282 166  1
 270 167  1
 140 168  1
 225 168  1
 281 168  1
 282 168  1
  31 169  1
 215 169  1
 170 170  1
 236 170  1
 245 170  1
  17 171  1
  33 171  1
 267 172  1
 271 172  1
 263 173  1
 265 173  1
 279 173  1
 182 175  1
 256 175  1
 257 175  1
 146 176  1
 187 176  1
 252 176  1
   1 177  1
  32 177  1
  33 177  1
 172 177  1
 181 177  1
 197 177  1
 146 178  1
 177 178  1
   1 179  1
  32 179  1
 247 179  1
 275 179  1
 150 180  1
 240 180  1
  32 181  1
  80 181  1
 195 181  1
  11 182  1
  12 182  1
  20 182  1
  96 182  1
  97 182  1
  98 182  1
 181 182  1
 191 182  1
   5 184  1
  90 184  1
 150 184  1
 210 184  1
 212 184  1
  17 185  1
  84 185  1
 246 185  1
 250 185  1
  13 186  1
 109 186  1
 110 186  1
 187 186  1
  24 187  1
  25 187  1
  80 187  1
  97 187  1
 206 187  1
 189 188  1
   7 189  1
   8 189  1
  32 189  1
  88 189  1
  94 189  1
  95 189  1
 155 189  1
 194 189  1
 209 189  1
 262 189  1
 270 189  1
 271 189  1
  75 190  1
 107 190  2
 150 190  1
 157 190  1
 254 190  1
 197 191  1
  96 192  1
 113 193  1
 138 193  1
 100 194  1
 135 194  1
 143 194  1
  73 195  1
 102 195  1
 109 195  1
 110 195  1
 148 195  1
 267 195  1
 107 196  1
 136 196  1
 246 196  1
  11 197  1
  75 197  1
  95 197  1
 141 197  1
 148 197  1
 149 197  1
  87 198  1
  88 198  1
 106 198  1
 107 198  1
 136 198  1
 246 198  1
 128 199  1
 129 199  1
 145 199  1
 115 200  1
  95 201  1
 132 201  1
 133 201  1
 108 202  1
 155 202  1
 156 202  1
 249 202  1
 252 203  1
 253 203  1
  18 204  1
  90 204  1
 103 204  1
 104 204  1
 127 204  1
  95 205  1
 115 205  1
 116 205  1
 144 205  1
  86 206  1
 100 206  1
  68 207  1
  91 207  1
 110 208  1
 111 208  1
 262 208  1
  59 209  1
  84 209  1
  91 209  1
 134 209  1
 140 209  1
  26 210  1
  73 210  1
  74 210  1
 109 210  1
 157 210  1
  54 211  1
 120 211  1
 176 211  1
  73 212  1
 138 212  1
 152 212  1
 187 212  1
 104 213  2
 105 213  1
 116 213  1
 169 213  1
  73 214  1
  53 215  1
  89 215  1
 176 215  1
 190 215  1
  98 216  1
 107 216  1
 138 216  1
  69 217  1
 113 217  1
 115 217  1
  35 218  1
  36 218  1
  99 218  1
  48 219  1
  49 219  1
 185 219  1
 186 219  1
  39 220  1
  86 220  1
  95 220  1
 110 220  1
 182 220  1
 253 220  1
  55 222  1
  87 222  1
  88 222  1
 130 222  1
  44 223  1
  66 224  1
  88 224  1
 179 224  1
 180 224  1
  47 225  1
  48 225  1
  88 226  1
  89 226  1
 103 226  1
  85 227  1
  98 227  1
 177 228  1
  56 229  1
 125 229  1
  91 231  1
  92 231  1
 112 231  1
  85 232  1
 241 232  1
  88 233  1
 180 233  1
 119 234  1
 187 234  1
 238 234  1
  80 235  1
  96 235  1
 128 235  1
  65 236  1
 187 236  1
 235 236  1
 107 237  1
 121 237  1
 183 238  1
 125 239  1
 146 239  1
 186 239  1
 194 239  1
 195 239  1
  76 240  1
 129 240  1
 135 240  1
 174 240  1
 150 241  1
 195 241  1
  90 242  1
 167 243  1
 224 244  1
 108 246  1
 149 246  1
 177 246  1
 178 246  1
 219 246  1
 111 247  1
 217 247  1
 142 248  1
 143 248  1
 116 249  1
 151 250  1
 211 250  1
 166 251  1
 128 253  1
 201 253  1
 130 254  1
 132 254  1


count = 707