 144   1  1
 182   1  1
 121   4  1
 115   6  1
 161   6  1
 142   7  1
 147   7  1
 167   7  1
 110   9  1
 111   9  1
 130   9  1
 147   9  1
 142  10  1
 149  10  1
 125  11  1
 160  12  1
 161  12  1
 131  13  1
 132  13  1
 166  13  1
  97  14  1
 114  14  1
 118  14  1
 123  14  1
 215  14  1
  94  15  1
 164  15  1
 128  16  1
 143  16  1
 146  16  1
 147  16  1
 109  17  1
 110  17  1
 220  17  1
  81  18  1
 115  18  1
  78  19  1
 128  19  1
 129  19  1
 144  19  1
 164  19  1
  75  20  1
 111  20  1
 227  21  1
  69  22  1
 148  22  1
 197  22  1
 135  23  1
 136  23  1
  84  24  1
  86  24  1
 161  24  1
 168  24  1
 190  24  1
 232  24  1
  98  27  1
 157  27  1
 100  28  1
 122  28  1
 195  28  1
 187  29  1
  89  30  1
  90  30  1
 139  30  1
 103  31  1
 186  31  1
 149  32  1
 172  32  1
 152  33  1
 195  33  1
  51  34  1
  67  34  1
  68  34  1
  82  34  1
 105  34  1
 117  34  1
 140  34  1
 232  34  1
 233  34  1
 234  34  1
  76  35  1
  93  35  1
 122  36  1
 123  36  1
 154  36  1
 142  37  1
 112  38  1
 153  38  1
 154  38  1
  85  39  1
 116  39  1
 117  39  1
 129  39  1
 145  39  1
 149  39  1
 172  39  1
 124  40  1
  75  41  1
 143  41  1
 136  42  1
  38  43  1
  71  43  1
  72  43  1
 127  44  1
 131  45  1
 100  46  1
 184  46  1
 185  46  1
 237  46  1
 242  46  1
 136  47  1
 143  47  1
 227  47  1
 228  47  1
 209  48  1
 245  48  1
 138  49  1
 139  49  1
 179  49  1
 213  49  1
  87  50  1
 142  50  1
 199  50  1
 207  50  1
 228  50  1
 237  51  1
 150  52  1
 153  53  1
  91  54  1
 235  54  1
 171  55  1
  93  57  1
 242  57  1
 148  58  1
 263  58  1
 141  59  1
 175  59  1
 176  59  1
 166  60  1
 176  61  1
  18  63  1
 144  63  1
 158  67  1
 148  68  1
 191  69  1
 192  69  1
 271  70  1
 191  71  1
  11  73  1
 200  74  1
 194  75  1
 210  75  1
 242  75  1
 247  76  1
 227  77  1
 189  78  1
 174  79  1
 185  79  1
 219  79  1
 242  79  1
 275  79  1
 276  79  1
 229  80  1
 235  81  1
 236  81  1
 213  82  1
 268  82  1
 269  82  1
 197  83  1
 257  83  1
 227  86  1
 228  86  1
 245  86  1
 168  87  1
 169  87  1
 181  87  1
 232  87  1
 177  88  1
 178  88  1
 201  88  1
 241  89  1
 233  90  1
 268  91  1
 269  91  1
  84  93  1
  88  93  1
  81  94  1
 100  94  1
 182  94  1
 200  94  1
 271  94  1
 273  94  1
  87  95  2
 182  96  1
 198  96  1
 227  96  1
 228  96  1
 241  96  1
 257  96  1
 271  96  1
 235  97  1
 168  99  1
 169  99  1
 237  99  1
 207 100  1
 239 100  1
 269 101  1
  81 102  1
 173 103  1
 270 103  1
 274 104  1
  83 105  1
 171 105  1
  86 106  1
 157 107  1
 129 108  1
  33 109  1
 116 109  1
 274 109  1
   1 110  1
 152 110  1
 153 110  1
 169 110  1
 170 110  1
 271 110  1
  60 111  1
 195 111  1
 199 111  1
 234 111  1
 102 112  1
 103 112  1
 133 112  1
 134 112  1
 118 113  1
 125 113  1
 126 113  1
 199 113  1
 201 113  1
 230 113  1
   1 114  1
 154 114  1
 232 114  1
 268 114  1
  35 115  1
 274 115  1
 275 115  1
  50 116  1
  51 116  1
  62 116  1
  96 116  1
 121 116  1
 122 116  1
 129 116  1
 148 116  1
 165 116  1
 166 116  1
 193 116  1
 234 116  1
   1 117  1
  36 117  1
  38 117  2
 116 117  1
 133 117  1
 184 117  1
 203 117  1
 124 118  1
  65 119  1
  66 119  1
  70 119  1
  91 119  1
  92 119  1
 116 119  1
 200 119  1
 259 119  1
 144 120  1
   1 121  1
 164 121  1
 165 121  1
 197 121  1
 275 121  1
  77 122  1
 125 122  1
 134 122  1
 188 122  1
   1 123  1
  12 123  1
  16 123  1
 118 123  1
 120 123  1
 247 123  1
  31 124  1
  35 124  1
 266 124  1
 267 124  1
  11 125  1
  12 125  1
  51 125  1
 213 125  1
 130 126  1
 144 126  1
 145 126  1
 203 126  1
 219 126  1
 263 126  1
  48 127  1
  91 127  1
 148 127  1
 196 127  1
 155 128  1
 203 128  1
  53 129  1
  99 129  1
 236 129  1
 238 129  1
 246 129  1
   8 130  1
  59 130  1
  81 130  1
 117 130  1
 128 130  1
 129 130  1
 203 130  1
 218 130  1
 224 130  1
  17 131  1
  18 131  1
  29 131  1
  46 131  1
  63 131  1
 138 131  1
 159 131  1
 188 131  1
 189 131  1
 194 131  1
 199 131  1
 163 132  1
  28 133  1
  89 133  1
 123 133  1
 133 133  1
 147 133  1
 243 133  1
   7 134  1
   8 134  1
  42 134  1
  43 134  1
  97 134  1
  20 135  1
  72 135  1
  74 135  1
 220 135  1
 221 135  1
 241 135  1
 242 135  1
 243 135  1
 122 136  1
 189 136  1
 263 136  1
   5 137  1
  26 137  1
 151 137  1
 161 137  2
 162 137  1
  42 138  1
  71 138  1
   3 139  1
  51 139  1
  92 139  1
 128 139  1
 194 139  1
  19 140  1
  85 140  1
 165 140  1
 158 141  1
 187 141  1
 188 141  1
 199 142  1
 194 143  1
  18 144  1
 199 144  1
  83 145  1
 123 145  1
 184 145  1
 185 145  1
 127 146  1
 170 146  1
 201 146  1
 264 146  1
 265 146  1
 272 146  1
 273 146  1
 274 146  1
  47 147  1
  51 148  1
  67 148  1
 181 148  1
  44 150  1
  59 150  1
 132 150  1
 166 150  1
  74 151  1
  78 151  1
 140 151  1
 175 151  1
 179 151  1
 203 152  1
 256 152  1
 257 152  1
 268 152  1
 269 152  1
  31 153  1
  74 153  1
 128 153  1
 179 153  1
  68 154  1
 173 155  1
 254 155  1
  80 156  1
 147 156  1
 204 157  1
 205 157  1
 247 157  1
 266 157  1
  86 158  1
  87 158  1
 155 158  1
 178 158  1
 182 158  1
 238 158  1
 239 158  1
  16 159  1
  18 159  1
  20 159  1
  82 159  1
 126 159  1
 150 159  1
 265 159  1
 266 159  1
  44 160  1
 140 160  1
 144 160  1
 157 160  1
 246 160  1
  41 161  1
  46 161  1
 160 161  1
 166 161  1
 241 161  1
 170 162  1
 189 162  1
  23 163  1
  24 163  1
  41 163  1
 162 163  1
 132 164  1
 164 164  1
 179 165  1
  46 166  1
 184 166  1
 268 166  1
  52 167  1
 249 167  1
 252 167  1
 276 167  1
 277 167  1
 239 169  1
 240 169  1
 245 169  1
   5 170  1
   6 170  1
  43 170  1
  44 170  1
  32 172  1
 195 172  1
 120 173  1
 181 173  1
 240 173  1
 241 173  1
  33 174  1
  37 174  1
  42 174  1
 122 175  1
  44 176  1
 182 177  1
 201 177  1
   8 178  1
   9 178  1
 237 178  1
 238 178  1
 122 179  1
 123 179  1
 180 180  1
 190 180  1
 204 180  1
 180 182  1
 231 182  1
  45 183  1
  46 183  1
 162 183  1
 163 183  1
 185 183  1
 179 184  1
 202 184  1
 167 186  1
 114 187  1
 243 187  1
 244 187  1
 114 189  1
  43 191  1
 121 191  1
 168 191  1
  40 192  1
 199 193  1
 210 193  1
 220 193  1
 235 193  2
  51 194  1
  44 196  1
 123 196  1
  37 197  1
  38 197  1
 107 197  1
 112 197  1
 113 197  1
 207 197  1
  46 198  1
  51 198  1
 102 199  1
 177 199  1
 225 199  1
 230 200  1
 128 201  1
 129 201  1
 143 201  1
 102 202  1
 212 202  1
 113 203  1
 106 204  1
 104 206  1
 106 206  1
 148 206  1
 225 206  1
 226 206  1
 255 206  1
 178 207  1
 108 208  1
 136 208  2
  42 209  1
  43 209  1
 127 209  1
 128 209  1
 134 209  1
 217 209  1
  56 210  1
  60 210  1
  68 210  1
 144 210  1
 145 210  1
 181 210  1
 182 210  1
  93 211  1
 135 211  1
 156 211  1
 160 211  1
  52 212  1
 150 212  1
 252 212  1
  66 214  1
 122 214  1
 124 214  1
 150 214  1
  82 215  1
  91 215  1
  95 215  1
  96 215  1
 219 215  1
  40 216  1
 107 216  1
 154 216  1
 158 216  1
 160 216  1
  62 218  1
 107 218  1
 225 218  1
  74 219  1
  97 219  1
 115 219  1
 119 219  1
 156 219  1
 179 219  1
  61 220  1
 110 220  1
  47 221  1
  85 221  1
 124 221  1
 125 221  1
 177 221  1
 179 221  1
 155 222  1
 156 222  1
 182 222  1
 183 222  1
  50 223  1
  76 223  1
 125 223  1
 172 223  1
 192 224  1
  64 225  1
 113 225  1
 119 225  1
 227 225  1
  88 226  1
  90 226  1
 145 226  1
 153 226  1
 154 226  1
 238 226  1
  56 227  1
  96 227  1
  97 227  1
 102 227  1
 116 227  1
 172 228  1
  86 229  1
 234 229  1
 143 231  1
 176 231  1
 177 231  1
 202 231  1
 203 231  1
  62 232  1
 120 233  1
 192 233  1
 214 233  1
  83 234  1
  84 234  1
 140 234  1
 160 234  1
 201 234  1
 137 235  1
 187 235  1
 194 235  1
 195 235  1
 156 236  1
  95 237  1
 101 237  1
  84 238  1
  99 238  1
 124 238  1
 128 239  1
 202 239  1
 155 241  1
 215 241  1
  81 243  1
  83 243  1
 139 243  1
 140 243  1
 159 245  1
 210 245  1
 101 246  1
 135 246  1
 136 246  1
 166 249  1
 134 250  1
 135 250  1
 112 251  1
 113 251  1


count = 667