 151   1  1
 153   1  1
 154   1  1
 177   1  1
 198   5  1
 156   6  1
 201   6  1
 204   7  1
 105   9  1
 103  10  1
 148  11  1
 149  11  1
 189  11  1
 190  11  1
 213  12  1
 125  13  1
 198  13  1
 195  15  1
 115  16  1
 170  17  1
 220  17  1
 105  18  1
 186  19  1
 187  19  1
  80  20  1
 191  20  1
 120  21  1
 205  21  1
 229  21  1
  75  22  1
 124  22  1
 192  22  1
 151  23  1
 199  23  1
 231  23  1
  70  24  1
  82  24  1
  83  24  1
  94  25  1
 116  25  1
 117  25  1
 172  25  1
 173  25  1
  97  26  1
 196  26  1
 225  26  1
 220  27  1
  77  28  1
  84  28  1
  97  28  1
 157  29  1
 161  29  1
 240  29  1
  73  30  1
 101  30  1
 112  30  1
 113  30  1
 117  30  1
 124  30  1
 192  31  1
 102  32  1
 171  32  1
 197  32  1
 198  32  1
 213  32  1
  95  34  1
 120  34  1
 218  34  1
 113  35  1
 124  35  1
 211  35  1
 227  35  1
 232  35  1
  71  36  1
 199  36  1
 170  37  1
 211  37  1
  64  38  1
  87  38  1
  98  38  1
 209  38  1
 250  38  1
 184  39  1
 223  39  1
  57  40  1
 105  40  1
 106  40  1
 180  40  1
 204  40  1
 197  41  1
 229  41  1
 230  41  1
  44  42  1
 193  42  1
 203  44  1
  48  46  1
 230  47  1
 222  48  1
  45  49  1
  46  49  1
  91  49  1
 260  49  1
  49  50  1
 178  50  1
 184  50  1
 240  50  1
 109  51  1
 225  51  1
 230  51  1
 169  52  1
 170  52  1
 193  52  1
 240  52  1
 107  53  1
 199  53  1
 100  54  1
 183  54  1
 240  54  1
 179  55  1
 186  58  1
 191  58  1
 208  58  1
 233  58  2
 234  58  1
 246  59  1
 174  60  1
  99  61  1
 170  62  1
 238  62  1
  74  63  1
  83  63  1
  97  64  1
 167  64  1
  33  65  1
  87  65  1
 209  65  1
 210  65  1
 225  66  1
 229  66  1
 235  67  1
  36  68  1
  37  68  1
  95  68  1
 164  70  1
  19  71  1
  84  71  1
  92  71  1
 150  72  1
 224  72  1
 225  72  1
 272  72  1
  73  73  1
 182  73  1
 237  73  1
 192  74  1
 193  74  1
 204  74  1
 212  75  1
 264  75  1
 185  76  1
 225  76  1
 226  76  1
 257  76  1
  42  77  1
 253  77  1
 203  78  1
 201  79  1
 187  80  1
 255  81  1
 180  82  1
 181  82  1
 226  82  1
 261  83  1
 169  84  1
 184  84  1
 198  84  1
 200  84  1
 271  84  1
 258  86  1
 196  87  1
 241  90  1
  24  91  1
  40  91  1
  45  91  1
  50  92  1
 160  92  1
  26  93  1
  48  93  1
 272  93  1
 280  93  1
 281  93  1
  38  94  1
 195  94  1
 196  94  1
  16  96  1
 134  96  1
 139  96  1
 250  97  1
 128  98  1
 134  98  1
 177  99  1
 238  99  1
  96 100  1
 271 100  1
  50 101  1
 118 101  1
 125 101  1
 145 101  1
 265 101  1
 121 102  1
  93 103  1
  94 103  1
 174 103  1
 199 103  1
 254 103  1
  54 104  1
  56 104  1
 256 104  1
 242 105  1
 243 105  1
 118 106  1
 119 106  1
 249 106  1
 250 106  1
 252 106  1
 265 106  1
  59 107  1
  60 107  1
  72 107  1
  94 107  1
 170 108  1
 185 108  1
 260 108  1
  98 109  1
   5 110  1
 262 110  1
 109 111  1
 110 111  1
 122 112  1
 132 112  1
 252 112  1
  13 113  1
  55 113  1
  56 113  1
 143 113  1
 145 113  1
 259 114  1
   2 115  1
   3 115  1
  54 115  1
 140 115  1
 151 115  1
 165 115  1
 189 115  1
 262 116  1
 263 116  1
  85 117  1
  71 118  1
  72 118  1
  73 118  1
  96 119  1
 260 119  1
 261 119  1
  82 120  1
 110 120  1
 161 120  1
 273 120  1
 274 120  1
  25 121  1
  75 121  1
  93 122  1
   9 123  1
  28 123  1
  44 123  1
 127 123  1
 195 123  1
 234 123  1
 152 124  1
 237 124  1
 238 124  1
 260 124  1
 266 124  1
  15 125  1
 115 125  1
 185 125  1
 197 125  1
 257 125  1
 245 126  1
  73 127  1
  87 127  1
  92 127  1
 145 127  1
 231 127  1
   8 128  1
 150 128  1
 200 128  1
 272 128  1
  52 129  1
  71 129  1
 174 129  1
  44 130  1
  45 130  1
 139 130  1
 143 130  1
  24 131  1
  25 131  1
  31 131  1
 150 131  1
 151 131  1
 172 131  1
 242 131  1
 243 131  1
 259 131  1
   1 133  1
  12 133  1
  21 133  1
 178 133  1
 181 133  1
  58 134  1
  72 134  1
 187 134  1
  10 135  1
  32 135  1
 235 135  1
  54 136  1
 153 136  1
 195 136  1
  21 137  1
 158 137  1
  18 138  1
 195 138  1
 189 139  1
 203 139  1
 244 139  1
  23 140  1
  25 140  1
 195 140  1
 232 140  1
 237 140  1
  14 141  1
  15 141  1
 148 141  1
 149 141  1
 207 141  1
 125 143  1
   6 144  1
  43 144  1
 113 144  1
 115 144  1
 111 145  1
 274 145  1
  77 146  1
 143 146  1
 147 146  1
  72 147  1
 207 147  1
 272 148  1
 234 149  1
 235 149  1
   8 150  1
   9 150  1
 120 150  1
  70 151  1
  77 152  1
 108 152  1
 271 152  1
 116 153  1
 123 153  1
 275 153  1
  83 154  1
  84 154  1
  85 154  1
 280 154  1
 281 154  1
  60 155  1
  99 155  1
 124 155  1
  68 156  1
 104 156  1
 200 156  1
 204 158  1
 205 158  1
  56 159  1
 109 159  1
 110 159  1
 279 159  1
 280 159  1
 137 160  1
 138 160  1
 141 161  1
 164 161  1
 169 161  1
 192 161  1
 196 162  1
 278 162  1
 279 162  1
  27 163  1
  28 163  1
 129 163  1
 146 163  1
 209 164  2
  16 165  1
  17 165  1
 148 165  1
 276 167  1
 277 167  1
 192 168  1
 204 168  1
 155 170  1
 196 170  1
 198 170  1
  13 172  1
  14 172  1
 204 172  1
  14 175  1
  15 175  1
 160 175  1
 164 175  1
 248 176  1
 249 176  1
 183 179  1
 184 179  1
 178 181  1
 188 183  1
  91 184  1
 255 184  1
 256 184  1
 183 185  1
 211 185  1
  76 187  1
 255 187  1
  41 188  1
  84 188  1
  85 188  1
 229 188  1
  29 189  1
  21 190  1
 222 190  1
 223 190  1
 224 190  1
  78 191  1
  79 191  1
 229 191  1
 224 192  1
  31 194  1
  75 194  1
 214 194  1
  38 196  1
  41 196  1
 217 196  1
 257 196  1
 219 197  1
  92 198  1
 255 199  1
  81 200  1
  93 200  1
  94 200  1
 216 200  1
 162 202  1
 166 202  1
 181 202  1
 207 202  1
 213 202  1
 239 202  1
  94 203  1
 244 203  1
  55 204  1
 197 204  1
 198 204  1
  66 205  1
  94 205  1
 167 205  1
 205 205  1
 206 205  1
 221 205  1
 228 206  1
  79 207  1
  80 207  1
  96 207  1
 177 207  1
 209 207  1
 213 207  1
 106 208  1
 224 208  1
 111 209  1
 249 210  1
 159 211  1
 165 211  1
 176 211  1
 224 213  1
 233 213  1
  77 216  1
 164 216  1
 200 216  1
 213 216  1
 172 217  1
 208 217  1
 232 217  1
  46 218  1
  75 219  1
 111 219  1
 112 219  1
 113 219  1
 168 219  1
 204 219  1
 205 219  1
  98 220  2
  99 220  1
 155 220  1
 153 221  1
 216 221  1
 227 221  1
 109 222  1
 212 222  1
 213 222  1
  62 223  1
 206 224  1
 114 225  1
 115 225  1
 168 227  1
 209 227  1
 212 227  1
 230 227  1
 160 228  1
  60 229  1
  93 230  1
  94 230  1
 150 230  1
 151 230  1
 109 231  1
  73 232  1
 105 232  1
 171 233  1
 220 234  1
  90 235  1
  91 235  1
 102 235  1
 149 236  1
 156 236  1
  72 237  1
  74 237  1
  77 238  1
 146 238  1
  80 239  1
  83 240  1
 207 241  1
 203 243  1
 131 245  1
 132 245  1
 152 245  1
 169 245  1
  97 246  1
 176 246  1
 157 247  1
 159 247  1
 136 248  1
 169 248  1
 192 248  1
 150 250  1
 151 250  1
 110 251  1
 182 251  1
 179 252  1
 176 253  1
 132 255  1
 165 255  1
 135 256  1


count = 567