 167   1  1
 172   1  1
 125   6  1
 133  10  1
 130  12  1
 154  13  1
 127  14  1
 211  14  1
  88  15  1
 115  15  1
  79  16  1
 166  16  1
 215  16  1
  76  17  1
 106  17  1
 100  18  1
 122  19  1
  70  20  1
 158  20  1
  88  21  1
  89  21  1
  93  21  1
  97  21  1
 127  21  1
  67  22  1
  81  22  1
 103  23  1
 165  23  1
  65  24  1
 108  24  1
 154  25  1
  61  26  1
  67  27  1
  91  28  1
  66  29  1
 168  29  1
  91  30  1
 231  30  1
  50  31  1
  51  31  1
  63  32  1
  89  32  1
  47  33  1
  58  34  1
  94  35  1
  95  35  1
  44  36  1
 159  36  1
  90  37  1
  92  38  1
  41  39  1
 155  39  1
 156  39  1
 159  39  1
 241  39  1
 130  40  1
 133  41  1
 163  41  1
 126  42  1
  43  43  1
 145  44  1
 146  44  1
 165  44  1
 199  44  1
 175  45  1
 186  45  1
 187  45  1
 139  46  1
 148  46  1
 177  46  1
 246  46  1
 154  47  1
 201  47  1
 141  48  1
 145  48  1
 210  48  1
  37  49  1
  42  49  1
 248  49  1
 197  52  1
 199  52  1
 210  52  1
 129  54  1
 204  54  1
 133  55  1
 134  55  1
 194  55  1
  24  56  1
 129  56  1
  90  57  1
 219  57  1
 224  57  1
 143  59  1
 144  59  1
 145  59  1
 246  59  1
  87  60  1
 216  60  1
 202  61  1
 259  61  1
 149  62  1
 210  63  1
 237  63  1
 242  63  1
 263  65  1
  16  66  1
  22  66  1
  87  66  1
 151  66  1
  94  67  1
 162  67  1
  89  69  1
  93  69  1
 198  69  1
 266  69  1
 104  70  1
 105  70  1
 185  70  1
 186  70  1
 202  70  1
 234  70  1
  27  71  1
  28  71  1
 175  72  1
 172  73  1
 205  73  1
  25  74  1
  26  74  1
 218  75  1
 270  75  1
  16  77  1
 222  77  1
 178  78  1
 193  78  1
 196  79  1
 242  79  1
 243  79  1
 175  80  1
 225  80  1
 229  80  1
   8  82  1
   9  82  1
 180  82  1
 185  83  1
  20  85  1
 231  85  1
 243  85  1
 263  85  1
 175  86  1
  13  88  1
 188  88  1
 193  88  1
 236  88  1
 238  88  1
 252  88  1
   5  89  1
   6  89  1
 267  89  1
  70  90  2
  71  90  1
  13  92  1
  77  92  1
 194  92  1
 243  92  1
 260  92  1
  73  93  1
  75  93  1
  12  94  1
  13  94  1
  79  94  1
 247  94  1
 257  94  1
 258  94  1
 188  96  1
 256  96  1
 257  96  1
   2 100  1
   3 100  1
 188 101  1
 251 101  1
  81 102  1
   7 104  1
 256 106  1
 181 107  1
 182 107  1
 240 107  1
 250 107  1
  84 108  1
   7 109  1
   8 109  1
   1 110  1
   2 110  1
  89 110  1
 234 111  1
 263 112  1
 178 113  1
 255 113  1
   9 114  1
  85 114  1
 105 114  1
 232 114  1
 252 114  1
 126 116  1
 230 116  1
  16 117  1
 165 117  1
 250 117  1
 260 117  1
 261 117  1
 120 118  1
 266 118  1
   1 119  1
  34 119  1
  35 119  1
 171 119  1
 240 119  1
  20 120  1
 122 120  1
 126 120  1
 225 120  1
 275 120  1
 276 120  1
  30 121  1
  38 121  1
  58 121  1
  60 121  1
 188 121  1
 203 121  1
 177 122  1
 247 122  1
 248 122  1
   1 123  1
 202 123  1
 210 123  1
 211 123  1
 274 123  1
 275 123  1
  40 124  1
  94 124  1
 120 124  1
  19 125  1
  20 125  1
  48 125  1
  49 125  1
  53 125  1
  67 125  1
 126 125  1
 154 125  1
 221 125  1
  23 126  1
  29 126  1
 176 126  1
 204 126  1
 237 126  1
  56 127  1
  61 127  1
 129 127  1
 276 127  1
   8 128  1
  15 128  1
  41 128  1
 179 128  1
 191 128  1
 199 128  1
 200 128  1
 201 128  1
 248 128  1
  37 129  1
  38 129  1
  61 129  1
 106 129  1
 276 129  1
 277 129  1
   2 130  1
   4 130  1
  93 130  1
 108 130  1
 110 130  1
 154 130  1
 248 130  1
 259 130  1
  46 131  1
 214 131  1
 221 131  1
 223 131  1
 263 131  1
 265 131  1
  57 132  1
  65 132  1
 235 132  1
 267 132  1
  51 133  1
 206 133  1
  12 134  1
  88 134  1
 174 134  1
 259 134  1
 260 134  1
 270 134  1
 271 134  1
  51 135  1
  52 135  1
 168 135  1
 169 135  1
 202 135  1
 274 135  1
   1 136  1
 161 136  1
 187 136  1
 189 136  1
 191 136  1
 197 136  1
   8 137  1
 182 137  1
 209 137  1
 278 137  1
 164 138  1
 207 138  1
  86 139  1
 181 139  1
 168 140  1
 170 140  1
 196 140  1
 197 140  1
   7 141  1
   8 141  1
 124 141  1
 187 141  1
 188 141  1
 172 142  1
 198 142  1
 187 143  1
  89 144  1
 198 144  1
  81 147  1
   1 149  1
  12 150  1
 108 150  1
   9 151  1
 154 151  1
   1 152  1
   2 152  1
 109 152  1
 110 152  1
  92 155  1
  76 156  1
 101 156  1
 102 156  1
 108 156  1
 109 156  1
 152 156  1
 180 156  1
 200 156  1
 276 156  1
   3 157  1
   4 157  1
  82 157  1
  72 159  1
 203 159  1
 204 159  1
 272 159  1
  18 161  1
  99 161  1
 191 161  1
 179 162  1
 180 162  1
 197 162  1
   5 163  1
   6 163  1
  12 163  1
  72 163  1
  76 163  1
  77 163  1
  78 163  1
 130 163  1
 245 163  1
 269 163  1
 270 163  1
  16 164  1
  97 164  1
 108 164  1
 152 164  1
 178 164  1
 197 164  1
 281 164  1
 282 164  1
 155 166  1
 156 166  1
  82 167  1
  93 168  1
 169 168  1
 204 168  1
 205 168  1
 175 169  1
 166 170  1
 167 170  1
 191 170  1
 251 170  1
 252 170  1
  14 171  1
 160 171  1
 194 171  1
  27 173  1
 172 173  1
 185 173  1
 245 173  1
 246 173  1
 251 173  1
  16 174  1
  25 175  1
 136 175  1
 144 175  1
 190 175  1
 264 175  1
  34 176  1
 197 176  1
  11 177  1
  12 177  1
  17 178  1
  23 178  1
  29 178  1
 147 178  1
 240 178  1
 194 180  1
 198 180  1
 199 180  1
 268 180  1
 269 180  1
 270 180  1
 150 181  1
 196 181  1
 229 181  1
  13 182  1
  14 182  1
 246 182  1
 103 183  1
 216 183  1
  21 184  1
  46 184  1
  48 184  1
 185 184  1
 221 184  1
 245 184  1
  39 185  1
 165 185  1
  48 186  1
 112 186  1
 191 186  1
 117 187  1
 273 187  1
 274 187  1
  16 189  1
  38 189  1
 213 189  1
 214 189  1
 219 189  1
  52 190  1
  53 190  1
 241 190  1
 109 191  1
 196 191  1
  47 192  1
 163 192  1
 164 192  1
 207 192  1
 115 193  1
  27 194  1
  29 194  1
 241 195  1
 270 195  1
  21 196  1
  22 196  1
  40 196  2
  43 196  1
  45 196  1
  53 196  1
  54 196  1
 107 197  1
 243 199  1
 267 199  1
  30 200  1
  52 200  1
  59 200  1
  63 200  1
 165 200  1
 166 200  1
 245 201  1
 246 201  1
  68 202  1
 107 202  1
  44 204  1
  68 204  1
 120 204  1
  51 205  1
  55 205  1
 161 205  1
 247 205  1
 248 205  1
  31 207  1
 131 208  1
 122 209  1
 249 209  1
 106 210  1
 128 211  1
 130 211  1
  99 212  1
 101 212  1
 126 212  1
 256 212  1
  39 213  1
  95 213  1
  96 213  1
 254 215  1
  44 216  1
  65 216  1
  47 218  1
  92 219  1
 100 219  1
 148 219  1
 149 219  1
 252 219  1
  50 220  1
  63 220  1
  64 220  1
  55 223  1
  60 226  1
  61 226  1
 243 228  1
  92 229  1
  90 230  1
 131 231  1
 238 231  1
  86 232  1
 234 233  1
 122 234  1
 126 234  1
  98 235  1
 100 235  1
 121 236  1
 103 237  1
 229 237  1
 111 238  1
 126 239  1
 101 241  1
 107 243  1
 220 243  1
 112 245  1
 115 246  1
 118 247  1
 131 247  1
 135 247  1
 136 247  1
 213 248  1
 136 249  1
 130 252  1
 203 252  1


count = 556