 150   1  1
 155   1  1
 172   1  1
 182   1  1
 146   2  1
 148   2  1
 140   4  1
 192   4  1
 131   8  1
 132   8  1
 147  11  1
 148  11  1
 124  13  1
 149  15  1
 214  15  1
 118  16  1
 220  19  1
 105  20  1
 148  20  1
 149  20  1
 154  21  1
 100  22  1
 140  22  1
 140  24  1
 141  24  1
 150  24  1
  82  28  1
  79  29  1
 159  29  1
 160  29  1
 160  32  1
 143  34  1
 147  35  1
 161  35  1
 162  35  1
 238  35  1
 156  36  1
 157  36  1
  57  37  1
 242  37  1
 162  38  1
 149  39  1
  51  40  1
 146  40  1
 158  40  1
  67  41  1
  49  42  1
 136  42  1
 164  43  1
  45  44  1
 135  44  1
  42  46  1
 151  46  1
  63  47  1
  64  47  1
 251  47  1
 141  49  1
  46  50  1
  55  50  1
  56  50  1
  60  50  1
 132  50  1
 147  50  1
  46  53  1
  47  53  1
 255  53  1
 131  54  1
 132  54  1
 134  55  1
  41  58  1
 151  58  1
  48  60  1
  49  60  1
  45  63  1
 144  63  1
 145  63  1
 157  63  1
  49  64  1
 161  64  1
  20  65  1
 196  66  1
 202  66  1
 265  66  1
 139  67  1
 188  67  1
  17  68  1
 209  68  1
  20  70  1
  21  70  1
 181  70  1
 182  70  1
 211  70  1
 212  70  1
  12  73  1
 180  73  1
  24  74  1
 210  74  1
 211  74  1
  17  75  1
 188  75  1
  26  76  1
  38  77  1
 207  77  1
  29  78  1
 202  78  1
   8  79  1
 272  79  1
 273  79  1
  23  80  1
  28  80  1
 184  80  1
 185  80  1
   7  81  1
 199  82  1
 244  82  1
 161  83  1
 241  83  1
 167  84  1
 188  84  1
 249  84  1
 181  85  1
 182  85  1
 167  86  1
 159  88  1
 167  88  1
 168  88  1
   3  89  1
   4  89  1
 191  89  1
 192  89  1
 262  89  1
 184  90  1
 266  90  1
 186  92  1
 252  92  1
 278  92  1
 279  92  1
   1  94  1
   2  94  1
  73  96  1
 271  96  1
   1  98  1
  83  98  1
  84  98  1
 169  99  1
 170  99  1
 272 100  1
   6 101  1
  87 101  1
 265 102  1
 281 102  1
 282 102  1
  75 104  1
 166 104  1
 252 104  1
 253 104  1
   6 106  1
   7 106  1
 250 106  1
 244 107  1
  90 109  1
 165 109  1
 184 109  1
   7 110  1
 124 110  1
 248 111  1
   1 112  1
 282 112  1
 283 112  1
  32 113  1
 120 113  1
 192 113  1
 187 114  1
 200 114  1
 203 115  1
   6 116  1
   7 116  1
 166 116  1
 211 116  1
  30 117  1
  84 117  1
 168 117  1
 267 117  1
  36 118  1
  37 118  1
 186 118  1
 269 118  1
  30 119  1
 191 119  1
   2 120  1
  86 120  1
 122 120  1
 258 120  1
 155 121  1
 272 121  1
 273 121  1
 196 122  1
 200 122  1
 220 122  1
  35 123  1
  94 123  1
 174 123  1
 267 123  1
 269 123  1
 190 124  1
 204 124  1
 251 124  1
 253 124  1
 257 124  1
 258 124  1
 263 124  1
 265 124  1
  98 125  1
 116 125  1
   6 126  1
  37 126  1
 100 126  1
 171 126  1
 211 126  1
 212 126  1
 224 126  1
 230 126  1
 139 127  1
 148 127  1
 162 127  1
 173 127  1
 136 128  1
 137 128  1
 165 128  1
 193 128  1
 194 128  1
 217 128  1
 155 129  1
 160 129  1
 207 129  1
 270 129  1
   9 130  1
 249 130  1
 250 130  1
 274 130  1
  40 131  1
 112 131  1
 130 131  1
 231 131  1
 257 131  1
  51 132  1
 135 132  1
 136 132  1
 137 132  1
 156 132  1
 188 132  1
 193 132  1
 194 132  1
 217 132  1
 224 132  1
 239 132  1
 250 132  1
  30 133  1
  31 133  1
  32 133  1
 118 133  1
 151 133  1
   3 134  1
   4 134  1
   9 134  1
  16 134  1
  53 134  1
 143 134  1
 144 134  1
 163 134  1
 192 134  1
 206 134  1
 251 134  1
 254 134  1
  39 135  1
  34 136  1
  73 136  1
 152 136  1
   8 137  1
   9 137  1
  67 137  1
 122 138  1
 201 138  1
  83 139  1
 154 139  1
 165 140  1
 166 140  1
 186 140  1
 193 141  1
 282 141  1
 283 141  1
 146 143  1
 148 143  1
 158 144  1
 206 144  1
 207 144  1
 208 144  1
 165 145  1
 188 146  1
 202 146  1
 123 147  1
 168 147  1
  92 148  1
  93 148  1
 118 148  1
  18 149  1
 186 149  1
 187 149  1
 191 149  1
  88 150  1
  89 150  1
 198 150  1
  78 151  1
 171 151  1
   9 152  1
 173 153  1
 181 153  1
  74 154  1
  75 154  1
  88 154  1
  73 158  1
 192 158  1
 193 158  1
  27 159  1
   3 160  1
   4 160  1
  82 160  1
  75 161  1
 195 161  1
 106 162  1
 107 162  1
  28 163  1
 104 163  1
  16 164  1
  87 164  1
  88 166  1
 188 166  1
  12 167  1
  25 167  1
  38 168  1
  40 168  1
  42 169  1
   6 171  1
   7 171  1
  12 171  1
  45 171  1
 192 171  1
 197 171  1
 277 172  1
  37 173  1
  46 173  1
  48 173  1
  49 173  1
  29 174  1
 184 175  1
 190 175  1
  25 176  1
  41 178  1
 174 178  1
  16 180  1
  11 181  1
  22 181  1
  23 181  1
 187 181  1
 272 181  1
  19 182  1
  20 182  1
 191 182  1
  36 183  1
 208 183  1
  13 184  1
  19 184  1
 190 186  1
 191 186  1
 212 186  1
 267 189  1
 185 190  1
 190 190  1
 198 190  1
 204 190  1
  21 193  1
 169 196  1
 262 196  1
 144 199  1
 148 201  1
 149 201  1
 258 202  1
 164 203  1
 174 203  1
  34 204  1
 146 205  1
 147 205  1
 177 205  1
 113 206  1
 173 206  1
 136 208  1
 143 208  1
 198 209  1
 113 210  1
 116 210  1
 129 210  1
 156 211  1
 130 212  1
 191 212  1
 160 213  1
 161 213  1
 182 213  1
 196 213  1
 248 213  1
 131 214  1
 137 214  1
 151 214  1
 152 214  1
  46 215  1
 159 215  1
 151 217  1
 179 218  1
 180 218  1
 157 219  1
  52 220  1
 140 220  1
 150 221  1
  95 222  1
  89 223  1
 140 224  1
  64 225  1
 145 225  1
 146 225  1
 154 226  1
  86 227  1
  69 228  1
 134 228  1
 145 229  1
  84 230  1
  90 230  1
 139 230  1
 153 230  1
 151 231  1
 229 231  1
  76 233  1
  77 233  1
  89 234  1
 224 234  1
  85 237  1
  86 237  1
 130 237  1
  89 238  1
 135 238  1
  98 240  1
 142 240  1
 143 240  1
 217 240  1
 135 242  1
 211 244  1
 110 245  1
 112 245  1
 115 246  1
 207 246  1
 118 247  1
 202 248  1
 196 250  1
 193 251  1
 190 252  1
 187 253  1
 136 254  1
 184 254  1
 139 255  1
 182 255  1
 176 257  1
 178 257  1


count = 470