 143   1  1
 150   1  1
 157   1  1
 178   2  1
 127   3  1
 122   4  1
 193   5  1
 111   7  1
 108   8  1
 146   9  1
 153   9  1
 161   9  1
 172   9  1
 103  10  1
 178  10  1
 186  11  1
 194  11  1
 140  12  1
 136  14  1
 168  14  1
 172  14  1
 113  15  1
 137  16  1
 221  18  1
  71  19  1
 145  19  1
 156  19  1
  87  20  1
 164  20  1
 165  20  1
 173  20  1
  82  21  1
 142  21  1
 184  21  1
  93  22  1
 206  22  1
 211  22  1
 115  23  1
 152  23  1
 153  23  1
 196  23  1
 228  24  1
  59  25  1
  88  26  1
 165  26  1
 184  26  1
 194  26  1
 231  26  1
  72  27  1
 114  27  1
 199  28  1
  95  29  1
 118  29  1
 144  29  1
 169  29  1
 174  29  1
 180  29  1
 237  29  1
  69  30  1
  98  30  1
 160  30  1
 165  30  1
 166  30  1
 106  31  1
 111  31  1
 154  31  1
 155  31  1
 203  32  1
 179  33  1
 180  33  1
 242  33  1
  66  34  1
 147  34  1
 193  34  1
  45  35  1
  46  35  1
  61  35  1
 157  35  1
  59  36  1
 151  36  1
 152  36  1
 180  37  1
 192  37  1
 193  37  1
  54  38  1
 142  38  1
 201  38  1
 202  38  1
 173  40  1
 174  40  1
 187  40  1
 189  40  1
 230  40  1
 231  40  1
  48  41  1
 225  41  1
 140  42  1
 182  42  1
 193  42  1
 195  42  1
 219  42  1
  48  43  1
  49  43  1
 153  43  1
 154  43  1
 186  43  1
 236  43  1
 102  44  1
 182  44  1
 200  44  1
 215  44  1
  42  45  1
  43  45  1
 255  45  1
 102  46  1
  57  47  1
  50  48  1
  59  48  1
 216  48  1
 171  49  1
 236  49  1
 237  49  1
  46  50  1
 142  50  1
 199  50  1
 151  51  1
 157  51  1
 161  51  1
 202  51  1
  52  52  1
  53  52  1
 127  52  1
 128  52  1
 167  52  1
 233  52  1
 234  52  1
 260  52  1
 261  52  1
 125  53  2
 144  53  1
 206  53  1
 128  54  1
 148  54  1
 216  54  1
 253  54  1
  53  55  1
  59  55  1
 262  55  1
 263  55  1
 128  56  1
 202  56  1
 203  56  1
 244  56  1
 126  57  1
 160  57  1
 227  57  1
  61  58  1
 153  58  1
 165  58  1
 166  58  1
 222  58  1
  56  59  1
  57  59  1
 134  59  1
 216  59  1
  23  60  1
 255  60  1
 136  61  1
 137  61  1
 213  61  1
 250  61  1
 207  62  1
 266  64  1
 267  64  1
 153  66  1
 159  66  1
 248  66  1
 147  67  1
 202  67  1
 204  67  1
  17  68  1
 150  68  1
 151  68  1
 268  69  1
 197  70  1
  66  72  1
 190  72  1
 248  72  1
  14  73  1
  72  73  1
 204  73  1
 212  74  1
 213  74  1
  75  76  1
  76  76  1
 196  76  1
 198  76  1
 202  76  1
  12  77  1
 217  78  1
 250  78  1
 251  78  1
 165  79  1
 163  80  1
 199  80  1
  64  81  1
 221  81  1
  62  82  1
 185  82  1
 195  82  1
  16  83  1
  17  83  1
 171  83  1
 192  83  1
  57  84  1
 225  84  1
 176  85  1
 183  85  1
 192  85  1
 158  86  1
  54  87  1
 229  87  1
 247  87  1
  55  89  1
 233  90  1
 239  90  1
 219  91  1
   6  92  1
   7  92  1
  88  92  1
 142  92  1
 148  92  1
 159  92  1
 160  92  1
 166  92  1
 229  92  1
 228  94  1
 242  94  1
 244  94  1
 256  94  1
 257  94  1
 271  94  1
 272  94  1
 167  96  1
 172  96  1
 222  96  1
 247  96  1
 268  96  1
  86  97  1
 163  97  1
 238  97  1
  82  98  1
 134  98  1
 222  98  1
  87  99  1
  92  99  1
 129  99  1
 257  99  1
 123 100  1
 158 100  1
 192 100  1
 222 100  1
 264 100  1
  79 101  1
  85 101  1
  87 101  1
 116 101  1
 127 101  1
   3 102  1
   4 102  1
 132 102  1
 152 102  1
 188 102  1
 253 102  1
 269 102  1
  92 103  1
 101 103  1
 185 103  1
 228 103  1
 234 103  1
 149 104  1
 192 104  1
 193 104  1
 260 104  1
  95 105  1
 118 105  1
 119 105  1
 156 105  1
 164 105  1
 225 105  1
 137 106  1
 144 106  1
 146 106  1
 262 106  1
  79 107  1
  87 107  1
 217 107  1
 122 108  1
 162 108  1
 184 108  1
 229 108  1
 281 108  1
  81 109  1
  90 109  1
 139 109  1
  86 110  1
 181 110  1
 187 110  1
 188 110  2
 259 110  2
 104 111  1
 119 111  1
 120 111  1
 125 111  1
 149 111  1
 150 111  1
 160 111  1
 199 113  1
 261 113  1
 268 113  1
 269 113  1
 270 113  1
 107 114  1
 194 114  1
 229 114  1
 140 115  1
 158 115  1
 181 115  1
 244 115  1
 275 115  1
 144 116  1
   8 118  1
  91 118  1
 123 118  1
 243 118  1
 244 118  1
 183 119  1
 203 119  1
  95 120  1
  96 120  1
 240 120  1
 242 120  1
 273 120  1
 274 120  1
  11 121  1
 107 121  1
 227 121  1
 238 121  1
 207 122  1
  23 123  1
  24 123  1
  46 124  1
  47 124  1
  48 124  1
  92 124  1
 109 124  1
 148 124  1
 187 124  1
   5 125  1
   6 125  1
  28 125  1
  42 125  1
  43 125  1
  68 125  1
  69 125  1
 193 125  1
 209 125  1
  82 126  1
  10 127  1
  23 127  1
  37 127  1
  72 127  1
  75 127  1
  95 127  1
  96 127  1
 144 127  1
 151 127  1
 152 127  1
 202 127  1
 249 127  1
 262 127  1
 188 128  1
 189 128  1
 232 128  1
  46 129  1
  64 129  1
 100 129  1
 111 129  1
 139 129  1
 157 129  1
 268 129  1
 127 130  1
 206 130  1
 232 130  1
 253 130  1
  10 131  1
 228 131  1
 273 131  1
  16 132  1
  96 132  1
 198 132  1
  90 133  1
 157 133  1
 158 133  1
 221 133  1
  85 134  1
 139 134  1
 122 135  1
 202 135  1
 230 135  1
   3 136  1
  29 136  1
 177 136  1
 178 136  1
 182 136  1
 183 136  1
 187 136  1
 237 136  1
   8 137  1
  12 137  1
  78 137  1
  85 138  1
  86 138  1
 178 139  1
  86 140  1
 103 140  1
 104 140  1
 113 140  1
 114 140  1
   1 141  1
  64 141  1
  68 141  1
 168 142  1
   7 143  1
  97 143  1
 127 143  1
 279 143  1
 280 143  1
  21 144  1
 197 144  1
  61 145  1
  63 145  1
 118 145  1
 139 145  1
 140 145  1
 164 145  1
 182 145  1
  87 146  1
  88 146  1
  66 147  1
 159 147  1
 160 147  1
 152 148  1
  59 149  1
 117 149  1
 118 149  1
 170 149  1
 171 149  1
   8 150  1
 143 150  1
 145 150  1
 191 150  1
 224 150  1
   1 151  1
  27 151  1
  28 151  1
 154 151  1
 155 151  1
 162 151  1
 228 151  1
 229 151  1
  95 152  1
 148 152  1
  66 153  1
 104 153  1
 122 153  1
 123 153  1
 125 153  1
 164 153  1
 279 153  1
 280 153  1
  30 154  1
  31 154  1
  69 154  1
 115 154  1
 136 154  2
  97 155  1
 232 155  1
   6 156  1
   7 156  1
  32 156  1
 119 156  1
 154 156  1
 155 156  1
 239 156  1
  36 157  1
 124 157  1
 194 157  1
 217 157  1
 249 157  1
 278 157  1
 279 157  1
  85 158  1
  86 158  1
  95 158  1
 139 158  1
 140 158  1
 155 158  1
 161 158  1
 221 158  1
 259 158  1
  77 159  1
  93 159  1
 157 159  1
  23 160  1
 139 160  1
 140 160  1
  10 161  1
  74 161  1
 101 161  1
 194 161  1
 195 161  1
 230 161  1
  15 162  1
  88 162  1
 221 162  1
 222 162  1
 276 162  1
 277 162  1
 162 163  1
 163 163  1
 115 164  1
 129 164  1
 135 164  1
 257 164  1
 262 164  1
  87 165  1
  88 165  1
 175 165  1
  14 166  1
 168 166  1
 169 166  1
 225 166  1
 226 166  1
  73 167  1
  74 167  1
  85 167  1
 179 167  1
 269 167  1
 274 167  1
 275 167  1
  11 168  1
 155 168  2
 157 168  1
 222 168  1
  34 169  1
  83 169  1
 132 169  1
  27 170  1
  17 171  1
 254 171  1
   4 172  1
   5 172  1
  23 172  1
  38 172  1
 164 172  1
  13 173  1
  36 173  1
  42 173  1
 140 173  1
 252 173  1
 253 173  1
 177 174  1
 202 174  1
  14 175  1
  34 175  1
 134 175  1
 151 176  1
 248 176  1
  44 177  1
 135 177  1
 193 178  1
 270 178  1
  21 179  1
 184 179  1
 185 179  1
  13 180  1
  46 180  1
 168 180  1
 202 180  1
 203 180  1
 138 181  1
 186 181  1
  16 182  1
  18 182  1
 252 182  1
 151 183  1
 152 183  1
 267 183  1
 163 184  1
 202 185  1
 251 185  1
 188 186  1
  10 187  1
 161 187  1
 151 189  1
  37 190  1
 146 190  1
  13 191  1
  90 191  1
 152 192  1
 261 192  1
 140 193  1
 154 193  1
 155 193  1
 134 195  1
 248 195  1
 259 195  1
 156 196  1
  87 197  1
  89 197  1
 123 197  1
 125 197  1
  18 198  1
  85 198  1
  92 200  1
 158 201  1
 214 202  1
 223 202  1
  22 203  1
 157 203  1
 255 203  1
  51 204  1
 156 205  1
 190 205  1
 166 206  1
 160 207  1
 172 207  1
 227 207  1
 215 208  1
 241 208  1
  87 211  1
 166 211  1
 167 211  1
 187 211  1
 230 211  1
 231 211  1
 162 212  1
 152 213  1
 153 213  1
 245 215  1
 135 216  1
 136 216  1
 171 216  1
 172 216  1
 207 216  1
 232 216  1
  82 217  1
 148 217  1
 171 218  1
  75 219  1
 211 219  1
  49 220  1
  53 220  1
 171 220  1
  84 221  1
 154 221  1
 174 221  1
 175 221  1
  78 222  1
  47 223  1
  48 223  1
 188 223  1
 189 223  1
  95 224  1
  97 224  1
  54 226  1
  71 226  1
  97 226  1
 150 226  1
  67 227  1
 146 228  1
 186 228  1
  47 229  1
  57 229  1
 175 230  1
  60 231  1
  62 231  1
 139 231  1
 140 231  1
  99 232  1
 153 234  1
  62 235  1
  63 235  1
  65 235  1
  73 235  1
  57 236  1
  80 236  1
  59 238  1
  69 238  1
 142 239  1
 147 239  1
 148 239  1
 158 239  1
 159 239  1
 192 239  1
 187 240  1
  95 241  1
  67 242  1
  69 242  1
  82 242  1
 148 242  1
 149 242  1
 137 243  1
 215 243  1
 143 244  1
 195 244  1
  78 245  1
 154 245  1
 155 245  1
 157 245  1
 158 245  1
 111 247  1
 112 247  1
 185 247  1
 135 248  1
 199 250  1
 201 250  1
 104 251  1
 132 252  1
 149 252  1
 194 252  1
 186 254  1
 115 255  1


count = 734