 137   1  1
 142   1  1
 145   1  1
 152   1  1
 179   2  1
 118   4  1
 116   5  1
 191   5  1
 112   7  1
 208  13  1
 211  15  1
 212  15  1
 215  17  1
 219  20  1
  76  23  1
  77  23  1
 226  24  1
  73  25  1
  69  28  1
  67  29  1
 235  29  1
  65  32  1
 166  43  1
  99  47  1
 173  47  1
  70  50  1
  78  50  1
 175  50  1
 185  50  1
 171  52  1
  90  53  1
 262  53  1
 264  54  1
  43  55  1
  78  55  1
 161  56  1
 162  56  1
 169  56  1
 190  56  1
  50  57  1
  61  57  1
  75  57  1
 183  57  1
 184  57  1
  67  58  1
 162  58  1
 165  59  1
 166  59  1
 201  59  1
  73  60  1
 169  61  1
 212  62  1
  39  63  1
 183  64  1
 184  64  1
 172  65  1
 194  65  1
 191  66  1
  29  67  1
  30  67  1
 174  67  1
 273  67  1
 185  69  1
 189  69  1
 275  72  1
 276  72  1
  69  75  1
  73  75  1
 162  77  1
 163  77  1
 277  77  1
 278  77  1
 181  78  1
 201  78  1
 198  79  1
 222  79  1
 223  79  1
 184  81  1
 193  81  1
 228  82  1
 279  82  1
 280  82  1
  27  83  1
 191  83  1
 165  84  1
 174  84  1
 155  85  1
 168  85  1
 280  85  1
 281  85  1
  13  86  1
  24  86  1
 174  86  1
 175  86  1
 168  87  1
 235  87  1
 281  88  1
 282  88  1
 236  89  1
 169  90  1
 282  90  1
 171  92  1
 282  92  1
 283  92  1
 171  96  1
   3  97  1
   4  97  1
 163  97  1
  12  99  1
 175 100  1
 163 101  1
   1 102  1
   9 102  1
  10 102  1
 283 103  1
 166 105  1
 283 106  1
  13 108  1
   1 109  1
 173 109  1
 182 109  1
 183 109  1
 162 111  1
 176 111  1
   8 112  1
   9 112  1
 200 112  1
 201 112  1
 206 112  1
 212 112  1
 179 113  1
 180 113  1
 198 113  1
 280 113  1
 281 113  1
  89 115  1
 221 115  1
  96 116  1
  98 116  1
 225 116  1
 181 117  1
 209 117  1
 171 118  1
 186 118  1
 199 118  1
  92 119  1
  93 119  1
 147 119  1
 205 119  1
 206 119  1
 219 119  1
 138 120  1
 200 120  1
 189 121  1
 265 121  1
 272 121  1
 104 122  1
 155 122  1
 160 122  1
 177 122  1
 182 122  1
 197 122  1
 101 123  1
 191 124  1
 192 124  1
 210 124  1
 214 124  1
 277 124  1
 278 124  1
   3 125  1
   4 125  1
 167 125  1
 267 125  1
  93 126  1
 225 126  1
  51 127  1
  55 127  1
 219 127  1
 221 127  1
 267 127  1
 108 128  1
 172 128  1
 180 128  1
  14 129  1
  93 129  1
 267 129  1
 160 130  1
 269 130  1
  11 131  1
  51 131  1
  52 131  1
 187 131  1
 188 131  1
 219 131  1
 226 131  1
 228 131  1
   3 132  1
   4 132  1
 139 132  1
 196 132  1
 197 132  1
 261 132  1
 265 132  1
  17 133  1
  63 133  1
 109 133  1
 110 133  1
 153 133  1
 154 133  1
 165 133  1
 166 133  1
 172 133  1
 177 133  1
 206 133  1
 213 134  1
  70 135  1
  88 135  1
  89 135  1
 143 135  1
 209 135  1
 211 135  1
 224 135  1
  93 136  1
  94 136  1
 161 136  1
 149 137  1
 206 137  1
 169 138  1
 186 138  1
 187 138  1
 194 138  1
  64 139  1
  78 140  1
 156 140  1
 190 140  1
  46 142  1
  91 142  1
  83 143  1
  84 143  1
 161 143  1
 166 143  1
 280 143  1
 281 143  1
  72 144  1
  96 144  1
 186 145  1
 101 146  1
 102 146  1
 182 146  1
  71 147  1
 177 148  1
  71 149  1
 164 149  1
  64 151  1
  66 151  1
 110 152  1
  62 153  1
 169 153  1
  72 154  1
 173 154  1
 174 154  1
  64 158  1
 168 158  1
  69 159  1
 112 159  1
 113 159  1
 145 159  1
 171 160  1
 158 162  1
 159 162  1
 192 162  1
 279 162  1
 280 162  1
 183 163  1
 246 163  1
 113 164  1
 189 164  1
 190 164  1
 196 164  1
 250 164  1
   5 165  1
  59 165  1
 109 165  1
 110 165  1
 157 165  1
 158 165  1
 167 165  1
 181 165  1
 241 165  1
 278 165  1
 279 165  1
 196 167  1
 155 168  1
 277 168  1
 278 168  1
  14 169  1
 238 169  1
 239 169  1
 197 170  1
 187 171  1
 233 171  1
 237 171  1
 179 172  1
 180 172  1
 194 172  1
   7 173  1
   8 173  1
  16 174  1
 211 176  1
 177 177  1
 226 177  1
 274 177  1
 275 177  1
 175 178  1
 220 178  1
 186 179  1
 232 179  1
 237 180  1
  18 181  1
 228 183  1
 229 183  1
 176 184  1
  20 185  1
 137 186  1
 174 186  1
 223 186  1
  11 187  1
 270 187  1
 271 187  1
  74 188  1
 140 189  1
  14 190  1
  15 190  1
 145 190  1
 185 190  1
 186 190  1
 192 190  1
 171 191  1
 175 192  1
 190 192  1
 268 192  1
  61 193  1
 209 193  1
  79 194  1
 148 194  1
 165 194  1
  24 195  1
  25 195  1
 176 195  1
 182 195  1
 202 195  1
 163 196  1
 266 196  1
 155 197  1
 157 197  1
 182 197  1
 197 197  1
  64 198  1
 160 198  1
 171 198  1
 191 198  1
  78 199  1
  79 199  1
 155 199  1
 185 199  1
 264 199  1
  67 200  1
  68 200  1
 152 201  1
 170 201  1
 148 202  1
 149 202  1
 162 202  1
  74 203  1
  75 203  1
 262 203  1
 130 204  1
 144 204  1
  87 205  1
 116 206  1
 127 206  1
 137 206  1
 162 206  1
  78 207  1
 146 207  1
  90 208  1
 101 208  1
 121 208  1
  30 209  1
  31 209  1
  93 209  1
  94 209  1
 130 209  1
 150 209  1
 157 209  1
 161 209  1
 258 209  1
  81 210  1
  54 211  1
 110 211  1
  33 212  1
  34 212  1
  52 212  1
  81 212  1
 114 212  1
 119 212  1
 164 212  1
 165 212  1
 143 214  1
 108 215  1
 109 215  1
  68 217  1
  77 217  1
  82 217  1
 136 217  1
  94 219  1
 251 219  1
 134 220  1
  84 222  1
  71 223  1
  86 224  1
  87 224  1
  89 225  1
  94 226  1
  95 226  1
 244 226  1
  78 229  1
 109 229  1
  80 231  1
  93 231  1
  94 231  1
 227 231  1
  99 232  1
 174 233  1
 171 234  1
 225 234  1
  92 236  1
 103 236  1
 179 236  1
 180 236  1
 224 236  1
 108 237  1
 185 237  1
  97 238  1
 229 238  1
 113 239  1
 171 239  1
 119 240  1
 182 241  1
 110 243  1
 124 244  1
 136 244  1
 175 244  1
 219 244  1
 115 245  1
 213 246  1
 215 246  1
 210 247  1
 180 248  1
 121 249  1
 171 249  1
 171 251  1
 194 251  1
 138 254  1


count = 464