 154   1  1
 158   1  1
 161   1  1
 190   1  1
 144   2  1
 137   3  1
 198   3  1
 201   4  1
 175   7  1
 171   8  1
 118   9  1
 191   9  1
 192   9  1
 140  10  1
 221  11  1
 222  11  1
 133  12  1
 165  12  1
 201  12  1
 202  12  1
 109  13  1
 110  13  1
 141  13  1
 141  15  1
 204  15  1
 205  15  1
 213  15  1
 214  15  1
 215  15  1
 150  16  1
 145  17  1
 211  17  1
 226  17  1
 101  18  1
 128  20  1
 207  20  1
 135  22  1
 152  22  1
 182  23  1
 183  23  1
 100  24  1
 101  24  1
 215  24  1
 222  24  1
  84  26  1
 101  26  1
 103  26  1
 123  26  1
 130  26  1
 135  26  1
 219  26  1
 220  26  1
  95  27  1
 126  27  1
 157  28  1
 137  29  1
 144  30  1
 161  30  1
  54  31  1
  55  31  1
 154  31  1
 113  32  1
 120  32  1
 154  33  1
  97  34  1
  67  35  1
  71  35  1
 123  35  1
 141  35  1
 161  35  1
 234  35  1
 100  37  1
 117  37  1
 165  38  1
 149  39  1
  40  40  1
 133  40  1
 134  40  1
 152  40  1
 153  40  1
 154  40  1
  67  41  1
  68  41  1
 106  41  1
 121  42  1
 167  42  1
 203  42  1
  34  43  1
  35  43  1
  55  43  1
 131  44  1
 139  44  1
 170  44  1
 254  44  1
 255  44  1
  75  45  1
 157  45  1
  31  46  1
 163  46  1
 206  46  1
 211  46  1
  55  47  1
 230  47  1
 113  48  1
 116  48  1
 211  48  1
 213  48  1
 233  48  1
  27  49  1
 125  49  1
  68  50  1
 129  50  1
 131  51  1
 225  51  1
  68  52  1
  75  52  1
  87  52  1
 219  52  1
  61  53  1
 101  53  1
 262  53  1
 106  54  1
 135  54  1
 144  54  1
 155  54  1
  61  55  1
  85  55  1
  20  56  1
 242  56  1
 243  56  1
 174  57  1
 176  57  1
 137  58  1
 143  58  1
 157  58  1
 253  58  1
 254  58  1
 255  58  1
  85  59  1
  90  59  1
  96  59  1
 185  59  1
 192  59  1
 221  59  1
 161  60  1
 163  60  1
 203  60  1
 231  60  2
 167  61  1
 234  61  1
  47  62  1
  72  62  1
 103  62  1
 182  62  1
 197  62  1
 203  62  1
 245  62  1
 246  62  1
 253  62  1
  59  63  1
 260  63  1
  72  64  1
  88  64  1
 179  64  1
 180  64  1
 203  64  1
 256  64  1
  13  65  1
  92  65  1
  34  66  1
  41  66  1
 106  66  1
 194  66  1
  38  67  1
  66  67  1
  67  67  1
 190  67  1
  59  68  1
 229  69  1
  92  70  1
 183  70  1
 187  70  1
 196  70  1
  65  71  1
 120  71  1
 126  71  1
 132  71  1
 113  72  1
 118  72  1
 144  72  1
 133  73  1
  84  74  1
 147  74  1
  77  75  1
  79  75  1
  80  75  1
  89  75  1
  95  75  1
 104  75  1
 105  75  1
 272  75  1
 273  75  1
 147  76  1
  65  78  1
 253  78  1
 254  78  1
 137  79  1
 273  79  1
 274  79  1
   6  80  1
   7  80  1
  23  80  1
  25  80  1
 143  80  1
  40  81  1
  41  81  1
  34  82  1
 274  82  1
 275  82  1
  26  83  1
 110  84  1
 186  84  1
   4  85  1
   5  85  1
  88  85  1
 225  85  1
 180  86  1
 181  86  1
 113  87  1
   3  88  1
   4  88  1
 135  88  1
 136  88  1
 180  88  1
 276  88  1
 277  88  1
 227  89  1
 228  89  1
  82  90  1
 179  90  1
 180  90  1
 132  91  1
 133  91  1
  74  92  1
 214  92  1
 146  93  1
 243  93  1
 244  93  1
 248  93  1
 216  94  1
 227  94  1
 228  94  1
 224  95  1
 253  96  1
 254  96  1
 272  96  1
 141  97  1
 124  98  1
 271  98  1
  53  99  1
 119  99  1
  40 100  1
  93 100  1
  94 100  1
  49 101  1
 119 101  1
 146 101  1
 186 101  1
 219 101  1
 220 101  1
 266 101  1
  37 102  1
 141 102  1
 225 102  1
 270 102  1
 279 102  1
 280 102  1
 126 103  1
 198 103  1
 222 103  1
  93 104  1
 100 104  1
 139 104  1
 200 104  1
 262 104  1
 271 104  1
  58 105  1
  75 105  1
  76 105  1
 133 105  1
 134 105  1
 191 105  1
 202 105  1
  52 106  1
 116 106  1
 216 106  1
 217 106  1
 230 107  1
 231 107  1
   1 108  1
 104 108  1
 130 108  1
 178 108  1
 180 108  1
 187 108  1
 277 108  1
  54 109  1
 107 109  1
 108 109  1
 110 109  1
 126 109  1
 175 109  1
 190 109  1
 201 109  1
 213 109  1
 148 110  1
 208 110  1
 119 111  1
 201 111  1
 233 111  1
  53 112  1
  54 112  1
 121 112  1
 151 112  1
 152 112  1
 173 112  1
 197 112  1
 264 112  1
 265 112  1
 109 113  1
 113 113  1
 123 113  1
 187 113  1
  82 114  1
 167 115  1
 169 115  1
 223 115  1
 235 115  1
 236 115  1
  65 116  1
   1 117  1
  50 117  1
  88 117  1
 125 117  1
 126 117  1
 173 117  1
 192 117  1
 202 117  1
  29 118  1
  45 118  1
 103 118  1
 186 118  1
 207 118  1
 211 118  1
 212 118  1
 229 118  1
 264 118  1
 269 118  1
  25 119  1
  68 119  1
 182 119  1
  28 120  1
  84 120  1
  85 120  1
 163 120  1
 164 120  1
   3 121  1
 217 121  1
 233 121  1
 174 122  1
 202 122  1
 203 122  1
 224 122  1
  17 123  1
  18 123  1
 115 123  1
 162 123  1
 198 123  1
 199 123  1
 240 123  1
 255 123  1
 264 123  1
  39 124  1
  50 124  1
 213 124  1
  12 125  1
  13 125  1
  35 125  1
 107 125  1
 165 125  1
 166 125  1
 176 125  1
 259 125  1
  25 126  1
  43 126  1
  48 126  1
  49 126  1
  92 126  1
  97 126  1
 151 126  1
 200 126  1
 201 126  1
 215 126  1
 246 126  1
 126 127  1
 143 127  1
 149 127  1
 173 127  1
 234 127  1
 235 127  1
 268 127  1
 227 128  1
 228 128  1
 210 129  1
 240 129  1
 262 129  1
  13 130  1
  49 130  1
  51 130  1
 129 130  1
 227 130  1
 254 130  1
  36 131  1
 216 131  1
 258 131  1
  23 132  1
  24 132  1
  48 132  1
  66 132  1
  80 132  1
  89 132  1
 221 132  1
 227 132  1
 253 132  1
  17 133  1
  39 133  1
  40 133  1
 107 133  1
 127 133  1
 152 133  1
 166 133  1
 178 133  1
 243 133  1
 245 133  1
   7 134  1
  22 134  1
  74 134  1
  76 134  1
 112 134  1
 162 134  1
 224 134  1
 225 134  1
  35 135  1
  42 135  1
  44 135  1
  46 135  1
 172 135  1
 176 135  1
 185 135  1
 186 135  1
 200 135  1
 249 136  1
 203 137  1
 204 137  1
 228 138  1
  41 139  1
 168 139  1
 169 139  1
  33 140  1
  45 140  1
  46 140  1
 183 140  1
 184 140  1
 205 140  1
  11 141  1
  21 141  1
 196 141  1
 197 141  1
 201 141  1
 202 141  1
 220 141  1
  63 142  1
  82 142  1
  87 142  1
 205 142  1
 211 142  1
 229 142  1
  17 143  1
  18 143  1
  27 143  1
 173 143  1
 174 143  1
 208 144  1
   1 145  1
 182 145  1
 199 145  1
 203 145  1
  41 146  1
  43 146  1
   7 147  1
  48 147  1
  49 147  1
 171 147  1
 175 148  1
 181 148  1
 198 148  1
   9 149  1
  79 149  1
  86 149  1
  87 149  1
 196 149  1
 242 149  1
  45 150  1
 225 150  1
 235 150  1
  89 151  1
 103 151  1
 108 151  1
 193 151  1
  98 152  1
  34 153  1
  35 153  1
  41 153  1
  42 153  1
  43 153  1
  71 154  1
 225 154  1
 226 154  1
 232 154  1
   1 156  1
 259 156  1
 260 156  1
  68 157  1
 149 157  1
 182 157  1
  17 158  1
 244 158  1
 274 158  1
  74 159  1
  75 159  1
   1 160  1
   2 160  1
  16 160  1
  17 160  1
 175 160  1
 176 160  1
 180 160  1
 229 160  1
 230 160  1
 263 160  1
  73 161  1
 275 162  1
 152 163  1
  76 164  1
 129 164  1
  13 165  1
  14 165  1
  80 165  1
 174 165  1
 175 165  1
 272 165  1
  84 166  1
  16 167  1
 132 167  1
 280 167  1
 281 167  1
   3 168  1
   4 168  1
 175 168  1
 179 168  1
 242 168  1
 238 169  1
 261 169  1
 243 170  1
  29 171  1
  34 171  1
 133 171  1
 160 171  1
 161 171  1
 172 171  1
 219 173  1
  16 174  1
 182 174  1
 251 174  1
  24 175  1
  91 175  1
  92 175  1
 138 175  1
 240 175  1
 241 175  1
 184 176  1
 170 177  1
 176 177  1
 213 177  1
 166 178  1
  95 179  1
 263 179  1
 266 179  1
 276 179  1
 277 179  1
   7 180  1
   8 180  1
  35 181  1
 142 181  1
 255 181  1
  39 182  1
 104 182  1
 170 182  1
 171 182  1
 236 182  1
 237 182  1
 242 182  1
 211 183  1
 226 183  1
 232 183  1
 250 183  1
  77 184  1
 106 184  1
 184 184  1
 186 184  1
 189 184  1
 191 184  1
 195 184  1
 179 185  1
 197 185  1
 226 185  1
 191 186  1
 248 186  1
 265 186  1
  94 187  1
 208 187  1
 225 187  1
 138 188  1
 191 188  1
 204 188  1
 230 188  1
 231 188  1
 255 188  1
 134 189  1
 145 189  1
 242 189  1
  88 190  1
 218 190  1
 223 190  1
  93 191  1
 197 191  1
  14 194  1
 174 194  1
  95 195  1
 179 195  1
 241 195  1
 242 195  1
 269 195  1
  97 196  1
 186 196  1
 237 196  1
 194 197  1
 230 197  1
 232 197  1
 253 197  1
 247 198  1
 267 198  1
  92 200  1
  93 200  1
  97 200  1
 156 200  1
 266 200  1
  20 201  1
 216 202  1
 223 203  1
 237 203  1
 159 204  1
 213 204  1
  94 205  1
  95 205  1
 149 206  1
 150 206  1
 120 207  1
 124 208  1
 155 208  1
 227 208  1
 236 208  1
 101 209  1
 102 209  1
 106 209  1
 118 210  1
 133 210  1
 148 210  1
 228 210  1
 113 211  1
 139 211  1
 140 211  1
 151 212  1
 209 212  1
 211 212  1
 221 212  1
 231 212  1
  94 214  1
 119 214  1
 209 214  1
 115 215  1
  35 216  1
  36 216  1
 208 216  1
 152 217  1
 224 217  1
 247 217  1
 107 218  1
 156 218  1
 162 218  1
 163 218  1
 203 218  1
 204 218  1
 218 218  1
 219 218  1
  41 219  1
 110 219  1
 211 219  1
 212 219  1
  87 220  1
 160 220  1
 204 220  1
 245 220  1
 213 221  1
 178 222  1
 204 222  1
 173 223  1
 243 224  1
  92 225  1
  93 225  1
 118 225  1
 160 225  1
 161 225  1
 103 226  1
 182 226  1
  50 227  1
  89 227  1
 186 228  1
 210 228  1
 211 228  1
  59 229  1
 108 229  1
 110 229  1
 174 229  1
 104 230  1
 211 230  1
  72 231  1
  92 231  1
  93 231  1
 189 231  1
  75 232  1
  78 233  1
  93 233  1
 107 233  1
 113 233  1
 117 233  1
 118 233  1
  80 234  1
 187 234  1
 198 234  1
 168 235  1
 173 235  1
 175 235  1
 211 237  1
  86 238  1
  87 238  1
 100 238  1
 111 239  1
 228 239  1
 196 240  1
 108 241  1
 178 242  1
 224 242  1
  95 243  1
 115 243  1
 136 243  1
 140 243  1
 168 243  1
 185 243  1
 101 244  1
 190 244  1
 104 245  1
 220 245  1
 164 246  1
 109 247  1
 136 247  1
 174 247  1
 175 247  1
 176 247  1
 172 248  1
 214 248  1
 117 249  1
 145 249  1
 146 249  1
 167 250  1
 209 250  1
 206 251  1
 127 252  1
 135 254  1
 138 255  1
 142 256  1
 185 256  1


count = 802