 142   1  1
 165   1  1
 173   1  1
 125   4  1
 183   4  1
 121   5  1
 157   6  1
 111   9  1
 108  10  1
 103  12  1
 100  13  1
 140  14  1
 142  18  1
 216  19  1
  94  22  1
 222  22  1
  73  23  1
  86  23  1
 149  23  1
  61  24  1
 226  25  1
  57  26  1
  58  26  1
  92  26  1
 214  27  1
  54  28  1
  91  28  1
 219  28  1
  84  29  1
  85  29  1
 231  29  1
 150  31  1
 159  31  1
 116  32  1
 218  32  1
 213  33  1
  88  34  1
  89  34  1
  42  35  1
  43  35  1
 122  35  1
 123  35  1
 155  36  1
 156  36  1
  87  38  1
  88  38  1
 162  38  1
 163  38  1
 157  41  1
  70  42  1
 245  42  1
  33  43  1
  82  43  1
 115  45  1
  87  46  1
 127  46  1
 128  46  1
  83  47  1
  96  47  1
  69  48  1
  94  48  1
 128  49  1
 118  50  1
 132  50  1
  25  51  1
 144  51  1
 107  52  1
 252  52  1
 253  52  1
 103  53  1
 104  55  1
 112  55  1
 146  55  1
  22  56  1
 107  57  1
 149  57  1
  63  58  1
  20  59  1
  71  59  1
  65  60  1
  73  60  1
  80  60  1
 151  60  1
 143  61  1
 100  62  1
  67  63  1
  68  63  1
  74  64  1
  82  65  1
  65  68  2
  67  68  1
 179  68  1
 195  69  1
  77  70  1
  78  70  1
  11  71  1
  72  71  1
  74  71  1
 172  73  1
 266  74  1
   9  75  1
 194  75  1
 195  75  1
 171  77  1
   7  78  1
  76  78  1
 168  78  1
  67  80  1
  81  80  1
 177  81  1
  62  82  1
  63  82  1
  69  83  1
 185  83  1
   4  84  1
   5  84  1
  73  84  1
 167  84  1
 168  84  1
  10  85  1
 179  86  1
 183  86  1
  15  88  1
  31  88  1
  32  88  1
  19  89  1
  15  90  1
 181  90  1
  10  92  1
  68  92  1
  69  92  1
  81  92  1
  31  93  1
 189  93  1
 190  93  1
 188  96  1
 182  98  1
 277  98  1
 278  98  1
 175  99  1
 177  99  1
 248 101  1
   1 102  1
   2 102  1
 242 102  1
 252 102  1
  83 104  1
 271 104  1
 273 104  1
 175 106  1
 169 107  1
   1 108  1
 203 108  1
 207 108  1
 239 108  1
  68 109  1
  69 109  1
  83 109  1
 231 109  1
 199 111  1
 235 111  1
 103 112  1
 115 112  1
 170 112  1
 209 112  1
  88 113  1
  89 113  1
 163 113  1
 181 113  1
 256 113  1
 161 114  1
 117 116  1
 227 116  1
   1 117  1
 159 117  1
 160 117  1
 174 117  1
 175 117  1
 272 117  1
   1 119  1
 121 119  1
  22 120  1
 155 120  1
 187 120  1
 188 120  1
 191 121  1
 261 121  1
 150 122  1
   9 123  1
  18 123  1
 269 123  1
  16 124  1
  85 124  1
 124 124  1
 145 124  1
  22 125  1
  24 125  1
 115 125  1
 142 125  1
 199 125  1
  26 126  1
  52 126  1
 204 126  1
 255 126  1
 266 126  1
 272 126  1
 177 127  1
 249 127  1
  30 128  1
 164 128  1
 165 128  1
 173 128  1
 220 128  1
  47 129  1
 115 129  1
 192 129  1
 213 129  1
  75 130  1
 194 130  1
 226 130  1
  20 131  1
  26 131  1
  81 131  1
  82 131  1
  98 131  1
  50 132  1
  55 132  1
  56 132  1
  67 132  1
  68 132  1
  90 132  1
 102 132  1
 112 132  1
 207 132  1
  14 133  1
  15 133  1
 161 133  1
 218 133  1
  50 134  1
 193 134  1
 194 134  1
  68 135  1
 117 135  1
 129 135  1
 206 135  1
 227 135  1
 271 135  1
  82 136  1
 190 136  1
 213 136  1
  27 137  1
 116 137  1
 117 137  1
  29 138  1
  31 138  1
  55 138  1
  18 139  1
  19 139  1
  96 139  1
 159 139  1
 253 139  1
 257 139  1
  10 140  1
  21 140  1
 210 140  1
   6 141  1
 194 141  1
  21 142  1
 123 142  1
 124 142  1
 259 142  1
  93 143  1
  94 143  1
 158 143  1
 280 143  1
 281 143  1
 259 144  1
 260 144  1
  22 145  1
 119 145  1
 184 146  1
  37 147  1
 165 147  1
  32 148  1
  41 148  1
  97 148  1
 180 148  1
 192 148  1
 170 149  1
 247 149  1
   3 150  1
   4 150  1
  75 150  1
 176 150  1
 177 150  1
  35 151  1
  36 151  1
  89 151  1
  90 151  1
 170 151  1
 189 153  1
  70 154  1
  74 154  1
 257 154  1
  85 155  1
 184 155  1
 249 155  1
  39 156  1
  43 156  1
  83 156  1
  67 157  1
   3 158  1
   4 158  1
  82 158  1
 181 158  1
  48 161  1
 282 162  1
 283 162  1
  40 163  1
 232 163  1
  77 166  1
  79 166  1
 228 166  1
 228 168  1
 281 168  1
 282 168  1
   9 169  1
  10 169  1
  39 169  1
 132 170  1
 219 170  1
 220 170  1
 224 170  1
  49 171  1
  36 172  1
 280 172  1
 281 172  1
 173 173  1
  46 174  1
 136 175  1
 130 176  1
  37 177  1
 171 177  1
 177 178  1
 178 178  1
 223 178  1
 142 179  1
 278 179  1
 279 179  1
 170 181  1
 171 181  1
 195 181  1
 201 181  1
 221 182  1
 178 183  1
 226 183  1
  13 185  1
 168 185  1
 180 185  1
 228 185  1
 187 186  1
 276 186  1
 277 186  1
 157 187  1
 193 187  1
 188 188  1
  18 189  1
  56 190  1
  60 193  1
 150 193  1
  54 194  1
 180 194  1
  64 195  1
 182 197  1
 183 197  1
 196 197  1
 204 197  1
 272 197  1
  65 199  1
  79 199  1
  80 199  1
  53 200  1
  54 200  1
 151 201  1
 152 201  1
 153 201  1
 183 201  1
 185 201  1
  75 202  1
  76 202  1
 101 202  1
  54 203  1
  55 203  1
 105 203  1
  84 205  1
  61 206  1
  62 206  1
  71 206  1
 116 207  1
 266 207  1
  56 208  1
  86 208  1
  97 208  1
  98 208  1
  63 209  1
  95 209  1
 105 209  1
 114 209  1
 126 209  1
 137 209  1
 141 209  1
 142 209  1
  29 210  1
  30 210  1
  66 210  1
  73 210  1
 121 210  1
 134 210  1
 263 211  1
 264 211  1
  66 212  1
  96 213  1
 105 213  1
 142 215  1
 121 216  1
  71 217  1
 110 217  1
 111 217  1
 140 217  1
 114 218  1
 130 218  1
 258 218  1
 106 219  1
  70 221  1
  71 221  1
  97 222  1
 107 222  1
  41 224  1
  81 227  1
  79 229  1
 246 229  1
  65 230  1
 242 231  1
  84 232  1
 239 233  1
  91 236  1
  85 239  1
 228 241  1
  95 242  1
 226 243  1
 114 246  1
 216 248  1
 123 249  1
 131 252  1
 146 255  1
 149 256  1
 176 256  1


count = 457