 148   1  1
 153   1  1
 170   1  1
 145   2  1
 178   2  1
 142   3  1
 181   3  1
 184   4  1
 187   5  1
 132   7  1
 163   7  1
 164   7  1
 192   7  1
 195   8  1
 125   9  1
 176   9  1
 118  11  1
 207  11  1
 186  12  1
 111  13  1
 180  13  2
 186  14  1
 105  15  1
 127  17  1
 128  17  1
 188  17  1
 193  17  1
 226  21  1
  92  22  1
 195  22  1
 212  22  1
 199  23  1
 200  23  1
  99  25  1
  84  26  1
  95  26  1
 132  27  1
 133  27  1
 190  27  1
 233  27  1
 101  28  1
 153  28  1
 154  28  1
 168  28  1
 214  28  1
 224  28  1
  81  29  1
 141  29  1
 161  29  1
 237  29  1
 186  30  1
  96  31  1
 171  31  1
  54  32  1
  55  32  1
 151  33  1
 164  33  1
  51  34  1
 102  34  1
 107  34  1
 109  34  1
 131  34  1
 243  34  1
  98  35  1
  99  35  1
 111  35  1
 112  35  1
 173  35  1
 223  37  1
 168  38  1
 169  38  1
 249  38  1
  43  39  1
 107  39  1
 119  39  1
 130  39  1
 131  39  1
 113  40  1
 224  41  1
 225  41  1
 254  42  1
  35  43  1
 131  44  1
 235  44  1
 113  45  1
 114  45  1
 127  45  1
 139  45  1
 140  45  1
 105  46  1
 109  46  1
 134  46  1
 151  46  1
 240  46  1
 101  47  1
 103  47  1
 141  47  1
 119  48  1
 262  48  1
  47  49  1
 127  49  1
 141  49  1
 241  49  1
 145  50  1
 225  50  1
 106  52  1
 113  52  1
 145  52  1
 230  52  1
 231  52  1
 235  52  1
  31  54  1
  34  54  1
  38  55  1
  46  55  1
  47  55  1
 143  55  1
 243  55  1
 244  55  1
 148  56  1
 149  56  1
 213  56  1
 118  57  3
 119  57  1
 120  57  1
 272  57  1
 214  58  1
  35  59  1
 144  59  1
 261  59  1
 129  60  1
 139  60  1
  17  62  1
  61  62  1
  62  62  1
 211  62  1
 244  63  1
 147  64  1
 212  64  1
 138  65  1
 249  65  1
 140  66  1
 142  66  1
 150  66  1
 172  66  1
 254  66  1
 255  66  1
  29  67  1
 123  67  1
 269  67  1
  34  68  1
 187  68  1
 213  68  1
  51  69  1
  52  69  1
 149  69  1
 217  69  1
 219  69  1
 221  69  1
 231  69  1
 264  69  1
  37  70  1
 168  70  1
 209  70  1
 211  70  1
 225  70  1
 255  70  1
  41  71  1
  42  71  1
 183  71  1
 230  71  1
  31  72  1
 144  72  1
 215  72  1
 241  72  1
 116  73  1
 120  73  1
 234  73  1
 238  73  1
 272  73  1
 111  74  1
 146  74  1
 175  74  1
 176  74  1
 109  75  1
 194  75  1
 207  75  1
 123  76  1
 165  76  1
 232  76  1
  31  77  1
  95  77  1
 176  77  1
 182  77  1
 209  77  1
 213  77  1
  33  78  1
  99  78  1
 185  78  1
 189  78  1
 144  79  1
 189  80  1
 201  80  1
  86  81  1
  87  81  1
  99  82  1
 180  82  1
 181  82  1
 191  82  1
 282  82  1
 283  82  1
  84  83  1
  85  83  1
  86  83  1
  95  83  1
 203  83  1
 174  85  1
  91  86  1
 164  86  1
   6  89  1
   7  89  1
 207  89  1
 259  89  1
  89  90  1
 167  90  1
 233  90  1
  87  91  1
 172  91  1
 173  91  1
 209  91  1
  70  92  1
 166  92  1
  66  93  1
  78  93  1
 258  93  1
  74  94  1
   4  95  1
   5  95  1
  65  95  1
 187  95  1
 216  95  1
 253  95  1
  81  96  1
 165  96  1
 167  96  1
 234  96  1
 238  96  1
 248  96  1
 282  97  1
 283  97  1
  67  98  1
 170  98  1
 209  98  1
 215  98  1
  73  99  1
  74  99  1
 163  99  1
  83 100  1
 240 100  1
 262 100  1
 176 101  1
 182 101  1
 224 101  1
 225 101  1
 232 101  1
 248 101  1
 261 102  1
 280 102  1
  83 103  1
  84 103  1
 171 104  1
 271 104  1
 180 105  1
 234 105  1
 239 105  1
  69 106  1
 211 106  1
 216 106  1
 277 107  1
  80 108  1
 260 108  1
  72 109  1
 187 109  1
 188 109  1
 254 109  1
  77 110  2
 275 110  1
   1 111  1
   2 111  1
  71 111  1
  72 111  1
  86 112  1
 137 112  1
 210 112  1
 235 112  1
 236 112  1
  90 113  1
 149 113  1
 205 113  1
 259 113  1
  54 114  1
  55 114  1
  63 114  1
  74 114  1
  93 115  1
 142 115  1
 149 115  1
 226 115  1
  49 116  1
 175 116  1
 177 116  1
 179 116  1
 191 116  1
 192 116  1
 203 116  1
 214 116  1
 216 116  1
 221 116  1
 222 116  1
 262 116  1
  45 117  1
  68 117  1
  96 117  1
 148 117  1
 154 117  1
 166 117  1
 167 117  1
 208 117  1
 218 117  1
 226 117  1
 228 117  1
 235 117  1
 236 117  1
 266 117  1
 267 117  1
 140 118  1
 141 118  1
 152 118  1
 173 119  1
  33 120  1
  64 120  1
  65 120  1
 126 120  1
 147 120  1
 200 120  1
 223 120  1
  28 121  1
 213 121  1
 251 121  1
  18 122  1
  30 122  1
  46 122  1
  70 122  1
  73 122  1
  74 122  1
  95 122  1
  96 122  1
 133 122  1
 164 122  1
 216 122  1
 249 122  1
  16 123  1
  21 123  1
  40 123  1
 114 123  1
 123 123  1
 245 123  1
  12 124  1
 183 124  1
 184 124  1
 208 124  1
 209 124  1
 210 124  1
  48 125  1
  49 125  1
 119 125  1
 161 125  1
 203 125  1
 204 125  1
 243 125  1
 245 125  1
  60 126  1
  67 126  1
  80 126  1
 106 126  1
 194 126  1
 199 126  1
 251 126  1
 252 126  1
  28 127  1
  86 127  1
  87 127  1
 137 127  1
 140 127  1
 159 127  1
 161 127  1
 239 127  1
 265 127  1
 266 127  1
   9 128  1
  32 128  1
  44 128  1
 128 128  1
 134 128  1
 165 128  1
 169 128  1
 185 128  1
 186 128  1
 192 128  1
 218 128  1
 219 128  1
 220 128  1
 227 128  1
 228 128  1
 231 128  1
 262 128  1
 263 128  1
  15 129  1
   8 130  1
  23 130  1
  32 130  1
  38 130  1
  53 130  1
  54 130  1
  66 130  1
  62 131  1
 129 131  1
 247 131  1
   7 132  1
   8 132  1
 141 132  1
 155 132  1
 168 132  1
 206 132  1
 207 132  1
  77 133  1
 102 133  1
 193 133  1
 263 133  1
 266 133  1
  98 134  1
 208 134  1
 225 134  1
 202 135  1
 203 135  1
 218 135  1
 244 135  1
 248 135  1
 111 136  1
 170 136  1
 171 136  1
 198 136  1
 275 136  1
   4 137  1
  47 137  1
  64 137  1
  94 137  1
  95 137  1
 252 137  1
  26 138  1
 234 138  1
 235 138  1
  64 139  1
  76 139  1
 105 139  1
 174 139  1
  44 140  1
  46 140  1
  96 140  1
 207 140  1
 212 140  1
 201 141  1
 249 141  1
 251 141  1
 255 141  1
  55 142  1
  63 142  1
 247 142  1
 259 142  1
 198 143  1
 221 143  1
 278 143  1
 279 143  1
   1 144  1
  60 144  1
 153 144  1
 178 144  1
 184 144  1
 269 144  1
 270 144  1
 271 144  1
 145 145  1
 221 145  1
 234 145  1
 235 145  1
 111 146  1
 112 146  1
 176 146  1
 205 146  1
 225 146  1
 259 146  1
 261 146  1
 142 147  1
 143 147  1
 213 147  1
 214 147  1
 215 147  1
 263 147  1
 264 147  1
  84 148  1
 210 148  1
 224 148  1
 140 149  1
 141 149  1
 142 149  1
  65 150  1
  51 151  1
  59 151  1
 116 151  1
 245 151  1
 257 151  1
 258 151  1
  67 152  1
 173 152  1
 185 152  1
 119 153  1
 179 153  1
 181 153  1
 245 153  2
 252 153  1
 267 153  1
  47 154  1
  82 154  1
  83 154  1
 126 154  1
 258 154  1
 138 155  1
 175 156  1
 261 156  1
   1 157  1
  76 157  1
  77 157  1
  78 157  1
  43 158  1
  81 158  1
  82 158  1
 268 158  1
 269 158  1
 178 159  1
 239 159  1
 254 159  1
  33 160  1
 259 160  1
  74 162  1
  79 163  1
 170 164  1
 238 164  1
  24 165  1
 168 166  1
 233 166  1
 260 166  1
  77 167  1
  81 167  1
 279 167  1
 280 167  1
  38 168  1
  39 168  1
  40 168  1
  94 168  1
 177 168  1
 252 168  1
 253 168  1
  76 169  1
 198 169  1
   3 170  1
   4 170  1
 173 170  1
 174 170  1
 175 170  1
 259 170  1
 263 170  1
  94 171  1
 255 171  1
 209 172  1
 247 172  1
 248 172  1
 277 172  1
 278 172  1
  10 173  1
  12 173  1
 166 173  1
 195 173  1
 202 173  1
  92 174  1
 231 174  1
 141 175  1
 142 175  1
 168 175  1
 173 175  1
 184 175  1
 130 176  1
 178 177  1
 182 177  1
 187 177  1
  11 178  1
  12 178  1
 149 178  1
 174 178  1
 193 178  1
 206 179  1
 116 180  1
 135 181  1
 136 181  1
 187 181  1
 254 181  1
  35 182  1
  71 182  1
 101 182  1
 126 182  1
 131 182  1
 207 182  1
 153 183  1
 103 184  1
 104 184  1
 131 184  1
  24 185  1
  28 186  1
  67 186  1
 116 186  1
 117 186  1
 132 186  1
  33 187  1
 113 187  1
  34 189  1
  47 190  1
  48 190  1
  54 190  1
  59 190  1
  66 190  1
  67 190  1
 145 190  1
 151 190  1
 212 190  1
 257 190  1
  39 191  1
  40 191  1
 114 191  1
 174 191  2
 254 191  1
  54 192  1
 135 192  1
 191 192  1
 192 192  1
  12 193  1
  13 193  1
  43 193  1
 116 193  1
 172 193  1
 180 193  1
 208 193  1
 209 193  1
 219 193  1
 229 193  1
 230 193  1
 231 193  1
  65 194  1
 125 194  1
 235 194  1
 172 195  1
 238 195  1
 239 195  1
 245 195  1
 150 196  1
  63 197  1
 159 197  1
 172 197  1
 253 197  1
 257 197  1
  35 198  1
 115 198  1
 184 198  1
 211 198  1
 212 198  1
 248 198  1
  16 199  1
 153 199  1
 189 199  1
 265 199  1
  35 200  1
  46 200  1
  53 200  1
  54 200  1
 126 200  1
 211 200  1
 118 201  1
 130 201  1
 133 201  1
 135 201  1
 200 201  1
  90 202  1
 161 202  1
 192 202  1
 193 202  1
 216 202  1
  37 203  1
  51 203  1
  81 203  1
  83 203  1
  46 204  1
  48 204  1
  62 204  1
 184 204  1
 185 204  1
 157 205  1
 258 205  1
  23 206  1
  67 206  1
  72 206  1
  85 206  1
  90 206  1
 170 207  1
 177 207  1
 209 207  1
  67 208  1
  27 209  1
  41 209  1
  42 209  1
 140 209  1
 146 209  1
 147 209  1
 198 209  1
 121 210  1
 156 210  1
 183 210  1
 190 210  1
 249 210  1
 250 210  1
 152 211  6
 195 211  1
 207 211  1
 208 211  1
 177 212  1
 211 212  1
 216 212  1
 179 213  1
  43 214  1
  60 214  1
  95 214  1
 146 214  1
  32 215  1
 152 215  1
 189 215  1
 104 216  1
 143 216  1
  57 217  1
 178 217  1
 179 217  1
  35 218  1
  93 218  1
 105 218  1
 106 218  1
 125 218  1
 127 218  1
 145 218  1
 146 218  1
 200 218  1
  52 219  1
  53 219  1
  80 219  1
  83 219  1
  85 219  1
 180 219  1
 119 220  1
 198 220  1
 180 221  1
 205 221  1
 217 221  1
  38 222  1
  88 222  1
 194 222  1
  73 224  1
 100 224  1
 101 224  1
 108 224  1
 109 224  1
 196 224  1
 224 224  1
 149 225  1
  94 226  1
 183 227  1
 217 227  1
 196 228  1
 197 228  1
  45 229  1
  46 229  1
 203 229  1
 204 229  1
  49 230  1
 210 231  1
 211 231  1
  55 232  1
 176 232  1
 195 232  1
 199 232  1
  95 233  1
 225 233  1
 221 235  1
 181 236  1
 182 236  1
  91 237  1
  92 237  1
 175 237  1
  83 238  1
  84 238  1
 101 238  1
 214 239  1
 177 241  1
 205 244  1
 177 245  1
 178 245  1
 172 247  1
 173 247  1
 109 248  1
 194 250  1
 188 252  1
 180 254  1
 146 255  1
 176 255  1
 173 256  1
 169 257  1


count = 830