 155   1  1
 181   1  1
 132   4  1
 194   5  1
 126   6  1
 162   7  1
 140  11  1
 208  11  1
 129  13  1
 130  13  1
 135  13  1
 135  15  1
 173  15  1
 174  15  1
 199  15  1
 218  16  1
 167  17  1
 114  19  1
 115  19  1
 224  19  1
 119  20  1
 142  20  1
 169  20  1
 123  21  1
 130  22  1
 178  23  1
 187  23  1
  64  25  1
 120  26  1
 159  26  1
 160  26  1
 200  26  1
 130  27  1
  58  28  1
  59  28  1
 195  29  1
 203  29  1
 204  29  1
  78  30  1
 124  30  1
 132  30  1
 133  30  1
 157  30  1
 170  30  1
 171  30  1
 165  31  1
 200  31  1
 135  32  1
 237  32  1
  64  33  1
  79  33  1
  68  34  1
  72  34  1
 135  34  1
 240  34  1
  95  35  1
 121  35  1
 122  35  1
 194  35  1
  43  36  1
 100  36  1
 129  36  1
 158  36  1
 159  36  1
 178  36  1
 219  36  1
 211  37  1
  87  38  1
 121  38  1
 181  38  1
 249  39  1
  78  40  1
  79  40  1
 103  40  1
 104  40  1
 128  40  1
 134  40  1
  37  41  1
  93  41  1
 108  41  1
 113  41  1
 160  41  1
 207  41  1
 165  42  1
 177  42  1
  72  43  1
  74  43  1
 147  43  1
  91  44  1
  92  44  1
  97  44  1
 129  44  1
 243  44  1
 122  45  1
 150  45  1
 151  45  1
  31  46  1
  84  46  1
  85  46  1
  91  46  1
 107  46  1
 108  46  1
 113  46  1
 114  46  1
 143  46  1
 160  46  1
 203  46  1
  29  47  1
 164  47  1
 231  47  1
  90  48  1
  91  48  1
 233  48  1
 235  48  1
  28  49  1
 138  49  1
 239  49  1
  50  50  1
  55  50  1
  69  50  1
  70  50  1
 140  50  1
 165  50  1
 175  50  1
  99  51  1
 208  51  1
 253  51  1
 168  52  1
 169  52  1
 211  52  1
  78  53  1
  79  53  1
  93  53  1
  94  53  1
 194  53  1
  85  54  1
 144  54  1
 148  54  1
 213  54  1
 214  54  1
  23  55  1
 233  55  1
 184  56  1
 252  56  1
  53  57  1
  54  57  1
 117  57  1
 166  57  1
 191  57  1
 240  57  1
 246  57  1
 267  57  1
 151  58  1
  21  59  1
 120  59  1
 161  59  1
 166  60  1
 138  61  1
 184  61  1
 185  61  1
 227  61  1
  70  62  1
 122  62  1
 132  62  1
 196  62  1
  54  63  1
  55  63  1
  87  63  1
 151  63  1
 155  63  1
 156  63  1
 170  63  1
 190  63  1
 223  63  1
  40  64  1
 176  64  1
 185  64  1
 212  64  1
 213  64  1
  44  65  1
  87  65  1
 119  65  1
 198  65  1
 272  65  1
 273  65  1
  71  66  1
 136  66  1
 138  66  1
 146  66  1
  46  67  1
  54  67  1
  77  67  1
  82  67  1
  83  67  1
  87  67  1
 140  67  1
 180  67  1
 150  68  1
 206  68  1
  13  69  1
  73  69  1
  58  70  1
  43  71  1
  74  71  1
 132  71  1
 173  71  1
 175  71  1
  11  72  1
 116  72  1
 214  72  1
 228  72  1
 184  73  1
 185  73  1
 192  73  1
  10  74  1
  79  74  1
 111  74  1
 113  74  1
 231  75  1
 255  75  1
 151  77  1
 220  77  1
   8  78  1
  21  78  1
  27  78  1
  49  78  1
 223  78  1
  16  79  1
 279  79  1
 280  79  1
  97  80  1
 153  80  1
 160  80  1
  41  81  1
  43  81  1
  55  81  1
 183  81  1
 190  81  1
 219  81  1
 230  81  1
  39  82  1
  97  82  1
 166  82  1
 170  82  1
 177  82  1
 224  82  1
   5  83  1
   6  83  1
  54  83  1
  55  83  1
 148  83  1
 187  83  1
 229  83  1
 256  83  1
  32  84  1
 181  84  1
 139  85  1
 153  85  1
 172  85  1
 173  85  1
 205  85  1
   4  86  1
   5  86  1
 244  86  1
 161  87  1
 258  87  1
 259  87  1
  81  88  1
 199  88  1
  95  89  1
  96  89  1
 153  89  1
 237  89  1
 239  89  1
 176  90  1
 177  90  1
 181  90  1
 150  93  1
 209  93  1
 245  93  1
 259  93  1
 260  93  1
 183  94  1
 185  94  1
 187  94  1
  79  95  1
 187  96  1
 188  96  1
  43  97  1
 208  97  1
 210  97  1
  39  98  1
 172  98  1
 234  98  1
 235  98  1
 216  99  1
  74 100  1
 222 100  1
  82 101  1
 172 101  1
  57 102  1
  61 102  1
 149 102  1
 167 102  1
 238 103  1
 263 103  1
 215 104  1
 216 104  1
 222 104  1
 228 104  1
 211 105  1
 139 106  1
 144 106  1
 173 106  1
 218 106  1
 225 106  1
  85 107  1
 204 107  1
 205 107  1
 264 107  1
  81 108  1
 268 108  1
  24 109  2
  42 110  1
 201 110  1
 226 110  1
  24 111  1
 193 111  1
 232 111  1
 243 111  1
 271 111  1
 274 111  1
 204 112  1
 205 112  1
 214 112  1
 218 112  1
 219 112  1
 245 112  1
  43 113  1
 193 113  1
 222 113  1
 239 113  1
  32 114  1
 173 114  1
 208 114  1
 228 114  1
 254 114  1
  42 115  1
  70 115  1
 258 115  1
  93 116  1
 140 116  1
 144 116  1
 229 116  1
 236 116  1
 266 116  1
  36 117  1
  86 117  1
  87 117  1
 115 117  1
 171 117  1
 184 117  1
 222 117  1
 231 117  1
 232 117  1
  47 118  1
  48 118  1
 101 118  1
 196 118  1
 197 118  1
 241 118  1
  57 119  1
  74 119  1
 146 119  1
 189 119  1
  31 120  1
  39 120  1
  70 120  1
 261 120  1
   2 121  1
   3 121  1
  49 121  1
  54 121  1
  56 121  1
 122 121  1
  63 122  1
  92 122  1
 124 122  1
 164 122  1
  36 123  1
 143 123  1
 189 123  1
 215 123  1
 108 124  1
 145 124  1
 146 124  1
 224 124  1
   7 125  1
  11 125  1
  31 125  1
  44 125  1
 244 125  1
  91 126  1
 123 126  1
 156 126  1
 179 126  1
 233 126  1
 251 126  1
  22 127  1
  29 127  1
  71 127  1
  72 127  1
 117 127  1
 118 127  1
 131 127  1
 132 127  1
  13 128  1
  40 128  1
  61 128  1
 162 128  1
 163 128  1
 169 128  1
 214 128  1
 252 128  1
 262 128  1
   7 129  1
 118 129  1
 145 129  1
 174 129  1
 268 129  1
 269 129  1
  91 130  1
 184 130  1
 210 130  1
 211 130  1
   1 131  1
   2 131  1
  58 131  1
 130 131  1
 131 131  1
 188 131  1
 111 132  1
 124 132  1
 174 132  1
 179 132  1
 183 132  1
 211 132  1
 231 132  1
 254 132  1
   8 133  1
   9 133  1
  95 133  1
   1 134  1
  27 134  1
  28 134  1
  29 134  1
 189 134  1
 190 134  1
 210 134  1
 122 135  1
  51 136  1
  58 136  1
 235 136  1
 243 136  1
 244 136  1
  26 137  1
  90 137  1
 117 137  1
  35 138  1
 115 138  1
 189 138  1
 190 138  1
  85 139  1
 212 139  1
 213 139  1
  94 140  1
  95 140  1
 253 140  1
 254 140  1
 260 140  1
  28 141  1
 181 141  1
 182 141  1
 187 141  1
 237 141  1
  22 142  2
  23 142  1
  24 142  1
 120 142  1
 185 142  1
 270 142  1
  30 143  1
  38 143  1
  88 143  1
 207 143  1
 229 143  1
 230 143  1
 202 144  1
  25 145  1
 111 145  1
 176 145  1
 226 145  1
 227 145  1
 237 145  1
 238 145  1
 246 145  1
 277 145  1
 278 145  1
 233 146  1
  30 147  1
  31 147  1
  86 147  1
 109 147  1
 111 147  1
 240 147  1
  38 148  1
  39 148  1
 119 148  1
 193 148  1
 224 148  1
 235 148  1
  26 149  1
  77 149  1
 105 149  1
 186 149  1
 229 149  1
 255 149  1
  83 150  1
 121 150  1
 173 150  1
   1 151  1
 134 151  1
 121 152  1
 182 152  1
 183 152  1
  38 153  1
 176 153  1
 271 153  1
   9 154  1
  17 154  1
 125 154  1
 131 155  1
 133 155  1
 172 155  1
 225 155  1
  73 156  1
  92 156  1
  87 158  1
 221 158  1
  20 160  1
 270 160  1
   8 161  1
  28 161  1
  72 161  1
 170 161  1
 174 161  1
  85 162  1
  79 163  1
  80 163  1
 144 164  1
 145 164  1
 150 164  1
   8 165  1
   9 165  1
 153 167  1
 166 167  1
 134 168  1
 135 168  1
 140 168  1
 155 168  1
  87 169  1
  88 169  1
 156 170  1
 141 172  1
 276 172  1
 277 172  1
   6 173  1
   7 173  1
  90 173  1
  91 173  1
 159 174  1
 144 175  1
 171 175  1
  92 176  1
 147 176  1
  96 177  1
 160 177  1
  76 178  1
 165 178  1
  38 179  1
 101 179  1
 102 179  1
  10 180  1
  44 180  1
  45 180  1
 181 180  1
 182 180  1
  32 181  1
  26 182  1
 105 182  1
  82 183  1
  88 183  1
  92 183  1
 173 183  1
 175 184  1
  41 185  1
 115 185  1
  67 186  1
 100 186  1
 102 186  1
 175 186  1
 189 186  1
  38 187  1
  78 187  1
 104 187  1
 106 187  1
 181 187  1
  26 188  1
  27 188  1
  50 188  1
  62 188  1
  76 189  1
 269 189  1
 270 189  1
  16 190  1
  25 190  1
  64 190  1
 156 190  1
 158 190  1
 183 190  1
 185 190  1
  37 191  1
 123 191  1
  24 192  1
  74 192  1
 144 192  1
 179 192  1
 180 192  1
  19 194  1
 206 194  1
 267 194  1
  28 195  1
  97 195  1
 186 195  1
  93 196  1
  94 196  1
 151 196  1
 182 196  1
 195 196  1
 217 196  1
 250 196  1
  85 197  1
 161 197  1
  72 198  1
 192 198  1
 265 198  1
  31 199  1
 170 199  1
 199 199  1
 209 199  1
 247 199  1
  25 201  1
  81 201  1
 192 203  1
 194 203  1
 216 203  1
 261 203  1
 218 205  1
 222 205  1
 249 206  1
 145 207  1
  94 209  1
 155 209  1
  71 210  1
  72 210  1
 102 210  1
 130 210  1
 256 210  1
 108 211  1
 138 211  1
 152 211  1
 228 211  1
  35 212  1
 190 212  1
 233 212  1
 234 212  1
  98 213  1
  99 213  1
 143 213  1
  65 214  1
  85 214  1
  89 214  1
 102 214  1
 115 215  1
 157 215  1
  40 216  1
  61 216  1
  62 216  1
 123 216  1
 131 216  1
 150 216  1
 161 216  1
 167 216  1
 229 216  1
 236 216  1
 120 217  1
 206 217  1
  43 218  1
 116 218  1
 129 218  1
 142 218  1
 190 218  1
 191 218  1
 229 218  1
 231 219  1
 232 219  1
 105 220  1
 107 220  1
 166 220  1
 167 220  1
  94 221  1
 134 221  1
  49 222  1
 192 223  1
 195 223  1
 204 223  1
 241 223  1
 131 224  1
 183 224  1
 197 224  1
 104 225  1
 105 225  1
 200 225  1
  54 226  1
  94 226  1
 116 226  1
 122 226  1
 126 226  1
 128 226  1
 129 226  1
 188 226  1
 190 226  1
 237 226  1
 238 226  1
  70 227  1
 153 227  1
  57 228  1
 234 228  1
  60 230  1
 101 230  1
 102 230  1
 132 231  1
 229 231  1
 231 231  1
 152 232  1
 185 232  1
 186 232  1
 194 232  1
 126 233  1
  70 234  1
 167 234  1
 168 234  1
 199 235  1
 202 235  1
 221 235  1
 174 237  1
 129 239  1
 130 239  1
 167 239  1
 215 239  1
 152 240  1
 153 240  1
  96 241  1
 124 242  1
 108 245  1
 150 246  1
 201 247  1
 124 248  1
 129 249  1
 193 251  1
 147 254  1
 183 255  1
 185 255  1
 179 256  1
 181 256  1
 156 257  1
 176 257  1


count = 787