 131   1  1
 137   1  1
 171   1  1
 178   1  1
 116   4  1
 113   5  1
 194   5  1
 145   6  1
 149   6  1
 150   6  1
 164   6  1
 165   6  1
 179   7  1
 106   8  1
 128   8  1
 152   8  1
 103   9  1
 164   9  1
 172   9  1
 131  10  1
 155  10  1
 156  10  1
 167  10  1
  98  11  1
 115  11  1
 147  11  1
 161  11  1
 107  13  1
 108  13  1
  91  14  1
 117  14  1
 174  14  1
 175  14  1
  88  15  1
 217  16  1
 218  16  1
  84  17  1
  96  17  1
 155  17  1
  81  18  1
 221  18  1
 114  19  1
 150  19  1
 215  20  1
 164  21  1
 138  22  1
 158  22  1
 152  23  1
 153  23  1
 182  23  1
 229  23  1
 118  24  1
 213  24  1
 214  24  1
  77  26  1
 125  26  1
  58  27  1
  73  27  1
 235  27  1
 121  28  1
 222  28  1
  84  29  1
  97  29  1
  98  29  1
 197  29  1
 203  29  1
  63  30  1
 195  30  1
 142  31  1
 213  31  1
 240  31  1
  88  32  1
  98  32  1
  99  32  1
 174  33  1
 175  33  1
 179  33  1
 224  33  1
 225  33  1
  64  35  1
  68  35  1
 195  35  1
  74  36  1
  75  36  1
 191  36  1
 145  37  1
 146  37  1
 204  38  1
  95  40  1
  99  40  1
 160  40  1
 161  40  1
 176  40  1
 170  42  1
 223  42  1
  36  43  1
  45  43  1
 142  43  1
 168  44  1
 146  45  1
 147  45  1
 195  47  1
 200  47  1
 201  47  1
  80  48  1
 176  48  1
  59  49  1
 139  49  1
 140  49  1
 170  49  1
  55  50  1
 257  50  1
 220  51  1
  42  52  1
  43  52  1
  32  53  1
 171  53  1
 175  53  1
  54  54  1
  58  54  1
  81  55  1
  82  55  1
  22  56  1
  45  56  1
  76  56  1
 260  56  1
 261  56  1
  33  57  1
  63  57  1
 139  57  1
 193  57  1
  21  58  1
  58  58  1
  54  59  1
  55  59  1
 159  59  1
  84  60  1
 145  60  1
 146  60  1
  31  61  1
 262  61  1
 263  61  1
  26  62  1
  54  63  1
  78  63  1
  18  64  1
  28  65  1
  49  65  1
  52  65  1
  71  65  1
  66  66  1
 264  66  1
 265  66  1
  32  67  1
  44  67  1
 168  68  1
  14  69  1
  22  69  1
 146  69  1
  45  70  1
 162  70  1
  19  71  1
  28  71  1
  71  72  1
  77  72  1
 157  72  1
  34  73  1
  48  73  1
 166  73  1
  66  74  1
 159  74  1
  56  75  1
  50  76  1
  60  76  1
  81  77  1
   9  78  1
  37  78  1
  38  78  1
  39  78  1
 270  78  1
 271  78  1
  45  79  1
  76  79  1
  28  81  1
  61  81  1
 184  81  1
 186  81  1
 191  82  1
 176  83  1
   6  84  1
   7  84  1
  26  84  1
 172  84  1
 174  84  1
 170  85  1
 188  85  1
 274  85  1
  24  86  1
 197  86  1
   5  87  1
   6  87  1
  10  87  1
  11  87  1
 227  88  1
 201  89  1
 202  89  1
 230  89  1
 160  90  1
 201  91  1
 202  91  1
  15  92  1
 222  92  1
 238  92  1
 244  93  1
   3  95  1
   4  95  1
 228  95  1
 233  95  1
 241  95  1
 251  95  1
 258  95  1
  25  96  1
 197  96  1
   3  97  1
  20  97  1
  26  98  1
 280  98  1
 281  98  1
   2  99  1
   3  99  1
  16  99  1
  17  99  1
  18  99  1
  31  99  1
  33 100  1
 219 100  1
 245 100  1
  86 101  1
 195 101  1
 239 101  1
 240 101  1
   1 102  1
   2 102  1
 272 102  1
   9 103  1
  10 103  1
  83 103  1
 255 103  1
 274 103  1
  22 104  1
 263 104  1
 265 104  1
 261 105  1
   1 106  1
   6 107  1
   7 107  1
  82 108  1
 211 110  1
 244 111  1
  52 113  1
 228 113  1
 181 114  1
 210 114  1
 202 115  1
  83 116  1
  53 117  1
  54 117  1
  57 117  1
 252 118  1
   1 120  1
 201 120  1
 202 120  1
 244 120  1
 248 120  1
 230 121  1
   7 122  1
   8 122  1
 227 122  1
  88 123  1
 203 123  1
 227 124  1
 160 125  1
 168 125  1
 169 125  1
  44 126  1
  53 126  1
  85 126  1
 115 126  1
 150 126  1
  94 127  1
 137 127  1
 200 127  1
 276 127  1
 277 127  1
   6 128  1
  11 128  1
  60 128  1
  74 128  1
 100 128  1
 135 128  1
 230 128  1
 243 128  1
  16 129  1
 212 129  1
 260 129  1
  86 130  1
  87 130  1
  88 130  1
 225 132  1
  44 133  1
  48 133  1
  49 133  1
  79 133  1
  81 133  1
 141 133  1
 167 133  1
 213 133  1
  23 134  1
  55 134  1
  32 135  1
  75 135  1
 102 135  1
 213 135  1
 249 135  1
 263 135  1
 264 135  1
   1 136  1
  42 137  1
 170 137  1
 213 137  1
 214 137  1
 272 137  1
   6 138  1
   7 138  1
  64 138  1
  91 139  1
  92 139  1
  13 140  1
 179 140  1
 242 140  1
 246 141  1
 275 141  1
 259 142  1
 260 142  1
  13 143  1
 240 143  1
 265 143  1
 240 145  1
 241 145  1
 246 145  1
  14 146  1
  91 146  1
  92 146  1
 260 146  1
 251 148  1
 252 148  1
 253 148  1
   1 149  1
 264 149  1
 265 149  1
 266 149  1
  11 150  1
  83 150  1
 253 150  1
 101 151  1
 103 151  1
 267 151  1
  88 152  1
 187 152  1
 239 152  1
 193 153  1
  79 154  1
  94 154  1
 257 154  1
 258 154  1
   7 155  1
 237 156  1
 280 156  1
 281 156  1
 186 157  1
 252 157  1
  87 158  1
 189 158  1
 235 159  1
 241 159  1
 242 159  1
 253 160  1
 255 160  1
 199 161  1
 231 161  1
 232 161  1
 279 162  1
 280 162  1
   2 163  1
   3 163  1
  82 163  1
  83 163  1
  86 163  1
 256 163  1
 110 164  1
 112 165  1
 231 165  1
 278 165  1
 279 165  1
 136 166  1
 235 166  1
 138 167  1
 140 167  1
  10 170  1
 156 170  1
   5 171  1
   6 171  1
 161 172  1
 201 173  1
  29 174  1
 165 174  1
  44 175  1
 192 175  1
 193 175  1
 222 175  1
 224 175  1
   7 176  1
   8 176  1
 208 176  1
 211 176  1
  14 177  1
 168 177  1
 217 177  1
 175 178  1
 185 178  1
 213 178  1
 215 178  1
 192 179  1
 212 180  1
 271 182  1
 210 184  1
 223 184  1
 231 186  1
  55 187  1
 267 187  1
  15 191  1
 253 193  2
  51 195  1
 253 195  1
  19 196  1
 250 196  1
 251 196  1
 255 196  1
 256 196  1
  55 197  1
  56 197  1
 217 199  1
 218 199  1
  23 202  1
 225 204  1
 226 204  1
 212 205  1
 220 206  1
 221 206  1
  27 208  1
 223 208  1
 100 209  1
 101 209  1
 215 209  1
 229 209  1
  41 211  1
 254 212  1
  31 213  1
 251 213  1
 196 214  1
 206 215  1
 250 215  1
 226 216  1
 227 216  1
 228 216  1
  38 218  1
 235 218  1
 130 219  1
 208 219  1
 209 219  1
  48 220  1
  68 220  1
 236 220  1
  42 221  1
  64 221  1
  91 221  1
 123 221  1
 124 221  1
 172 221  1
  70 222  1
 174 222  1
 176 222  1
 198 222  1
 199 222  1
 122 224  1
 221 224  1
 233 224  1
  59 225  1
  60 225  1
 127 225  1
 128 225  1
 199 225  1
 200 225  1
  48 226  1
  49 226  1
  64 226  1
 118 226  1
  71 227  1
 217 227  1
 218 227  1
  91 228  1
 200 228  1
 201 228  1
  56 229  1
 224 230  1
 225 230  1
  88 231  1
 121 231  1
 122 231  1
 234 231  1
  75 232  1
  76 232  1
  94 232  1
  95 232  1
 202 232  1
  80 233  1
 126 233  1
 127 233  1
 219 233  1
  86 234  1
 219 235  1
 227 235  1
  69 236  1
  70 236  1
  85 236  1
 112 236  1
 177 237  1
 178 237  1
 198 237  1
 224 237  1
 124 239  1
 209 239  1
 220 239  1
 107 240  1
 108 240  1
 203 240  1
  95 242  1
 122 242  1
 113 244  1
 155 244  1
 159 245  1
 160 245  1
  90 246  1
  96 247  1
 111 247  1
 112 247  1
  99 248  1
 117 249  1
 160 249  1
 161 249  1
 182 250  1
 196 250  1
 111 252  1
 161 252  1
 149 253  1
 171 253  1
 185 254  1
 187 254  1
 180 255  1


count = 569