 135   1  1
 139   1  1
 158   1  1
 131   2  1
 128   3  1
 156   7  1
 190   7  1
 152   9  1
 203  14  1
 204  14  1
 207  16  1
  95  18  1
  92  20  1
 219  24  1
  96  25  1
  97  25  1
 145  27  1
 146  27  1
 225  28  1
 146  30  1
 147  30  1
 231  33  1
  86  34  1
  53  35  1
  50  36  1
  72  36  1
 122  36  1
 119  38  1
 150  38  1
  44  39  1
  45  39  1
 125  39  1
 126  39  1
  84  40  1
  89  41  1
 152  41  1
  62  42  1
 155  42  1
  59  43  1
  66  44  1
 156  44  1
 116  45  1
  30  46  1
  31  46  1
  87  46  2
 142  47  1
 158  48  1
  63  49  1
 145  49  1
  54  50  1
  55  50  1
  40  51  1
 107  51  1
 118  52  1
 140  52  1
 161  52  1
  43  53  1
  81  54  1
  86  54  1
  87  54  1
  94  55  1
 144  55  1
 254  56  1
  44  57  1
  50  57  1
 167  57  1
 148  58  1
 150  58  1
  46  59  1
  79  59  1
  80  59  1
 160  59  1
 146  62  1
 147  62  1
 161  63  1
 171  63  1
 259  63  1
  15  64  1
  16  64  1
 144  64  1
  88  65  1
 165  65  1
 166  65  1
  47  66  1
  50  67  1
  83  67  1
  93  67  1
 143  67  1
 144  67  1
 177  68  1
  39  70  1
  79  70  1
 146  70  1
 166  70  1
 182  70  1
  31  72  1
  85  72  1
 266  72  1
 184  74  1
  89  75  1
  90  75  1
 146  75  1
 147  75  1
 200  75  1
 201  75  1
  80  76  1
  82  76  1
  84  76  1
 185  76  1
 186  76  1
 190  76  1
  15  79  1
  32  79  1
 145  79  1
  77  80  1
  78  80  1
 200  80  1
 271  80  1
  37  82  1
 147  83  1
 148  83  1
  13  84  1
 208  84  1
 194  85  1
 148  87  1
 194  87  1
   6  88  1
   7  88  1
 276  88  1
 217  89  1
   5  91  1
   6  91  1
 193  91  1
 190  92  1
 191  92  1
  28  93  1
  25  94  1
  71  95  1
 155  95  1
  19  96  1
  67  96  1
 152  97  1
 191  97  1
 192  97  1
   2  98  1
   3  98  1
  67  98  1
  36  99  1
  45 100  1
  46 100  1
  67 100  1
  63 102  1
 173 102  1
 176 102  1
  13 103  1
  27 103  1
 149 103  1
 186 103  1
 166 105  1
 167 105  1
 180 105  1
  23 106  1
  42 106  1
  64 107  1
 180 107  1
 189 107  1
 190 107  1
  13 108  1
  15 108  1
 165 108  1
 166 108  1
  22 110  1
  23 110  1
  80 110  1
 169 110  1
 175 110  1
 186 112  1
 187 112  1
 165 113  1
 166 113  1
  82 114  1
 188 114  1
 233 114  1
   3 115  1
   4 115  1
 178 115  1
  87 117  1
  82 118  1
 165 118  1
  98 119  1
 107 119  1
 169 120  1
 182 120  1
 183 120  1
 184 120  1
 237 120  1
 159 121  1
 194 121  1
 235 121  1
 273 121  1
 110 122  1
  33 123  1
 115 123  1
 117 123  1
   7 125  1
   8 125  1
  43 125  1
  87 125  1
 192 125  1
  14 127  1
 108 127  1
 109 127  1
 153 127  1
 205 127  1
  47 128  1
 129 128  1
 169 128  1
 190 128  1
 229 128  1
 235 128  1
 113 129  1
 124 129  1
 215 129  1
 272 129  1
  25 130  1
  28 130  1
  54 130  1
 157 130  1
 176 130  1
 177 130  1
  31 131  1
 134 131  1
 163 131  1
 164 131  1
  38 132  1
  42 132  1
 128 132  1
 129 132  1
 189 132  1
 194 132  1
  11 133  1
 159 133  1
 160 133  1
 178 133  1
  92 134  1
 203 134  1
 204 134  1
 210 134  1
 211 134  1
  99 135  1
 157 135  1
   2 136  1
 102 136  1
 176 136  1
 171 137  1
 209 137  1
 210 137  1
  34 138  1
 107 138  1
 168 138  1
 203 138  1
 280 138  1
   1 139  1
 143 139  1
 266 139  1
 110 140  1
 122 140  1
 153 140  1
 205 140  1
 190 141  1
 118 142  1
 119 142  1
 156 142  1
 157 142  1
 203 142  1
 197 143  1
 201 144  1
 189 145  1
 162 146  1
 173 146  1
 260 146  1
 261 146  1
  79 147  1
 279 147  1
 280 147  1
 170 148  1
 184 148  1
 112 149  1
 163 149  1
 103 150  1
  81 151  1
 168 151  1
 175 152  1
  72 153  1
 168 153  1
 277 153  1
 278 153  1
  66 157  1
  85 157  1
 181 157  1
  81 158  1
 173 158  1
 174 158  1
 183 159  1
 244 160  1
 253 161  1
   1 162  1
  68 163  1
  75 163  1
 241 163  1
 237 164  1
 238 164  1
 172 166  1
 181 166  1
 234 167  1
 249 167  1
 277 167  1
 278 167  1
  80 168  1
  85 168  1
 166 171  1
  81 172  1
 175 172  1
 195 172  1
 100 173  1
 246 173  1
 243 174  1
 251 174  1
  84 175  1
 190 175  1
 191 175  1
 192 175  1
   4 176  1
   5 176  1
 116 176  1
 181 177  1
 206 177  1
 223 177  1
  11 178  1
  12 178  1
  13 178  1
 102 178  1
 104 178  1
 185 178  1
 203 180  1
 205 180  1
  94 181  1
  12 183  1
  13 183  1
 102 183  1
 200 183  1
 208 183  1
  79 185  1
 107 185  1
 114 185  1
 181 186  1
 186 186  1
 173 187  1
 210 187  1
 270 187  1
  96 189  1
 177 189  1
  79 190  1
  93 190  1
 118 190  1
 119 190  1
 188 190  1
  11 191  1
  86 191  1
  87 191  1
 268 191  1
 102 193  1
 122 193  1
 153 193  1
  14 195  1
  95 195  1
 154 196  1
  97 197  1
  84 199  1
  90 199  1
 145 200  1
  19 201  1
  80 201  1
  82 201  1
 121 201  1
 260 201  1
 116 202  1
 151 202  1
 152 202  1
  87 203  1
  79 204  1
 103 205  1
 124 205  1
 138 206  1
  38 207  1
 125 207  1
 107 208  1
 108 208  1
 119 208  1
 120 208  1
  33 209  1
  34 209  1
 114 209  1
  84 210  1
  85 210  1
 132 210  1
 101 211  1
 248 212  1
 138 213  1
 139 213  1
  42 214  1
  78 215  1
  80 215  1
  82 215  1
  96 215  1
  97 215  1
 101 216  1
 132 216  1
 136 217  1
 123 220  1
  49 221  1
  50 221  1
  84 221  1
  52 222  1
 127 223  1
  56 224  1
  46 225  1
  54 225  1
 233 225  1
  60 226  1
  48 227  1
  51 229  1
  52 229  1
 226 229  1
  55 230  1
  84 230  1
  85 230  1
  69 231  1
 221 232  1
 222 232  1
  73 233  1
  74 233  1
 123 234  1
 127 234  1
 218 234  1
  78 235  1
  93 236  1
  97 236  1
  84 237  1
  85 237  1
 109 238  2
 111 238  1
  74 239  1
  76 239  1
  91 239  1
 202 241  1
 111 243  1
 112 243  1
 200 243  1
  88 244  1
 124 244  2
  97 245  1
 117 246  1
  95 248  1
 112 248  1
 188 248  1
  99 250  1
 119 250  1
 121 250  1
 181 251  1
 108 253  1


count = 471