 148   1  1
 179   1  1
 134   2  1
 190   2  1
 200   4  1
 203   5  1
 155   7  1
 211   7  1
 159   8  1
 171   9  1
 219   9  1
 132  10  1
 180  10  1
 169  11  1
 124  12  1
 121  13  1
 162  13  1
 168  13  1
 112  14  1
 156  14  1
 227  14  1
 228  14  1
 179  15  1
 231  16  1
 105  17  1
 111  17  1
 126  17  1
 176  17  1
 218  18  1
 125  19  1
 126  19  1
  80  20  1
 102  20  1
  65  21  1
 166  21  1
 109  22  1
  76  23  1
  78  23  1
 131  23  1
 132  23  1
 170  23  1
  59  24  1
  60  24  1
 204  25  1
 109  27  1
 161  27  1
 162  27  1
 163  27  1
 171  28  1
 172  28  1
 226  29  1
 235  30  1
 165  31  1
 166  31  1
 123  32  1
 136  32  1
 103  33  1
 221  33  1
 240  33  1
 135  34  1
 136  34  1
 120  35  1
 167  35  1
 221  35  1
 222  35  1
  59  36  1
  60  36  1
  96  36  1
 116  36  1
  90  37  1
 132  37  1
 204  37  1
 253  37  1
 102  38  1
 103  38  1
 130  38  1
 170  38  1
 171  38  1
 222  38  1
 227  38  1
 202  39  1
  76  40  1
 241  40  1
  99  41  1
 202  41  1
 130  42  1
 189  42  1
  81  43  1
  84  44  1
  85  44  1
 245  45  1
  90  46  1
 209  46  1
 235  46  1
 250  46  1
  97  48  1
 171  48  1
 172  48  1
 261  48  1
 262  48  1
  78  49  1
  38  50  1
  95  50  1
 168  51  1
  27  52  1
  44  52  1
 107  52  1
 108  52  1
  57  53  1
  63  53  1
  99  53  1
  95  54  1
  96  54  1
 104  54  1
 242  54  1
 243  54  1
 266  55  1
 267  55  1
 104  56  1
 225  56  1
 226  56  1
  31  57  1
  32  57  1
  64  57  1
  65  57  1
 108  57  1
 221  57  1
  98  58  1
 118  59  1
 129  59  1
  54  60  1
  65  60  1
 174  60  1
  50  61  1
 178  61  1
 244  61  1
  19  62  1
 222  62  1
  97  63  1
  98  63  1
 180  63  1
 218  63  1
  74  64  1
 130  64  1
 132  64  1
 148  64  1
 149  64  1
  70  65  1
  77  65  1
 124  65  1
 126  65  1
  48  66  1
  86  66  1
 191  66  1
 214  66  1
 272  66  1
 184  67  1
 185  67  1
 239  67  1
  39  68  1
 192  68  1
 211  69  1
 213  69  1
  13  70  1
  86  70  1
 256  70  1
 273  70  1
 274  70  1
  21  71  1
  26  71  1
  41  71  1
  77  71  1
 128  71  1
 180  71  1
  33  72  1
 124  72  1
 207  72  1
 238  72  1
 243  72  1
 274  73  1
 275  73  1
 186  74  1
 213  74  1
 236  74  1
  42  75  1
  43  75  1
  49  75  1
 133  75  1
 129  76  1
 173  76  1
 218  76  1
 251  77  1
 252  77  1
 254  77  1
   9  78  1
  10  78  1
  15  78  1
  20  78  1
  52  78  1
 172  78  1
 197  79  1
  57  80  1
 247  80  1
 248  80  1
 277  80  1
 278  80  1
  72  81  1
  77  81  1
 212  81  1
 213  81  1
 234  81  1
 243  81  1
 251  81  1
  14  82  1
  20  82  1
 270  82  1
   7  83  1
   8  83  1
  77  83  1
 168  83  1
 197  83  1
 198  83  1
 216  83  1
 217  83  1
 262  83  1
 246  84  1
  57  85  1
  75  85  1
  76  85  1
  77  85  1
 130  85  1
 257  85  1
 258  85  1
   6  86  1
   7  86  1
  66  86  1
 233  86  1
 234  86  1
 239  86  1
 140  87  1
 196  87  1
 212  87  1
 119  88  1
   5  89  1
   6  89  1
 262  89  1
  78  90  1
  79  90  1
 149  90  1
 150  90  1
 161  90  1
 188  90  1
 196  90  1
 210  90  1
 211  90  1
  26  91  1
  71  91  1
  72  91  1
  74  91  1
 116  92  1
 117  92  1
 185  92  1
 186  92  1
 248  92  1
  24  93  1
  40  93  1
 194  93  1
 195  93  1
 274  93  1
   3  94  1
   4  94  1
 119  94  1
 120  94  1
 156  94  1
 157  94  1
  12  95  1
  20  95  1
  36  96  1
 131  96  1
  10  97  1
 189  97  1
 275  97  1
 276  97  1
  28  98  1
  47  98  1
  66  98  1
  70  98  1
 164  98  1
 167  98  1
 259  98  1
  73  99  1
 143  99  1
 170  99  1
 267  99  1
 268  99  1
  17 100  1
  42 100  1
  61 100  1
 141 100  1
   1 101  1
   2 101  1
  50 101  1
  52 101  1
 162 101  1
 169 101  1
  12 102  1
  75 102  1
 137 102  1
 193 102  1
 271 102  1
 275 102  1
   8 103  1
  17 103  1
  38 103  1
  81 103  1
 181 103  1
 185 103  1
 249 103  1
 253 103  1
  43 104  1
  61 104  1
 153 104  1
 154 104  1
 164 104  1
 257 104  1
 258 104  1
   1 105  1
  48 105  1
 189 105  1
  16 106  1
  93 106  1
 255 106  1
 144 107  1
 159 107  1
 203 107  1
 244 107  1
  64 108  1
  99 108  1
 185 108  1
 270 108  1
   5 109  1
  62 110  1
  94 110  1
 163 110  1
 164 110  1
 274 110  1
  37 111  1
  73 111  1
  75 111  1
 151 111  1
 183 111  1
 200 111  1
 265 111  1
 266 111  1
  42 112  1
  43 112  1
  49 112  1
 194 112  1
 281 112  1
 282 112  1
  54 113  1
  79 113  1
  97 113  1
 103 113  1
 161 113  1
 256 113  1
   1 114  1
  65 114  1
 132 114  1
 134 114  1
 245 114  1
  45 115  1
 190 115  1
 191 115  1
 273 115  1
  34 116  1
  35 116  1
  61 116  1
  81 116  1
 129 116  1
 159 116  1
 160 116  1
 183 116  1
 184 116  1
 206 116  1
 254 116  1
   1 117  1
  45 117  1
  84 117  1
 243 117  1
  54 118  1
  66 118  1
  71 118  1
 143 118  1
 139 119  1
   3 120  1
   4 120  1
  12 120  1
  50 120  1
  71 120  1
 112 120  1
 152 120  1
  55 121  1
 104 121  1
 139 121  1
 212 121  1
 235 121  1
 241 121  1
 271 121  1
 273 121  1
 148 122  1
 183 122  1
 232 122  1
  35 123  1
  38 123  1
  46 123  1
  86 123  1
  87 123  1
 139 123  1
 193 123  1
  53 124  1
 198 124  1
 244 124  1
 265 124  1
 268 124  1
  16 125  1
  75 125  1
 135 125  1
 189 125  1
 190 125  1
 194 125  1
 215 125  1
 229 125  1
 128 126  1
  58 127  1
  81 127  1
 111 127  1
  14 128  1
  15 128  1
 129 128  1
 200 128  1
  40 129  1
  44 129  1
  73 129  1
  74 129  1
   5 130  1
   6 130  1
  48 130  1
 129 130  1
 131 130  1
 195 130  1
 242 130  1
 272 130  1
  33 131  1
  62 131  1
 119 131  1
 124 131  1
 127 131  2
 178 131  1
 212 131  1
 227 131  1
 237 131  1
   4 132  1
  57 132  1
  19 133  1
  20 133  1
 140 133  1
 187 133  1
 156 134  1
 224 134  1
  72 135  1
 135 135  1
 137 135  1
 139 135  1
 245 135  1
 107 136  1
 215 136  1
 278 136  1
 279 136  1
 126 137  1
 127 137  1
 128 137  1
 270 137  1
  67 138  1
 105 138  1
 158 138  1
  44 139  1
  50 139  1
  76 139  1
 223 139  1
 103 140  1
   1 141  1
  28 141  1
  43 141  1
 139 141  1
  35 142  1
  64 142  1
  66 142  1
  81 142  1
  82 142  1
 101 142  1
 102 142  1
 135 142  1
 229 142  1
 259 142  1
  32 143  1
  59 143  1
 152 143  1
 104 144  1
  40 145  1
  45 145  1
  54 145  1
  96 145  1
 130 145  1
 131 145  1
   1 147  1
 102 147  1
 126 147  1
 258 147  1
 105 148  1
 253 149  1
 256 149  1
  15 150  1
  18 150  1
  83 150  1
 120 150  1
 145 150  1
 146 150  1
 229 150  1
   1 151  1
   2 151  1
   8 151  1
   9 151  1
  11 152  1
  22 152  1
 149 152  1
 252 152  1
 105 153  1
 107 153  1
  11 154  1
 124 154  1
 140 154  1
 141 154  1
 186 154  1
 188 154  1
 224 154  1
 238 154  1
   2 155  1
   3 155  1
  26 155  1
  51 155  1
  73 155  1
 132 155  1
 244 155  1
  33 156  1
  39 156  1
  61 156  1
 229 156  1
  21 157  1
 102 157  1
 254 157  1
 280 157  1
 281 157  1
   3 158  1
   4 158  1
  24 159  1
 198 159  1
 204 159  1
 239 159  1
 247 159  1
 225 160  1
 243 160  1
  33 161  1
  93 161  1
  97 162  1
 207 162  1
 229 162  1
  49 163  1
  93 163  1
 121 163  1
 122 163  1
 162 163  1
 168 163  1
 169 163  1
 170 163  1
 212 163  1
 117 164  1
 118 164  1
 128 164  1
 132 164  1
 242 164  1
 243 164  1
  97 165  1
 114 165  1
 201 165  1
 212 165  1
 260 165  1
 261 165  1
  24 166  1
  31 166  1
 138 166  1
 145 166  1
 150 166  1
 250 166  1
 208 167  1
 212 167  1
 218 168  1
 246 168  1
 260 168  1
 237 169  1
   7 170  1
   8 170  1
 259 170  1
 260 170  1
  48 171  1
 180 171  1
 224 171  1
 241 171  1
 265 171  1
 266 171  1
 277 171  1
 278 171  1
  29 172  1
 234 172  1
 112 173  1
 139 173  1
 181 173  1
  32 174  1
 226 175  1
 117 176  1
 151 176  2
 200 176  1
 242 176  1
 245 176  1
 256 176  1
 257 176  1
 112 177  1
 113 177  1
 179 177  1
 180 177  1
 185 177  1
 250 177  1
 263 177  1
 264 177  1
 202 178  1
 207 178  1
 208 178  1
 221 178  1
  32 179  1
  40 179  1
 112 179  1
 155 179  1
 157 179  1
 174 179  1
  48 180  1
 189 180  1
 274 180  1
 275 180  1
 259 181  1
  44 182  1
 119 182  1
 124 182  1
 125 182  1
 185 182  1
 253 182  1
 254 182  1
 116 183  1
 273 183  1
 274 183  1
  11 184  1
  12 184  1
 141 184  1
 145 184  1
 250 184  1
  30 186  1
  55 187  1
  99 187  1
 106 187  1
 154 187  1
 165 187  1
  60 188  1
  62 188  1
  64 188  1
 169 188  1
 171 188  1
  79 189  1
 145 189  1
 253 189  1
 254 189  1
  76 190  1
 111 190  1
  89 191  1
 103 191  1
  73 193  1
 166 193  1
  60 194  1
  92 194  1
  93 194  1
 146 194  1
 144 196  1
 268 196  1
 269 196  1
 101 197  1
 102 197  1
 100 199  1
 132 199  1
 164 199  1
 187 199  1
 156 200  1
 179 200  2
 180 200  1
 181 200  1
 191 200  1
 219 201  1
 221 201  1
 227 201  1
  91 202  1
 139 202  1
 166 202  1
 167 202  1
 215 202  1
 158 203  1
 194 203  1
  75 204  1
 212 204  1
 227 204  1
  92 205  1
 168 205  1
 169 205  1
 220 205  1
 154 206  1
 263 206  1
 162 207  1
 226 207  1
  28 208  1
  89 208  1
 199 208  1
  30 209  1
 212 209  1
  73 210  1
  94 210  1
 200 210  1
  80 211  1
  81 211  1
  82 211  1
 219 211  1
 259 211  1
  96 212  1
 149 212  1
 162 212  1
 163 212  1
 198 212  1
  32 213  1
 142 213  1
 188 213  1
 212 213  1
 151 214  1
 152 214  1
 192 214  1
  74 215  1
  78 216  1
  79 216  1
  96 216  1
 145 216  1
 231 216  1
 232 216  1
 122 217  1
 123 217  1
 184 218  1
 185 218  1
 194 218  1
 195 218  1
 237 218  1
  83 219  1
  84 219  1
  87 219  1
 125 219  1
 205 219  1
 206 219  1
  53 220  1
  54 220  1
  80 220  1
  92 220  1
 151 220  1
 236 220  1
 165 221  1
  97 222  1
 175 222  1
 250 222  1
  55 223  1
 117 223  1
 203 223  1
 101 224  1
 155 224  1
  82 225  1
 178 225  1
 180 226  1
 197 226  1
 198 226  1
  48 227  1
  49 227  1
 102 227  1
 121 227  1
 136 227  1
 137 227  1
 185 227  1
 172 228  1
 173 228  1
  95 229  1
 115 229  1
 148 229  1
 149 229  1
  86 230  1
  87 230  1
 111 230  1
  56 231  1
  81 231  1
  82 231  1
 100 231  1
 115 231  1
 122 231  1
 133 231  1
 156 231  1
 158 231  1
 241 231  1
 118 232  1
 139 232  1
 173 232  1
 174 232  1
 198 232  1
 202 232  1
  85 233  1
  86 233  1
 145 233  1
 110 234  1
 118 234  1
 133 234  1
 149 234  1
  75 235  1
  82 235  1
 121 235  1
  99 236  1
 100 236  1
 137 236  1
 171 237  1
 233 237  1
 110 238  1
 111 238  1
 131 238  1
  70 239  1
  88 239  1
 105 239  1
 114 239  1
 102 240  1
 126 240  1
 125 242  1
 126 242  1
 200 242  1
 210 243  1
 121 244  1
 142 244  1
 143 244  1
 144 244  1
 146 244  1
 171 244  1
 196 244  1
 132 245  1
 194 246  1
 195 246  1
 221 246  1
 169 247  1
 170 247  1
 128 248  1
 129 248  1
 215 248  1
 216 248  1
 102 249  1
 141 249  1
 142 249  1
 146 249  1
 174 249  1
 175 249  1
 105 250  1
 174 251  1
 124 254  1
 197 254  1
 190 255  1


count = 887