 128   1  1
 168   1  1
 172   1  1
 176   2  1
 108   3  1
 181   4  1
 140   5  1
 154   6  1
 187   6  1
  96   7  1
 122   7  1
 128   7  1
 135   7  1
  94   8  1
 198   9  1
 140  10  1
 128  11  1
 137  11  1
 101  12  1
 120  12  1
  95  13  1
  96  13  1
 141  13  1
 157  13  1
 158  13  1
 169  13  1
 207  14  1
  77  15  1
 103  15  1
 134  15  1
 135  15  1
 117  16  1
  74  18  1
  91  18  1
  92  18  1
  98  18  1
  99  18  1
 122  18  1
 123  18  1
 162  18  1
 214  18  1
 134  20  1
  99  21  1
 100  21  1
 137  21  1
 138  21  1
 219  21  1
  61  22  1
  62  22  1
 127  24  1
  59  25  1
 141  25  1
 101  26  1
 163  26  1
 210  26  1
  53  27  1
  95  27  1
  96  27  1
 123  27  1
 132  27  1
 159  27  1
 143  28  1
 207  28  1
  64  29  1
  65  29  1
 137  29  1
 138  29  1
 174  29  1
 178  29  1
 203  29  1
 204  29  1
  68  30  1
  71  31  1
 108  31  1
 109  31  1
 173  31  1
 235  31  1
  47  32  1
 137  33  1
 138  33  1
 209  33  1
 211  34  1
 212  34  1
 239  34  1
 173  36  1
 108  37  1
 109  37  1
  81  38  1
 103  39  1
  45  40  1
 227  40  1
  61  41  1
  62  41  1
 141  42  1
 147  43  1
 225  43  1
 167  44  1
 160  45  1
  33  46  1
  54  47  1
  55  47  1
  62  47  1
  63  47  1
  68  48  1
 146  48  1
 150  48  1
 214  48  1
 218  48  1
 219  48  1
 226  48  1
 245  48  1
  73  49  1
  57  51  1
  58  51  1
 149  51  1
 202  51  1
  78  52  1
 105  52  1
 221  52  1
  49  53  1
  50  53  1
 243  53  1
 136  54  1
 145  54  1
 257  54  1
  65  55  1
 134  56  1
 149  56  1
  53  57  1
  54  57  1
 205  57  1
 249  57  1
  60  58  1
  61  58  1
 200  59  1
 204  59  1
 260  60  1
  22  61  1
 229  61  1
 240  61  1
 241  61  1
  63  62  1
  55  64  1
 239  64  1
  41  66  1
  75  66  1
 231  66  1
 265  67  1
 266  67  1
  62  69  1
  94  69  1
 232  72  1
  15  73  1
  25  73  1
  93  73  1
 173  73  1
 270  73  1
  36  74  1
  76  74  1
 104  74  1
 183  74  1
  40  75  1
  93  75  1
 166  75  1
 168  75  1
  13  76  1
  69  76  1
  95  76  1
  96  76  1
 180  76  1
  85  77  1
 101  78  1
 160  78  1
  32  79  1
  72  79  1
 174  79  1
 198  79  1
 216  79  1
  11  80  1
  82  81  1
 177  81  1
 196  81  1
 197  81  1
 207  81  1
 231  81  1
 220  82  1
  18  83  1
  75  83  1
 175  83  1
  31  84  1
 163  84  1
 201  84  1
 225  84  1
 236  84  1
 238  84  1
 157  85  1
 205  85  1
 242  85  1
 278  85  1
   8  86  1
   9  86  1
  20  86  1
  29  86  1
 147  87  1
 209  88  1
 210  88  1
 165  89  1
 201  89  1
 259  89  1
   6  91  1
   7  91  1
 142  91  1
 161  91  1
 254  91  1
 273  91  1
 203  92  1
   5  94  1
   6  94  1
 133  94  1
 124  95  1
 213  95  1
 252  96  1
 253  96  1
 274  96  1
 164  97  1
 206  97  1
 215  97  1
 216  97  1
 282  97  1
 283  97  1
 144  98  1
 145  98  1
  11  99  1
  12  99  1
 164  99  1
 210 100  1
 239 100  1
 249 100  1
 250 100  1
 251 100  1
 102 101  1
 113 101  1
 138 101  1
 157 102  1
 213 102  1
 238 102  1
 251 102  1
  11 103  1
  12 103  1
 251 104  1
 243 105  1
 131 106  1
   7 107  1
   8 107  1
  58 107  1
 257 107  1
 263 108  1
  49 109  1
 147 109  1
   1 110  1
   9 110  1
 252 110  1
 272 111  1
   8 112  1
   9 112  1
 112 113  1
 267 113  1
 268 113  1
 125 114  1
 274 114  1
  61 115  1
  62 115  1
 116 115  1
 135 115  1
 138 115  1
 219 115  1
 256 115  1
  45 117  1
 223 117  1
 237 119  1
 238 119  1
 247 119  1
 255 119  1
 256 119  1
 271 119  1
 273 119  1
  20 120  1
  50 121  1
 201 121  1
 235 121  1
  24 122  1
  47 122  1
  88 122  1
 203 122  1
 205 122  1
 264 123  1
 268 123  1
  11 124  1
  67 124  1
  68 124  1
 223 124  1
 244 124  1
   1 125  1
  26 125  1
  36 125  1
  76 125  1
  60 126  1
  85 126  1
  87 126  1
 195 126  1
 207 126  1
 261 127  1
  10 128  1
  43 128  1
  50 128  1
 243 128  1
 214 129  1
 215 129  1
 238 129  1
  33 130  1
  40 130  1
  42 130  1
  44 131  1
  80 131  1
 174 131  1
 233 131  1
  50 132  1
  87 132  1
 190 132  1
 223 132  1
 272 132  1
 169 133  1
 221 133  1
 229 133  1
 253 133  1
  38 134  1
  39 134  1
 218 134  1
 245 134  1
 249 136  1
  44 137  1
 150 137  1
 151 137  1
 270 137  1
 271 137  1
  88 138  1
 245 138  1
 281 138  1
 282 138  1
  73 139  1
 198 139  1
 274 140  1
 113 141  1
  28 142  1
  33 142  1
  93 142  1
 134 142  1
 145 143  1
 219 143  1
 263 143  1
  92 144  1
  93 144  1
 193 144  1
 203 144  1
 248 144  1
  41 145  1
  42 145  1
 124 145  1
 197 146  1
 198 146  1
  17 147  1
  31 147  1
  44 147  1
  46 147  1
 147 147  1
 150 147  1
 215 147  1
 217 147  1
  98 148  1
 100 148  1
 101 148  1
 106 148  1
 112 148  1
 134 148  1
 152 148  1
 200 148  1
 204 148  1
 263 148  1
 264 148  1
   3 149  1
   4 149  1
  88 149  1
 184 149  1
  38 150  1
  95 150  1
 105 150  1
 237 150  1
 243 150  1
  40 151  1
  42 151  1
  81 151  1
 126 151  1
 156 151  1
  35 152  1
  75 152  1
 138 152  1
 139 152  1
 195 152  1
 209 152  1
  64 153  1
 228 153  1
 229 153  1
 238 153  1
 244 153  1
 160 154  1
 209 154  1
  24 155  1
  16 156  1
  28 156  1
  99 156  1
 166 156  1
  93 157  1
  94 157  1
   6 158  1
   7 158  1
  86 158  1
  89 158  1
 100 159  1
 149 159  1
  27 160  1
  28 160  1
  29 160  1
 167 160  1
   7 161  1
   8 161  1
  94 161  1
 122 161  1
 239 161  1
 126 162  1
 234 162  1
 235 162  1
  29 163  1
 135 163  1
 171 163  1
 179 163  1
  51 164  1
 241 164  1
 244 164  1
 198 165  1
 143 166  1
 246 166  1
  26 167  1
 147 167  1
 222 167  1
  31 168  1
  32 168  1
 184 168  1
 201 168  1
 205 168  1
  55 169  1
 208 169  1
 215 169  1
 220 170  1
 244 170  1
 275 170  1
  38 171  1
  53 171  1
  58 171  1
 154 171  1
 169 171  1
 170 171  1
  29 172  1
  51 173  1
  53 173  1
 157 173  1
 158 173  1
 179 173  1
 183 173  1
  62 175  1
 184 175  1
 264 175  1
 265 175  1
 266 175  1
 273 175  1
  12 176  1
  13 176  1
  33 176  1
  57 176  1
  59 176  1
 165 176  1
 175 176  1
 177 176  1
  31 177  1
 262 177  1
  39 179  1
 182 179  1
  15 181  1
  25 181  1
  47 181  1
  23 183  1
  34 183  1
 236 183  1
  32 184  1
 187 184  1
  55 185  1
 268 185  1
  47 186  1
  48 186  1
  29 188  1
 199 188  2
 201 188  1
 233 188  1
 205 190  1
 263 191  1
  28 192  1
  29 192  1
 169 192  1
 237 192  1
 208 193  1
 212 193  1
  49 194  1
 261 194  1
  24 195  1
  54 195  1
 187 195  1
 219 195  1
 213 196  1
 215 196  1
 234 196  1
 235 196  1
 184 197  1
 185 197  1
 225 197  1
 240 197  1
 244 197  1
 185 199  1
  28 200  1
  46 200  1
 233 200  1
 185 201  1
 229 201  1
 230 201  1
 239 201  1
 240 201  1
 256 201  1
  44 203  1
  56 203  1
  57 203  1
 130 204  1
 131 204  1
  32 205  1
 122 205  1
 240 205  1
  52 206  1
  59 206  1
  60 206  1
 117 206  1
  43 207  1
 114 207  1
 214 207  1
  34 209  1
 238 209  1
  46 212  1
  58 212  1
  52 213  1
  79 213  1
  83 213  1
 191 213  1
  39 214  1
 160 214  1
 161 214  1
  54 215  1
 129 215  1
 231 216  1
 233 216  1
 113 217  1
 114 217  1
 235 217  1
 236 217  1
  43 218  1
  81 219  1
  93 219  1
 242 219  1
  87 220  1
 164 221  1
 165 221  1
  69 222  1
  70 222  1
 121 222  1
 128 222  1
 129 222  1
  84 224  1
  85 224  1
  93 224  1
 197 225  1
 198 225  1
 222 225  1
 233 225  1
  90 226  1
 218 226  1
 220 226  1
 126 227  1
 127 227  1
  79 228  1
 121 228  1
 228 228  1
 229 228  1
  92 229  1
  71 230  1
 114 230  1
 115 230  1
 193 230  1
 194 230  1
 217 230  1
  57 231  1
  77 231  1
  86 231  1
 199 231  1
 200 231  1
 223 231  1
  90 233  1
 145 233  1
 200 234  1
 201 234  1
  67 235  1
  68 235  1
 217 235  1
  79 236  1
  85 236  1
 201 236  1
 215 237  1
  75 238  1
  87 239  1
 193 239  1
 194 239  1
 110 241  1
  80 242  1
 142 242  1
 194 242  1
  84 244  1
 100 244  1
 116 244  1
 157 244  1
 158 244  1
 141 246  1
 196 246  1
 162 247  1
 163 247  1
 156 248  1
 157 248  1
 191 248  1
 100 250  1
 140 250  1
 141 250  1
 162 250  1
 147 251  1
 105 252  1
 135 252  1
 155 252  1
 110 254  1
 170 254  1
 113 255  1
 166 255  1
 116 256  1


count = 664