 158   1  1
 179   1  1
 136   4  1
 129   6  1
 124   8  1
 152  10  1
 206  10  1
 109  13  1
 151  14  1
 213  14  1
 217  16  1
 218  16  1
  98  17  1
 141  17  1
 154  17  1
 117  18  1
  94  20  1
 157  20  1
 120  21  1
 124  21  1
 153  22  1
 155  22  1
 104  23  1
 176  23  1
 148  24  1
 185  24  1
 124  25  1
 190  25  1
 192  25  1
 223  26  1
 224  26  1
  92  27  1
 126  27  1
  60  28  1
  61  28  1
 105  28  1
 106  28  1
 175  28  1
 234  28  1
  87  29  1
 159  29  1
  57  30  1
  82  30  1
 123  30  1
 127  30  1
 129  30  1
  93  31  1
 178  31  1
 179  31  1
 220  31  1
  70  32  1
  73  32  1
  74  32  1
 104  32  1
 106  32  1
 112  32  1
 115  32  1
 121  32  1
 123  32  1
 132  32  1
 228  32  1
 219  33  1
 220  33  1
  51  34  1
 117  34  1
 136  34  1
 179  34  1
 180  34  1
 198  35  1
  48  36  1
  62  36  1
  66  36  1
  98  36  1
 110  36  1
 125  36  1
 126  36  1
 134  36  1
 238  36  1
  87  37  1
  95  37  1
 120  37  1
 122  37  1
 162  37  1
 197  37  1
  76  38  1
 110  38  1
 240  38  1
  59  39  1
  60  39  1
 105  39  1
  94  40  1
 115  40  1
 201  40  1
 202  40  1
  53  41  1
  74  41  1
  89  41  1
  91  41  1
 166  41  1
  62  42  1
  84  42  1
 134  42  1
 135  42  1
 122  43  1
 207  43  1
 215  43  1
 235  43  1
  47  44  1
  64  44  1
  79  44  1
 131  44  1
  59  45  1
 106  45  1
 167  45  1
 202  45  1
 132  46  1
 161  46  1
 163  46  1
 164  46  1
 170  46  1
 172  46  1
 219  46  1
 239  46  1
 240  46  1
 250  46  1
  56  47  1
  57  47  1
  72  47  1
 174  47  1
 217  47  1
 231  47  1
  49  48  1
  50  48  1
 139  48  1
 154  48  1
 254  48  1
  60  49  1
  61  49  1
  72  49  1
  77  49  1
  93  49  2
 108  49  1
 201  49  1
 217  49  1
  53  50  1
  67  50  1
 184  50  1
 196  50  1
 197  50  1
 160  51  1
 174  51  1
 189  51  1
 190  51  1
  73  52  1
  75  52  1
  77  52  1
 138  52  1
 147  52  1
 170  52  1
 197  52  1
 208  52  1
 219  52  1
 142  53  1
 230  53  1
  67  54  1
 155  54  1
 162  54  1
 219  54  1
 220  54  1
  52  55  1
  53  55  1
  79  55  1
 113  55  1
 192  55  1
 194  55  1
  45  56  1
  59  56  1
 138  56  1
 224  56  1
  63  57  1
 238  57  1
  72  58  1
  88  58  1
  95  58  1
 147  58  1
 141  59  1
 207  59  1
  45  60  1
  46  60  1
  81  60  1
 166  60  1
 205  61  1
 269  62  1
  85  63  1
 143  63  1
 145  63  1
 161  63  1
  47  64  1
 242  64  1
 271  65  1
  73  66  1
  74  66  1
 197  66  1
 238  66  1
 144  67  1
 150  67  1
 157  67  1
 200  67  1
 185  68  1
 193  68  1
  50  69  1
 150  69  1
 155  69  1
 180  69  1
  73  70  1
  15  71  1
  58  71  1
  69  71  2
  75  71  1
 159  71  1
 188  71  1
 190  71  1
 236  71  1
 146  72  1
 175  72  1
 165  73  1
 193  73  1
 205  73  2
 207  73  1
 253  73  1
 254  73  1
 129  74  1
 171  74  1
 172  74  1
 185  74  1
 247  74  1
  13  75  1
 163  75  1
  76  76  1
  77  76  1
 151  76  1
 185  76  1
 237  76  1
 191  77  1
  11  78  1
  19  78  1
  76  78  1
 170  78  1
  23  79  1
 164  79  1
 188  79  1
 131  80  1
 135  80  1
 194  80  1
 195  80  1
 154  81  1
  17  82  1
 147  82  1
  80  83  1
 256  83  1
  33  84  1
 187  84  1
 172  85  1
  79  87  1
 129  87  1
  26  88  1
  27  88  1
 100  88  1
 107  88  1
  35  89  1
  91  89  1
 186  89  1
 187  89  1
 192  89  1
 193  89  1
 202  89  1
 247  89  1
 165  90  1
 259  90  1
 122  91  1
 123  91  1
  10  93  1
  89  93  1
 248  93  1
  35  94  1
 109  94  1
 217  94  1
   3  95  1
   4  95  1
  10  95  2
  83  95  1
 205  95  1
  19  96  1
 117  96  1
 118  96  1
 185  96  1
 190  96  1
 194  96  1
 257  96  1
 205  97  1
 211  97  1
 216  97  1
 229  97  1
 232  97  1
  31  98  1
  81  98  1
 187  98  1
  28  99  1
 205  99  1
 225  99  1
 107 100  1
 208 100  1
 248 100  1
 249 100  1
 250 100  1
  24 101  1
  79 101  1
 190 101  1
 197 101  1
 198 101  1
  13 102  1
  50 102  1
 245 102  1
   9 103  1
 254 103  1
  30 104  1
  23 106  1
 224 106  1
  39 107  1
  40 107  1
 208 107  1
 209 107  1
 261 107  1
  54 108  1
 184 108  1
 234 108  1
 253 108  1
 267 108  1
 243 109  1
 258 109  1
 214 110  1
 274 110  1
 275 110  1
  47 111  1
  48 111  1
  82 111  1
  45 112  1
 244 112  1
 252 112  1
  52 113  1
 179 113  1
 202 113  1
 227 113  1
   3 115  1
   4 115  1
 203 115  1
 267 115  1
  35 116  1
  94 116  1
 254 116  1
 258 116  1
 274 116  1
  10 117  1
  14 117  1
 211 117  1
 226 117  1
 280 117  1
 281 117  1
  17 118  1
  43 118  1
  44 118  1
 118 118  1
 260 118  1
  21 119  1
  90 119  1
  91 119  1
 215 119  1
 265 119  1
  46 120  1
 170 120  1
 173 120  1
 219 120  1
 220 120  1
 166 121  1
 255 121  1
 256 121  1
 279 121  1
  46 122  1
  73 122  1
 147 122  1
 268 122  1
 277 122  1
  10 123  1
  14 123  1
  90 123  1
 137 123  1
 142 123  1
 213 123  1
  25 124  1
  26 124  1
  32 124  1
  47 124  1
 186 124  1
 187 124  1
 263 124  1
 264 124  1
 142 125  1
 143 125  1
 181 125  1
 205 125  1
 221 125  1
  26 126  1
  94 126  1
  99 126  1
 134 126  1
 135 126  1
 201 126  1
 202 126  1
 214 126  1
 216 126  1
 248 126  1
 252 126  1
 258 126  1
 260 126  1
  41 127  1
 128 127  1
 171 127  1
 230 127  1
 238 127  1
 239 127  1
  21 128  1
  73 128  1
 167 128  1
 169 128  1
 188 128  1
  13 129  1
  29 130  1
  35 130  1
  38 130  1
  40 130  1
  83 130  1
 155 130  1
 166 130  1
 169 130  1
 181 130  1
 182 130  1
 267 130  1
  10 131  1
  11 131  1
  23 131  1
 161 131  1
 190 131  1
 218 131  1
  90 132  1
  95 132  1
 195 132  1
 272 132  1
 273 132  1
  98 133  1
 134 133  1
 175 133  1
 186 133  1
 187 133  1
 243 133  1
  41 134  1
 145 134  1
 182 134  1
 183 134  1
 195 134  1
 197 134  1
 229 134  1
 263 134  1
   1 135  1
  48 135  1
  71 135  1
 142 135  1
 154 135  1
 221 135  1
 243 135  1
  66 136  1
  68 136  1
 148 136  1
 168 136  1
 179 136  1
  12 137  1
  18 137  1
  37 137  1
  97 137  1
 202 138  1
  51 139  1
  61 139  1
  56 140  1
 165 140  1
 170 140  1
 175 140  1
  89 141  1
  30 143  1
  39 143  1
  95 143  1
 119 143  1
 182 143  1
  52 144  1
  53 144  1
 160 144  1
 165 144  1
  16 145  1
  25 145  1
  35 145  1
  36 145  1
  43 145  1
 169 145  1
 180 146  1
  14 148  2
  91 148  1
 279 148  1
 280 148  1
  77 149  1
  78 149  1
  82 150  1
  83 150  1
 173 150  1
 178 150  1
 179 150  1
   1 151  1
  28 151  1
  35 151  1
  54 152  1
 272 152  1
 273 152  1
 274 152  1
 225 153  1
 229 153  1
  37 154  1
  83 154  1
 116 154  1
 177 154  1
 178 154  1
 263 155  1
  77 156  1
 248 156  1
   2 157  1
   3 157  1
 226 157  1
 102 158  1
 113 158  1
 114 158  1
 236 158  1
 121 159  1
 122 159  1
 132 159  1
 177 159  1
 234 159  1
 248 159  1
 259 159  1
 271 160  1
 121 161  1
 128 161  1
 189 161  1
 243 161  1
   4 162  1
   5 162  1
  31 162  1
  39 162  1
 239 162  1
 258 162  1
 259 162  1
  44 163  1
 121 163  1
 141 164  1
  88 165  1
 233 165  1
 234 165  1
 125 166  1
 143 166  1
 260 166  1
  98 167  1
  36 168  1
  37 168  1
  79 168  1
 152 168  1
 191 168  1
  27 169  1
  41 169  1
  42 169  1
  43 169  1
  48 169  1
  52 169  1
  94 169  1
 186 169  1
 249 169  1
  25 170  1
 125 170  1
 126 170  1
 180 170  1
 232 170  1
 256 170  1
 257 170  1
  55 171  1
 131 171  1
 185 171  1
 247 171  1
 264 171  1
 271 171  1
  32 172  1
  34 172  1
  44 172  1
  46 172  1
 129 172  1
 177 172  1
 158 173  1
   9 174  1
  10 174  1
  57 174  1
 230 174  1
 231 174  1
 257 174  1
 127 175  1
 170 175  1
 254 176  1
  61 177  1
 227 177  1
 244 177  1
 261 177  1
 264 177  1
 265 177  1
 128 178  1
 182 178  1
 185 179  1
 242 179  1
 172 180  1
 180 180  1
 181 180  1
  28 181  1
  36 181  1
 261 181  1
 274 181  1
 275 181  1
 107 182  1
 189 182  1
 195 182  1
 240 182  1
  14 183  1
  23 183  1
  27 183  1
 165 183  1
 250 183  1
 167 184  1
 177 184  1
  56 185  1
  57 185  1
  16 186  1
  35 186  1
  39 186  1
  44 186  1
  54 186  1
 183 186  1
 208 186  1
 247 186  1
 185 188  1
 247 188  1
 271 188  1
 114 189  1
 192 189  1
 201 189  1
 217 189  1
 234 189  1
 244 189  1
 245 189  1
  31 190  1
  32 190  1
 109 190  1
 167 190  1
 210 190  1
 152 191  1
 171 191  1
 195 191  1
 208 191  1
 234 191  1
 243 191  1
 244 191  1
 269 191  1
  28 192  1
  29 192  1
 105 192  1
 147 192  1
 199 192  1
 240 192  1
 241 192  1
  21 193  1
 233 193  1
 119 194  1
 128 194  1
 141 194  1
 218 194  1
 252 195  1
 121 196  1
 214 196  1
 242 196  1
  72 197  1
  78 197  1
  79 197  1
 134 197  1
  68 198  1
 218 198  1
 247 198  1
  25 199  1
  26 199  1
 104 199  1
 105 199  1
 144 199  1
 145 199  1
 213 199  1
 247 200  1
 248 200  1
 253 200  1
  81 201  1
 158 202  1
 159 202  1
  86 203  1
 135 203  1
 228 203  1
  91 204  1
 103 204  1
 104 204  1
 127 204  1
  30 205  1
 141 205  1
 207 205  1
 160 206  1
  95 207  1
 127 207  1
 131 207  1
 216 207  1
 221 207  1
 229 207  1
 102 208  1
  68 209  1
 208 209  1
 209 209  1
 153 210  2
 154 210  1
 155 210  1
  55 211  1
 132 211  1
 143 211  1
 145 211  1
 213 211  1
 227 211  1
 236 211  1
  44 212  1
 136 212  1
 230 212  1
 222 213  1
  38 214  1
  58 214  1
  90 214  1
 188 214  1
 189 214  1
 225 214  1
 230 214  1
 236 214  1
 237 214  1
  53 215  1
  48 216  1
  49 216  1
  58 216  1
  96 216  1
  97 216  1
 139 216  1
 176 216  1
 177 216  1
 183 216  1
 209 216  1
 210 216  1
  40 217  1
 236 217  1
  57 218  1
  63 218  1
  89 218  1
  90 218  1
 178 218  1
  99 219  1
 210 220  1
  67 221  1
 163 221  1
 228 221  1
 233 221  1
 130 222  1
 155 223  1
 120 224  1
 132 224  1
 207 224  1
 238 225  1
  85 227  1
  86 227  1
 107 227  1
 117 227  1
 237 227  1
 235 228  1
 105 229  1
 110 229  1
 111 229  1
 132 229  1
 103 230  1
  96 231  1
 229 232  1
 150 234  1
 225 234  1
  61 235  1
 100 235  1
 106 235  1
  93 236  1
  94 236  1
 145 237  1
  99 238  1
 100 238  1
 219 238  1
 105 239  1
  70 240  1
  71 240  1
 109 240  1
 105 241  1
 155 241  1
  82 242  1
 212 242  1
 137 244  1
 138 244  1
 139 244  1
 210 244  1
 110 246  1
 144 246  1
 154 246  1
 206 246  1
 136 248  1
 201 248  1
 132 249  1
 153 252  1
 192 252  1


count = 838