 124   1  1
 133   1  1
 168   1  1
 121   2  1
 179   2  1
 187   4  1
 140   6  1
 161   6  1
 193   6  1
 101   7  1
 199   8  1
  92   9  1
 155   9  1
 156   9  1
 161   9  1
 162   9  1
 201   9  1
 150  10  1
 112  11  1
 211  13  1
 200  16  1
  73  17  1
  90  17  1
 108  17  1
  70  18  1
 103  18  1
  83  19  1
  84  19  1
 221  19  1
 222  19  1
 202  20  1
 208  20  1
 209  20  1
 114  22  1
 227  22  1
  73  23  1
  94  23  1
 101  23  1
 106  23  1
 136  24  1
  56  25  1
 141  25  1
  89  26  1
  96  26  1
 199  26  1
 200  26  1
 159  27  1
 163  27  1
  50  29  1
  63  29  1
  73  29  1
  91  30  1
  98  30  1
 136  30  1
 191  30  1
  45  32  1
 137  33  1
  68  35  1
  69  35  1
 105  35  1
 106  35  1
 136  35  1
 137  35  1
 201  35  1
 190  37  1
 195  37  1
  62  38  1
  66  39  1
  97  39  1
 102  39  1
 104  39  1
 197  40  1
 198  40  1
  41  41  1
  42  41  1
 134  42  1
 135  42  1
 101  43  1
 102  43  1
  37  46  1
  38  46  1
 197  46  1
 113  47  1
 155  47  1
 159  47  1
 193  47  1
 133  49  1
 142  49  1
 105  50  1
 110  50  1
 131  50  2
 255  50  1
 256  50  1
 133  51  1
 112  53  1
 156  53  1
 119  55  1
 120  55  1
 137  55  1
 138  55  1
 162  55  1
 241  57  1
 243  58  1
 245  58  1
 259  58  1
  17  59  1
 236  59  1
 254  60  1
 239  62  1
 248  62  1
 235  65  1
 244  65  1
 257  65  1
 258  65  1
  13  67  1
  14  67  1
 182  72  1
 180  73  1
 195  73  1
  10  75  1
 176  75  1
 199  75  1
 199  77  1
   6  78  1
   7  78  1
 200  79  1
 199  82  1
  85  84  1
  92  85  1
  93  85  1
  94  85  1
  88  86  1
  89  86  1
  66  88  1
 242  88  1
 157  89  1
 172  89  1
  83  90  1
  84  90  1
 226  90  1
 151  92  1
 237  92  1
 243  92  1
  86  93  1
 193  93  1
 232  93  1
 276  93  1
 277  93  1
 176  94  1
 171  96  1
 277  96  1
 278  96  1
 212  97  1
 218  97  1
 230  97  1
 242  97  1
   1  98  1
  64  98  1
 165  98  1
 241  99  1
 242  99  1
 163 101  1
 237 101  1
  96 102  1
  98 102  1
 103 102  1
 104 102  1
 128 102  1
 133 102  1
 136 102  1
 137 102  1
 279 102  1
 280 102  1
  65 103  1
  66 103  1
  56 104  1
 131 104  1
 142 104  1
 143 104  1
 218 104  1
  94 105  1
 156 106  1
 220 106  1
 120 107  1
 121 107  1
 231 107  1
 235 107  1
  56 108  1
  97 108  1
 248 108  1
 152 109  1
 179 109  1
  52 110  1
 143 110  1
 210 110  1
 270 111  1
 271 111  1
  52 112  1
 212 112  1
 123 114  1
 124 114  1
 259 114  2
 260 114  1
   1 115  1
 129 115  1
 130 115  1
 267 115  1
 119 117  1
 134 117  1
  55 118  1
  62 118  1
 144 118  1
 145 118  1
 146 118  1
   4 119  1
 117 119  1
 169 119  1
 203 119  1
 271 119  1
 272 119  1
 274 120  1
   7 122  1
  14 122  1
  21 122  1
  59 123  1
 256 124  1
 279 124  1
 280 124  1
  11 125  1
 164 125  1
 165 125  1
 202 125  1
 128 126  1
 247 126  1
  11 127  1
  12 127  1
  37 127  1
  47 127  1
  48 127  1
  76 127  1
 169 127  1
 170 127  1
 201 127  1
  16 128  1
  19 128  1
 274 128  1
  11 129  1
  50 129  1
  55 129  1
  74 129  1
 136 129  1
 199 129  1
 200 129  1
 208 129  1
 219 129  1
 238 129  1
 240 129  1
  29 130  1
  39 130  1
 128 130  1
 130 130  1
 155 130  1
 244 130  1
 263 130  1
 264 130  1
 271 130  1
 272 130  1
  10 131  1
  11 131  1
  42 131  1
  43 131  1
  60 131  1
  62 131  1
 122 131  1
 238 131  1
  16 132  1
  66 132  1
  84 132  1
 170 132  1
 238 133  1
 239 133  1
  53 134  1
 136 134  1
 137 134  1
 156 134  2
 157 134  1
 209 134  1
 217 134  1
 233 134  1
 235 134  1
 271 134  1
   5 135  1
  47 135  1
 173 135  1
 174 135  1
 221 135  1
 227 135  1
 127 136  1
 128 136  1
 151 136  1
 153 136  1
 274 136  1
   3 137  1
  12 137  1
  26 137  1
  66 137  1
  76 137  1
 141 137  2
 147 137  1
 165 137  1
 224 137  1
  58 138  1
  49 139  1
   7 140  1
  15 140  1
  43 140  1
  74 140  1
 222 140  1
  53 141  1
 216 141  1
 218 141  1
  43 142  1
 211 142  1
 280 142  1
 281 142  1
  72 143  1
  42 144  1
  43 144  1
  49 144  1
  59 144  1
 165 144  1
 173 144  1
   1 145  1
  12 146  1
  45 146  1
  46 146  1
  57 146  1
 177 147  1
  69 148  1
  14 149  1
 167 149  1
 235 149  1
 236 149  1
 282 149  1
 283 149  1
  57 150  1
 121 150  1
 163 150  1
 169 151  1
 179 151  1
  16 152  1
  55 152  1
  65 153  1
  89 153  1
  90 153  1
 158 153  1
  43 154  1
  44 154  1
 164 154  1
  93 156  1
  96 156  1
 182 156  1
  12 157  1
  63 157  1
   6 158  1
 159 158  1
 161 158  1
 187 159  1
 188 159  1
  15 161  1
 190 163  1
   1 164  1
  62 164  1
  84 164  1
 164 164  1
 192 164  1
  16 165  1
 134 165  1
 170 166  1
  20 167  1
  64 167  1
 145 167  1
  87 169  1
 121 169  1
 128 169  1
 129 169  1
 130 169  1
 148 170  1
 182 171  1
 145 173  1
  55 174  1
 130 174  1
 281 174  1
 282 174  1
  69 175  1
 147 175  1
 182 175  1
 183 175  1
 133 176  1
  66 178  1
 146 179  1
 189 179  1
 208 179  1
 209 179  1
   6 181  1
 146 181  1
 177 182  1
 185 183  1
   8 184  1
  17 184  1
 189 185  1
  67 187  1
 149 187  1
  77 188  1
  83 188  1
 213 188  1
  16 189  1
  17 189  1
  59 189  1
 183 189  1
 257 189  1
 203 190  1
 276 190  1
 277 190  1
  78 192  1
  79 192  1
 197 192  1
 252 192  1
  88 193  1
 161 193  1
  72 194  1
 158 194  1
 258 194  1
 153 195  1
  80 196  1
  73 197  1
 104 197  1
 108 197  1
 149 197  1
 266 197  1
 254 198  1
 131 199  1
 157 199  1
 135 200  1
 156 201  1
  55 202  1
  76 202  1
  80 202  1
 128 202  1
 258 202  1
  42 203  1
  48 203  1
 103 203  1
 146 203  1
 174 203  1
 227 203  1
 264 203  1
  55 204  1
  88 204  1
 223 204  1
 270 204  1
  51 205  1
  76 205  1
 152 205  1
  81 206  1
 109 206  1
 110 206  1
 135 206  1
 142 206  1
 177 206  1
 205 206  1
 105 207  1
 127 207  1
 177 208  1
 201 208  1
 230 208  1
 231 208  1
 267 208  1
 105 209  1
 137 209  1
  41 210  1
 238 210  1
 101 211  1
 193 211  1
 174 212  1
 265 212  1
 109 213  1
 110 213  1
 131 214  1
 189 214  1
 240 214  1
 123 215  1
 125 215  1
 139 215  1
 142 215  1
 187 215  1
 263 215  1
  28 216  1
 244 216  1
  39 217  1
 101 217  1
 102 217  1
 168 217  1
 187 217  1
 232 217  1
 105 218  1
 106 218  1
 240 218  1
 241 218  1
 187 219  1
 189 220  1
 204 220  1
 210 220  1
 119 221  1
 155 221  1
 219 221  1
  44 222  1
  57 222  1
  58 222  1
  94 222  1
  39 223  1
 126 223  1
 130 223  1
  41 224  1
 201 225  1
 203 225  1
  96 226  1
 253 226  1
 156 227  1
 120 228  1
 147 228  1
 208 228  1
 225 228  1
 228 228  1
 244 228  1
  90 229  1
  91 229  1
 145 229  1
 210 229  1
 222 229  1
  57 230  1
 100 230  1
 127 231  1
 154 231  1
 211 231  1
 222 231  1
 131 232  1
 132 232  1
  72 233  1
 152 233  1
 218 233  1
 219 233  1
 233 233  1
  50 234  1
  86 234  1
 244 234  1
 112 235  1
 113 235  1
 125 235  1
 214 235  1
  95 236  1
 130 236  1
 143 237  1
 148 237  1
 225 237  1
 239 237  1
 105 238  1
 227 238  1
 125 239  1
  84 240  1
 223 241  1
 234 241  1
  99 243  1
 129 243  1
 228 244  1
 113 246  1
 118 247  1
 210 250  1
 207 251  1
 133 252  1
 139 254  1
 144 255  1
 182 256  1


count = 583