 115   1  1
 137   1  1
 105   3  1
 165   5  1
  99   6  1
 100   6  1
 118   7  1
 125   8  1
 140   8  1
 134   9  1
 107  10  1
 130  10  1
 131  10  1
 149  10  1
 179  10  1
 116  11  1
 104  12  1
 106  12  1
 131  12  1
 157  12  1
 162  12  1
 163  12  1
 141  13  1
 187  13  1
  81  14  1
  79  15  1
 137  15  1
 148  15  1
 167  15  1
 192  15  1
 127  16  1
 196  16  1
  98  17  1
 105  17  1
 135  18  1
  69  19  1
 107  19  1
 165  19  1
 200  19  1
 117  20  1
 130  20  1
 148  20  1
 149  20  1
  67  21  1
  84  21  1
  85  21  1
 164  21  1
 207  22  1
  63  23  1
 103  23  1
 111  23  1
 112  23  1
 136  23  1
  80  24  1
  98  24  1
 107  24  1
 120  24  4
 141  24  1
 142  24  1
  60  25  1
  83  25  1
 162  25  1
 212  25  1
 117  26  1
 167  26  1
 168  26  1
  76  27  1
  94  27  1
  53  28  1
 111  29  1
 112  29  1
 148  29  1
 149  29  1
  70  30  1
 154  30  1
 159  30  1
  73  31  1
 105  31  1
  49  32  1
  63  32  1
  92  32  1
 100  32  1
 109  32  1
 131  32  1
 222  32  1
  66  34  1
  67  34  1
 123  34  1
 124  34  1
 125  34  1
 147  34  1
 165  34  1
 169  34  1
 210  34  1
  44  35  1
  82  35  1
 228  35  1
  55  36  1
  69  36  1
  70  36  1
 122  36  1
 123  36  1
 149  36  1
 160  36  1
  41  37  1
  52  37  1
  76  37  1
  89  37  1
 107  37  1
  65  38  1
 169  38  1
 213  38  1
 158  39  1
 159  39  1
 165  39  1
  70  40  1
  79  40  1
  80  40  1
 104  40  1
 118  40  1
  49  41  1
  68  41  1
 111  41  1
  88  42  1
  89  42  1
  34  43  1
  43  43  1
 100  43  1
 165  43  1
 180  43  1
 181  43  1
 221  43  1
 222  43  1
  72  44  1
 107  44  1
 108  44  1
 113  44  1
 195  44  1
 196  44  1
 199  44  1
 227  44  1
  60  45  1
  76  45  1
 118  45  1
 174  45  1
 221  45  1
  74  46  1
 182  46  1
 105  47  1
  37  48  1
  39  48  1
  41  48  1
  74  48  1
 113  48  1
 164  48  1
 178  48  1
 202  48  1
 203  48  1
  58  49  1
  63  49  1
  92  49  1
 160  49  1
  37  50  1
 116  50  1
 178  50  1
 195  50  1
 122  51  1
 193  51  1
  69  52  1
  86  52  1
 108  52  1
 127  52  1
  76  53  1
 205  53  1
 206  53  1
  23  54  1
  64  54  1
  67  55  1
 112  55  1
 129  55  1
 199  55  1
 200  55  1
 214  55  1
  22  56  1
  83  56  1
  84  56  1
 253  57  1
  97  58  1
  98  58  1
 219  59  1
  86  60  1
 135  60  1
 192  60  1
  19  61  1
  61  61  1
  65  61  1
  66  61  1
  67  61  1
  75  61  1
  98  61  1
  82  62  1
 197  62  1
 102  63  1
 229  63  1
 231  63  1
  60  64  1
  82  64  1
 110  64  1
 215  64  1
 219  64  1
 253  64  1
 254  64  1
  64  65  1
 260  65  1
  82  66  1
  97  66  1
 221  66  1
 225  67  1
 247  67  1
  67  68  1
  72  68  1
  76  69  1
 183  69  1
  66  70  1
 166  70  1
 224  70  1
 230  70  1
 244  70  1
  78  71  1
  88  71  1
  92  71  1
 161  71  1
 228  71  1
 235  71  1
 236  71  1
  42  72  1
 173  72  1
 244  72  1
  14  73  1
  15  73  1
  37  73  1
  54  73  2
  82  73  1
 227  73  1
 253  73  1
 254  73  1
 259  73  1
 159  74  1
  63  75  1
  64  75  1
 107  75  1
  95  76  1
 200  76  1
 201  76  1
  84  77  1
 108  77  1
 222  77  1
 197  78  1
 241  78  1
 257  78  1
 258  78  1
 270  78  1
 271  78  1
  12  79  1
  13  79  1
 157  79  1
 216  79  1
 217  79  1
 229  79  1
 163  80  1
 187  80  1
 204  80  1
 208  80  1
 150  81  1
 169  81  1
 192  81  1
  79  82  1
  87  82  1
  88  82  1
 164  82  1
 241  82  1
 251  82  1
  22  83  1
  43  83  1
 106  83  1
 160  83  1
 224  83  1
  68  84  1
  97  84  1
 136  84  1
  28  85  1
  43  85  1
 133  85  1
 142  85  1
 228  85  1
  36  86  1
 197  86  1
 222  86  1
  43  87  1
  44  87  1
  93  87  1
  94  87  1
 130  87  1
 183  87  1
 212  87  1
 213  87  1
 250  87  1
  36  88  1
  52  88  1
 243  88  1
 244  88  1
  17  89  1
  27  89  1
  57  89  1
 135  89  1
 191  89  1
 208  89  1
 277  89  1
  44  90  1
 185  90  1
 186  90  1
 200  90  1
 228  90  1
 170  91  1
 181  91  1
 190  91  1
 136  92  1
  15  93  1
  58  93  1
  19  94  1
 182  94  1
 186  94  1
 226  94  1
 201  95  1
   4  96  1
   5  96  1
  55  96  1
  56  96  1
 157  96  1
 158  96  1
 169  96  1
  60  97  1
 113  97  1
 114  97  1
 165  97  1
  25  98  1
  26  98  1
 106  98  2
 107  98  1
 194  98  1
 272  98  1
 280  98  1
 281  98  1
  11  99  1
 187  99  1
 188  99  1
 263  99  1
  53 100  1
  65 100  1
 223 100  1
 241 100  1
 252 100  1
 253 100  1
  58 101  1
  70 101  1
 197 101  1
  14 102  1
  97 102  1
 256 103  1
 273 103  1
  66 104  1
 150 104  1
 191 104  1
 221 104  1
 236 104  1
  18 105  1
  21 105  1
  55 105  1
 148 105  1
 240 105  1
 248 105  1
 260 105  1
  10 106  1
 228 106  1
  48 107  1
 237 107  1
 238 107  1
 276 107  1
  16 108  1
  36 108  1
 117 108  1
 100 109  1
 176 109  1
 177 109  1
 182 109  1
 189 109  1
 221 109  1
 256 109  1
 116 110  1
 126 110  1
 241 110  1
 246 110  1
  38 111  1
  72 111  1
  98 111  1
 107 111  1
 265 111  1
  44 112  1
  96 112  1
 154 112  1
 202 112  1
 203 112  1
  30 113  1
 127 113  1
 133 113  1
 235 113  1
 255 113  1
  21 114  1
  23 114  1
  46 114  1
  93 114  1
 242 114  1
 243 114  1
   8 115  1
   9 115  1
 101 115  1
 138 115  1
 142 115  1
 143 115  1
 178 115  1
 225 115  1
 255 115  1
  21 116  1
  35 116  1
 108 116  1
 116 116  1
 204 116  1
 205 116  1
 263 116  1
 264 116  1
  90 117  1
  94 117  1
 146 117  1
 152 117  1
 173 117  1
 188 117  1
 212 117  1
 213 117  1
 219 117  1
  81 118  1
 186 118  1
 192 118  1
 282 118  1
 283 118  1
  37 119  1
  70 119  1
 110 119  1
 111 119  1
 120 119  1
 138 119  1
 177 119  1
 209 119  1
  73 120  1
 186 120  1
  31 121  1
  50 121  1
  79 121  1
  85 121  1
  86 121  1
 145 121  1
 146 121  1
 197 121  1
  40 122  1
  41 122  1
 125 122  1
 183 122  1
 184 122  1
 257 122  1
 264 122  1
   9 123  1
  10 123  1
  23 123  1
   1 124  1
   2 124  1
  16 124  1
 175 124  1
 176 124  1
 177 124  1
 205 124  1
 243 124  1
  23 125  1
  39 125  1
  40 125  1
  77 125  1
 151 125  1
 245 125  1
  30 126  1
 166 126  1
 182 126  1
 186 126  1
 256 126  1
 264 126  1
  23 127  1
  34 127  1
  45 127  1
 237 127  1
 276 127  1
  65 128  1
 147 128  1
 154 128  1
 163 128  1
 194 128  1
 219 128  1
 242 128  1
 268 128  1
 269 128  1
  31 129  1
  32 129  1
  45 129  1
 115 129  1
 190 129  1
 225 129  1
 106 130  1
 229 130  1
 252 130  1
 253 130  1
  47 131  1
  49 131  1
  50 131  1
  76 131  1
 165 131  1
 166 131  1
 145 132  1
 189 132  1
 194 132  1
 196 132  1
 239 132  1
 243 132  1
 252 132  1
 253 132  1
 261 132  1
  70 133  1
  86 133  1
  88 133  1
 166 133  1
 210 133  1
 231 133  1
  12 134  1
  34 134  1
  36 134  1
  61 134  1
 216 134  1
 265 134  1
  38 135  1
 201 135  1
 248 135  1
 249 135  1
 267 135  1
  50 136  1
  73 136  1
 233 136  1
   8 137  1
   9 137  1
  19 137  1
  20 137  1
  90 137  1
 222 137  1
 238 137  1
   1 138  1
  41 138  1
  53 138  1
  68 138  1
 227 138  1
 252 138  1
 269 138  1
  60 139  1
  80 139  1
 149 139  1
 192 139  1
 245 139  1
 247 139  1
  68 140  1
  86 140  1
 162 140  1
 163 140  1
  75 141  1
 136 141  1
 188 141  1
  23 142  1
  29 142  1
  39 142  1
 172 142  1
 218 142  1
 226 142  1
 238 142  1
   9 143  1
 100 143  1
 128 143  1
 130 143  1
 132 143  1
 193 143  1
 194 143  1
 256 143  1
 257 143  1
  47 144  1
  48 144  1
  96 144  1
 134 144  1
 275 144  1
 276 144  1
  61 145  1
  66 145  1
  79 145  1
 176 145  1
 183 145  1
 156 146  1
 159 146  1
  23 147  1
  60 147  1
  67 147  1
  71 147  1
 166 147  1
 267 148  1
 276 148  1
 277 148  1
   1 149  1
  57 149  1
  58 149  1
 118 149  1
 217 149  1
 227 149  1
 250 149  1
 251 149  1
 255 149  1
  17 150  1
  24 151  1
 272 151  1
  67 152  1
  69 152  1
 128 152  1
 174 152  1
 199 152  1
 249 152  1
  57 153  1
 115 153  1
 201 153  1
 225 153  1
 245 153  1
  14 154  1
 129 154  1
 135 154  1
 189 154  1
 208 154  1
 266 154  1
  11 155  1
  27 155  1
  28 155  1
 163 155  1
 164 155  1
 176 155  1
 212 155  1
 213 155  1
 225 155  1
  17 156  1
  20 156  1
  87 156  1
 170 156  2
 264 156  1
 108 157  1
 151 157  1
 193 157  1
 221 157  1
 250 157  1
 259 157  1
  57 158  1
  98 158  1
 100 158  1
 201 158  1
 206 158  1
 245 158  1
  62 159  1
   4 160  1
   5 160  1
  46 160  1
 163 160  1
 270 160  1
  31 162  1
  52 162  1
 107 162  1
 109 162  1
 202 162  1
 101 163  1
 169 163  1
   5 164  1
   6 164  1
  25 165  1
  41 165  1
  83 165  1
  84 165  1
 184 165  1
  60 166  1
 179 166  1
 189 166  1
 207 166  1
 208 166  1
 235 166  1
   6 167  1
   7 167  1
 171 167  1
 172 167  1
  96 168  1
 138 168  1
  39 169  1
 186 169  1
 275 169  1
   7 170  1
   8 170  1
 149 170  1
 180 170  1
 262 170  1
 202 171  1
 234 171  1
  37 172  1
  99 172  1
 151 172  1
 166 172  1
 204 172  1
 207 172  1
 256 172  1
 257 172  1
   8 173  1
   9 173  1
 189 173  1
 193 173  1
 198 173  1
 230 173  1
 247 173  1
 174 174  1
 220 174  1
 227 174  1
 156 175  1
 257 175  1
  34 176  1
 160 176  1
 183 176  1
 271 176  1
 176 177  1
 257 177  1
  34 178  1
  99 178  1
 230 178  1
  99 180  1
 169 180  1
 260 180  1
  31 181  1
  32 181  1
  40 181  1
 222 181  1
 100 182  1
 198 182  1
 267 182  1
  36 183  1
  71 183  1
  72 183  1
  79 185  1
  81 185  1
 200 185  1
 204 185  1
 218 185  1
  40 186  1
  62 186  1
  63 186  1
  24 187  1
 153 187  1
  69 188  1
  45 189  1
  52 189  1
  73 189  1
  38 190  1
  39 190  1
 157 190  1
  14 191  1
  15 191  1
  34 191  1
  35 191  1
  54 191  1
  59 191  1
  60 191  1
  91 191  1
 159 191  1
 161 191  1
 213 191  1
  81 192  1
  82 192  1
  83 192  1
 217 192  1
 220 192  1
 221 192  1
  90 193  1
 260 193  1
 170 194  1
 224 194  1
 225 194  1
  41 195  1
  87 195  1
 134 195  1
  17 196  1
  55 196  1
  56 196  1
  59 196  1
 213 196  1
 258 196  1
 165 197  1
 166 197  1
  30 198  1
  34 198  1
  19 200  1
 137 201  1
 143 201  1
 237 202  1
  21 203  1
  35 203  1
 169 203  1
 252 203  1
 142 205  1
  23 206  1
 171 206  1
 186 206  1
 235 206  1
  94 207  1
 175 207  1
 195 209  1
  45 211  1
  49 211  1
 153 211  1
  67 212  1
  86 212  1
 173 212  1
 174 212  1
 175 212  1
  75 213  1
 144 213  1
 158 213  1
 159 213  1
 149 215  1
 151 215  1
  64 216  1
 144 216  1
  54 217  1
  60 217  1
  64 218  1
 200 218  1
  72 219  1
 237 219  1
  63 220  1
  64 220  1
  75 220  1
  56 222  1
  75 222  1
 100 222  1
 154 222  1
  61 223  1
  81 223  1
 177 223  1
 178 223  1
  41 224  1
 115 224  1
 167 224  1
 168 224  1
 197 224  1
 202 224  1
 232 224  1
  65 225  1
  78 225  1
  52 226  1
  53 226  1
 168 226  1
 100 227  1
 104 227  1
 162 227  1
 174 227  1
 198 227  1
  47 228  1
  72 228  1
 168 228  1
 165 229  1
 180 229  1
 207 229  1
  49 230  1
  58 230  1
  66 230  1
  67 230  1
  98 230  1
 131 230  1
 148 230  1
 217 230  1
 165 231  1
 121 232  1
 197 232  1
 203 232  1
  75 233  1
 104 233  1
 127 233  1
 128 233  1
  54 234  1
  55 234  1
  86 234  1
  91 234  1
 172 234  1
 178 234  1
 179 234  1
 207 235  1
 100 236  1
 105 236  1
 158 236  1
 126 237  1
 192 237  1
 205 237  1
  64 238  1
  82 238  1
 154 238  1
 159 238  1
 167 238  1
 172 238  1
 186 238  1
  88 239  1
  95 239  1
 104 241  1
 109 241  1
 197 241  1
 126 242  1
  74 243  1
  76 243  1
  91 243  1
 105 243  1
  79 244  1
 132 244  1
 156 244  1
 191 244  1
  81 245  1
 182 247  1
 134 248  1
 169 250  1
  96 251  1
 101 253  1
 126 255  1
 110 256  1
 113 257  1


count = 948