 149   1  1
 172   1  1
 133   3  1
 130   4  1
 127   5  1
 189   5  1
 190   5  1
 124   6  1
 118   8  1
 199   9  1
 112  11  1
 113  11  1
 204  11  1
 109  13  1
 209  13  1
 106  15  1
 195  15  1
 196  15  1
 114  17  1
 195  17  1
 119  18  1
 185  18  1
 189  18  1
 123  19  1
 218  20  1
 206  21  1
 107  23  1
 190  24  1
 211  24  1
  71  25  1
 100  25  1
 116  25  1
 132  25  1
 133  25  1
 174  25  1
 178  25  1
 199  25  1
 206  25  1
 228  25  1
  68  26  1
  65  27  1
  93  27  1
 201  27  2
  83  28  1
  84  28  1
  76  29  1
  93  29  1
  94  29  1
 131  29  1
 138  29  1
 139  29  1
 195  30  1
 133  31  1
 134  31  1
 169  32  1
 174  32  1
 191  33  1
 192  33  1
 123  35  1
 124  35  1
  46  36  1
 133  36  1
 138  36  1
 166  36  1
 183  37  1
 186  37  1
 210  37  1
  41  39  1
 179  40  1
 213  40  1
 214  40  1
 227  40  1
  37  41  1
  38  41  1
 141  41  1
 217  41  1
 119  42  1
 120  42  1
 129  42  1
 143  42  1
 145  42  1
 169  43  1
 132  44  1
 133  44  1
 137  44  1
 147  45  1
 120  46  1
 127  46  1
 132  46  1
 139  46  1
 132  48  1
 220  48  1
 143  49  1
 153  49  1
 200  49  1
 254  49  1
  27  50  1
 124  50  1
 125  50  1
 174  50  1
 181  50  1
 154  51  1
 150  52  1
 200  52  1
 219  52  1
  25  54  1
  83  54  1
 217  54  1
 153  56  1
 160  56  1
 261  56  1
 146  57  1
 194  57  1
 206  57  1
  81  59  1
 194  59  1
 190  61  1
 191  61  1
  17  62  1
 159  63  1
 160  63  1
 266  64  1
 267  64  1
  14  67  1
 122  67  1
 193  67  1
 188  68  1
 196  68  1
 202  68  1
 258  68  1
 117  69  1
 137  69  1
 156  69  1
 157  69  1
 255  69  1
 256  69  1
 180  70  1
 141  71  1
 204  71  1
 253  71  1
 106  72  1
 107  72  1
 130  72  1
 180  74  1
   8  75  1
  96  76  1
 141  76  1
 184  76  1
 185  76  1
 218  76  1
 133  77  1
 193  77  1
 198  77  1
 205  77  1
 207  77  1
 252  77  1
  94  78  1
 139  78  1
 267  78  1
 207  79  1
 188  80  1
 214  81  1
 182  82  1
 183  82  1
 192  82  1
 225  82  1
 228  82  1
 229  82  1
 260  83  1
 269  83  1
 242  84  1
 219  85  1
  87  86  1
 172  86  1
 183  86  1
  83  87  1
  85  87  1
 183  88  1
 195  88  1
 258  88  1
 278  88  1
 279  88  1
 225  89  1
 226  89  1
 245  89  1
 191  90  1
 252  90  1
 261  90  1
 177  91  1
 279  91  1
 280  91  1
 184  92  1
 217  92  1
  84  93  1
 180  93  1
 193  93  1
 225  93  1
 249  93  1
 251  93  1
  94  95  1
 181  95  1
 194  95  1
 223  95  1
 254  95  1
 281  96  1
 282  96  1
 193  97  1
 259  97  1
  74  99  1
 179  99  1
 180  99  1
 272  99  1
 225 100  1
 255 100  1
 268 100  1
 282 100  1
 283 100  1
  33 101  1
  45 101  1
  73 101  1
 191 101  1
 258 101  1
  25 102  1
   1 103  1
  47 103  1
  48 103  1
 108 103  1
 188 103  1
 190 103  1
 276 103  1
 103 104  1
 181 104  1
 270 104  1
 271 104  1
  55 105  1
  52 106  1
  19 107  1
 173 107  1
   9 108  1
  58 108  1
  84 108  1
 178 108  1
 272 108  1
 281 108  1
 282 108  1
  46 109  1
 170 111  1
 179 111  1
 180 111  1
 275 111  1
  81 112  1
  82 112  1
   1 113  1
 104 113  1
 170 113  1
 272 113  1
  89 114  1
  92 114  1
 100 114  1
  52 115  1
 137 115  1
 162 115  1
 175 115  1
 177 115  1
 260 115  1
 253 116  1
 278 116  1
 279 116  1
  85 117  1
 184 117  1
 263 117  1
 139 118  1
 140 118  1
  23 119  1
  54 119  1
  87 119  1
 109 119  1
 112 119  1
 188 119  1
 221 119  1
 263 119  1
 106 120  1
 170 120  1
  56 121  1
  93 121  1
 160 121  1
 191 121  1
 269 121  1
  14 122  1
 213 122  1
 215 122  1
 140 123  1
 158 123  1
 159 123  1
 180 123  1
 258 123  1
 222 124  1
  25 125  1
  33 125  1
  85 125  1
 182 125  1
 191 125  1
 192 125  1
  10 126  1
 107 126  1
 148 126  1
 149 126  1
 271 126  1
  19 127  1
 145 127  1
 162 127  1
 163 127  1
 167 127  1
 219 127  1
 221 127  1
   9 128  1
 215 128  1
 224 128  1
 113 129  1
 182 129  1
 236 129  1
 237 129  1
 263 129  1
   8 130  1
   9 130  1
  15 130  1
 176 130  1
 250 130  1
  29 131  1
  75 131  1
  88 131  1
 166 131  1
 171 131  1
 172 131  1
 196 131  1
 211 131  1
  19 132  1
  20 132  1
  66 132  1
  67 132  1
 198 132  1
 207 132  1
 208 132  1
  25 133  1
 113 133  1
 229 133  1
  12 134  1
 235 134  1
 240 134  1
   3 135  1
  80 135  1
  81 135  1
  66 136  1
 161 136  1
  77 137  1
  78 137  1
 212 137  1
 166 138  1
 203 138  1
 209 138  1
 210 138  1
 268 138  1
   9 139  1
  35 139  1
  71 139  1
  60 140  1
  64 140  1
 179 140  1
 228 140  1
  19 141  1
  24 141  1
  72 141  1
  74 141  1
  75 141  1
 167 141  1
  65 142  1
 170 142  1
 171 142  1
 177 142  1
  53 143  1
  78 143  1
  26 144  1
 170 144  1
  36 145  1
 185 145  1
 245 145  1
 264 145  1
  38 146  1
  14 147  1
 170 147  1
 266 147  1
  26 149  1
  27 149  1
 189 149  1
  37 150  1
  97 150  2
 173 150  1
 178 150  1
 257 150  1
 264 151  1
  41 152  1
 228 152  1
 253 152  2
 254 152  1
 255 152  1
 189 153  1
  52 154  1
  96 154  1
  45 155  1
 215 156  1
 219 156  1
 234 156  1
 248 156  1
  86 158  1
  87 158  1
  37 159  1
 116 159  1
 220 159  1
 253 159  1
 259 159  1
 112 160  1
 223 160  1
 107 161  1
  34 162  1
  83 162  1
 125 162  1
 233 162  1
 234 162  1
  20 163  1
 179 164  1
 248 164  1
  54 165  1
 111 165  1
 112 165  1
 238 165  1
 239 165  1
 134 166  1
 179 166  1
  29 167  1
  49 167  2
  50 167  1
  57 167  1
 174 167  1
 183 167  1
 187 167  1
 140 168  1
 141 168  1
 145 168  1
 147 168  1
 253 168  1
 257 168  1
  36 169  1
 118 169  1
 132 169  1
 250 169  1
  33 170  1
  34 170  1
  59 170  1
 125 170  1
 258 170  1
 264 170  1
   5 171  1
   6 171  1
 119 171  1
 238 171  1
 239 171  1
 103 172  1
 105 172  1
 245 172  1
 141 173  1
 142 173  1
 103 174  1
 182 174  1
 183 174  1
 192 174  1
 193 174  1
 270 174  1
 271 174  1
  57 175  1
 151 175  1
   7 176  1
   8 176  1
 185 176  1
  34 177  1
  35 177  1
  92 177  1
  96 177  1
 169 177  1
 227 177  1
 228 177  1
  55 178  1
 101 178  1
  55 180  1
  56 180  1
 199 180  1
 222 180  1
  89 181  1
  90 181  1
 104 182  1
 142 182  1
 143 182  1
 170 182  1
 171 182  1
 189 182  1
 190 182  1
 191 182  1
 201 182  1
 242 182  1
 110 183  1
 176 183  1
 209 184  1
 215 184  1
 219 184  1
  37 185  1
  38 185  1
 168 185  1
 266 185  1
  40 186  1
  54 186  1
  55 186  1
 143 186  1
 152 186  1
 194 186  1
 158 188  1
 243 189  1
 240 190  1
  41 191  1
  47 191  1
  49 191  1
 120 191  1
 144 191  1
 145 191  1
 152 191  1
 254 192  1
  15 193  1
 129 193  1
 237 193  1
 261 193  1
 142 194  1
  44 195  1
 107 197  1
 128 198  1
 149 198  1
 150 198  1
 155 198  1
 258 198  1
 104 199  1
 105 199  1
  46 200  1
  72 200  1
 136 200  1
 148 200  1
  51 201  1
  95 201  1
 153 202  1
 154 202  1
  53 203  1
  54 203  1
  98 203  1
 125 203  1
  28 204  1
  70 204  1
 139 204  1
 140 204  1
 231 204  1
 145 205  1
 146 205  1
 235 205  1
 139 206  1
 150 206  1
 215 206  1
  54 207  1
  73 207  1
  76 207  1
  78 208  1
 127 208  1
 154 209  1
 226 209  1
 237 209  1
  32 210  1
  93 210  1
 142 210  1
 240 210  1
 248 210  1
 102 211  1
 103 211  1
 114 211  1
 146 212  1
 129 213  1
 139 213  1
 115 214  1
 144 215  1
  37 216  1
  38 216  1
  81 216  1
 105 216  1
 157 216  1
  83 217  1
 138 217  1
 152 217  1
  70 218  1
 121 218  1
 148 218  1
  58 219  1
  85 219  1
 107 219  1
  90 220  1
  91 220  1
 131 220  1
 243 220  1
 244 220  1
  46 221  1
  83 222  1
 105 222  1
 155 222  1
 130 223  1
 241 223  1
  74 224  1
 128 224  1
  55 225  1
  90 225  1
  91 225  1
 118 225  1
 150 225  1
 139 226  1
 140 226  1
 124 227  1
 236 227  1
  89 228  1
  90 228  1
 144 228  1
 218 228  1
 122 229  1
 150 229  1
 232 229  1
 215 230  1
 216 230  1
  63 231  1
 229 231  1
 112 232  1
 115 232  1
 117 232  1
  66 233  1
  67 233  1
  89 233  1
 143 233  1
 144 233  1
 226 233  1
 151 234  1
 152 234  1
  72 235  1
 110 235  1
 222 235  1
 223 235  1
 120 236  1
 156 237  1
 217 238  1
 143 240  1
  96 241  1
 210 241  1
 138 242  1
 205 244  1
 206 244  1
 157 245  1
 107 247  1
 200 248  1
 196 250  1
 115 252  1
 117 252  1
 120 253  1
 182 254  1
 136 256  1
 164 257  1


count = 673