 180   1  1
 181   1  1
 192   1  1
 165   3  1
 182   8  1
 183   8  1
 192   8  1
 193   8  1
 219   8  1
 146   9  1
 206  10  1
 159  12  1
 166  12  1
 167  12  1
 186  12  1
 215  13  1
 154  14  1
 183  16  1
 193  17  1
 218  17  1
 100  18  1
 206  18  1
 214  18  1
 181  19  1
 198  19  1
 222  19  1
 226  19  1
 227  19  1
 238  19  1
  96  20  1
  97  20  1
 178  21  1
 209  21  1
 227  21  1
  89  22  1
 126  22  1
 127  22  1
 143  22  1
 161  22  1
 171  22  1
 117  23  1
 118  23  1
 133  23  1
 224  23  1
  83  24  1
 113  24  1
 127  24  1
 133  25  1
 216  25  1
  95  26  1
  96  26  1
 101  26  1
 102  26  1
 152  26  1
 153  26  1
 163  26  1
 164  26  1
 171  26  1
  76  27  1
 114  27  1
 143  27  1
 144  27  1
 156  27  1
 217  27  1
 218  27  1
 101  28  1
 231  28  1
  73  29  1
 130  29  1
 132  29  1
 192  29  2
 210  29  1
 118  30  1
  70  31  1
  93  31  1
  97  31  1
  98  31  1
 139  31  1
 140  31  1
 216  31  1
 217  31  1
 231  31  1
 232  31  1
 135  32  1
 157  32  1
 159  32  1
  68  33  1
 111  33  1
 210  33  1
 125  34  1
 126  34  1
 208  34  1
 213  34  1
  64  35  1
  81  35  1
 116  35  1
 187  35  1
 188  35  1
 189  35  1
 231  35  1
 255  36  1
 109  37  1
 118  37  1
 147  37  1
 148  37  1
  90  38  1
 142  39  1
 143  39  1
  86  40  1
  94  40  1
  80  41  1
  81  41  1
 261  41  1
 101  42  1
 102  42  1
 117  42  1
 128  42  1
 175  42  1
 223  42  1
 225  42  1
 242  42  1
 246  42  1
  71  43  1
 187  43  1
 237  43  1
  67  44  1
  74  44  1
  75  44  1
 157  44  1
 208  44  1
 209  44  1
 102  45  1
 103  45  1
 159  45  1
 191  45  1
 192  45  1
  80  46  1
 115  46  1
 116  46  1
 128  46  1
 150  46  1
 208  46  1
 245  46  1
 265  46  1
 162  47  1
 182  47  1
 191  47  1
  85  48  1
 108  48  1
 157  48  1
 160  48  1
 103  49  1
 113  49  1
 136  49  1
 217  49  1
  64  50  1
 100  50  1
 148  50  1
 164  50  1
 165  50  1
 199  50  1
 201  50  1
 203  50  1
 259  50  1
  68  51  1
 112  51  1
 113  51  1
 117  51  1
 162  51  1
 248  51  1
 183  52  1
 184  52  1
 208  52  1
 209  52  1
 222  52  1
  71  53  1
  73  53  1
  84  53  1
 138  53  1
 142  53  1
 143  53  1
 162  53  1
 227  53  1
 101  54  1
 201  54  1
 238  54  1
  86  55  1
 169  55  1
 191  55  1
 217  55  1
 218  55  1
 257  55  1
 258  55  1
 269  55  1
  42  56  1
  76  56  1
  95  56  1
 101  56  1
 112  56  1
 113  56  1
 160  56  1
  68  57  1
  70  57  1
 132  57  1
 134  57  1
 208  57  1
 214  57  1
 127  58  1
 179  58  1
 272  58  1
  36  59  1
  37  59  1
 141  59  1
 169  59  1
 206  59  1
 231  59  1
 258  59  1
  91  60  1
 118  60  1
 156  60  1
 157  60  1
 199  60  1
 209  60  1
 248  60  1
 260  60  1
  53  61  1
  98  61  1
 167  61  1
 122  62  1
 183  62  1
 188  62  1
 198  62  1
 241  62  1
 266  62  1
 268  62  1
  47  63  1
 246  63  1
 262  63  1
  54  64  1
  64  64  1
  75  64  1
 105  64  1
 126  64  1
 200  64  1
 256  64  1
 260  64  1
 120  65  1
  94  66  1
  97  66  1
  98  66  1
 151  66  1
 160  66  1
 180  66  1
 189  66  1
 190  66  1
 200  66  1
 240  66  1
  50  67  1
  57  67  1
  61  67  1
  84  67  1
 110  67  1
 120  67  1
 124  67  1
 196  67  1
 197  67  1
  82  68  1
  99  68  1
 276  68  1
 277  68  1
  36  69  1
 247  69  1
 254  69  1
 269  69  1
 103  70  1
 202  70  1
 263  70  1
 264  70  1
 119  71  1
 166  71  1
 277  71  1
 278  71  1
  52  72  1
  22  73  1
  93  73  1
  45  74  1
  48  74  1
  98  75  1
  31  76  1
  32  76  1
 107  76  1
 111  77  1
 142  78  1
  54  79  1
  55  79  1
 104  80  1
 147  80  1
 178  80  1
 107  81  1
 159  81  1
 161  81  1
  33  82  1
 174  82  1
  22  83  1
  25  83  1
 200  83  1
 201  83  1
 202  83  1
 204  83  1
 280  83  1
 281  83  1
  47  84  1
  57  84  1
  58  84  1
 157  84  1
  38  85  1
  39  85  1
  56  87  1
 174  87  1
 235  87  1
  25  88  1
  26  88  1
  41  88  1
 194  88  1
 197  88  1
  45  89  1
 230  89  1
 245  89  1
 134  90  1
 148  90  1
 202  90  1
  21  91  1
  22  91  1
 129  91  1
  43  92  1
 172  92  1
 220  92  1
 198  93  1
  11  94  1
  36  94  1
 208  94  1
 209  94  1
 259  94  1
 116  95  1
 133  95  1
 143  95  1
 158  95  1
 163  95  1
 183  95  1
 228  95  1
 173  96  1
 196  96  1
   9  97  1
  25  97  1
  30  97  1
  32  97  1
 220  97  1
 141  98  1
 188  98  1
 222  98  1
 223  98  1
 224  98  1
  15  99  1
  30  99  1
 139  99  1
 145  99  1
 170  99  1
 208  99  1
  77 100  1
  97 100  1
 200 100  1
 234 100  1
 236 100  1
 123 101  1
 177 101  1
   6 102  1
   7 102  1
  20 102  1
  22 102  1
  26 102  1
  58 102  1
 200 102  1
  15 103  1
  16 103  1
  44 103  1
  47 103  1
  52 103  1
 133 103  1
 204 103  1
  83 104  1
 128 104  1
 198 104  1
 209 104  1
  71 105  1
 237 105  1
 231 106  1
  28 107  1
  29 107  1
  39 107  1
  71 107  1
  72 107  1
  98 107  1
 105 107  1
 107 107  1
 201 107  1
 202 107  1
 207 107  1
  12 108  1
  68 108  1
  87 108  1
  89 108  1
  90 108  1
 129 108  1
 131 108  1
  40 109  1
  49 109  1
 192 109  1
  74 110  1
  75 110  1
  92 110  1
  93 110  1
 131 110  1
 152 110  1
 164 111  1
 233 111  1
 245 111  1
  38 112  1
  56 112  1
  85 112  2
 200 112  1
  47 113  1
  48 113  1
  52 113  1
  70 113  1
 135 113  1
 178 113  1
 186 113  1
 191 113  1
 230 113  1
  75 114  1
 197 114  1
 198 114  1
  25 115  1
  52 115  4
 133 115  1
 147 115  1
 173 115  1
 186 115  1
 276 115  1
 227 116  1
 281 116  1
 282 116  1
  11 117  1
  15 117  1
  52 117  1
  54 117  1
  56 117  1
 126 117  1
  46 118  1
 122 118  1
 123 118  1
 222 118  1
 223 118  1
  21 119  1
 157 119  1
 167 119  1
 168 119  1
 234 119  1
 235 119  1
  24 120  1
  25 120  1
 128 120  1
 151 120  1
 153 120  1
 263 120  1
  37 121  1
  61 121  1
  84 121  1
 218 121  1
 267 121  1
 120 122  1
 144 122  1
 160 122  1
 238 122  1
 239 122  1
  10 123  1
  16 123  1
  50 123  1
  18 124  1
  26 124  1
  35 124  1
  88 124  1
 197 124  1
 222 124  1
  68 125  1
 155 125  1
 234 125  1
  28 126  1
  44 126  1
  71 126  1
  72 126  1
  77 126  1
 127 126  1
  12 127  1
  16 127  1
 149 127  1
 172 127  1
 273 128  1
 274 128  1
  92 129  1
 135 129  1
 276 129  1
  20 130  1
  83 130  1
  88 130  1
  96 130  1
 126 130  1
 151 130  1
 152 130  1
 232 130  1
 234 130  1
  30 131  1
 160 131  1
  82 132  1
 100 132  1
 130 132  1
 248 132  1
 249 132  1
  50 133  1
  51 133  1
  60 133  1
 167 133  1
 243 133  1
 252 133  1
 260 133  1
  85 134  1
 122 134  1
 123 134  1
  47 135  1
  80 135  1
  11 136  1
  62 136  1
 169 136  1
 184 136  1
  19 137  1
  57 137  1
  93 137  1
 148 137  1
 150 137  1
 253 137  1
 264 137  1
 272 137  1
  21 138  1
  23 138  1
  27 138  1
  41 138  1
 257 138  1
  32 139  1
  34 139  1
  76 139  1
  96 139  1
  97 139  1
 126 139  1
 190 139  1
 249 139  1
 250 139  1
  88 140  1
  10 141  1
  52 141  1
  56 141  1
 142 141  1
 192 141  1
 193 141  1
 226 141  1
 250 141  1
 261 141  1
 110 142  1
 111 142  1
 222 142  1
 223 142  1
 230 142  1
 231 142  1
 240 142  1
 248 142  1
  38 143  1
  61 143  1
  87 143  1
  88 143  1
 120 143  1
 235 143  1
 254 143  1
  75 144  1
  76 144  1
 147 144  1
 178 144  1
 180 144  1
  34 145  1
  78 145  1
 124 145  1
 162 145  1
 264 145  1
 265 145  1
  49 146  1
  55 146  1
 182 146  1
 183 146  1
 113 147  1
 126 147  1
 191 147  1
 192 147  1
  41 148  1
  84 148  1
 106 148  1
 135 148  1
 221 148  1
 254 148  1
 260 148  1
 261 148  1
  46 149  1
 139 149  1
 230 149  1
  13 150  1
  21 150  1
  22 150  1
  67 150  1
 198 150  1
 258 150  1
 270 150  1
  17 151  1
  27 151  1
  28 151  1
 242 151  1
 189 152  1
 190 152  1
 265 152  1
 163 153  1
 217 153  1
 218 153  1
   4 154  1
  16 154  1
  92 154  1
  95 154  1
 103 154  1
 175 154  1
 272 154  1
 170 155  1
 171 155  1
  29 156  1
 112 156  1
 141 156  1
 180 156  1
  82 157  1
  83 157  1
 260 157  1
 274 157  1
  71 158  1
  94 158  1
 182 158  1
 183 158  1
 203 158  1
 209 158  1
 236 158  1
 242 158  1
  83 159  1
 165 159  1
  87 160  1
 173 160  1
 174 160  1
 187 160  1
  28 161  1
  82 161  1
  84 161  1
 108 161  1
 113 161  1
 140 162  1
 183 162  1
 184 162  1
 242 162  1
  22 164  1
  92 164  1
 171 164  1
 244 164  1
  27 165  1
  28 165  1
  80 165  1
 106 165  1
 116 165  1
 118 165  1
 120 165  1
 237 165  1
 114 166  1
 235 166  1
  16 169  1
  17 169  1
 231 169  1
  91 170  1
  92 170  1
  30 171  1
  73 171  1
 236 172  1
  20 173  1
  85 173  1
  86 173  1
  27 174  1
 240 175  1
  44 176  1
  59 177  1
  84 177  1
 260 177  1
  37 178  1
  38 178  1
  81 178  1
 278 178  1
 279 178  1
  19 179  1
  24 179  1
  50 180  1
  57 180  1
  69 180  1
  80 180  1
 269 181  1
  44 182  1
  71 182  1
  12 183  1
  41 183  1
  23 184  1
 209 184  1
 268 185  1
  34 186  1
  39 186  1
  70 186  2
  71 186  1
  86 186  1
 107 186  1
 111 186  1
  74 187  1
 275 187  1
  81 188  1
 113 188  1
 116 188  1
 261 188  1
  60 189  1
 105 189  1
 202 189  1
 232 189  1
  37 190  1
  85 190  1
 154 191  1
 235 191  1
 273 191  1
  19 192  1
  30 192  1
 226 192  1
 227 192  1
 263 192  1
 101 194  1
 167 194  1
 239 194  1
  29 195  1
  79 195  1
  80 195  1
  54 196  1
  75 197  1
  76 197  1
 230 197  1
 237 197  1
 206 198  1
 246 198  1
  81 199  1
  82 199  1
 149 199  1
  69 200  1
 143 200  1
 266 200  1
  88 201  1
 206 201  1
  83 202  1
  84 202  1
 133 203  1
 134 203  1
 211 203  1
 234 203  1
 264 203  1
 100 205  1
  31 206  1
  49 206  1
  79 206  1
  83 206  1
 105 206  1
 147 206  1
 207 206  1
 208 206  1
 232 206  1
  88 207  1
 213 207  1
 215 207  1
 221 207  1
 226 208  1
  87 209  1
  92 209  1
  98 209  1
 106 210  1
 107 210  1
 134 210  1
 207 210  1
 260 210  1
  35 211  1
  79 211  1
  98 211  1
 114 211  1
  75 212  1
  49 213  1
  50 213  1
  69 213  1
  94 213  1
  95 213  1
  37 214  1
  81 214  1
 136 214  1
  77 215  1
  85 215  1
  87 215  1
  91 215  1
  50 216  1
 107 216  1
 194 216  1
 206 216  1
 207 216  1
 222 216  1
  42 217  1
 112 217  1
 119 218  1
 190 218  1
 227 218  1
 231 218  1
  92 219  1
  93 219  1
 140 219  1
 145 219  1
 188 219  1
  59 220  1
  67 220  1
 177 220  1
 181 220  1
  62 221  1
  63 221  1
 100 221  1
 101 221  1
 117 221  1
 124 221  1
 126 221  1
 184 221  1
  87 222  1
 111 222  1
 207 222  1
 208 222  1
 222 222  1
 104 223  1
 105 223  1
 139 223  1
 143 223  1
 155 223  1
  83 224  1
  51 225  1
 158 225  1
 196 225  1
 198 225  1
 231 225  1
 108 226  1
 129 226  1
  83 228  1
  84 228  1
 143 228  1
 228 228  1
 229 228  1
  94 229  1
  95 229  1
 132 230  1
 139 230  1
 145 230  1
 157 230  1
 161 230  1
 185 230  1
 186 230  1
 229 230  1
  63 231  1
 122 231  1
 222 232  1
  65 233  1
 148 233  1
 162 233  1
 176 233  1
 194 233  1
 195 233  1
 133 234  1
 140 234  1
 157 234  1
 223 234  1
 236 234  1
  88 235  1
 118 235  1
 146 235  1
 147 235  1
  95 236  1
 136 236  1
 144 236  1
 160 237  1
 161 237  1
 198 237  1
 202 237  1
 135 238  1
 144 238  1
 169 238  1
 228 238  1
 229 238  1
 112 239  1
 113 239  1
 125 239  1
 126 239  1
 164 239  1
 171 240  1
 175 240  1
 145 241  1
 224 241  1
 186 242  1
 187 242  1
  97 243  1
 159 243  1
 102 244  1
 144 244  1
 106 245  1
 129 245  1
 136 245  1
 170 246  1
 113 247  1
 143 247  1
 184 247  1
 191 247  1
 116 248  1
 148 248  1
 158 248  1
 186 248  1
 119 249  1
 155 249  1
 165 249  1
 166 249  1
 124 251  1
 154 256  1
 158 257  1


count = 949