 149   1  1
 154   1  1
 155   1  1
 168   1  1
 169   1  1
 184   1  1
 131   4  1
 176   5  1
 210   5  1
 125   6  1
 159   6  1
 164   6  1
 122   7  1
 183   7  1
 114   9  1
 183   9  1
 203  11  1
 210  13  1
 121  14  1
 122  14  1
 179  14  1
 115  15  1
 128  15  1
 160  15  1
 164  15  1
 189  15  1
 190  15  1
  93  16  1
 172  16  1
 124  17  1
 128  17  1
 168  17  1
 235  17  1
 131  18  1
 175  18  1
 202  18  1
 124  19  1
 238  19  1
  83  20  1
  85  20  1
 131  20  1
  80  21  1
 184  21  1
 242  21  1
  95  22  1
 121  23  1
 126  23  1
 178  23  1
  74  24  1
  71  26  1
  91  26  1
  92  26  1
 171  26  1
 236  26  1
 175  27  1
 184  27  1
 232  27  1
  69  28  1
  86  28  1
 100  29  1
  87  31  1
  88  31  1
  94  32  1
  95  32  1
 232  32  1
 237  32  1
  60  33  1
  99  35  1
 100  35  1
  54  36  1
  88  37  1
  89  37  1
  95  37  1
  51  38  1
  96  39  1
  49  40  1
  96  41  1
  97  41  1
  89  42  1
 254  42  1
 263  42  1
  43  43  1
  56  43  1
 106  43  1
 129  43  1
 102  44  1
 103  44  1
  40  45  1
  93  45  1
 130  45  1
 131  45  1
 250  45  1
  59  46  1
 120  46  1
 125  46  1
 126  46  1
  99  47  1
 258  47  1
 267  47  1
 120  48  2
  55  49  1
  56  49  1
  96  50  1
 124  50  1
 253  50  1
  59  51  1
  98  51  1
 119  51  1
 238  51  1
 269  51  1
  46  52  1
  63  52  1
  64  52  1
 111  53  1
 244  53  1
  99  54  1
  43  56  1
 108  56  1
 237  56  1
 102  57  1
  94  58  1
  40  60  1
 118  60  1
 118  62  1
  28  63  1
 115  63  1
  91  64  1
  32  65  1
  60  65  1
  64  65  1
 102  65  1
 271  65  1
 107  66  1
 112  66  1
 244  66  1
 257  66  1
  42  67  1
  94  67  1
  99  67  1
 105  67  1
  67  68  1
  68  68  1
  42  69  1
  56  69  1
 236  69  1
 248  69  1
 270  69  1
  96  70  1
  52  71  1
  31  73  1
  44  74  1
  53  74  1
 100  74  1
 242  74  1
 243  74  1
 245  74  1
  11  75  1
  33  75  1
  60  75  1
 255  75  1
 280  75  1
 281  75  1
  42  76  1
 231  76  1
 232  76  1
  37  77  1
  75  77  1
 265  77  1
 281  77  1
   9  78  1
  95  78  1
 250  78  1
 252  78  1
 234  79  1
 239  79  1
 281  79  1
 282  79  1
  64  80  1
  80  80  1
 269  80  1
  74  81  1
  75  81  1
 260  81  1
 100  82  1
 231  82  1
  97  83  1
  81  84  1
   5  85  1
   6  85  1
 265  85  1
  86  86  1
 105  86  1
  92  87  1
   4  88  1
   5  88  1
  16  88  1
 174  88  1
  96  89  1
 121  89  1
 129  89  1
 130  89  1
 117  90  1
 118  90  1
 160  90  1
  17  91  1
  97  91  1
 106  92  1
 169  92  1
 170  92  1
   2  93  1
   3  93  1
  21  93  1
  96  93  1
  97  93  1
 140  93  1
 144  93  1
  15  94  1
 125  94  1
 134  94  1
 179  94  1
 180  94  1
 121  95  1
 123  95  1
   1  96  1
   2  96  1
  21  96  1
 109  96  1
  97  97  1
 178  97  1
 279  97  1
  63  99  1
  65  99  1
  85  99  1
  87  99  1
  94  99  1
 267  99  1
 276  99  1
   7 102  1
   8 102  1
  72 102  1
  73 102  1
  74 102  1
 170 102  1
 171 102  1
   1 103  1
  11 104  1
 156 104  1
 160 104  1
 164 104  1
 258 104  1
 270 104  1
 275 104  1
  76 105  1
  77 105  1
 143 105  1
 144 105  1
 258 106  1
 266 106  1
   7 107  1
 261 107  1
  90 108  1
  96 108  1
 113 108  1
 123 108  1
 148 108  1
 263 108  1
  41 109  1
  48 109  1
  56 109  1
  92 109  1
 101 109  1
 161 109  1
 167 109  1
 168 109  1
 148 110  1
 103 111  1
 148 112  1
 267 112  1
   1 113  1
  54 113  1
 120 113  1
 125 113  1
 156 113  1
 157 113  1
  94 114  1
 129 114  1
 136 114  1
 104 115  1
 105 115  1
 113 115  1
  51 116  1
  95 116  1
 101 116  1
 131 116  1
  45 117  1
 155 117  1
 161 118  1
   1 119  1
   2 119  1
 149 119  1
 157 119  1
 279 119  1
 280 119  1
  48 120  1
 104 120  1
 140 120  1
 270 120  1
  42 122  1
 104 122  1
 138 123  1
  47 124  1
 109 124  1
 217 124  1
 274 125  1
  12 126  1
 151 126  1
  25 127  1
  35 127  1
 111 127  1
 127 127  1
 131 127  1
 136 127  1
 141 127  1
 142 127  1
 143 127  1
 203 127  1
 248 127  1
 266 127  1
 268 127  1
   5 128  1
  20 128  1
 217 128  1
 260 128  1
 212 129  1
 233 129  1
 193 130  1
 260 130  1
  15 131  1
 143 131  1
 144 131  1
 149 131  1
 150 131  1
 183 131  1
 192 132  1
 210 132  1
 250 132  1
 268 132  1
 270 132  1
   7 133  1
 141 133  1
 210 134  1
 217 134  1
 221 134  1
 222 134  1
 244 134  1
 274 134  1
 275 134  1
 105 135  1
 118 135  1
   6 136  1
  22 136  1
  98 136  2
 100 136  1
 175 136  1
 195 136  1
 252 136  1
 261 136  1
  13 137  1
 128 137  1
 138 137  1
 158 137  1
 159 137  1
 248 138  1
 257 138  1
 114 139  1
 115 139  1
 134 139  1
 139 139  1
 140 139  1
 168 139  1
 213 139  1
 217 139  1
 110 140  1
  28 141  1
 108 141  1
 187 141  1
 188 141  1
 196 141  1
 197 141  1
 264 141  1
  99 142  1
 158 142  1
 218 142  1
 222 142  1
 271 142  1
 273 142  1
  31 143  1
  32 143  1
 166 143  1
 199 143  1
 200 143  1
 243 143  1
 244 143  1
   7 144  1
 117 144  1
 162 144  1
 192 145  1
 267 145  1
 193 147  1
 197 147  1
 236 147  1
   1 148  1
  94 148  1
 104 148  1
 114 148  1
 154 148  1
 240 148  1
 241 148  1
 119 149  1
 203 149  1
 227 149  1
 161 150  1
 211 150  1
 111 151  1
 221 151  1
 125 152  1
 138 152  1
  35 153  1
  94 153  1
 128 153  1
 207 153  1
 208 153  1
 261 153  1
 101 154  1
 201 154  1
 213 154  1
  56 155  1
  60 155  1
 109 155  1
 110 155  1
 224 155  1
 251 155  1
 263 155  1
 164 156  1
 275 156  1
 276 156  1
  31 157  1
  96 157  1
  97 157  1
 142 157  1
 166 157  1
 107 158  1
 228 158  1
 248 158  1
  84 159  1
  86 159  1
 217 159  1
 218 159  1
 273 159  1
   1 160  1
 169 160  1
  26 161  1
  78 161  1
 223 161  1
 224 161  1
  69 162  1
  74 163  1
 281 163  1
 282 163  1
   9 165  1
  89 165  1
 175 165  1
  68 166  1
  97 166  1
 174 167  1
 276 167  1
  11 168  1
  99 168  1
 108 168  1
 124 168  1
 125 168  1
  61 169  1
  66 169  1
  87 169  1
 137 169  1
   4 170  1
 145 170  1
 161 171  1
  14 174  1
 168 174  1
   7 175  1
 141 176  1
 259 176  1
  16 177  1
 169 177  1
 174 177  1
 237 177  1
 245 177  1
   9 178  1
 266 178  1
 280 178  1
 281 178  1
  19 179  1
  20 179  1
 217 179  1
 268 179  1
 256 180  1
 270 180  1
  69 181  1
  85 181  1
 233 181  1
 251 181  1
 246 182  1
 210 183  1
 211 183  1
 260 183  1
  81 184  1
  83 184  1
 241 184  1
  62 185  1
  88 185  1
 249 185  1
 208 186  1
 224 186  1
 225 186  1
  31 187  1
 260 187  1
 168 188  1
 169 188  1
 231 188  1
 232 188  1
 264 188  1
  19 189  1
 226 189  1
 238 189  1
 258 189  1
 278 189  1
 279 189  1
  91 190  1
 230 190  1
 162 191  1
 271 191  1
 272 191  1
 103 192  1
 105 192  1
 145 192  1
  21 193  1
 204 193  1
 246 193  1
 264 193  1
 231 194  1
 239 194  1
 240 194  1
 109 195  1
 151 195  1
 235 195  1
 118 196  1
 125 196  1
 126 196  1
 166 196  1
 230 198  1
 242 199  1
 246 199  1
 274 199  1
 275 199  1
 163 200  1
 250 200  1
 119 202  1
 157 202  1
 158 202  1
 234 203  1
 152 204  1
 210 204  1
 211 204  1
 156 206  1
 157 206  1
 215 206  1
 251 206  1
  36 207  1
 237 207  1
 245 207  1
 271 207  1
 183 208  1
 245 209  1
 175 210  1
 184 210  1
 214 210  1
 215 210  1
 241 211  1
 268 211  1
 152 212  1
 185 212  1
 186 212  1
 174 213  1
 139 214  1
 171 214  1
 138 216  1
 150 216  1
 159 216  1
 165 216  1
 166 216  1
 186 216  1
 251 216  1
 207 218  1
 208 218  1
 216 218  1
 242 218  1
 246 218  1
  78 219  1
  79 219  1
 176 219  1
 254 220  1
  81 222  1
 156 222  1
 163 222  1
 170 222  1
  55 223  1
 180 223  1
 224 223  1
 250 223  1
  83 224  1
  90 224  1
 184 224  1
  92 225  1
 104 225  1
 250 225  1
  61 226  1
  94 226  1
 134 226  1
 186 226  1
 106 227  1
 107 227  1
 210 227  1
 211 227  1
  63 228  1
 227 228  1
 137 229  1
  98 230  1
 193 230  1
 194 230  1
 253 231  1
  98 232  1
 102 232  1
 127 232  1
  72 233  1
 119 233  1
 120 233  1
  95 234  1
 115 234  1
 133 234  1
 165 234  1
 171 234  1
 188 234  1
 189 234  1
 213 234  1
  75 235  1
 137 235  1
 231 236  1
 232 236  1
 246 236  1
 104 237  1
 105 237  1
 173 237  1
 217 237  1
 112 239  1
 139 239  1
 232 239  1
 241 239  1
 104 241  1
 238 241  1
 127 243  1
 222 243  1
 235 243  1
  99 244  1
 211 245  1
 115 249  1
 133 249  1
 134 249  1
 159 249  1
 160 249  1
 180 249  1
 188 249  1
 222 249  1
 118 250  1
 219 250  1
 187 251  1
 202 251  1
 203 251  1
 125 252  1
 177 252  1
 166 253  1
 211 253  1
 160 254  1
 151 257  1


count = 694