 146   1  1
 160   1  1
 126   3  1
 121   5  1
 154   6  1
 159   7  1
 149   8  1
 110   9  1
 132   9  1
 142  10  1
 132  11  1
 180  11  1
 134  12  1
 203  12  1
 204  12  1
 101  13  1
 146  13  1
 185  13  1
 134  14  1
 207  14  1
 176  15  1
  90  16  1
 109  17  1
 110  17  1
 161  17  1
 162  17  1
  84  18  1
 214  18  1
  80  19  1
 157  19  1
 130  20  1
 163  20  1
 164  20  1
  93  21  1
 109  22  1
 180  22  1
 159  23  1
  84  24  1
 145  24  1
 222  24  1
 125  25  1
 175  25  1
 176  25  1
 147  26  1
 180  26  1
  95  27  1
 111  27  1
 166  27  1
 226  27  1
  53  30  1
  54  30  1
 116  30  1
 125  30  1
 175  30  1
 163  31  1
 152  32  1
  49  33  1
 123  33  1
  55  34  1
  80  34  1
  46  35  1
 114  35  1
  90  36  1
 129  37  1
 130  37  1
 138  37  1
  83  38  1
 125  38  1
 155  39  1
 156  39  1
  40  40  1
  56  41  1
  48  42  1
  87  42  1
  88  42  1
  97  42  1
  50  43  1
  55  45  1
  56  45  1
  88  45  1
  89  45  1
  71  46  1
  73  46  1
 128  46  1
 129  46  1
  75  48  1
  76  48  1
  37  49  1
  38  49  1
  56  49  1
 116  49  1
 134  49  1
 140  49  1
 111  50  1
  92  51  1
 125  51  1
 161  51  1
 162  51  1
  50  52  1
  54  52  1
 151  52  1
 152  52  1
  34  53  1
  38  53  1
  25  54  1
 254  55  1
 100  56  1
 126  57  1
 104  58  1
 109  58  1
 161  58  1
 162  58  1
 131  59  1
 156  59  1
 258  60  1
 152  61  1
 192  63  1
  17  64  1
 181  66  1
 205  67  1
  22  68  1
  28  73  1
 269  73  1
 270  73  1
 206  74  1
  11  75  1
 271  76  1
 272  76  1
  22  77  1
  23  77  1
  33  77  1
   8  79  1
  25  79  1
  41  81  1
  42  81  1
 196  82  1
  14  84  1
  37  84  1
  45  84  1
  46  84  1
  92  84  1
  19  85  1
  43  85  1
 103  85  1
 104  85  1
 105  85  1
  81  86  1
   4  88  1
   5  88  1
  10  88  1
 154  88  1
  69  89  1
  70  89  1
 205  89  1
  82  90  1
 189  90  1
  69  91  1
 278  91  1
 279  91  1
   3  92  1
   4  92  1
   9  92  1
  10  92  1
  94  93  1
 210  93  1
 136  94  1
 205  94  1
   2  96  1
   3  96  1
 184  96  1
   8  97  1
  27  97  1
  93  97  1
  99  97  1
  22  98  1
 124  98  1
 126  98  1
 183  98  1
 201  98  1
 202  98  1
  10  99  1
  64  99  1
  65  99  1
 181  99  1
  27 101  1
  70 101  1
 267 102  1
  24 103  1
 214 103  1
 219 103  1
 220 103  1
 282 103  1
 283 103  1
  22 104  1
 201 104  1
 202 104  1
  64 105  1
  73 105  1
 260 105  1
   1 106  1
 245 107  1
 246 107  1
 268 107  1
  18 108  1
 265 108  1
 262 109  1
 201 110  1
 202 110  1
 241 111  1
 255 111  1
 257 111  1
  12 112  1
 218 112  1
 219 112  1
  16 113  1
  17 113  1
   8 114  1
 201 114  1
 225 114  1
 226 114  1
   1 116  1
 282 116  1
 283 116  1
 223 117  1
 225 117  1
 233 117  1
 234 117  1
 241 117  1
 164 120  1
 165 120  1
 219 121  1
 220 121  1
 134 122  1
 141 122  1
 236 122  1
 244 122  1
   2 123  1
   3 123  1
 252 123  1
 127 124  1
 185 124  1
 194 124  1
  43 125  1
 187 125  1
 216 125  1
  11 126  1
  12 126  1
 114 126  1
 123 126  1
 124 126  1
 162 126  1
 191 126  1
  91 127  1
 220 127  1
 270 127  1
 272 127  1
 273 127  1
  29 128  1
  33 128  1
 210 128  1
 211 128  1
 258 128  1
  90 129  1
 115 129  1
  44 130  1
 108 130  1
 123 130  1
 129 130  1
 145 130  1
  86 131  1
  90 131  1
 228 131  1
 252 131  1
  16 132  1
  96 132  1
 152 132  1
 183 132  1
 184 132  1
 188 132  1
 224 132  1
  12 133  1
  83 133  1
 156 133  1
  34 134  1
  60 134  1
 222 134  1
 261 134  1
   4 135  1
   5 135  1
 161 135  1
 165 135  1
 192 135  1
 193 135  1
 250 135  1
 256 135  1
 257 135  1
 222 136  1
 273 136  1
  21 137  1
  30 137  1
 161 137  1
 162 137  1
 184 137  1
 228 137  1
  59 138  1
  81 138  1
  82 138  1
 222 138  1
 192 139  1
 219 139  1
 248 140  1
  57 141  1
 186 141  1
  77 142  1
 280 142  1
 281 142  1
 221 143  1
 222 143  1
 232 144  1
 233 144  1
 257 145  1
 258 145  1
  77 146  1
  78 146  1
 190 146  1
 248 147  1
 249 147  1
 281 147  1
 282 147  1
 218 149  1
 219 149  1
 245 149  1
 253 149  1
   1 150  1
   2 150  1
  75 150  1
 223 150  1
 224 150  1
 258 150  1
 254 151  1
 220 152  1
 224 152  1
 246 153  1
 224 154  1
 225 154  1
 182 155  1
 185 157  1
 253 158  1
 260 158  1
  66 159  1
 109 161  1
 111 161  1
 112 161  1
   4 162  1
   5 162  1
 258 162  1
 260 162  1
 104 163  1
 211 163  1
 212 163  1
 280 163  1
 281 163  1
 114 164  1
 115 164  1
 223 164  1
 224 164  1
  69 166  1
 112 166  1
 195 166  1
 259 166  1
 127 167  1
 217 167  1
  75 168  1
 140 168  1
  96 169  1
 143 169  1
  93 170  1
 224 170  1
 157 172  1
 238 173  1
 278 173  1
 279 173  1
  10 174  1
 227 174  1
  80 176  1
 219 176  1
  12 178  1
 235 178  1
 276 178  1
 277 178  1
 233 180  1
 234 180  1
 235 180  1
 214 181  1
 230 181  1
 245 181  1
 240 182  1
 274 182  1
  15 183  1
 169 183  1
 174 186  1
 239 186  1
 240 186  1
 207 189  1
 183 190  1
 239 191  1
 240 191  1
  24 193  1
 186 193  1
 190 193  1
 194 194  1
 203 194  1
 159 196  1
 145 197  1
 146 197  1
 240 197  1
 141 198  1
 263 198  1
 131 199  1
 165 199  1
 228 199  1
 232 199  1
 246 199  1
 149 204  1
 174 204  1
  91 206  1
 157 206  1
 136 207  1
 153 207  1
  86 209  1
 159 209  1
 170 209  1
 254 209  1
 151 210  1
 152 210  1
 167 210  1
 177 211  1
 172 212  1
 251 213  1
  47 214  1
 165 214  1
 136 216  1
 162 216  1
 132 218  1
 147 219  1
 167 219  1
 133 220  1
 134 220  1
 150 220  1
 151 220  1
 178 220  1
 179 220  1
 208 220  1
 201 221  1
  58 223  1
 183 223  1
 184 223  1
 215 223  1
 108 224  1
 210 224  1
 111 225  1
 113 225  1
 202 226  1
  65 229  1
  66 229  1
 159 229  1
 217 229  1
 218 229  1
  88 230  1
 112 230  1
 145 230  1
 161 230  2
 212 230  1
 213 230  1
 165 231  1
 166 231  1
 187 231  1
 177 232  1
 178 232  1
 190 232  1
 218 232  1
 219 232  1
 233 232  1
  78 233  1
 102 233  1
  90 234  1
 166 234  1
 167 234  1
 178 234  1
 100 235  1
 101 235  1
 182 235  1
  98 236  1
 219 236  1
 131 237  1
 133 237  1
 162 238  1
 165 238  1
  90 239  1
 168 239  1
 225 239  1
 107 240  1
 179 240  1
 180 240  1
 214 240  1
 128 241  1
 172 241  1
 188 241  1
 135 242  1
 175 243  1
 218 243  1
 103 244  1
 177 244  1
 124 245  1
 125 245  1
 109 246  1
 131 246  1
 211 246  1
 115 248  1
 183 248  1
 207 248  1
 208 248  1
 182 251  1
 200 251  1
 202 251  1
 131 252  1
 197 252  1
 153 253  1
 191 254  1
 180 256  1
 152 257  1
 171 257  1


count = 532