 157   1  1
 164   1  1
 174   1  1
 139   3  1
 187   5  1
 131   6  1
 128   7  1
 122   9  1
 196  10  1
 116  11  1
 113  12  1
 134  12  1
 174  12  1
 175  12  1
 110  13  1
 202  13  1
 106  15  1
 107  15  1
 133  16  1
 134  16  1
 151  18  1
  96  20  1
  97  20  1
 146  20  1
 106  21  1
 210  21  1
 134  22  1
 173  22  1
  91  23  1
 173  26  1
 174  26  1
 194  26  1
 196  26  1
 107  27  1
 222  29  1
 112  30  1
 116  30  1
 226  31  1
 102  32  1
 206  33  1
 207  33  1
  89  35  1
 108  35  1
 178  36  1
 179  36  1
  48  37  1
  49  37  1
 162  38  1
 167  38  1
 199  38  1
 200  38  1
  85  39  1
 236  39  1
  91  40  1
  93  40  1
 205  40  1
 238  40  1
 124  41  1
 165  41  1
 192  41  1
 193  41  1
  99  42  1
 108  42  1
 110  42  1
 198  42  1
 129  43  1
 131  43  1
 158  43  1
 159  43  1
 179  45  1
 185  45  1
 168  46  1
 104  47  1
 128  47  1
 134  47  1
 160  47  1
 161  47  1
 243  47  1
  89  48  1
 117  48  1
 190  48  1
 224  48  1
  86  50  1
 102  50  1
 103  50  1
  29  51  1
  93  51  1
 216  51  1
  97  52  1
 211  52  1
  24  53  1
  99  53  1
 208  53  1
  21  54  1
  89  54  1
 203  54  1
 118  55  1
 135  55  1
 193  55  1
  51  56  1
  52  56  1
 114  56  1
 139  56  1
 140  56  1
  80  57  1
 143  58  1
 144  58  1
  26  60  1
  49  60  1
  84  60  1
  85  60  1
 194  60  1
  14  61  1
  52  61  1
  53  61  1
 175  61  1
 231  61  1
 186  62  1
 197  62  1
 256  62  1
  73  63  1
  70  64  1
 198  64  1
  62  65  1
  63  65  1
  76  65  1
 175  65  1
 176  65  1
  22  66  1
  48  66  1
  57  66  1
  58  66  1
 143  66  1
 198  66  1
 190  67  1
  10  68  1
  11  68  1
  17  68  1
  83  68  1
  84  68  1
 141  68  1
 142  68  1
 187  68  1
  67  69  1
 194  69  1
 232  69  1
 233  69  1
  58  70  1
 201  70  1
 202  70  1
   9  71  1
  10  71  1
  24  71  1
 172  71  1
  27  72  1
 176  72  1
 177  72  1
   8  74  1
   9  74  1
  32  74  1
  78  74  1
  36  75  1
  42  76  1
  74  76  1
   7  77  1
   8  77  1
 182  77  1
 201  77  1
 211  77  1
  16  78  1
 170  78  1
 269  78  1
 146  79  1
 197  79  1
 198  79  1
 206  79  1
  34  80  1
  38  81  1
  49  81  1
 175  81  1
  12  82  1
  53  82  1
  17  83  1
   5  84  1
   6  84  1
  20  84  1
 150  84  1
 166  85  1
 167  85  1
 273  85  1
  30  86  1
   4  87  1
   5  87  1
  36  87  1
 163  87  1
 164  87  1
 196  90  1
 276  90  1
 172  91  1
  35  92  1
  75  92  1
  64  93  1
  78  94  1
  35  96  1
  64  97  1
  29  98  1
  33  98  1
 173  98  1
 174  98  1
 179  98  1
   9 100  1
 181 100  1
  13 101  1
  28 101  1
  29 101  1
 174 101  1
  63 103  1
  79 103  1
  80 103  1
 182 103  1
   1 104  1
  42 104  1
  47 106  1
  80 106  1
 167 106  1
 168 106  1
  28 108  1
 179 108  1
  33 109  1
  75 109  1
 185 109  1
  84 110  1
 203 110  1
  75 111  1
 210 111  1
  67 112  1
  68 112  1
 201 112  1
 182 113  1
 183 113  1
 213 113  1
  51 114  1
  79 115  1
 191 115  1
 220 115  1
  35 116  1
  36 116  1
  82 116  1
 174 116  1
  54 117  1
  97 117  1
 205 117  1
 102 118  1
 185 118  1
 188 118  1
 198 118  1
 246 118  1
  86 119  1
 223 119  1
   1 120  1
 176 120  1
 201 120  1
 248 120  1
 255 120  1
  35 121  1
  96 121  1
 178 121  1
 227 121  1
 102 122  1
 204 122  1
 220 122  1
   1 123  1
  39 123  1
 130 123  1
 213 123  1
 214 123  1
 133 124  1
 139 124  1
 246 124  1
 255 124  1
 265 124  1
  32 125  1
 158 125  1
 231 125  1
 199 126  1
 161 127  1
 187 127  1
 188 127  1
 192 127  1
 211 127  1
 218 127  1
   8 128  1
 224 128  1
 236 128  1
 237 128  1
  30 129  1
  44 129  1
  45 129  1
  89 129  1
 176 129  1
 216 129  1
   8 130  1
 257 130  1
  62 131  1
 160 131  1
 174 131  1
  38 132  1
  56 132  1
  67 132  1
 157 132  1
  89 133  1
 181 133  1
 268 133  1
 269 133  1
 187 134  1
 190 134  1
 216 134  1
 227 134  1
   6 135  1
  44 135  1
  49 135  1
 130 135  1
 179 135  1
 230 135  1
  13 136  1
  18 136  1
  51 136  1
 221 136  1
 192 137  1
  19 138  1
 197 138  1
 198 138  1
 219 139  1
 246 140  1
   9 141  1
 230 141  1
 238 141  1
 242 141  1
 277 141  1
 278 141  1
 194 142  1
 221 142  1
 222 142  1
   7 143  1
  97 143  1
 178 143  1
 201 144  1
 202 144  1
 278 144  1
 279 144  1
 192 145  1
 104 146  1
 220 147  1
 203 148  1
 211 148  1
 223 148  1
 170 150  1
 213 150  1
 281 150  1
 282 150  1
 177 152  1
 225 152  1
  81 153  1
 184 153  1
 194 153  1
 198 153  1
 221 154  1
  99 155  2
 167 155  1
 168 155  1
  10 156  1
  62 156  1
  63 156  1
  64 156  1
 101 156  1
 216 156  1
 217 156  1
  11 159  1
  78 160  1
  79 160  1
  57 161  1
  73 162  1
 129 162  1
 130 162  1
 282 162  1
 283 162  1
 171 165  1
 281 165  1
 282 165  1
 130 166  1
 131 166  1
  81 167  1
   6 168  1
   7 168  1
  12 169  1
  21 169  1
  55 169  1
  16 170  1
  17 170  1
 279 170  1
 280 170  1
  23 171  1
 170 171  1
  80 172  1
  95 172  1
 130 172  1
 159 172  1
 161 172  1
  87 173  1
 224 173  1
 278 173  1
 279 173  1
  29 174  1
  79 174  1
  16 175  1
  18 175  1
  42 175  1
  43 175  1
 163 175  1
 184 175  1
 188 175  1
 170 176  1
 218 176  1
  13 177  1
  90 177  1
 277 177  1
 278 177  1
  26 179  1
  45 179  1
  80 179  1
 189 179  1
  78 180  1
 276 180  1
 277 180  1
   9 181  1
  10 181  1
  18 181  1
  33 181  1
  40 181  1
  62 182  1
 136 182  1
 137 182  1
  69 183  1
  48 184  1
  62 184  1
 274 184  1
  60 185  1
  64 185  1
  66 185  1
  80 185  1
  82 185  1
  83 185  1
  12 186  1
  78 186  1
 218 186  1
  54 187  1
  64 187  1
 138 187  1
  20 188  1
  54 189  1
  97 190  1
 140 190  1
 141 190  1
 270 190  1
  73 191  1
  74 191  1
 215 191  1
  15 192  1
  57 192  1
  58 192  1
 101 192  1
 219 192  1
  24 193  1
  33 193  1
  77 193  1
  46 194  1
  79 194  1
 102 194  1
 212 194  1
  87 196  1
  73 197  1
  74 197  1
 207 197  1
 175 198  1
  22 200  1
 161 200  1
 188 200  1
 192 200  1
 164 201  1
 166 201  1
 211 201  1
  96 202  1
  85 204  1
 140 204  1
 217 204  1
 218 204  1
  87 206  1
  92 206  1
 135 206  1
 167 206  1
 176 207  1
 200 207  1
 205 207  1
 206 207  1
 167 208  1
  80 209  1
  81 209  1
 105 209  1
 106 209  1
 123 209  1
 130 209  1
 121 210  1
 139 210  1
 195 211  1
 196 211  1
 105 212  1
 162 212  1
 163 212  1
 187 212  1
 249 212  1
 111 213  1
 175 213  1
 176 213  1
 182 213  1
  32 214  1
 117 214  1
 118 214  1
 139 214  1
 140 214  1
 144 214  1
 244 215  1
  35 216  1
  36 216  1
  86 216  1
 137 216  1
  39 218  1
 140 219  1
 141 219  1
 176 219  1
 177 219  1
 183 219  1
 185 219  1
 197 220  1
  74 221  1
 145 221  1
  92 222  1
  47 223  1
  59 223  1
  77 223  1
  56 224  1
 235 224  1
  79 226  1
 163 226  1
 190 227  1
 147 228  1
 184 228  1
 185 228  1
 169 229  1
 148 230  1
 178 230  1
 227 231  1
  91 232  1
 152 232  1
  87 235  1
 217 236  1
 138 239  1
  94 240  1
  95 240  1
  98 241  1
 209 241  1
 103 243  1
 107 245  1
 140 245  1
 201 247  1
 113 248  1
 134 248  1
 140 250  1
 193 251  1
 126 252  1


count = 579