 170   1  1
 181   1  1
 119   6  1
 205   6  1
 116   7  1
 210   8  1
 151   9  1
 178   9  1
 179   9  1
 180   9  1
 195  10  1
 145  11  1
 169  11  1
 103  12  1
 105  12  1
 132  12  1
 172  12  1
 174  12  1
 149  13  1
 219  13  1
  93  15  1
 135  15  1
 176  15  1
 177  15  1
 203  15  1
 109  16  1
 167  16  1
 225  16  1
  88  17  1
 137  17  1
 156  17  1
 189  17  1
  85  18  1
 112  18  1
 208  18  1
 209  18  1
 228  18  1
  82  19  1
 140  19  1
 145  19  1
 159  21  1
 164  21  1
 171  21  1
 175  21  1
 187  22  1
 193  22  1
 194  22  1
 208  22  1
 209  22  1
  70  23  1
  71  23  1
 142  23  1
 148  23  1
 220  23  1
 120  24  1
 184  24  1
 192  24  1
 201  24  1
  67  25  1
 113  25  1
 114  25  1
 125  25  1
 149  26  1
 189  26  1
 214  26  1
 216  26  1
  90  27  2
 167  27  1
 210  27  1
 149  28  1
 221  28  1
 169  29  1
 183  29  1
 184  29  1
 194  29  1
  60  30  1
 152  30  1
 188  30  1
 118  31  1
 119  31  1
 129  31  1
 130  31  1
 113  32  1
 114  32  1
 115  32  1
 177  32  1
 211  32  1
 232  32  1
  55  33  1
 121  33  1
 184  33  1
 199  33  1
  94  34  1
 100  34  1
 142  34  1
  90  35  1
 137  35  1
 155  35  1
 221  35  1
 103  36  1
 168  36  1
 176  36  1
 177  36  1
 193  36  1
 210  36  1
 225  36  1
 226  36  1
  49  37  1
 119  37  1
 134  37  1
 144  37  1
 182  37  1
 188  37  1
 231  37  1
 157  38  1
 162  38  1
 217  38  1
  85  39  1
 146  39  1
  44  40  1
 131  40  1
 229  40  1
 156  41  1
  42  42  1
  94  42  1
 157  43  1
  52  44  1
 147  44  1
 148  44  1
 186  44  1
 198  44  1
 255  44  1
  81  45  1
 233  45  1
 244  45  1
  84  46  1
 172  46  1
 229  46  1
  78  47  1
 188  47  1
 193  47  1
 203  47  1
  86  48  1
  87  48  1
  66  49  1
 136  49  1
 199  49  1
 222  49  1
 241  49  1
  93  50  1
 143  50  1
 172  50  1
 188  50  1
 259  50  1
  47  51  1
 237  51  1
  55  52  1
  63  52  1
  95  52  1
 162  52  1
 163  52  1
 170  52  1
 232  52  1
 243  52  1
 191  53  1
 192  53  1
 252  53  1
 253  53  1
  43  54  1
 208  54  1
 209  54  1
  68  55  1
  70  55  1
 148  55  1
 238  55  1
 263  55  1
 144  56  1
 172  56  1
  31  57  1
 239  57  1
  49  58  1
 136  58  1
  36  59  1
  38  59  1
 182  59  2
 183  59  1
 185  59  1
  51  60  1
 168  60  1
 170  60  1
 155  61  1
 258  61  1
  63  62  1
  73  62  1
  74  62  1
 256  62  1
  18  63  1
  54  63  1
 162  63  1
  41  64  1
  43  64  1
 165  64  1
 166  64  1
 251  64  1
 252  64  1
  50  65  1
 213  65  1
 267  65  1
 268  65  1
  60  66  1
  61  66  1
 150  66  1
 152  66  1
 260  66  1
 261  66  1
 219  67  1
  69  68  1
 147  68  1
 209  68  1
 210  68  1
  62  69  1
 251  69  1
 214  70  1
 231  70  1
 233  70  1
 151  71  1
 255  71  1
 146  72  1
 147  72  1
 270  72  1
 271  72  1
  52  74  1
  64  74  1
 256  74  1
 151  75  1
 240  75  1
 258  75  1
 262  75  1
  18  76  1
 245  76  1
 146  77  1
  37  78  1
  54  78  1
 149  78  1
 219  78  1
 261  78  1
   9  79  1
  22  79  1
  23  79  1
  33  79  1
  62  79  1
 170  79  1
 225  79  1
 226  79  1
  54  80  1
 196  80  1
  14  82  1
  54  82  1
 170  82  1
  29  83  1
 203  83  1
 204  83  1
 228  83  1
 241  83  1
   7  84  1
   8  84  1
  61  84  1
 198  84  1
 199  84  1
 200  84  1
 217  84  1
 219  84  1
 233  84  1
 189  85  1
 191  85  1
 221  85  1
  14  86  1
 235  86  1
 274  86  1
 275  86  1
 208  87  1
  57  88  1
 178  88  1
 183  88  1
 184  88  1
 230  88  1
  18  89  1
 159  89  1
 169  89  1
  12  90  1
  65  90  1
  66  90  1
 156  90  1
 157  90  1
 219  90  1
 238  90  1
 248  90  1
 249  90  1
  62  91  1
 151  91  2
 152  91  1
 153  91  1
 226  91  1
 242  91  1
 213  93  1
 158  94  1
 255  94  1
  34  95  1
 169  95  1
  21  96  1
  22  96  1
  23  96  1
 183  96  1
 227  96  1
 238  96  1
 205  97  1
 223  97  1
 246  97  1
 156  98  1
 194  98  1
 233  98  1
 255  98  1
 207  99  1
  38 100  1
  64 100  1
 261 100  1
 229 101  1
 189 102  1
 219 102  1
 220 102  1
 223 102  1
 249 102  1
 194 103  1
  17 105  1
 103 105  1
 160 105  1
 169 105  1
  11 106  1
  12 106  1
 189 106  1
 258 106  2
 264 106  1
  27 107  1
  63 107  1
  92 107  1
  93 107  1
 105 107  1
 106 107  1
 127 107  1
 128 107  1
 193 107  1
 215 107  1
 221 107  1
 101 108  1
 109 108  1
 147 108  1
 206 108  1
 256 108  1
 264 108  1
  13 109  1
 170 109  1
 221 109  1
 277 109  1
 278 109  1
  18 110  2
  29 110  1
  52 110  1
  53 110  1
 204 110  1
  78 111  1
  94 111  1
 229 111  1
  24 112  1
  42 112  1
  97 112  1
 147 112  1
 172 112  1
 220 112  1
  15 113  1
  80 113  1
 111 113  1
 152 113  1
 181 113  1
 189 113  1
 268 113  1
 270 113  1
  52 114  1
 108 114  1
  48 115  1
  65 115  1
  74 115  1
  84 115  1
 196 115  1
 238 115  1
  70 116  1
  72 116  1
  97 116  1
 165 116  1
 166 116  1
  30 117  1
  80 117  1
  90 117  1
 152 117  1
 153 117  1
 201 117  1
 203 117  1
 245 117  1
  10 118  1
  17 118  1
  35 118  1
  37 118  1
 207 118  1
  43 119  1
  78 119  1
  95 119  1
 101 119  1
 212 119  1
  70 120  1
 261 120  1
 269 120  1
  23 121  1
 227 121  1
 244 121  1
  27 122  1
  72 122  1
  73 122  1
 164 122  1
 166 122  1
 237 122  1
 256 122  1
  64 123  1
 175 123  1
 206 123  1
 208 123  1
 221 123  1
  27 124  1
 233 124  1
   9 125  1
  66 125  1
  70 125  1
  74 126  1
 101 126  1
  43 127  1
 220 127  1
 266 127  1
 267 127  1
 193 128  1
 198 128  1
 270 128  1
  16 129  1
  18 129  1
 205 129  1
  12 130  1
  36 130  1
  88 131  1
 180 131  1
 187 131  1
 278 131  1
 279 131  1
  14 132  1
  15 132  1
  55 132  1
 116 132  1
  39 133  1
  72 133  1
 204 133  1
 205 133  1
  36 134  1
  83 134  1
 103 134  1
 195 134  1
  26 135  1
  31 135  1
  68 135  1
 107 135  1
 108 135  1
 117 135  1
  17 136  1
  55 136  1
 180 136  1
  41 137  1
 185 137  1
 241 137  1
   1 138  1
  38 138  1
  45 138  1
  47 138  1
  49 138  1
 135 138  1
  25 139  1
 148 139  1
 152 139  1
 231 139  1
 232 139  1
  20 140  1
  32 140  1
 113 140  1
 186 140  1
  44 141  1
 116 141  1
 166 141  1
  11 142  1
  50 142  1
 122 142  1
 147 142  1
 238 142  1
  13 143  1
  16 143  1
  36 143  1
 141 143  1
 267 144  1
   1 145  1
  26 145  1
  48 145  1
  49 145  1
  95 145  1
 150 145  1
 166 145  1
 230 145  1
 231 145  1
  53 146  1
  54 146  1
  61 146  1
 135 146  1
 239 146  1
 245 146  1
 261 146  1
  11 147  1
  19 147  1
  24 147  1
  32 147  1
 115 147  1
 154 147  1
 196 147  1
 198 147  1
 200 147  1
 248 147  1
 253 147  1
  34 148  1
 139 148  1
 271 148  1
  94 149  1
 159 149  1
 166 149  1
 167 149  1
 212 149  1
 220 149  1
 241 149  1
  36 150  1
  46 150  1
 128 150  1
 129 150  1
 203 150  1
 260 150  1
  15 151  1
 106 151  1
 150 151  1
 222 151  1
 256 151  1
 257 151  1
 262 151  1
 274 151  1
  21 152  1
 111 152  1
 131 152  1
 135 152  1
 153 152  1
 227 152  1
  91 154  1
  97 154  1
  98 154  1
 102 154  1
 103 154  1
 161 154  1
 175 154  1
 163 155  1
 238 155  1
 239 155  1
 271 155  1
 272 155  1
  83 156  1
  84 156  1
  85 156  1
  89 156  1
 130 156  1
 267 156  1
 268 156  1
   3 157  1
   4 157  1
 179 157  1
 184 157  1
 230 157  1
 237 157  1
 127 158  1
 227 158  1
 228 158  1
 248 158  1
 258 158  1
  99 159  1
 109 159  1
 237 159  1
 238 159  1
 149 160  2
 171 160  1
  32 161  1
 140 161  1
 155 161  1
 232 161  1
 234 161  1
 267 161  1
 268 161  1
  12 162  1
 107 162  1
 129 162  1
 176 162  1
  37 163  1
  84 163  1
 104 163  1
 153 163  1
 262 163  1
 281 163  1
 282 163  1
  20 164  1
 114 164  1
 120 164  1
 121 164  1
 246 164  1
 252 164  1
  39 165  1
 183 165  1
 225 165  1
 243 165  1
  76 166  1
  78 166  1
 125 166  1
 219 166  2
  93 167  1
  94 167  1
 231 167  1
 259 167  1
 264 167  1
  84 168  1
 118 168  1
 119 168  1
 221 168  1
 238 168  1
 240 168  1
 280 168  1
 281 168  1
  79 169  1
 124 169  1
 134 169  1
 139 169  1
 214 169  1
 223 169  1
  11 170  1
  39 170  1
  40 170  1
  99 170  1
 181 170  1
 235 170  1
 252 170  1
 116 171  1
 187 171  1
 257 171  1
  15 172  1
  17 172  1
 265 172  1
  25 173  1
  81 173  1
 111 173  1
 217 173  1
 242 173  1
  99 174  1
 118 174  1
 191 174  1
   6 175  1
   7 175  1
  28 175  1
  39 175  1
  86 175  1
  90 175  1
  91 175  1
 100 176  1
 107 176  1
 256 176  1
 263 176  1
  13 177  1
  20 177  1
  85 177  1
 120 177  1
 226 177  1
 245 177  1
  31 178  1
 100 178  1
 101 178  1
 182 178  1
  36 179  1
 120 179  1
 122 179  1
 190 179  1
 278 179  1
 279 179  1
 116 180  1
 117 180  1
 214 180  1
 218 180  1
 241 180  1
 242 180  1
 243 180  1
 260 180  1
 107 181  1
 122 181  1
 258 182  1
 265 182  1
 277 182  1
 278 182  1
  29 183  1
  30 183  1
  31 183  1
  50 183  1
  72 183  1
 122 183  1
 172 183  1
 173 183  1
 181 183  1
 233 183  1
 238 184  1
 239 184  1
 251 184  1
 252 184  1
  37 185  1
  58 185  1
  66 185  1
  90 185  1
 105 185  1
 115 185  1
 126 185  1
 131 185  1
 171 185  1
  49 186  1
  50 186  1
 135 186  1
 185 186  1
 241 186  1
  32 187  1
  66 187  1
 160 187  1
 151 188  1
 152 188  1
  66 189  1
 166 189  1
 209 189  1
 228 189  1
  60 190  1
  81 190  1
 127 190  1
 185 190  1
 244 190  1
 212 191  1
 238 191  1
 239 191  1
 254 191  1
  21 192  1
  30 192  1
  31 192  1
  54 192  1
 139 192  1
  11 193  1
 167 193  1
 174 193  1
 175 193  1
 272 194  1
 273 194  1
  50 195  1
 127 195  1
 132 195  1
 257 195  1
 258 195  1
  81 196  1
 104 196  1
 105 196  1
 166 196  1
 228 196  1
  47 197  1
 162 197  1
 187 197  1
 216 197  1
  32 198  1
  33 198  1
 133 198  1
 137 198  1
 235 198  1
 240 198  1
  15 199  1
  36 199  1
 160 199  1
 168 199  1
 270 199  1
 271 199  1
 166 200  1
 193 200  1
 214 200  1
 223 200  1
 224 200  1
  82 201  1
 103 201  1
 115 201  1
 116 201  1
 198 201  1
  78 202  1
 163 202  1
 186 202  1
 218 202  1
 220 202  1
 226 202  1
 227 202  1
 140 203  1
 253 203  1
 136 204  1
 190 204  1
  36 205  1
 100 205  1
 210 205  1
 253 205  1
  74 206  1
 162 206  1
 215 206  1
 231 206  1
 267 206  1
 117 207  1
 141 207  1
 209 207  1
 210 207  1
 236 207  1
  84 208  1
  93 208  1
  94 208  1
 109 208  1
 197 208  1
  45 209  1
  47 209  1
 103 209  1
 129 209  1
 130 209  1
 238 209  1
 242 209  1
 249 209  1
 255 209  1
  80 210  1
 185 210  1
 207 210  1
 223 210  1
 265 210  1
  47 211  1
  66 211  1
  99 211  1
 180 211  1
 181 211  1
 189 211  1
 253 211  1
 254 211  1
  58 212  1
  62 212  1
  71 212  1
 194 212  1
 229 212  1
 159 213  1
  31 214  1
  50 214  1
  56 214  1
 167 214  1
 194 214  1
  83 215  1
  85 215  1
 171 215  1
 172 215  1
  96 216  1
  97 216  1
 105 216  1
 197 216  1
  58 218  1
  59 218  1
 101 218  1
 108 218  1
 109 218  1
 145 218  1
 146 218  1
 147 218  1
 160 218  1
  38 219  1
  39 219  1
  88 219  1
 206 219  1
  98 220  1
 139 220  1
 140 220  1
 172 220  1
  62 221  1
  63 221  1
  74 221  1
 152 221  1
 204 221  1
  44 222  1
  67 222  1
 135 222  1
 140 222  1
 163 222  1
 164 222  1
 199 222  1
 111 223  1
 152 223  1
 183 223  1
 140 224  1
 149 224  1
 150 224  1
 154 224  1
 155 224  1
  49 225  1
  80 225  1
  81 225  1
  97 227  1
 106 227  1
 127 227  1
 128 227  1
 138 227  1
 155 227  1
 169 227  1
  76 228  1
 102 228  1
 147 228  1
 189 228  1
 203 230  1
 106 231  1
 107 231  1
 113 231  1
 128 231  1
 141 231  1
 178 231  1
 244 231  1
  66 232  1
 123 232  1
 124 232  1
 163 232  1
 182 232  1
  68 233  1
  70 233  1
 156 233  1
 160 233  1
  92 234  1
 123 234  1
 170 234  1
 209 234  1
 211 234  1
  95 235  1
 117 235  1
 134 235  1
 237 235  1
  85 236  1
 111 236  1
 170 236  1
 105 237  1
 120 237  1
 121 237  1
  87 238  1
  97 238  1
 151 238  1
 169 238  1
 176 238  1
 178 238  1
 191 238  1
 198 238  1
 204 238  1
 124 239  1
 208 239  1
  90 240  1
 108 240  1
 130 240  1
 136 240  1
 137 240  1
 145 240  1
 198 240  1
 127 241  1
 128 241  1
 224 241  1
 225 241  1
 142 242  1
  96 243  1
 117 244  1
 125 244  1
 170 244  1
 175 244  1
 179 244  1
  98 245  1
 217 245  1
 194 246  1
 101 247  1
 102 247  1
 127 247  1
 185 247  1
 140 248  1
 163 248  1
 210 248  1
 107 249  1
 132 249  1
 133 249  1
 136 249  1
 144 249  1
 204 250  1
 112 251  1
 151 251  1
 124 254  1
 134 256  1


count = 1013