 153   1  1
 174   1  1
 182   2  1
 184   3  1
 129   5  1
 125   6  1
 127   6  1
 189   6  1
 121   7  1
 123   7  1
 116   9  1
 174   9  1
 150  10  1
 196  10  1
 197  10  1
 137  11  1
 178  11  1
 131  12  1
 202  12  1
 108  13  1
 109  13  1
 171  14  1
 173  14  1
 175  14  1
 206  15  1
 153  16  1
 102  17  1
 119  17  1
 133  17  1
 165  17  1
 129  18  1
 169  18  1
 170  18  1
 211  18  1
 116  19  1
  96  20  1
 161  20  1
 162  20  1
 172  20  1
 173  20  1
 214  20  1
 116  21  1
 156  21  1
 137  23  1
 138  23  1
 219  23  1
 114  24  1
 115  24  1
 129  24  1
 130  24  1
 157  24  1
 160  25  1
 224  26  1
 114  27  1
 134  28  1
 135  28  1
 184  28  1
 114  29  1
 122  29  1
 124  29  1
 147  29  1
 229  29  1
 143  30  1
 171  30  1
 172  30  1
 130  31  1
 233  31  1
 184  32  1
 132  33  1
 133  33  1
 128  34  1
 237  34  1
 143  35  1
  80  36  1
  91  36  1
  92  36  1
 157  36  1
 183  36  1
 102  37  1
  47  38  1
  97  38  1
  86  40  1
  97  40  1
 134  41  1
  37  42  1
  63  42  1
  89  42  1
  96  42  1
 152  42  1
  50  43  1
  75  43  1
 110  43  1
 127  44  1
 180  45  1
  93  46  1
 113  46  1
 116  46  1
 121  46  1
 122  46  1
 134  46  1
 155  46  1
 156  46  1
 162  46  1
 172  46  1
  87  47  1
  88  47  1
 125  48  1
 127  48  1
 143  48  1
 144  48  1
 205  48  1
 167  49  1
 139  50  1
 195  50  1
  43  51  1
 151  51  1
 152  51  1
  27  52  1
  40  52  1
  91  52  1
 132  52  1
 203  52  1
 254  52  1
 215  54  1
 220  54  1
  80  55  1
  89  56  1
  90  56  1
 147  56  1
  76  57  1
  77  57  1
  78  57  1
 153  57  1
 156  59  1
 157  59  1
 177  59  1
 178  59  1
 222  59  1
  84  60  1
 260  60  1
  75  61  1
  76  61  1
 157  61  1
 213  61  1
 239  61  1
  46  63  1
  50  63  1
 226  64  1
  77  65  1
  42  66  1
  66  66  1
  71  66  1
 241  66  1
  56  67  1
 216  67  1
 230  67  1
 235  67  1
  48  68  1
  80  68  1
  38  69  1
 184  69  1
 185  69  1
 187  69  1
 239  69  1
  21  70  1
  22  70  1
  46  70  1
  66  70  1
  67  70  1
  70  70  1
 224  70  1
 170  71  1
 199  71  1
 269  71  1
  24  72  1
  25  72  1
  46  72  1
  67  72  1
 224  72  1
 189  73  1
 205  73  1
 220  73  1
  52  74  1
 213  74  1
 264  74  1
 271  74  1
  87  75  1
  92  75  1
 184  75  1
  24  76  1
  83  76  1
 169  76  1
 175  76  1
 177  76  1
  69  77  1
  79  77  1
 166  77  1
 167  77  1
  24  78  1
  34  78  1
  35  78  1
  57  78  1
  58  78  1
 258  78  1
  26  79  1
 234  79  1
  77  80  1
 196  80  1
 205  80  1
 212  80  1
 213  80  1
  52  81  1
 136  81  1
  15  82  1
  87  82  1
  89  82  1
  93  82  1
 168  82  1
 178  82  1
 181  82  1
 253  82  1
 276  82  1
  18  83  1
  35  83  1
  56  83  1
 193  83  1
 100  84  1
 101  84  1
 133  84  1
 145  84  1
 208  84  1
 236  84  1
  26  85  1
  78  85  1
  79  85  1
  86  85  1
 193  85  1
 278  85  1
  18  87  1
  51  87  1
 192  87  1
 193  87  1
 214  87  1
 240  87  1
  13  88  1
  32  88  1
 219  88  1
  37  89  1
  51  89  1
  81  89  1
  82  89  1
 183  89  1
 191  90  1
 233  90  1
 248  90  1
 249  90  1
 261  90  1
 158  91  1
 265  91  1
  46  92  2
 181  92  1
 245  92  1
  48  93  1
 194  93  1
 213  93  1
 214  93  1
  34  95  1
  35  95  1
  76  95  1
 234  96  1
  30  97  1
 244  97  1
 245  97  1
 251  97  1
 201  98  1
 205  98  1
 265  98  1
  52  99  1
  56  99  1
 126  99  1
 127  99  1
 194  99  1
  58 100  1
  73 100  1
 177 100  1
 210 100  1
  27 102  1
  65 102  1
 183 102  1
 184 102  1
 185 102  1
  20 103  1
  44 103  1
 122 103  1
  57 104  1
  70 104  1
  71 104  1
 112 104  1
 204 104  1
  37 105  1
  41 105  1
 102 105  1
 193 105  1
 234 105  1
 112 106  1
 207 106  1
  66 107  1
 105 107  1
 170 107  1
 180 107  1
  15 108  1
  46 108  1
  47 108  1
  48 108  1
 112 108  1
  33 109  1
  34 109  1
  66 109  1
  76 109  1
  77 109  1
 167 109  1
  10 110  1
  52 110  1
 192 110  1
   1 112  1
   2 112  1
 110 113  1
 174 113  1
 203 113  1
 231 114  1
   1 115  1
 165 115  1
  55 116  1
 172 116  1
 184 118  1
 232 118  1
 263 118  1
 278 119  1
 279 119  1
  86 120  1
  87 120  1
 159 120  1
 266 120  1
  44 121  1
  52 121  1
  79 121  1
 223 121  1
 231 122  1
 236 122  1
  39 123  1
  59 123  1
  60 123  1
 115 123  1
 116 123  1
 167 123  1
 189 123  1
 193 123  1
 255 123  1
 272 123  1
  50 124  1
 176 124  1
 201 124  1
 205 124  1
   1 125  1
  43 125  1
 170 125  1
 171 125  1
  29 126  1
 218 126  1
 222 126  1
 227 126  1
  60 127  1
  89 128  1
  93 128  1
 101 128  1
 111 128  1
 112 128  1
 113 128  1
 192 128  1
 246 128  1
 247 128  1
 248 128  1
 262 128  1
  48 129  1
 144 129  1
 183 129  1
   1 130  1
   2 130  1
  27 130  1
 142 130  1
 147 130  1
 187 130  1
 236 130  1
 270 130  1
 271 130  1
  13 131  1
  49 131  4
 128 131  1
 199 131  1
 203 131  1
 221 131  1
 241 131  1
 247 131  1
 264 131  1
  10 132  1
  25 132  1
  35 132  1
  44 132  1
 186 132  1
 196 132  1
   7 133  1
  87 133  1
  88 133  1
  97 133  1
 115 133  1
 143 133  1
 209 133  1
  99 134  1
 101 134  1
 161 134  1
  18 135  1
  29 135  1
 114 135  1
 148 135  1
 183 135  1
 259 135  1
  20 136  1
  22 136  1
 122 136  1
 123 136  1
 132 136  1
 153 136  1
 161 136  1
 207 136  1
 247 137  1
   7 138  1
 161 138  1
 185 138  1
 187 138  1
 230 138  1
 231 138  1
  67 139  1
 172 139  1
 201 139  1
 233 139  1
  27 140  1
  29 140  1
 115 140  1
 176 140  1
 197 140  1
 227 140  1
   1 141  1
  25 141  1
  69 141  1
  80 141  1
 156 141  1
 178 141  1
 216 141  1
 268 141  1
 120 142  1
  59 143  1
  75 143  1
  79 143  1
  87 143  1
  88 143  1
 167 143  1
 195 143  1
 212 143  1
 101 144  1
 102 144  1
 116 144  1
 184 144  1
 210 145  1
 217 145  1
 242 145  1
  56 146  1
 107 146  1
 113 146  1
 157 146  1
 158 146  1
 166 146  1
 167 146  1
 226 146  1
 247 146  1
 199 147  1
 200 147  1
 220 147  1
 221 147  1
  81 148  1
 226 148  1
 266 148  1
 267 148  1
  53 150  1
 206 150  1
 223 150  1
 242 150  1
 244 150  1
 246 150  1
   1 151  1
 210 151  1
 259 151  1
 246 152  1
  84 153  1
  85 153  1
 199 153  1
 200 153  1
 228 153  1
 240 154  1
 253 154  1
 216 155  1
 217 155  1
   1 156  1
   2 156  1
  76 157  1
  77 157  1
 167 159  1
 206 160  1
  72 161  1
  75 161  1
  13 162  1
 209 162  1
 278 162  1
 279 162  1
 219 163  1
 215 164  1
  79 165  1
   9 166  1
  10 166  1
 181 166  1
  85 167  1
 103 167  1
 175 167  1
 276 167  1
 277 167  1
 171 168  1
 186 168  1
 102 169  1
 192 170  1
 209 170  1
  92 171  1
  93 171  1
  85 173  1
  99 173  1
 104 173  1
 181 173  1
 186 173  1
 192 173  1
 175 174  1
 257 174  1
  11 175  1
 191 175  1
 192 175  1
 272 176  1
 273 176  1
 131 177  1
 132 177  1
 155 177  1
  14 178  1
 157 178  1
 183 178  1
 187 178  1
 204 178  1
 208 178  1
 271 178  1
 149 179  1
  67 180  1
  86 180  1
 173 180  1
 189 180  1
 244 180  1
 102 181  1
 141 181  1
 135 182  1
 136 182  1
 180 182  1
 176 183  1
   8 185  1
   9 185  1
  64 185  1
  81 185  1
 142 185  1
 239 185  1
 240 185  1
  89 186  1
 132 186  2
 133 186  1
 184 186  1
 197 186  1
 201 186  1
  15 187  1
  87 187  1
 140 187  1
  91 188  1
 109 188  1
 234 188  1
 236 188  1
 232 189  1
  10 190  1
 113 190  1
 138 191  1
 126 192  1
  12 193  1
  13 193  1
 135 193  1
 151 193  1
 249 193  1
 262 193  1
 134 195  1
  58 196  1
  59 196  1
 144 196  1
 243 196  1
  99 197  1
 165 197  1
  17 199  1
 122 199  1
 248 199  1
 249 199  1
 103 200  1
 132 200  1
 137 200  1
 216 200  1
 171 201  1
  97 202  1
 106 202  2
 117 202  1
 160 202  1
 203 202  1
 209 202  1
 211 202  1
 213 202  1
 111 203  1
 129 203  1
 196 203  1
  22 204  1
 173 204  1
 161 205  1
 195 207  1
 103 208  1
 108 209  1
 149 209  1
 253 209  1
 133 210  1
 169 210  1
 189 210  1
  96 211  1
 101 211  1
 112 211  1
 120 211  1
 121 211  1
 164 211  1
 175 211  1
 176 211  1
 105 212  1
  32 213  1
 116 213  1
 117 213  1
 126 214  1
 133 214  1
 153 214  1
 158 214  1
  94 215  1
 128 215  1
 130 215  1
 123 216  1
 159 216  1
 160 216  1
 164 216  1
  39 217  1
 112 218  1
 123 218  1
 153 218  1
 174 218  1
 179 218  1
  88 219  1
  44 220  1
 160 220  1
  89 221  1
 147 221  1
  49 223  1
 168 223  1
 149 224  1
 240 224  1
  56 227  1
  57 227  1
 132 227  1
 134 227  1
 137 227  1
 178 228  1
 179 228  1
  62 229  1
 170 229  1
  89 230  1
  90 230  1
 137 233  1
 177 233  1
 229 233  1
 150 234  1
  85 235  1
 226 235  1
  92 236  1
 143 236  1
 144 236  1
 162 236  1
 182 236  1
  77 237  1
 223 237  1
 221 239  1
  83 240  1
  84 240  1
 149 240  1
 182 241  1
 139 243  1
 140 243  1
 149 243  1
 132 245  2
 187 245  1
 102 246  1
 104 247  1
 106 247  1
 109 248  1
 133 249  1
 198 249  1
 115 250  1
 139 250  1
 163 250  1
 144 252  1
 149 252  1
 190 252  1
 129 254  1
 131 255  1
 133 255  1
 172 256  1


count = 733