 158   1  1
 185   1  1
 143   2  1
 136   3  1
 205   4  1
 173   5  1
 208   5  1
 174   7  1
 181   7  1
 113   9  1
 168   9  1
 109  10  1
 167  11  1
 168  11  1
 179  12  1
 180  12  1
 185  12  1
 186  12  1
 125  14  1
 186  14  1
  96  15  1
  98  15  1
 112  15  1
 113  15  1
 204  15  1
 205  15  1
 175  16  1
 186  16  1
 187  16  1
  91  17  1
 207  17  1
 125  18  1
 165  18  1
 186  18  1
 235  18  1
  83  20  1
  94  21  1
 183  21  1
 169  22  1
  79  23  1
  94  23  1
 207  23  1
  89  24  1
 244  24  1
  73  25  1
  74  25  1
  99  26  1
 172  27  1
  81  28  1
  76  29  1
  77  29  1
  93  29  1
 205  29  1
 250  29  1
 103  30  1
  79  31  1
  84  31  1
  97  32  1
  98  32  1
 201  32  1
 206  32  1
  90  35  1
 211  35  1
 212  35  1
  54  36  1
 105  36  1
 106  36  1
  84  37  1
  85  37  1
 200  38  1
  78  39  1
  82  41  1
  83  41  1
 222  41  1
  44  42  1
 104  42  1
 212  42  1
 213  42  1
 166  43  1
 221  45  1
  79  46  1
  88  46  1
  89  46  1
 259  47  1
 168  49  1
 215  49  1
 267  49  1
 165  50  1
 218  50  1
  81  51  1
  82  51  1
 258  51  1
 259  51  1
 163  52  1
 169  53  1
 269  53  1
 222  54  1
 102  55  1
 109  55  1
 110  55  1
 263  55  1
  79  56  1
 271  56  1
  97  57  1
  98  57  1
 106  57  1
 107  57  1
 212  57  1
 249  59  1
 260  59  1
  93  60  1
 256  60  1
 101  61  1
 202  62  1
 274  62  1
 275  62  1
  89  64  1
 104  64  1
 204  64  1
  89  66  1
 110  66  1
  32  69  1
  88  69  1
 115  69  1
 206  69  1
 207  69  1
 208  69  1
  36  71  1
  96  72  1
  97  72  1
 270  72  1
  17  73  1
  89  73  1
 203  74  1
 272  74  1
  80  75  1
  23  76  1
  75  76  1
 205  76  1
  41  77  1
  77  77  1
 227  78  1
 233  78  1
  13  79  1
  19  79  1
  93  79  1
  98  79  2
 181  79  1
 198  79  1
 192  80  1
  42  81  1
  47  81  1
   6  82  1
 200  82  1
  20  83  1
  21  83  1
  28  83  1
 101  83  1
 103  83  1
  92  84  1
 105  84  1
 171  84  1
  98  86  1
 226  86  1
 227  86  1
 235  86  1
 236  86  1
   3  88  1
  40  88  1
 166  88  1
   8  89  1
   9  89  1
 101  90  1
 125  90  1
 202  91  1
 250  92  1
   7  93  1
   8  93  1
 225  93  1
  88  94  1
 272  94  1
  63  95  1
 155  95  1
 264  95  1
 274  96  1
 144  97  1
  60  98  1
 227  98  1
 240  98  1
 241  98  1
  99  99  1
 101  99  1
 231  99  1
 233  99  1
 265  99  1
   1 100  1
 112 100  1
 272 100  1
  86 101  1
  96 101  1
 141 101  1
 233 101  1
 234 101  1
 258 101  1
  61 102  1
 121 102  1
 187 102  1
 188 102  1
 241 102  1
 262 102  1
  87 103  1
  89 103  1
 237 103  1
  32 104  1
  58 104  1
 100 104  1
  29 105  1
  39 105  1
 106 105  1
 107 105  1
 179 105  1
  26 106  1
  55 106  1
  56 106  1
  65 106  1
 260 106  1
 175 109  1
  72 110  1
 179 110  1
  79 111  1
 260 111  1
 269 111  1
   1 112  1
 281 114  1
 282 114  1
 170 115  1
 177 115  1
   1 116  1
   2 116  1
 185 116  1
 170 117  1
 174 117  1
 175 117  1
 218 117  1
 213 118  1
 224 118  1
  77 119  1
 226 120  1
   9 121  1
 172 121  1
 227 122  1
  81 123  1
 238 123  1
 273 123  1
 275 123  1
  78 125  1
  82 125  1
 161 125  1
 168 125  1
 206 125  1
 214 125  1
 224 125  1
 242 125  1
  26 126  1
  29 126  1
 119 126  1
 138 126  1
 250 126  1
 258 126  1
 259 126  1
 270 126  1
   7 127  1
  43 127  1
  88 127  1
  90 127  1
 211 127  1
 217 127  1
  35 128  1
 111 128  1
 197 128  1
 222 128  1
  47 129  1
 153 129  1
  39 130  1
 144 130  1
 226 130  1
 231 130  1
 240 130  1
 158 131  1
 187 131  1
 254 131  1
 269 131  1
  15 132  1
  16 132  1
  24 132  1
  98 132  1
 168 132  1
 230 132  1
 249 132  1
 279 132  1
 280 132  1
  47 133  1
  87 133  1
  22 134  1
  24 134  1
  28 134  1
  34 134  1
  38 134  1
  43 134  1
 176 134  1
 177 134  1
 273 134  1
 274 134  1
  13 135  1
  85 135  1
 171 135  1
 256 136  1
 164 138  1
 249 138  1
 269 138  1
  34 139  1
 263 139  1
   3 140  1
   4 140  1
  36 140  1
 210 140  1
  43 141  1
  45 141  1
  60 141  1
  84 142  1
  85 142  1
 177 143  1
 254 144  1
  79 145  1
  83 146  1
 210 146  1
 211 146  1
  45 150  1
  56 150  1
 180 150  1
  49 151  1
  76 151  1
  77 151  1
  37 152  1
  53 153  1
 212 154  1
  32 155  1
  44 155  1
 175 155  1
 188 155  1
  72 156  1
 109 156  1
   6 157  1
 117 158  1
 191 158  1
 192 158  1
 105 159  1
 123 159  1
 197 159  1
  25 161  3
  26 161  1
  27 161  1
 129 161  1
 237 161  1
 239 161  1
  44 162  1
 144 162  1
 181 162  1
 184 162  1
 127 163  1
 125 164  1
  93 165  1
 102 165  1
 199 165  1
 148 166  1
 149 166  1
  98 167  1
 200 167  1
 243 167  1
 263 167  1
 155 168  1
   2 169  1
   8 169  1
 259 171  1
  75 172  1
 166 172  1
  77 174  1
 168 174  1
 193 174  1
 239 174  1
 240 174  1
 256 174  1
 173 178  1
 200 178  1
 210 179  1
 241 179  1
 279 179  1
 280 179  1
 182 180  1
 206 180  1
 235 180  1
 236 180  1
 246 180  1
 197 181  1
 260 181  1
 265 181  1
 200 182  1
 202 183  1
 233 184  1
 234 184  1
 259 184  1
  58 185  1
 242 185  1
  56 186  1
  47 187  1
 255 188  1
  29 190  1
 239 190  1
 271 190  1
 276 190  1
 277 190  1
 245 192  1
  54 193  1
  56 193  1
 255 193  1
 257 193  1
  30 194  1
 264 194  1
 250 196  1
 268 196  1
  81 199  1
 255 199  1
  85 200  1
 264 200  1
  99 201  1
  29 202  1
  47 202  1
  48 202  1
  49 206  1
  98 208  1
  36 209  1
  51 209  1
 107 209  1
 111 209  1
  94 211  1
  96 211  1
  52 212  1
 113 212  1
 103 213  1
  98 214  1
 100 214  1
 108 214  1
 109 214  1
 265 214  1
  45 216  1
  98 216  1
 103 217  1
 104 217  1
  47 218  1
 108 218  1
 109 218  1
  90 219  1
  92 220  1
  67 221  1
  70 221  1
 112 222  1
  55 223  1
  73 223  1
  81 224  1
 211 224  1
 258 224  1
  83 225  1
 223 225  1
  78 226  1
  93 226  1
 101 226  1
 104 226  1
 105 226  1
 112 226  1
 113 226  1
 169 226  1
 198 226  1
 199 226  1
 206 227  1
 208 227  1
 210 227  1
 105 228  1
 231 228  1
 254 228  1
 220 229  1
 111 230  1
 204 230  1
  83 231  1
  92 231  1
  86 232  1
  98 232  1
  99 232  1
  75 233  1
 126 233  1
 223 233  1
 177 234  1
 184 234  1
 185 234  1
 204 234  1
  91 235  1
  99 236  1
 101 236  1
 203 236  1
 204 236  1
  94 237  1
  95 237  1
 185 237  1
 186 237  1
 101 238  1
 230 238  1
 168 240  1
 169 240  1
 207 240  1
 224 241  1
 156 242  1
 157 242  1
 184 242  1
 185 242  1
 197 242  1
 198 242  1
 115 243  1
 116 243  1
 202 243  1
 231 244  1
 121 245  1
 183 245  1
 184 245  1
 109 246  1
 168 246  1
 156 247  1
 157 247  1
 172 247  1
 201 247  1
 115 248  1
 197 248  1
 216 250  1
 218 250  1
 127 252  1
 158 252  1
 175 252  1
 181 252  1
 132 253  1
 206 253  1
 197 255  1


count = 549