 134   1  1
 168   1  1
 124   3  1
 190   5  1
 120   6  1
 115   7  1
 166   7  1
 129   8  1
 175   8  1
 196   8  1
 108   9  1
 123   9  1
 124   9  1
 163   9  1
 180   9  1
 200  10  1
 103  11  1
 134  12  1
  97  13  1
 166  13  1
 170  13  1
 194  13  1
  94  14  1
 126  14  1
 174  14  1
 175  14  1
 179  14  1
 198  16  1
 214  17  1
 131  19  1
 197  19  1
 125  20  1
 126  20  1
 191  20  1
  96  21  1
 131  21  1
  71  22  1
  92  22  1
 145  22  1
 172  22  1
 173  22  1
 148  23  1
 213  23  1
 224  23  1
 102  24  1
 122  24  1
 140  24  1
 133  25  1
 126  26  1
 149  26  1
  76  27  1
 101  27  1
 135  27  1
 218  27  1
  94  28  1
  95  28  1
 217  29  1
 106  30  1
  59  31  1
 139  33  1
 203  34  1
 213  34  1
 214  34  1
 215  34  1
 199  35  1
  88  36  1
  61  37  1
  94  37  1
 100  37  1
 106  37  1
 140  37  1
 153  37  1
 154  37  1
  82  38  1
 246  38  1
  49  39  1
 202  40  1
 143  41  1
 144  41  1
 154  41  1
  72  42  1
  66  43  1
 139  43  1
  80  45  1
  81  45  1
  86  45  1
  59  46  1
 149  46  1
 150  46  1
  56  47  1
  62  47  1
  67  47  1
  82  49  1
 136  49  1
 143  50  1
 144  50  1
  36  51  1
 148  51  1
  90  52  1
 141  52  1
 199  52  1
 200  52  1
 204  53  1
  40  54  1
  96  54  1
  97  54  1
 146  54  1
 261  55  1
 105  56  1
 216  56  1
 217  56  1
  53  57  1
 135  57  1
 143  57  1
 145  58  1
 151  58  1
 152  58  1
 236  58  1
 222  59  1
 223  59  1
 109  60  1
  53  61  1
 113  61  1
 138  61  1
 139  61  1
  57  63  1
 105  63  1
 114  63  1
 151  63  1
 169  64  1
 170  64  1
 231  64  1
 237  64  1
 238  64  1
  39  65  1
  44  65  1
  53  65  1
 108  65  1
 114  65  1
 143  65  1
 173  65  1
 174  65  1
  84  66  1
  89  66  1
 116  66  1
 147  66  1
 176  67  1
  94  68  1
 138  68  1
 168  69  1
 107  70  1
 108  70  1
 115  70  1
 143  70  1
  30  71  1
  83  71  1
 181  71  1
 235  71  1
  59  72  1
  72  72  1
  77  72  1
 147  72  1
 152  72  1
 156  73  1
 177  73  1
 240  73  1
  65  74  1
  85  74  1
 160  74  1
 201  74  1
 207  74  1
 208  74  1
  51  75  1
  35  76  1
 137  76  1
 143  76  1
 191  76  1
 192  76  1
 218  76  1
 225  76  1
  73  77  1
  81  77  1
 188  78  1
 189  78  1
  13  79  1
  14  79  1
 135  79  1
 199  79  1
 216  79  1
  34  80  1
 235  80  1
  30  81  1
  52  81  1
 153  81  1
 154  81  1
 226  81  1
 227  81  1
  12  82  1
  13  82  1
  37  82  1
  71  82  1
 197  82  1
 251  82  1
 252  82  1
 172  83  1
 220  83  1
  50  84  1
  86  84  1
 190  84  1
 237  84  1
 238  84  1
  44  85  1
  45  85  1
 151  85  1
 257  85  1
  11  86  1
  12  86  1
 246  86  1
  66  87  1
 186  87  1
 200  87  1
 216  87  1
 258  87  1
  62  88  1
 193  88  1
 227  88  1
 144  89  1
 240  89  1
 256  89  1
  60  91  1
  61  91  1
 279  91  1
 280  91  1
  36  92  1
  37  92  1
  88  92  1
  89  92  1
 245  92  1
 186  93  1
 187  93  1
  50  94  1
  51  94  1
  39  95  1
 194  95  2
 195  95  1
  90  96  1
 130  96  1
  18  97  1
  19  97  1
   6  98  1
   7  98  1
  54  98  1
  55  98  1
 121  98  1
  40  99  1
 189  99  1
  29 100  1
  46 100  1
 164 100  1
  13 101  1
  14 101  1
  38 101  1
  63 101  1
 107 101  1
 159 101  1
  69 102  1
 155 102  1
 197 102  1
  89 103  1
 150 103  1
 184 103  1
 121 104  1
  29 105  1
 101 105  1
 129 105  1
  23 106  1
  14 107  1
 145 107  1
 114 108  1
 206 108  1
  62 109  1
 103 109  1
 107 109  1
  43 110  1
  95 110  1
 123 110  1
 202 110  1
 203 110  1
 281 110  1
   7 111  1
  52 111  1
  26 112  1
  22 114  1
  50 114  1
  51 114  1
 205 114  1
 212 114  1
  19 115  1
  31 115  1
   1 116  1
  62 116  1
 273 116  1
 210 117  1
  28 118  1
  62 118  1
 277 118  1
 278 118  1
  34 119  1
 243 119  1
  26 120  1
 206 120  1
 235 120  1
  18 121  1
 214 121  1
   5 122  1
  14 122  1
  58 122  1
  59 122  1
 234 122  1
 253 122  1
 275 123  1
 276 123  1
 178 124  1
 179 124  1
 232 124  1
 234 124  1
 242 124  1
 244 124  1
  33 125  1
 175 125  1
 239 125  1
   1 126  1
   8 126  1
  13 126  1
  30 126  1
 130 126  1
 184 126  1
 192 126  1
 254 126  1
 255 126  1
 114 127  1
 176 127  1
 177 127  1
  14 128  1
  24 128  1
  65 128  1
 132 128  1
 170 128  1
 249 128  1
 269 128  1
  72 129  1
  73 129  1
  78 129  1
  85 129  1
 134 129  1
 229 129  1
 244 129  1
 274 129  1
  26 130  1
  34 130  1
 136 130  1
 170 130  1
 219 130  1
  30 131  1
 105 131  1
 174 131  1
 188 131  1
 243 131  2
 179 132  1
 248 132  1
  26 133  1
 131 133  1
  64 134  1
  87 134  1
 137 134  1
  39 135  1
 144 135  1
 145 135  1
  27 136  1
  28 136  1
 177 136  1
 141 137  1
 170 137  1
 171 137  1
  30 138  1
  36 138  1
  47 139  1
  48 139  1
  49 139  1
  44 140  1
  27 143  1
  32 144  1
  36 144  1
 139 144  1
 183 144  1
 184 144  1
 185 144  1
   2 145  1
   3 145  1
  58 145  1
 132 145  1
  18 146  1
 263 146  1
 265 146  1
 267 146  1
  23 147  1
  37 147  1
  38 147  1
  30 150  1
 129 150  1
  37 151  1
  38 151  1
 148 151  1
 258 151  1
 186 152  1
  88 154  1
  89 154  1
 163 154  1
 186 154  1
 227 154  1
 228 154  1
 271 154  1
 123 155  1
 127 155  1
 128 155  1
 150 155  1
 152 155  1
 193 155  1
 198 155  1
  20 156  1
 109 156  1
 186 156  1
 227 156  1
  13 157  1
 270 157  1
  39 158  1
  70 158  1
  71 158  1
 190 158  1
 227 158  1
  73 159  1
 125 159  1
 127 159  1
 249 159  1
 109 161  1
 197 161  1
  42 162  1
  46 162  1
 115 162  1
 116 162  1
 234 163  1
 242 163  1
 276 163  1
  47 164  1
  52 164  1
 116 164  1
 236 164  1
 119 165  1
 121 165  1
 132 166  1
 174 166  1
 200 166  1
 201 166  1
 229 166  1
  43 169  1
 133 169  1
 134 169  1
 234 169  1
  36 170  1
  52 170  1
 190 170  1
 201 171  1
 271 171  1
 227 172  1
  24 173  1
 154 175  1
  18 176  1
 113 176  1
 114 176  1
 195 176  1
  35 177  1
  55 177  1
 228 177  1
  46 178  1
 178 178  1
 179 178  1
  38 179  1
  43 179  1
 201 179  1
 208 179  1
 211 179  1
 111 180  1
 231 180  1
 232 180  1
  20 181  1
  21 181  1
  46 182  1
 179 183  1
 180 183  1
 234 183  1
 235 183  1
 112 184  1
 115 184  1
 261 184  1
 119 186  1
 120 186  1
 162 187  1
 124 188  1
 164 188  1
 166 188  1
 210 189  1
 258 189  1
 259 189  1
 109 190  1
 123 190  1
 124 190  1
 167 190  1
 117 191  1
 118 191  1
 172 191  1
 111 192  1
 257 192  1
 258 192  1
 233 193  1
 121 194  1
 230 194  1
 220 195  1
 123 196  1
 127 196  1
  92 198  1
 202 199  1
 254 199  1
 105 200  1
 119 200  1
 100 202  1
 104 202  1
 252 202  1
  34 203  1
 200 203  1
  91 205  1
  93 205  1
  95 205  1
 223 205  1
 232 205  1
 250 205  1
 105 206  1
 186 207  1
 120 208  1
 192 208  1
  38 209  1
  39 209  1
 102 209  1
 184 209  1
 196 211  1
 111 213  1
 117 213  1
  44 215  1
 198 215  1
  61 216  1
 225 217  1
  58 218  1
  64 218  1
 199 219  1
 200 219  1
 230 219  1
  80 220  1
  81 220  1
 103 221  1
 223 221  1
  67 222  1
  74 222  1
  87 222  1
  89 222  1
 169 222  1
 171 222  1
 203 222  1
  96 223  1
  97 223  1
 180 223  1
  57 224  1
 222 224  1
 180 225  1
  60 226  1
  91 226  1
 175 226  1
 177 226  1
 183 226  1
 169 227  1
 228 227  1
  73 228  1
  74 228  1
 107 229  1
  95 230  1
  96 230  1
 178 230  1
 148 231  1
  99 233  1
 100 233  1
  69 234  1
 146 235  1
 147 235  1
  77 236  1
  97 236  1
 104 236  1
 120 236  1
 124 237  1
 145 239  1
 146 239  1
 102 240  1
 190 241  1
 107 242  1
 124 243  1
 194 243  1
 117 244  1
 122 244  1
  97 245  1
 173 245  1
 174 245  1
 180 245  1
 122 247  1
 199 247  1
 143 248  1
 178 249  1
 179 249  1
 142 250  1
 170 250  1
 166 251  1
 123 253  1
 181 255  1
 175 256  1


count = 630