 143   1  1
 170   1  1
 177   2  1
 180   3  1
 185   5  1
 147   6  1
 187   6  1
 110   7  1
 133   7  1
 107   8  1
 127   8  1
 169   9  1
 138  10  1
 148  10  1
 161  10  1
 196  10  1
 131  11  1
 165  11  1
 171  11  1
 172  11  1
 126  12  1
 127  12  1
 119  13  1
  93  14  1
 171  15  1
 172  15  1
  87  16  1
 203  16  1
  83  17  1
 134  17  1
  91  20  1
 171  20  1
  89  22  1
  91  22  1
  84  23  1
 165  23  1
 167  23  1
 145  24  1
 146  24  1
 215  25  1
 216  25  1
 114  26  1
  84  28  1
 129  28  1
 146  29  1
 113  30  1
 130  30  1
 148  30  1
  90  31  1
  96  31  1
  48  32  1
  67  32  1
  82  32  1
 105  33  1
 112  34  1
 177  35  1
 108  36  1
 152  36  1
  94  37  1
  69  38  1
 207  38  1
 101  39  1
 102  39  1
  38  40  1
  76  41  1
  45  42  1
 163  42  1
 181  42  1
 218  42  1
 128  43  1
 129  43  1
 189  43  1
 190  43  1
 208  43  1
  47  44  1
 105  44  1
 107  44  1
 109  44  1
  99  45  1
 176  45  1
 186  45  1
 187  45  1
 156  46  1
 160  46  1
 198  46  1
  41  47  1
  49  47  1
 103  47  1
 104  47  1
 165  47  1
 182  47  1
  78  49  1
  82  49  1
  99  49  1
 125  49  1
 130  49  1
 132  49  1
 134  49  1
  95  50  1
 161  50  1
 185  50  1
  45  51  1
  46  51  1
  51  51  1
 108  51  1
 190  51  1
  35  52  1
  93  52  1
 196  52  1
 200  52  1
 201  52  1
 131  53  1
 135  53  1
 100  54  1
 126  54  1
 208  54  1
 155  55  1
 220  55  1
  25  56  1
  35  56  1
  36  56  1
 138  56  1
  51  57  1
  29  58  1
  33  58  1
 105  58  1
 245  58  1
 139  59  1
  85  60  1
  88  60  1
 105  60  1
  21  61  1
 158  61  1
  46  62  1
  79  62  1
  83  62  1
 112  62  1
 116  63  1
 152  63  1
  50  64  1
 156  64  1
  43  65  1
  44  65  1
  19  66  1
  20  66  1
  53  67  1
  89  67  1
 123  67  1
 139  67  1
 163  67  1
 171  67  1
 154  68  1
 175  68  1
 176  68  1
 186  68  1
 194  68  1
  42  69  1
  45  69  1
 131  69  1
 132  69  1
  25  70  1
  49  70  1
  72  70  1
  73  70  1
 186  70  1
  17  71  1
  27  71  1
 151  71  1
 197  71  1
 200  71  1
 209  71  1
  50  72  1
 171  72  1
 247  72  1
 258  73  1
  50  74  1
 182  74  1
 223  74  1
  15  75  1
  53  75  1
  62  75  2
  64  75  1
 211  75  1
 218  75  1
 192  76  1
  40  77  1
  64  77  1
 168  77  1
 169  77  1
 190  77  1
  13  78  1
 176  78  1
 183  78  1
 262  78  1
  23  79  1
 153  79  1
 156  79  1
  37  80  1
  70  80  1
 164  80  1
  11  81  1
  33  81  1
  88  81  1
 170  81  1
  22  82  1
 188  82  1
  30  83  2
  31  83  1
  32  83  1
 186  83  1
  80  84  1
  86  84  1
 177  84  1
   9  85  1
  86  86  1
  13  87  1
  19  87  1
 153  87  1
 268  87  1
 269  87  1
  24  88  1
 166  88  1
 188  88  1
 189  88  1
 158  89  1
 173  89  1
  12  90  1
  83  90  1
 186  90  1
 247  91  1
  78  92  1
 146  92  1
 150  92  1
 178  92  1
  96  93  1
 143  93  1
 144  93  1
 161  93  1
 165  94  1
  81  96  1
 165  96  1
 183  96  1
 102  97  1
 178  97  1
 188  97  1
  14  98  1
  15  98  1
 137  98  1
 133  99  1
 134  99  1
   4 100  1
   5 100  1
  15 100  1
 145 100  1
 147 100  1
 130 101  1
 131 101  1
 158 102  1
   3 103  1
   4 103  1
  75 103  1
 184 103  1
 247 103  1
  89 104  1
  52 105  1
  82 105  1
 137 105  1
  43 106  1
 156 106  1
 176 106  1
 177 106  1
 258 106  1
 259 106  1
  41 107  1
  59 107  1
 127 107  1
 137 109  1
  22 110  1
  23 110  1
 259 110  1
 260 110  1
   1 111  1
  95 111  1
  99 111  1
 262 111  1
   6 112  1
 244 112  1
  89 113  1
  90 113  1
 120 113  1
 156 113  1
 269 113  1
  29 114  1
 175 114  1
 206 114  1
  60 115  1
  81 115  1
 196 115  1
 199 116  1
 200 116  1
 208 116  1
 235 116  1
 120 117  1
 153 117  1
  63 118  1
 161 119  1
 183 119  1
 184 119  1
 189 119  1
 262 119  1
 140 120  1
 195 120  1
 228 120  1
 242 120  1
 269 120  1
   1 121  1
 147 121  1
 148 121  1
 209 121  1
  65 122  1
 115 122  1
 134 122  1
 135 122  1
 259 122  1
 249 123  1
   9 124  1
  85 124  1
 199 124  1
  29 125  1
  63 125  1
 119 125  1
 151 125  1
 237 125  1
  57 126  1
 158 126  1
 278 126  1
 279 126  1
 111 127  1
 125 127  1
 202 127  1
 138 128  1
 175 128  1
 235 128  1
 236 128  1
 252 128  1
 258 128  1
   9 129  1
  13 129  1
 160 129  1
 162 129  1
 182 129  1
 212 129  1
  56 130  1
  64 130  1
 201 130  1
 207 130  1
 221 130  1
 235 130  1
 243 130  1
 160 131  1
 256 131  1
  24 132  1
  66 132  1
 121 132  1
 132 132  1
 137 132  1
 210 132  1
 211 132  1
 224 132  1
 238 132  1
 252 132  1
 274 132  1
 280 132  1
 281 132  1
  17 133  1
  39 133  1
 159 133  1
 160 133  1
 173 133  1
 231 133  1
 123 134  1
 132 134  1
 134 134  1
 141 134  1
  29 135  1
 127 135  1
 181 135  1
 218 135  1
 220 135  1
 166 136  1
 171 136  1
 259 136  1
  34 137  1
  84 137  1
 128 137  1
 210 137  1
 211 137  1
 281 137  1
 282 137  1
  95 138  1
 116 138  1
 117 138  1
 122 138  1
 123 138  1
 141 138  1
 142 138  1
 160 138  1
 201 138  1
 265 138  1
 148 139  1
 186 139  1
 164 140  1
 168 140  1
 149 141  1
 175 141  1
 197 141  1
  87 142  1
 155 142  1
 185 142  1
 252 142  1
 253 142  1
 254 142  1
  18 143  1
  84 143  1
  20 144  1
 164 144  1
 203 145  1
 204 145  1
 264 145  1
 115 146  1
 120 146  1
 192 146  1
 193 146  1
 259 147  1
 113 148  1
 155 148  1
  79 149  1
 263 149  1
 269 149  1
  93 150  1
  94 150  1
 158 150  1
 197 150  1
 222 150  1
  77 151  1
 229 151  1
 256 151  1
 258 151  1
  34 152  1
  35 152  1
 233 152  1
 260 152  1
 261 152  1
 262 152  1
  12 153  1
 179 153  1
 184 153  1
 192 153  1
 193 153  1
  38 154  1
 118 156  1
 119 156  1
 177 156  1
 257 156  1
  76 157  1
  87 157  1
 175 157  1
 182 157  1
 268 158  1
 282 158  1
 283 158  1
 255 159  1
 166 160  1
 234 160  1
 235 160  1
  20 161  1
  29 161  1
 118 161  1
 183 161  1
 188 161  1
 189 161  1
 263 161  1
 281 161  1
 282 161  1
 129 162  1
 166 162  1
 244 163  1
  32 164  1
 108 164  1
 110 164  1
 112 164  1
 170 164  1
 252 164  1
  21 165  1
  94 165  1
 176 165  1
 239 165  1
  13 166  1
 104 166  1
  25 167  1
  48 167  1
 262 167  1
 279 167  1
 280 167  1
  33 168  1
  81 168  1
  82 168  1
  35 169  1
 258 169  1
  49 170  1
  92 170  1
  93 170  1
 114 170  1
 115 170  1
 173 170  1
 174 170  1
 278 170  1
 279 170  1
 118 171  1
 188 171  1
 194 171  1
 252 171  1
  36 172  1
 119 173  1
 141 173  1
 142 173  1
 196 173  1
 133 174  1
 156 174  1
 179 174  1
 277 174  1
 278 174  1
  41 175  1
  43 175  1
  38 176  1
 120 176  1
 122 176  1
 133 176  1
 187 176  1
 199 176  1
 255 176  1
 129 177  1
 138 177  1
 139 177  1
 124 178  1
 149 178  1
 171 178  1
 178 178  1
 179 178  1
 201 178  1
 156 179  1
 205 179  1
 105 180  1
 144 180  1
 225 180  1
 154 181  1
 156 181  1
 196 181  1
 207 181  1
 208 181  1
 241 181  1
 250 181  1
 174 182  1
 175 182  1
 191 182  1
 229 182  1
 274 182  1
 128 183  1
 130 183  1
 132 183  1
 216 183  1
 222 183  1
 245 183  1
 194 185  1
 249 185  1
 114 186  1
 115 186  1
 151 186  1
 215 186  1
 229 186  1
 100 187  2
 101 187  1
 126 187  1
 127 187  1
 192 187  1
 247 187  1
 215 188  1
 219 188  1
  18 189  1
  19 189  1
 196 189  1
 210 189  1
 212 189  1
 221 189  1
 108 190  1
 160 190  1
 148 191  1
 138 192  1
 197 192  1
 266 192  1
 142 193  1
 242 193  1
 249 193  1
 124 195  1
 144 195  1
 264 196  1
 101 197  1
 150 197  1
 119 198  1
 120 198  1
 159 199  1
 160 199  1
 248 199  1
 262 199  1
  25 200  1
 116 200  1
 146 201  1
  94 202  1
 251 202  1
 110 203  1
 151 203  1
 159 203  1
 119 204  1
 120 204  1
 142 204  1
 165 204  1
 134 205  1
  86 206  1
  92 206  1
 138 206  1
 157 206  1
  31 207  1
  99 208  1
 126 208  1
 127 208  1
 145 208  1
 113 209  1
 117 209  1
 121 209  1
 122 209  1
 103 211  1
 128 211  1
 198 211  1
  95 212  1
  96 212  1
 141 212  1
 193 212  1
 200 213  1
 123 214  1
 188 216  1
 190 216  1
  84 217  1
  88 217  1
  93 217  2
  94 217  1
  98 217  1
 104 217  1
 125 217  1
  41 218  1
 152 220  1
 243 220  1
  44 221  1
  97 221  1
 186 221  1
  87 222  1
  88 222  1
 200 222  1
 201 222  1
 182 223  2
 183 223  1
 201 224  1
  96 225  1
  97 225  1
 103 225  1
 104 225  1
 186 226  1
 201 226  1
  52 227  1
  87 227  1
  88 227  1
  93 228  1
 151 228  1
 199 229  1
  57 230  1
 146 230  1
 147 230  1
 195 230  1
 204 230  1
  84 231  1
 102 231  1
 200 231  1
 202 231  1
  97 232  1
 150 232  1
 151 232  1
 229 233  1
  80 234  1
 143 234  1
 149 234  1
  63 235  1
  85 235  1
  86 235  1
 173 235  1
  77 236  1
  78 236  1
 103 236  1
 105 236  1
 183 236  1
 189 237  1
 190 237  1
 204 237  1
 187 238  1
 194 238  1
 141 239  1
 148 239  1
 208 239  1
  94 240  1
 100 240  1
 101 240  1
 170 240  1
 171 240  1
  86 242  1
 188 242  1
 198 243  1
 151 244  1
  93 245  1
 174 246  1
 211 246  1
  98 247  1
 182 247  1
 170 248  1
 193 248  1
 104 249  1
 142 249  1
 143 249  1
 180 249  1
 204 249  1
 205 249  1
 155 250  1
 139 251  1
 121 253  1
 149 253  1
 135 256  1


count = 743