 145   1  1
 163   1  1
 167   1  1
 191   1  1
 204   3  1
 206   4  1
 126   5  1
 163   6  1
 175   6  1
 210   6  1
 212   6  1
 215   7  1
 117   8  1
 118   8  1
 141   8  1
 163   8  1
 200   8  1
 152  10  1
 155  10  1
 156  10  1
 157  10  1
 175  10  1
 176  10  1
 204  11  1
 205  11  1
 222  11  1
 133  12  1
 156  12  1
 105  13  1
 101  14  1
 227  14  1
 198  16  1
 199  16  1
  90  17  1
 116  17  1
 174  17  1
 178  17  1
 187  17  1
 188  17  1
 202  17  1
 232  17  1
  87  18  1
 106  19  1
 222  19  1
 110  20  1
  80  21  1
 101  21  1
 145  21  1
 152  21  1
 176  21  1
  89  22  1
 149  23  1
 150  23  1
 219  23  1
 220  23  1
  71  24  1
 166  24  1
 215  24  1
 216  24  1
 242  24  1
 220  25  1
  83  26  1
  84  26  1
 109  26  1
 122  26  1
 170  26  1
  64  27  1
 179  27  1
 180  27  1
 113  28  1
  60  29  1
  61  29  1
 213  29  1
 114  31  1
 115  31  1
  83  32  1
  84  32  1
 152  32  1
 127  33  1
  53  34  1
 118  34  1
 119  34  1
  90  35  1
  91  35  1
 171  35  1
 213  35  1
 157  36  1
 167  36  1
  49  37  1
 184  38  1
 185  38  1
 145  39  1
 190  40  1
 214  40  1
  44  41  1
  84  41  1
  85  41  1
  88  41  1
 153  41  1
 259  41  1
  75  42  1
  76  42  1
 114  42  1
 220  42  1
 224  42  1
 226  42  1
 183  43  1
 187  43  1
 144  44  1
 176  44  1
  39  45  1
 152  45  1
  83  46  1
  84  46  1
  89  46  1
 156  46  1
 157  46  1
 227  46  1
 166  47  1
 236  47  1
 247  47  1
 149  48  1
 208  48  1
 244  48  1
  33  49  1
 213  49  1
  83  50  1
 144  50  1
 153  50  1
 154  50  1
 155  50  1
 160  50  1
 162  50  1
 186  50  1
  29  51  1
  60  51  1
  79  51  1
  80  51  1
  64  52  1
  65  52  1
 146  53  1
 173  53  1
  57  57  1
  62  57  1
  63  57  1
 129  57  1
 154  58  1
 183  58  1
 126  59  1
 134  59  1
 250  59  1
 251  59  1
 188  60  1
 189  60  1
 231  61  1
 232  61  1
  17  62  1
 142  62  1
 271  62  1
 272  62  1
  27  64  1
 143  64  1
 148  64  1
  15  65  1
  53  65  1
  59  65  1
 188  65  1
 272  65  1
 273  65  1
 222  66  1
  28  67  1
 175  67  1
  61  68  1
 155  68  1
 186  68  1
 226  68  1
 232  68  1
 179  70  1
 234  70  1
 167  71  1
 244  71  1
  58  72  1
 163  72  1
 253  72  1
 275  72  1
 276  72  1
  64  73  1
  35  74  1
 158  76  1
 160  76  1
  38  77  1
 277  77  1
 278  77  1
 252  79  1
  11  80  1
  12  80  1
  38  81  1
 246  81  1
  34  82  1
 233  82  1
 236  82  1
 279  82  1
 280  82  1
  10  83  1
  11  83  1
 239  83  1
 246  85  1
 248  85  1
  87  86  1
 114  86  1
 204  86  1
 235  86  1
  40  87  1
 196  87  1
 249  87  1
  35  88  1
  85  88  1
 174  88  1
 165  89  1
 244  90  1
 282  90  1
 283  90  1
  87  91  1
 159  91  1
 181  91  1
 194  91  1
 236  91  1
 237  91  1
 253  91  1
 168  92  1
 189  92  1
  95  93  1
 126  93  1
 166  93  1
 104  94  1
 132  94  1
 232  94  1
 233  94  1
 263  94  1
 155  95  1
 197  95  1
   5  96  1
   6  96  1
 144  96  1
 157  96  1
 235  96  1
 124  97  1
 148  97  1
 150  97  1
 161  97  1
 201  98  1
 215  99  1
 126 100  1
 127 100  1
 133 100  1
 138 100  1
 196 100  1
 197 100  1
 254 100  1
  54 101  1
 237 101  1
 247 101  1
  51 102  1
 209 102  1
 210 102  1
 252 102  1
 179 103  1
 170 104  1
 243 104  1
  64 105  1
 147 105  1
 142 106  1
 154 106  1
 162 106  1
 205 106  1
 206 106  1
 251 106  1
 262 106  1
 271 106  1
 273 106  1
 274 106  1
  43 107  1
  44 107  1
  55 107  1
  59 107  1
 219 108  1
  62 109  1
 125 109  1
 140 109  1
 151 109  1
 191 109  1
 245 109  1
 249 109  1
 256 109  1
  26 110  1
 185 110  1
 186 110  1
 219 110  1
  40 111  1
  49 112  1
  53 112  1
  58 112  1
  81 112  1
 111 112  1
  69 113  1
  84 114  1
 136 114  1
 152 114  1
 156 114  1
 177 114  1
 181 114  1
  25 115  1
  45 115  1
  99 115  1
 100 115  1
 162 115  1
 163 115  1
 260 115  1
   9 116  1
  10 116  1
  55 116  1
  60 116  1
  62 116  1
  84 116  1
 111 116  1
 112 116  1
 159 117  1
 220 117  1
  91 118  1
 100 118  1
 166 118  1
 253 118  1
  21 119  1
  64 119  1
 265 119  1
 272 119  1
   2 120  1
   3 120  1
  49 120  1
 161 120  1
 163 120  1
 206 120  1
 119 121  1
 148 121  1
 223 121  1
 224 121  1
   6 122  1
  10 122  1
  11 122  1
  19 122  1
   1 123  1
  93 123  1
  94 123  1
  99 123  1
 124 123  1
 224 123  1
 265 123  1
 267 123  1
  18 124  1
 138 124  1
  32 125  1
 161 125  1
 163 125  1
 164 125  1
 224 125  1
  93 126  1
 103 126  1
 195 126  1
 229 126  1
  37 127  1
  38 127  1
  40 127  1
  68 127  1
 126 127  1
 168 127  1
 169 127  1
   1 128  1
   6 128  1
  21 128  1
  98 128  1
  31 129  1
  32 129  1
  33 129  1
  46 129  1
  61 129  1
 130 129  1
 135 129  1
  68 130  1
   2 131  1
   3 131  1
  29 131  1
  61 131  1
 177 131  1
 198 131  1
 226 131  1
 234 131  1
 164 132  1
 165 132  1
 211 132  1
 267 132  1
 112 133  1
 131 133  1
  99 134  1
 126 134  1
 135 134  1
 164 134  1
  30 135  1
  31 135  1
  58 135  1
 109 136  1
 216 136  1
  78 137  1
 124 137  1
  60 138  1
 104 138  1
 215 138  1
  66 140  1
 101 140  1
 160 140  1
  36 141  1
  62 141  1
 206 141  1
 207 141  1
 101 142  1
 141 142  1
 275 142  1
 276 142  1
 118 143  1
 124 143  1
  41 144  1
 147 145  1
 228 145  1
  35 146  1
  36 146  1
  37 146  1
  39 146  1
 115 146  1
 156 147  1
 212 148  1
  94 149  1
  62 150  1
 220 150  1
 254 150  1
  42 151  1
 118 151  1
  94 152  1
 251 152  1
  98 153  1
 197 153  1
 243 153  1
  52 154  1
  46 155  1
 142 155  1
 258 155  1
  20 156  1
  51 156  1
  96 156  2
 161 156  1
   6 157  1
  41 157  1
 144 157  1
  14 158  1
  17 158  1
 162 158  1
 194 158  1
 205 158  1
 211 158  1
 148 159  1
 198 159  1
  20 161  1
  54 161  1
 150 161  1
 203 161  1
 215 161  1
  24 162  1
 155 162  1
   8 163  1
   9 163  1
  47 163  1
 165 163  1
 260 163  1
 275 163  1
 276 163  1
  15 164  1
 249 164  1
 217 165  1
 162 166  1
 163 166  1
 191 166  1
 213 166  1
 240 166  1
 206 167  1
 246 167  1
  34 168  1
  61 168  1
  26 169  1
 244 169  1
 251 169  1
 262 169  1
 263 169  1
  17 170  1
 201 170  1
 209 170  1
 273 170  1
 240 171  1
 250 171  1
  33 172  1
 158 172  2
 159 172  1
 160 172  1
 223 172  1
 225 172  1
  24 175  1
  21 176  1
  99 176  1
 103 176  1
 169 176  1
  46 177  1
  47 177  1
 171 177  1
 230 178  1
 244 178  1
 268 178  1
  71 179  1
  72 179  1
 259 179  1
  72 181  1
  50 182  1
 104 182  1
 242 182  1
  45 183  1
  86 183  1
 227 184  1
 228 184  1
  68 185  1
  77 185  1
 105 186  1
 242 186  1
 237 187  1
  46 188  1
  85 188  1
  86 188  1
 103 189  1
 233 190  1
  47 192  1
  48 192  1
 233 192  1
 262 192  1
 263 192  1
  42 193  1
  43 193  1
 235 193  1
 231 194  1
  43 195  1
  69 195  1
 113 196  1
 260 197  1
 261 197  1
  94 198  1
 103 198  1
 240 198  1
 241 198  1
  65 199  1
 113 200  1
 114 200  1
 250 200  1
 140 201  1
  46 202  1
 147 202  1
  98 203  1
 112 204  1
 256 204  1
  39 205  1
 120 205  1
 131 206  1
 146 206  1
 192 206  1
 114 207  1
 116 207  1
 126 207  1
  76 209  1
  77 209  1
  99 209  1
 100 209  1
 101 209  1
  84 210  1
 108 210  1
 197 210  2
 252 210  1
  47 211  1
  88 211  1
 132 211  1
 133 211  1
  81 212  1
  77 214  1
  88 214  1
 167 214  1
 109 215  1
 137 215  1
 172 215  1
 116 216  1
 143 216  1
 196 216  1
 200 217  1
 114 218  1
 128 218  1
 129 218  1
 159 219  1
 160 219  1
 179 219  1
 180 219  1
 106 220  1
 113 220  1
 134 220  1
 135 220  1
 155 220  1
  68 221  1
  74 221  1
  75 221  1
 138 221  1
 139 221  1
 161 221  1
 171 221  1
 173 221  1
 204 221  1
 211 221  1
 105 222  1
 215 222  1
  71 223  1
 117 223  1
 118 223  1
 133 224  1
 134 224  1
 153 225  1
 211 225  1
 212 225  1
 103 226  1
 148 226  1
 173 226  1
 100 227  1
 118 227  1
 120 228  1
 136 228  1
 137 228  1
 175 228  1
  69 229  1
 124 229  1
  78 230  1
 207 230  1
 208 230  1
 213 230  1
 214 230  1
 232 230  1
  97 232  1
 181 232  1
 182 232  1
  76 233  1
 115 233  1
 129 233  1
 130 233  1
 143 233  1
 168 234  1
 181 234  1
 208 234  1
 174 235  1
 175 235  1
 215 235  1
 225 235  1
 119 236  1
 146 236  1
 147 236  1
 112 237  1
 111 239  1
 116 239  1
 132 239  1
 133 239  1
 152 239  1
 164 239  1
 178 239  1
 219 239  1
  89 240  1
  91 240  1
  98 242  1
 101 243  1
 120 244  1
 121 244  1
 126 246  1
 147 246  1
 207 246  1
 117 249  1
 201 249  1
 120 250  1
 198 250  1
 123 251  1
 146 251  1
 163 251  1
 134 254  1
 176 256  1
 153 257  1


count = 699