 140   1  1
 159   1  1
 160   1  1
 167   1  1
 131   2  1
 181   2  1
 123   4  1
 190   4  1
 120   5  1
 152   5  1
 193   5  1
 142   6  1
 163   6  1
 116   7  1
 117   7  1
 148   8  1
 109   9  1
 106  10  1
 155  11  1
 156  11  1
 148  12  1
 210  12  1
 103  13  1
 168  13  1
 119  14  1
 199  14  1
  94  15  1
 215  15  1
 216  15  1
  92  16  1
 117  16  1
 107  17  1
 204  17  1
 220  17  1
  84  19  1
  86  19  1
 222  19  1
 101  21  1
 144  21  1
 100  23  1
 116  23  1
 139  23  1
 140  23  1
 171  23  1
 172  23  1
 109  24  1
 113  26  1
 217  26  1
 218  26  1
  81  27  1
  81  29  1
  82  29  1
 172  29  1
 173  29  1
 198  29  1
 199  29  1
 223  29  1
 204  30  1
 205  30  1
 217  31  1
  58  32  1
 174  33  1
 110  34  1
 112  34  1
 211  34  1
  52  35  1
  70  36  1
  71  36  1
 210  36  1
 211  36  1
 113  37  1
 171  37  1
 217  37  1
 219  37  1
  94  39  1
 198  39  1
 201  39  1
 202  39  1
 209  39  1
 210  39  1
 170  40  1
 226  42  2
 227  42  1
  52  43  1
 201  43  1
  63  44  1
  64  44  1
  65  44  1
 201  45  1
 229  45  1
 230  45  1
  72  46  1
 209  46  1
 219  46  1
 220  46  1
  64  48  1
  46  49  1
  47  49  1
 213  50  1
 219  52  1
 117  53  1
 217  53  1
 224  53  1
  78  54  1
  44  55  1
 120  55  1
 210  55  1
 224  55  1
  63  56  1
  56  57  1
  57  57  1
  96  57  1
 131  57  1
 218  57  1
 220  57  1
  52  58  1
  78  58  1
  59  59  1
 133  59  1
 245  59  1
  93  60  1
  52  61  1
 209  61  1
 215  61  1
 240  61  1
  22  62  1
 232  62  1
  48  63  1
  92  63  1
  93  63  1
 211  63  1
 265  63  1
  80  64  1
  46  66  1
  75  66  1
  77  66  1
  43  67  1
  82  67  1
  86  67  1
 246  68  1
  18  69  1
  92  69  1
  73  70  1
 232  70  1
 233  70  1
 242  70  1
  76  71  1
  90  71  1
  15  72  1
  50  72  1
  56  72  1
 261  75  1
 263  75  1
  21  76  1
  51  77  1
 260  77  1
  44  78  1
  45  78  1
 271  78  1
 272  78  1
  28  79  1
  49  79  1
  12  80  1
  13  80  1
 264  80  1
  19  82  1
  21  82  1
  92  82  1
  27  83  1
  34  83  1
  45  83  1
  46  83  1
  47  83  1
  49  83  1
 273  83  1
 274  83  1
 244  84  1
 245  84  1
 246  84  1
 105  85  1
 134  85  1
 140  85  1
 174  85  1
 265  85  1
 266  85  1
 267  85  1
  44  86  1
 100  86  1
 166  86  1
 128  87  1
 146  87  1
 259  87  1
  83  88  1
  84  88  1
  87  88  1
  88  88  1
  95  88  1
 166  88  1
 256  88  1
 253  89  1
 248  90  1
 262  91  1
 167  92  1
 168  92  1
 181  92  1
 179  95  1
 180  95  1
 259  95  1
 175  96  1
 277  96  1
 278  96  1
  36  97  1
 256  97  1
   4  98  1
   5  98  1
  22  98  1
 168  98  1
 179  98  1
  19  99  1
  15 100  1
 146 100  1
 270 100  1
  92 101  1
 256 101  1
 257 101  1
 165 102  1
 240 102  1
 271 102  1
 225 103  1
 234 103  1
 260 103  1
 261 103  1
  44 104  1
  89 104  1
  90 104  1
 127 104  1
 241 104  1
 114 105  1
 121 105  1
 141 105  1
 143 105  1
 169 105  1
 216 105  1
 217 105  1
 235 105  1
  42 106  1
  90 106  1
 112 106  1
  10 107  1
 110 107  1
 144 107  1
 229 107  1
 281 107  1
 282 107  1
   6 108  1
  19 108  1
  20 108  1
 101 108  1
 131 108  1
 136 108  1
 234 108  1
 244 108  1
 148 109  1
 156 109  1
 161 109  1
 216 109  1
 267 109  1
  17 110  1
  87 110  1
 117 110  1
 270 110  1
  74 111  1
  80 111  1
  91 111  1
  93 111  1
 119 111  1
 137 111  1
 138 111  1
 152 111  1
 153 111  1
 260 111  1
 275 111  1
   1 112  1
 126 112  1
 131 112  1
 107 113  1
 113 113  1
 246 113  1
 274 113  1
 262 114  1
  13 115  1
  96 115  1
  99 115  1
 241 115  1
 245 115  1
 268 115  1
 272 115  1
 101 116  1
 196 116  1
 198 116  1
 200 116  1
 207 116  1
  14 117  1
 104 117  1
 188 117  1
 189 117  1
 218 117  1
 209 118  1
   1 120  1
  14 120  1
  15 120  1
 270 122  1
 273 122  1
 280 122  1
 281 122  1
 178 125  1
 200 125  1
 170 126  1
  72 127  1
 179 127  1
 223 127  1
 117 128  1
 262 128  1
 263 128  1
   3 129  1
  76 129  1
  77 129  1
 151 129  1
 237 129  1
  70 130  1
 199 130  1
 161 131  1
  20 132  1
  21 132  1
 179 132  1
 180 132  1
 260 132  1
 270 132  1
  41 133  1
 150 133  1
  46 134  1
  72 134  1
 186 134  1
 191 134  1
 232 134  1
 260 134  1
 270 134  1
  51 135  1
  78 135  1
  79 135  1
 160 135  1
 161 135  1
 168 135  1
 211 135  1
 254 135  1
  74 136  1
 227 136  1
 256 136  1
 103 137  1
 105 137  1
 106 137  1
 175 137  1
 262 137  1
 270 137  1
 271 137  1
  99 138  1
 206 138  1
 171 139  1
 211 139  1
 274 139  1
  45 140  1
  50 140  1
  17 142  1
  18 142  1
  22 142  1
  23 142  1
 215 142  1
  15 144  1
  84 145  1
 130 145  1
 205 145  1
  73 147  1
  87 147  1
  94 147  1
 129 147  1
 146 147  1
 177 147  1
 193 147  1
 281 147  1
 282 147  1
 126 148  1
 140 148  1
 214 148  1
  97 149  1
 186 149  1
 187 149  1
  15 150  1
  16 150  1
 132 150  1
 158 150  1
  70 151  1
 126 152  1
 141 152  1
 198 152  1
 201 152  1
 207 152  1
 112 153  1
 145 153  1
 146 153  1
   5 154  1
   6 154  1
 120 154  1
 131 154  1
 210 154  1
 270 155  1
 126 156  1
 101 157  1
 109 157  1
 161 157  1
 193 157  1
  97 158  1
 123 158  1
 203 158  1
 264 158  1
  19 159  1
  92 159  1
 131 159  1
   9 161  1
  25 161  1
  90 161  1
 115 161  1
 121 161  1
 164 161  1
 259 161  1
 260 161  1
 110 165  1
  12 166  1
 105 166  1
 278 166  1
 279 166  1
  45 167  1
 169 167  1
 266 167  1
 105 168  1
 175 168  1
  14 169  1
  51 170  1
 162 170  1
 178 171  1
 179 171  1
  23 172  1
  24 172  1
  35 172  1
  52 172  1
 122 172  1
 112 173  1
  41 174  1
 118 175  1
 179 175  1
 180 175  1
 275 175  1
 276 175  1
  19 176  1
  31 176  1
  51 176  1
 123 176  1
 166 176  1
  26 177  1
  27 177  1
 135 177  1
 138 177  1
 162 177  1
  21 180  1
  45 180  1
 253 181  1
 257 181  1
 248 184  1
  43 185  1
 272 185  1
 273 185  1
  48 186  1
 239 186  1
 227 187  1
 264 187  1
  67 190  1
  68 190  1
 256 190  1
 257 190  1
  48 191  1
  49 191  1
  60 192  1
  61 192  1
 261 192  1
  34 194  1
  97 195  1
  66 196  1
  67 196  1
  87 196  1
 255 196  1
  69 197  1
  70 197  1
  80 198  1
 242 198  1
  72 199  1
  73 199  1
  98 199  1
 266 199  1
  42 200  1
 242 200  1
 104 202  1
 131 202  1
 218 202  1
 241 203  1
 145 204  1
 262 205  1
  79 206  1
  83 206  1
  58 207  1
 111 207  1
 227 207  1
 228 207  1
 229 207  1
 222 208  1
 134 209  1
 141 209  1
 166 209  1
  83 210  1
 114 210  1
 115 210  1
 123 211  1
 258 211  1
  55 212  1
 118 212  1
 130 212  1
 192 212  1
 193 212  1
 179 213  1
 189 213  1
  59 214  1
  83 214  1
 129 215  1
 157 215  1
 114 216  1
 133 216  1
 134 216  1
 186 216  1
 138 217  1
 227 217  1
  85 219  1
 129 219  1
 161 219  1
 163 219  1
 181 219  1
 185 219  1
  69 220  1
 120 220  1
 121 220  1
 221 220  1
 222 220  1
 160 222  1
 226 222  1
 227 222  1
  90 223  1
 157 224  1
  92 225  1
  93 225  1
 113 225  1
 114 225  1
 119 226  1
 141 226  1
 145 226  1
 184 226  1
 245 226  1
  79 227  1
 139 227  1
 152 227  1
 186 227  1
 227 229  1
 228 229  1
 231 229  1
  83 230  1
  84 230  1
 182 231  1
  89 232  1
 141 232  1
 135 233  1
 223 234  1
 232 237  1
 199 238  1
 111 239  1
 201 239  1
 203 239  1
 133 240  1
 177 240  1
 185 240  1
 205 240  1
 207 240  1
 226 240  1
 227 240  1
 208 242  1
 182 243  1
 222 243  1
 196 244  1
 200 244  1
 154 245  1
 155 245  1
 159 245  1
 202 245  1
 141 246  1
 196 246  1
 151 248  1
 183 248  1
 184 248  1
 139 250  1
 159 250  1
 174 252  1
 185 252  1
 146 253  1
 197 253  1
 194 254  1
 186 256  1


count = 621