 118   1  1
 122   1  1
 162   1  1
 109   4  1
 193   7  1
 127   8  1
 120   9  1
 157   9  1
 160   9  1
 166   9  1
  95  10  1
 116  10  1
 200  11  1
 148  12  1
 152  13  1
 157  13  1
 174  13  1
 206  14  1
  85  15  1
 106  15  1
 110  15  1
 147  16  1
 148  16  1
 159  16  1
 160  16  1
 117  19  1
 121  19  1
  78  20  1
 153  20  1
 168  20  1
 216  20  1
 122  21  1
 108  22  1
 147  22  1
 196  23  1
 223  24  1
  65  25  1
  62  26  1
  90  26  1
 120  26  1
 226  26  1
  59  27  1
  76  27  1
 115  27  1
 165  27  1
  94  28  1
 111  28  1
 193  28  1
  54  29  1
  80  29  1
 125  30  1
 232  30  1
  83  31  1
  84  31  1
 153  31  1
 164  31  1
 165  31  1
 221  31  1
  48  32  1
  49  32  1
  70  32  1
 112  32  1
 120  32  1
  59  33  1
  98  33  1
 153  33  1
  63  34  1
 150  34  1
 158  34  1
 159  34  1
 208  34  1
 222  34  1
 236  34  1
 115  35  1
 198  35  1
 196  36  1
 225  36  1
 226  36  1
  53  37  1
  74  37  1
  75  37  1
  76  37  1
 201  37  1
  59  39  1
  60  39  1
 152  39  1
  38  40  1
  53  40  1
  54  40  1
  85  40  1
  87  40  1
 193  40  1
 242  41  1
 119  42  1
  36  43  1
 172  43  1
 205  43  1
 184  44  1
 185  44  1
 215  45  1
 106  46  1
 190  46  1
  55  47  1
  61  47  1
  62  47  1
 153  48  1
 170  48  1
 173  48  1
 174  48  1
 180  50  1
 181  50  1
  59  51  1
  61  51  1
  62  51  1
 112  52  1
 188  52  1
 253  52  1
 114  55  1
 120  55  1
 217  55  1
 218  55  1
 188  56  1
 192  56  1
 202  56  1
 258  56  1
 123  57  1
 130  59  1
 194  59  1
 196  59  1
 220  60  1
  21  61  1
  48  61  1
 223  62  1
 224  62  1
 135  63  1
 218  63  1
  18  66  1
  42  66  1
  49  66  1
  50  66  1
  39  67  1
 178  68  1
 188  68  1
 268  68  1
 260  69  1
 182  70  1
 184  70  1
 186  70  1
  15  71  1
  16  71  1
  36  72  1
  44  75  1
 174  75  1
 264  75  1
 169  76  1
 221  77  1
 273  77  1
 167  78  1
  37  79  1
  50  79  1
 157  79  1
 185  80  1
 256  80  1
 257  80  1
 258  80  1
  59  82  1
 154  82  1
 194  82  1
 275  82  1
 276  82  1
 182  83  1
 213  83  1
 264  83  1
 268  83  1
  39  85  1
 229  85  1
  64  86  1
  65  86  1
 257  86  1
 259  86  1
 261  86  1
  37  87  1
 147  87  1
 205  87  1
 217  87  1
 223  87  1
 140  88  1
 183  88  1
 190  88  1
 254  88  1
 277  88  1
 278  88  1
 105  89  1
 137  89  1
 167  89  1
 199  89  1
 212  89  1
  64  90  1
 103  90  1
  30  91  1
  32  91  1
 265  91  1
 278  91  1
 279  91  1
  58  92  1
 155  92  1
 204  92  1
   5  93  1
   6  93  1
 181  93  1
 196  93  1
 216  93  1
  57  94  1
 121  94  1
 233  94  1
 109  95  1
 110  95  1
 201  95  1
 214  95  1
 215  95  1
 216  95  1
  71  96  1
 205  96  1
  42  97  1
 151  97  1
 180  97  1
 243  97  1
 269  97  1
  33  98  1
  34  98  1
  35  98  1
 149  98  1
 156  98  1
 159  98  1
  24 100  1
  70 100  1
 219 100  1
   2 101  1
   3 101  1
 110 101  1
 197 101  1
 204 101  1
 215 101  1
 272 101  1
 281 101  1
 282 101  1
 143 102  1
 151 102  1
 169 102  2
 171 102  1
  16 103  1
 273 103  1
   1 104  1
   2 104  1
  27 104  1
  54 104  1
  64 104  1
 177 104  1
 207 104  1
  11 105  1
  32 105  1
 211 105  1
 231 105  1
 124 106  1
 128 106  1
 219 106  1
  56 107  1
  63 107  1
 120 107  1
 130 107  1
 195 107  1
 196 107  1
 245 107  1
 246 107  1
   1 108  1
 134 108  1
 219 108  1
  67 109  1
 245 109  1
 140 110  1
 141 110  1
 199 110  1
 212 110  1
  53 111  1
 188 111  1
 224 111  1
 226 111  1
 256 111  1
  32 112  1
  49 112  1
 141 112  1
 177 112  1
 135 113  1
 136 113  1
 209 113  1
 258 113  1
 184 114  1
 196 114  1
 201 114  1
  36 115  1
 218 115  1
 238 115  1
 251 115  1
 252 115  1
  46 116  1
  51 116  1
  65 116  1
  74 116  1
 214 117  1
 251 117  1
 258 117  1
  70 118  1
 184 118  1
  26 119  1
  36 119  1
  50 119  1
 173 119  1
 189 119  1
  30 120  1
 119 120  1
 198 120  1
 203 120  1
 272 120  1
  60 121  1
 114 121  1
 123 121  1
 170 121  1
 238 121  1
  55 122  1
 272 122  1
   6 123  1
  32 123  1
 210 123  1
 212 123  1
 218 123  1
  17 124  1
  19 124  1
  48 124  1
  77 124  1
  78 124  1
 109 124  1
 110 124  1
 116 124  1
 117 124  1
   1 125  1
 191 125  1
  60 126  1
 155 126  1
 163 126  1
   6 127  1
  31 127  1
  37 127  1
 134 127  1
 146 127  1
 174 127  1
 178 127  1
 180 127  1
 185 127  1
 199 127  1
 200 127  1
 260 127  1
 268 127  1
   1 128  1
  66 128  1
  68 128  1
 280 128  1
  13 129  1
  23 129  1
  24 129  1
  44 129  1
  63 129  1
  77 129  1
  81 129  1
 199 129  1
 208 129  1
  17 130  1
  31 130  1
  32 130  1
 118 130  1
 254 130  1
  47 131  1
 125 131  1
 178 131  1
 179 131  1
 208 131  1
 252 131  1
 276 131  1
   1 132  1
  67 132  1
  76 132  1
  82 132  1
  96 132  1
 146 132  1
 259 132  1
  12 133  1
  34 133  1
  36 133  1
  46 133  1
 128 133  1
 135 133  1
 161 133  1
 175 133  1
  60 134  1
 271 134  1
 148 135  1
 149 135  1
 163 135  1
 173 135  1
 174 135  1
  28 138  1
 259 138  1
 260 138  1
  63 139  1
  64 139  1
  67 139  1
  68 139  1
 240 139  1
 266 139  1
  15 140  1
 255 140  1
 256 140  1
 145 141  1
  23 142  1
  33 142  1
 278 142  1
 279 142  1
 175 143  1
 242 143  1
 257 143  1
  40 144  1
  52 145  1
  54 145  1
 145 145  1
 279 145  1
 280 145  1
   1 146  1
 178 146  1
 235 146  1
  17 147  1
  64 147  1
  35 148  1
  42 148  1
 139 148  1
 179 148  1
 230 148  1
  75 149  1
 254 149  1
  57 150  1
 242 150  1
  68 151  1
 249 151  1
 196 152  1
  60 154  1
 150 154  1
 230 154  1
 254 154  1
 115 155  1
 234 155  1
 247 155  1
 153 156  1
 218 156  1
  73 157  1
 222 157  1
 223 157  1
 253 157  1
 126 158  1
 145 158  1
 147 159  1
 149 159  1
 223 159  1
 233 159  1
 142 160  1
 154 160  1
 110 161  1
 111 161  1
 113 161  1
 118 162  1
 225 162  1
   5 163  1
   6 163  1
 230 163  1
 231 163  1
 142 164  1
 120 165  1
 122 165  1
 158 165  1
 168 165  1
 222 165  1
   6 166  1
   7 166  1
 277 166  1
 278 166  1
 187 167  1
 231 167  1
 240 167  1
 118 168  1
 218 168  1
 142 169  1
 235 169  1
 251 169  1
  59 170  1
 170 170  1
  59 172  1
 118 173  1
 199 173  1
 200 173  1
 222 173  1
 229 173  1
 230 173  1
 275 173  1
 276 173  1
 176 174  1
 183 174  1
 184 174  1
 220 174  1
 210 175  1
 226 175  1
 150 176  1
 186 176  1
 187 176  1
 206 176  1
 219 177  1
 271 178  1
 168 179  1
 216 179  1
 218 179  1
 178 183  1
 183 183  1
 192 183  1
 268 183  1
 197 184  1
  14 185  1
  23 185  1
  49 186  1
  40 188  1
 194 188  1
 139 189  1
 143 189  1
 144 189  1
 227 189  1
  17 191  1
  18 191  1
  73 191  1
  82 192  1
 197 192  1
 231 192  1
 263 192  1
 264 192  1
  63 193  1
  87 194  1
 200 194  1
 221 194  1
 240 195  1
 209 196  1
 144 197  1
 146 197  1
 242 197  1
 140 198  1
 208 198  1
 230 198  1
  44 200  1
  45 200  1
  42 201  1
 181 201  1
  90 202  1
  91 202  1
 241 202  1
 136 203  1
 137 203  1
 154 203  1
  25 205  1
  40 205  1
  92 205  1
 111 205  1
 149 205  1
 239 205  1
 131 206  1
 154 207  1
 249 208  1
 195 209  1
 196 209  1
 205 209  1
 206 209  1
 128 210  1
 150 211  1
 152 211  1
 154 211  1
 243 211  1
 244 211  1
 178 212  1
  32 213  1
 104 213  1
  98 215  1
 183 215  1
  89 216  1
  90 216  1
 199 216  1
 127 217  1
 171 217  1
  96 218  1
 151 218  1
 157 218  1
 154 219  1
 155 219  1
 164 219  1
  83 220  1
 123 220  1
  46 221  1
 234 221  1
  49 223  1
  50 223  1
  75 223  1
 104 223  1
  92 224  1
  93 224  1
 101 224  1
 102 224  1
 154 224  1
 155 224  1
 205 224  1
 132 225  1
 148 225  1
 149 225  1
 211 225  1
  75 227  1
 118 227  1
  48 228  1
  50 228  1
  73 228  1
 138 228  1
 147 228  1
  53 229  1
 100 229  1
  56 230  1
  87 230  1
 213 230  1
 224 231  1
 153 232  1
 111 234  1
 208 234  1
  70 235  1
  83 235  1
  93 235  1
 124 236  1
 142 237  1
 214 238  1
 115 239  1
 121 239  1
 122 239  1
 118 241  1
 119 241  1
 207 241  1
  79 242  1
 205 242  1
 110 243  1
 155 243  1
  90 248  1
 118 248  1
 119 248  1
 191 248  1
 183 251  1
 102 252  1
 107 254  1
 166 256  1
 132 257  1


count = 665