 150   1  1
 166   1  1
 177   2  1
 121   3  1
 185   4  1
 110   6  1
 191   6  1
 107   7  1
 135   7  1
 196   8  1
 156  10  1
 179  10  1
 201  10  1
 152  11  1
  94  12  1
  96  12  1
 124  12  1
 157  12  1
 158  12  1
 185  12  1
 204  12  1
 117  13  1
 143  13  1
 133  14  1
  86  16  1
 122  16  1
 175  16  1
 189  16  1
 190  16  1
 133  17  1
 134  17  1
 185  17  1
 198  17  1
  83  18  1
 116  18  1
 117  18  1
 159  18  1
 211  18  1
 139  19  1
 117  21  1
 118  21  1
 180  21  1
 195  21  1
 203  21  1
 207  21  1
 216  21  1
 217  21  1
 144  22  1
 162  22  1
 132  23  1
 136  23  1
  64  24  1
 173  24  1
 222  24  1
 159  25  1
 160  25  1
  59  26  1
 178  26  1
 179  26  1
 162  27  1
 189  27  1
  54  28  1
 130  28  1
 141  28  1
 186  29  1
 170  30  1
 230  30  1
  50  31  1
  80  31  1
 174  31  1
 190  31  1
 191  31  1
  85  33  1
 162  33  1
 163  33  1
  45  34  1
 118  34  1
 119  34  1
 136  34  1
  79  35  1
 127  35  1
 128  35  1
 240  35  1
 102  36  1
 142  36  1
 174  36  1
  42  37  1
 180  37  1
 181  37  1
  82  38  1
 200  38  1
  38  39  1
 136  39  1
 245  39  1
 116  40  1
 123  40  1
 161  40  1
 162  40  1
 132  41  1
 175  41  1
 178  41  1
 189  41  1
  83  42  1
 101  42  1
 102  42  1
 114  42  1
 116  42  1
 146  42  1
 252  45  1
 139  46  1
 198  46  1
 103  47  1
 104  47  1
 162  47  1
 163  47  1
 126  48  1
 135  48  6
 147  49  1
 156  49  1
 157  49  1
  29  50  1
 151  50  1
 152  50  1
 199  50  1
 137  51  1
 164  51  1
 141  53  1
 202  53  1
  42  54  1
  63  54  1
 143  55  1
 144  55  1
  43  56  1
  63  56  1
 124  56  1
 208  56  1
 263  56  1
 229  57  1
 215  58  1
 226  58  1
  21  59  1
 125  59  1
 119  60  1
 266  60  1
  64  61  1
 145  61  1
 146  61  1
 121  62  1
 122  62  1
 154  62  1
 155  62  1
  19  63  1
 100  63  1
 101  63  1
  26  64  1
 128  64  1
 132  64  1
 146  64  1
 269  64  1
  83  65  1
 126  65  1
  32  66  1
  16  67  1
  81  68  1
 179  69  1
 198  69  1
  81  70  1
 143  70  1
 201  70  1
  14  71  1
  31  71  1
  34  71  1
  41  71  1
  87  71  1
  92  71  1
 146  72  1
 231  72  1
 232  72  1
 170  74  1
  10  76  1
  20  76  1
  69  76  1
 189  76  1
  39  77  1
  79  77  1
 164  77  1
 180  77  1
 181  77  1
 235  77  1
 236  77  1
  45  78  1
 205  78  1
  50  79  1
 161  79  1
 176  79  1
 177  79  1
 207  79  1
 246  79  1
 255  79  1
 210  80  1
 158  81  1
 167  81  1
 221  81  1
 222  81  1
   7  82  1
   8  82  1
 269  82  1
 228  84  1
 260  84  1
 156  85  1
 165  85  1
 211  85  1
 163  86  1
 180  86  1
 268  86  1
 280  86  1
 281  86  1
 167  88  1
 169  88  1
 259  88  1
 174  89  1
 216  89  1
  51  90  1
 229  90  1
 233  91  1
 153  92  1
 170  92  1
 237  92  1
 255  92  1
  93  93  1
 211  93  1
 253  93  1
 102  94  1
 136  94  1
 141  94  1
 166  94  1
 239  94  1
 161  95  1
 217  95  1
 218  95  1
 268  95  1
 140  96  1
 135  97  1
 136  97  1
 179  97  1
 180  97  1
 247  97  1
 251  97  1
 101  98  1
 102  98  1
 164  98  1
 222  98  1
 223  98  1
 243  98  1
 270  98  1
 271  98  1
  28  99  1
  33  99  1
 108  99  1
 181  99  1
 238  99  1
 239  99  1
  87 100  1
 110 100  1
 133 100  1
 147 100  1
 151 100  1
 173 100  1
 175 100  1
  91 101  1
 113 101  1
 114 101  1
 125 101  1
 162 101  1
  51 102  1
  52 102  1
 169 102  1
 180 103  1
 272 103  1
  86 104  1
  87 104  1
 116 104  1
 221 104  1
 222 104  1
  30 105  1
  31 105  1
  55 105  1
 150 105  1
 145 106  1
 173 106  1
 276 106  1
 183 107  1
 215 107  1
  33 108  1
 116 108  1
 153 108  1
 154 108  1
  55 109  1
  65 109  1
 127 109  1
 132 109  1
  96 110  1
 101 110  1
 109 110  1
 144 110  1
 138 111  1
 148 111  1
 183 111  1
  96 112  1
 133 113  1
 134 113  1
 173 113  1
  25 114  1
  64 114  1
 143 114  1
 178 114  1
 179 114  1
 126 115  1
 239 115  1
  21 116  1
  22 116  1
  82 116  1
  94 116  1
  42 117  1
  99 117  1
 112 117  1
 137 117  1
 138 117  1
 174 117  1
  33 118  1
 106 118  1
 179 118  1
  43 119  1
  73 119  1
 115 119  1
 145 119  1
 242 119  1
 274 119  1
   1 120  1
  50 120  1
 124 120  1
 143 120  1
 168 120  1
 169 120  1
  22 121  1
  61 121  1
 181 121  1
 186 121  1
 242 121  1
  27 122  1
  51 122  1
  54 122  1
  66 122  1
  67 122  1
  82 122  1
 107 122  1
 108 122  1
 122 122  1
 123 122  1
 124 122  1
 149 122  1
 195 122  1
  32 123  1
 138 123  1
 192 123  1
 198 123  1
 239 123  1
  16 124  1
 110 124  1
 115 124  1
 128 124  1
 233 124  1
  43 125  1
  60 125  1
  63 125  1
 155 125  1
 177 125  1
 272 125  1
   1 126  1
  26 126  1
  32 126  1
  39 126  1
  71 126  1
  75 126  1
 209 126  1
  22 127  1
  23 127  1
  34 127  1
  35 127  1
  68 127  1
  83 127  1
 203 127  1
 239 127  1
 240 127  1
 267 127  1
  50 128  1
 244 128  1
 280 128  1
 281 128  1
 134 129  1
 136 129  1
 149 129  1
 156 129  1
  19 130  1
 217 130  1
 230 130  1
 231 130  1
 271 130  1
  44 131  1
 140 131  1
 203 131  1
 204 131  1
 214 131  1
 266 131  1
 278 131  1
  60 132  1
 102 132  1
 104 132  1
 146 132  1
  67 133  1
  68 133  1
 130 133  1
 134 133  1
 170 133  1
 171 133  1
  30 134  1
  47 134  1
  85 134  1
 194 134  1
  37 135  1
 111 135  1
 270 135  1
 107 136  1
 179 136  1
 191 136  1
 137 137  1
 156 137  1
  16 138  1
 103 138  1
 170 138  1
 171 138  1
  20 139  1
  27 139  1
  11 140  1
  12 140  1
 111 140  1
  67 141  1
 120 141  1
 121 141  1
 225 141  1
 231 141  1
   8 142  1
   9 142  1
  65 142  1
 109 142  1
 110 142  1
 146 142  1
 149 142  1
 152 142  1
 153 142  1
 154 142  1
 217 142  2
  28 143  1
 103 143  1
 124 143  1
 136 143  1
 142 143  1
 143 143  1
 276 143  1
 277 143  1
  18 144  1
 140 144  1
 171 144  1
 172 144  1
 180 144  1
  13 145  1
  69 145  1
 115 145  1
 125 145  1
 126 145  1
 226 145  1
 234 145  1
   9 146  1
  22 146  1
 119 146  1
 191 146  1
 240 146  1
 244 146  1
  26 147  1
  35 147  1
  36 147  1
  37 147  1
 148 147  1
 230 147  1
 130 148  1
 182 148  1
  29 149  1
  30 149  1
  31 149  1
 123 149  1
 124 149  1
 230 149  1
  12 150  1
  43 150  1
  45 150  1
  68 150  1
  69 150  1
 108 150  1
 146 150  1
   9 151  1
 113 151  1
 128 152  1
 232 152  1
 238 152  1
  41 153  1
  56 153  1
  82 153  1
  88 153  1
  48 154  1
  13 155  1
  47 156  1
  58 156  1
 123 156  1
 143 156  3
 144 156  1
 145 156  1
  39 157  1
  66 157  1
  76 157  1
 113 157  1
 114 157  1
 158 157  1
 185 157  1
 186 157  1
 242 157  1
 154 158  1
  98 159  1
 109 159  1
 133 159  1
 172 159  1
 239 160  1
  41 161  1
  42 161  1
  97 161  1
  88 162  1
 167 162  1
 158 163  1
 226 163  1
 272 163  1
 172 164  1
 176 165  1
 221 165  1
 222 165  1
 268 165  1
  41 166  1
 137 166  1
 156 167  1
 246 167  1
 247 167  1
 181 168  1
 183 168  1
 158 169  1
 159 169  1
 169 169  1
 233 169  1
 278 169  1
 279 169  1
 217 170  1
 165 171  1
 246 171  1
 227 172  1
 228 172  1
 244 173  1
 246 173  1
 178 174  1
   8 175  1
   9 175  1
 170 175  1
 189 176  1
 249 176  1
 254 176  1
 180 177  1
 181 177  1
 210 178  1
 219 179  1
 257 179  1
 273 179  1
  46 180  1
  47 180  1
  10 181  1
 217 181  1
  70 182  1
 188 182  1
 189 182  1
  48 183  1
  75 184  1
 181 185  1
  84 186  1
 203 186  1
 235 186  1
 142 187  1
 143 187  1
 148 187  1
 179 187  1
  48 188  1
  90 188  1
  91 188  1
 187 188  1
 233 188  1
  42 189  2
  43 189  1
 185 189  1
 265 190  1
  52 191  1
 118 192  1
 134 192  1
 138 192  1
 116 194  1
 152 194  1
 231 194  1
 232 194  1
 263 194  1
 113 195  1
 155 196  1
 196 196  1
  65 197  1
 252 197  1
 249 198  1
 159 199  1
 160 199  1
 259 199  1
  66 200  1
  90 200  1
 143 201  1
  22 202  1
 149 202  1
 206 203  1
 256 203  1
  52 204  1
  56 204  1
  87 204  1
  88 204  1
 146 204  1
 176 204  1
 189 204  1
 228 204  1
 179 205  1
 195 205  1
 213 205  1
 215 205  1
 221 205  1
  85 206  1
 229 206  1
 230 206  1
 141 207  1
 152 207  1
 252 208  1
  60 209  1
 175 209  1
  64 210  1
 150 210  1
 161 210  1
 229 210  1
 230 210  1
 142 211  1
 221 211  1
 223 211  1
 172 212  1
 173 212  1
  75 214  1
 169 214  1
 219 214  1
 229 214  1
 140 215  1
 141 215  1
 111 216  1
 225 216  1
 106 217  1
 137 217  1
 173 217  1
 179 217  1
  69 218  1
  73 218  1
 119 218  1
 167 219  1
 224 219  1
 225 219  1
 111 220  1
 119 220  1
 120 220  1
 171 220  1
 136 221  1
 137 221  1
 217 221  1
 104 222  1
 108 222  1
 109 222  1
 166 222  1
 167 222  1
 181 222  1
 182 222  1
 122 223  2
 170 223  1
 171 223  1
 224 223  1
  67 224  1
 135 224  1
 136 224  1
 140 224  1
  45 226  1
 232 226  1
  58 227  1
 117 227  1
 119 227  1
 184 227  1
  83 228  1
 114 228  1
 182 229  1
  50 230  1
  79 231  1
 119 231  1
  65 232  1
  70 232  1
  71 232  1
 100 232  1
 101 232  1
 135 232  1
 144 232  1
  79 233  1
 111 234  1
 139 234  1
 177 234  3
 178 234  1
  57 235  1
  58 235  1
 107 235  1
 220 235  1
  63 236  1
 167 236  1
 101 237  1
 121 237  1
  72 238  1
 112 238  1
 123 238  1
 215 238  1
 216 238  1
  79 240  1
 112 240  1
 109 241  1
 168 241  1
 169 241  1
 134 242  1
  84 243  1
 116 243  1
 138 243  1
 206 243  1
 106 244  1
 163 244  1
 164 244  1
 165 244  1
 110 245  1
 114 245  1
 123 245  1
 124 245  1
 198 246  1
 140 248  1
  98 249  1
 101 250  1
 137 250  1
 140 250  1
 163 250  1
 187 250  1
 105 251  1
 108 252  1
 136 252  1
 142 252  1
 119 255  1
 125 256  1


count = 778