 152   1  1
 167   1  1
 131   5  1
 125   7  1
 179  10  1
 205  10  1
 184  12  1
 211  13  1
 173  14  1
 125  15  1
 132  15  1
 106  16  1
 107  16  1
 126  17  1
 135  18  1
  99  20  1
 176  21  1
 107  27  1
 108  27  1
 124  27  1
 125  27  1
 112  28  1
 228  28  1
 109  30  1
 177  30  1
 178  30  1
 233  31  1
 127  32  1
 131  33  1
 110  34  1
 178  34  1
  74  35  1
 176  35  1
 115  36  1
 116  36  1
  62  37  1
  92  37  1
 124  37  1
 133  37  1
  54  38  1
  98  38  1
 116  38  1
 117  38  1
 108  39  1
 178  39  1
  83  40  1
  88  40  1
 101  40  1
 128  40  1
  81  41  1
 245  41  1
  46  43  1
  95  43  1
  59  44  1
  81  45  1
 121  45  1
 126  45  1
 179  45  1
  40  46  1
  61  47  2
 111  47  1
 249  47  1
 250  47  1
  37  48  1
 130  48  1
 157  48  1
  33  50  1
  34  50  1
  54  50  1
  90  50  1
  91  50  1
 106  50  1
 115  50  1
 119  50  1
 251  50  1
 252  50  1
 142  51  1
 146  51  1
 150  52  1
 162  52  1
  88  53  2
 135  53  1
 165  53  1
 166  53  1
 253  53  1
 254  53  1
 101  54  1
 141  54  1
 149  54  1
 150  54  1
 102  56  1
 104  56  1
 119  56  1
  24  57  1
  96  57  1
 109  57  1
 138  58  1
  91  59  1
 150  60  1
  48  61  2
  49  61  1
  50  61  1
 138  61  1
 193  61  1
 127  62  1
 148  62  1
 250  62  1
 258  62  1
 140  63  1
 144  63  1
 197  64  1
 199  64  1
  51  65  1
 181  65  1
 206  65  1
 135  66  1
 132  67  1
 180  67  1
  14  68  1
 128  68  1
  46  69  1
  47  69  1
 210  70  1
 211  70  1
  42  71  1
  44  71  1
 149  71  1
   9  76  1
  10  76  1
  48  76  1
  54  76  1
 269  76  1
 183  77  1
 184  77  1
 189  79  1
 126  80  1
   7  81  1
   8  81  1
 127  82  1
 188  82  1
 189  82  1
  13  83  1
  14  83  1
  24  83  1
 117  83  1
  62  84  1
 138  84  1
 139  84  1
  18  85  1
  70  85  1
  71  85  1
  64  86  1
 273  86  1
 274  86  1
  75  87  1
  42  88  1
 230  88  1
 234  88  1
  77  89  1
 274  89  1
 275  89  1
  39  90  1
  92  90  1
 138  90  1
 236  91  1
  70  92  2
  71  92  1
 116  92  1
 117  92  1
  77  93  1
 119  93  1
 132  93  1
  18  94  1
  20  94  1
  38  94  1
 238  94  1
 239  94  1
 259  94  1
 260  94  1
  24  95  1
  18  96  1
  96  96  1
 263  96  1
 120  97  1
 130  97  1
 131  97  1
 141  97  1
   1  98  1
   2  98  1
 101  98  1
 116  98  1
 185  98  1
   7  99  1
  10  99  1
  72  99  1
  93  99  1
 172  99  1
 173  99  1
 191  99  1
 135 100  1
 276 100  1
 277 100  1
 112 101  1
 182 101  1
 232 101  1
  74 102  1
   9 103  1
  10 103  1
 201 103  1
   1 104  1
 189 104  1
 190 104  1
 267 104  1
  76 105  1
 172 105  1
 269 105  1
 207 106  1
 209 106  1
 215 106  1
 230 106  1
   7 107  1
  41 107  1
  12 109  1
  79 109  1
 177 109  1
 199 109  1
  14 110  1
  44 110  1
  48 110  1
 173 110  1
 190 110  1
  50 112  1
 192 112  1
  57 113  1
 195 113  1
  54 114  1
 181 114  1
 199 114  1
 203 114  1
  85 116  1
  86 116  1
 244 116  1
  79 117  1
 103 117  1
  92 118  1
  98 118  1
 111 118  1
 243 118  1
  72 119  1
  73 119  1
 115 119  1
 197 119  1
   1 120  1
  64 120  1
  82 120  1
 188 120  1
 189 120  1
 208 120  1
 242 120  1
 243 120  1
 269 120  1
 270 120  1
 202 122  1
 234 122  1
 238 122  1
 114 123  1
 192 123  1
 108 124  1
 121 124  1
 157 124  1
 158 124  1
  22 125  1
  55 125  1
  57 125  1
 184 125  1
 206 125  1
 207 125  1
 211 125  1
 247 125  1
 253 125  1
  20 126  1
  62 126  1
 125 126  1
 165 126  1
 166 126  1
 186 126  1
 244 126  1
  27 127  1
  57 127  1
 140 127  1
 193 127  1
 194 127  1
  33 128  1
 166 128  1
 259 128  1
 261 128  1
  57 129  1
  58 129  1
  13 130  1
  17 130  1
  41 130  1
 122 130  1
 123 130  1
 169 130  1
 186 130  1
 198 130  1
 216 130  1
 221 130  1
 224 130  1
 229 130  1
  89 131  1
 192 131  1
 207 131  1
 208 131  1
 218 131  1
 263 131  1
 264 131  1
 131 132  1
 241 132  1
 244 132  1
 258 132  1
  87 133  1
 112 133  1
 113 133  1
 151 133  1
 226 133  1
 232 133  1
 251 133  1
  45 134  1
  46 134  1
  85 134  1
 217 135  1
 218 135  1
 234 135  1
 245 135  1
  38 136  1
  84 136  1
 117 136  1
 118 136  1
 196 136  1
 237 136  1
  53 137  1
 191 137  1
 215 137  1
   7 138  1
  43 138  1
 120 138  1
 160 138  1
 161 138  1
 174 138  1
 192 139  1
 194 139  1
 267 139  1
 163 140  1
 186 140  1
 200 140  1
 202 140  1
 204 140  1
 226 140  1
 175 141  1
  54 142  1
  78 142  1
 167 142  1
 216 142  1
 224 142  1
 117 143  1
 189 143  1
 111 144  1
 206 144  1
 178 145  1
 187 145  1
 195 145  1
  76 146  1
  86 147  1
 176 147  1
 205 147  1
  83 149  1
  84 149  1
 176 149  1
 192 150  1
 197 150  1
 173 151  1
 241 151  1
 107 152  1
 199 152  1
 246 152  1
 234 153  1
 281 153  1
 282 153  1
 194 154  1
  82 156  1
 202 156  1
 203 156  1
 232 156  1
 244 156  1
  69 157  1
 239 158  1
 181 159  1
 189 161  1
 190 161  1
  67 162  1
  77 162  1
 234 162  1
 176 163  1
 180 163  1
  73 164  1
  89 164  1
 239 164  1
 183 166  1
 240 166  1
 241 166  1
 222 167  1
  80 168  1
 175 169  1
 176 169  1
  98 170  1
 121 170  1
 122 170  1
 224 170  1
 225 170  1
 240 170  1
 241 170  1
  92 171  1
 103 171  1
 179 171  1
 236 171  1
 214 172  2
 215 172  1
 100 174  1
 101 174  1
 109 174  1
 223 174  1
  96 175  1
 116 175  1
 124 175  1
 125 175  1
 218 175  1
 239 175  1
 279 175  1
 280 175  1
 225 176  1
  91 177  1
 125 177  1
 173 177  1
 219 177  1
  86 178  1
  93 178  1
 136 178  1
 142 178  1
 207 178  1
 225 178  1
  64 179  1
 213 179  1
  93 180  1
  94 180  1
 179 180  1
 183 180  1
 193 180  1
 198 180  1
  61 181  1
  98 181  1
 143 181  1
 229 181  1
 276 181  1
  85 182  1
 178 182  1
 218 182  1
 148 183  1
  53 184  1
 184 185  1
 191 185  1
 274 185  1
 275 185  1
  77 186  1
 122 186  1
 203 186  1
 217 186  1
  97 187  1
 124 187  1
 178 187  1
 223 187  1
 227 187  1
  44 188  1
  35 189  1
  38 189  1
 109 189  1
 120 189  1
 205 189  1
  71 190  1
 126 190  1
  15 191  1
 219 191  1
  81 192  1
 129 192  1
 130 192  1
 137 192  1
 152 192  1
 183 192  1
 189 192  1
 271 193  1
 272 193  1
  47 194  1
  48 194  1
 205 194  1
 102 196  1
 103 196  1
 156 197  1
 268 200  1
 269 200  1
  29 204  1
  87 204  1
  92 205  1
 101 205  1
  45 206  1
 157 206  1
 217 206  1
 226 206  1
 230 206  1
 103 207  1
 105 207  1
  55 208  1
  45 209  1
 163 209  1
 220 209  1
 221 209  1
  36 210  1
  52 210  1
 226 210  1
  89 211  1
  90 211  1
 214 212  1
  53 214  1
 143 214  1
  44 215  1
 136 215  1
 247 215  1
 256 215  1
 179 216  1
  97 217  1
 130 217  1
 131 217  1
 171 217  1
 211 217  1
 212 217  1
 103 218  1
 104 218  1
 139 218  1
 140 218  1
 182 218  1
 175 219  1
  51 220  1
  89 220  1
  90 220  1
 136 220  1
 176 221  1
 186 221  1
  53 222  1
 127 222  1
 119 223  1
 131 223  1
 132 223  1
 145 223  1
  56 224  1
  57 224  1
 124 224  1
 104 225  1
 105 225  1
 131 225  1
 149 225  1
 186 226  1
 247 226  1
  68 227  1
 175 227  1
 211 227  1
  71 228  1
  74 229  1
 130 229  1
 131 229  1
 138 229  1
  76 230  1
 100 230  1
 101 230  1
 144 230  1
 130 231  1
 182 231  1
  79 232  1
 150 232  1
 234 232  1
 130 233  1
 131 233  1
  82 234  1
 150 234  1
 160 235  1
 161 235  1
  85 236  1
  86 236  1
  96 236  1
 102 237  1
 183 237  1
  91 238  1
 130 238  1
 144 238  1
 171 238  1
 187 238  1
 126 239  1
 172 240  1
 173 240  1
 180 243  1
 160 244  1
 161 244  1
 112 247  1
 213 247  1
 115 248  1
 189 248  1
 191 249  1
 192 249  1
 123 251  1
 158 251  1
 207 251  1
 130 253  1
 201 253  1
 203 253  1
 194 255  1
 186 256  1


count = 624