 157   1  1
 165   1  1
 181   1  1
 185   1  1
 190   2  1
 137   3  1
 134   4  1
 196   4  1
 202   6  1
 118   8  1
 159   8  1
 160   8  1
 115   9  1
 209  10  1
 110  11  1
 134  11  1
 139  11  1
 161  12  1
 162  12  1
 157  14  1
 215  14  1
  97  15  1
 218  16  1
 219  16  1
 206  18  1
 207  18  1
 224  18  1
 165  19  1
 169  19  1
 115  20  1
 143  20  1
 227  20  1
  99  21  1
 103  21  1
 162  21  1
 167  21  1
  85  22  1
  80  23  1
 136  23  1
  76  24  1
 138  24  1
  74  25  1
  89  25  1
 205  25  1
 214  26  1
  66  28  1
 108  28  1
 146  28  1
 147  28  1
 210  28  1
  63  29  1
  79  29  1
  80  29  1
 103  29  1
 104  29  1
  60  30  1
  87  30  1
 112  30  1
 176  32  1
  54  33  1
  55  33  1
 106  33  1
 107  33  1
  75  34  1
  76  34  1
  87  34  1
 162  34  1
  51  36  1
  84  36  1
 129  36  1
 206  36  1
  75  37  1
 133  37  1
 137  37  1
 138  37  1
 145  37  1
 147  37  1
 173  38  1
 174  38  1
 215  38  1
 142  41  1
 146  42  1
 194  42  1
 111  45  1
 208  45  1
 253  45  1
  36  46  1
 140  46  1
 188  46  1
 140  48  1
 148  48  1
 175  48  1
 176  48  1
 207  49  1
 140  50  1
 146  51  1
 186  52  1
 258  52  1
 178  53  1
 179  53  1
  28  54  1
 184  54  1
  39  55  1
 217  55  1
 218  55  1
 234  57  1
  23  59  1
 239  60  1
 264  60  1
 227  61  1
 231  61  1
 223  62  1
 245  63  1
 253  63  1
 266  63  1
 213  65  1
 248  66  1
  16  68  1
 202  69  1
 251  69  1
 193  70  1
 226  70  1
 247  70  1
 271  70  1
 272  70  1
 207  71  1
  13  72  1
 179  72  1
 211  72  1
 212  72  1
 226  72  1
 191  74  1
 222  75  1
 186  76  1
 198  76  1
 255  76  1
 175  77  1
 176  77  1
 232  78  1
 185  80  1
 195  80  1
   9  81  1
  10  81  1
 232  81  1
 276  82  1
 277  82  1
 227  83  1
 228  83  1
 244  83  1
 245  83  1
 195  84  1
 235  84  1
 147  86  1
 175  86  1
 152  87  1
 178  87  1
 246  87  1
 160  89  1
 252  89  1
 154  90  1
 155  90  1
 237  90  1
 168  91  1
 169  91  1
 180  91  1
 181  91  1
 149  92  1
 193  92  1
 251  93  1
 185  94  1
 232  94  1
 146  95  1
 167  96  1
 168  96  1
 242  97  1
 243  97  1
 143  98  1
 182  98  1
 248  98  1
 249  98  1
 250  98  1
 178  99  1
 166 100  1
 231 100  1
 142 102  1
 173 102  1
 174 102  1
 193 102  1
 237 102  1
  68 103  1
 138 103  1
 139 103  1
 242 103  1
 266 103  2
 267 103  1
  48 104  1
   3 105  1
   4 105  1
  68 105  1
  93 105  1
  94 105  1
 197 105  1
 230 105  1
 206 106  1
  49 107  1
 100 107  1
 202 107  1
 247 108  1
 248 108  1
  74 109  1
 163 109  1
 171 109  1
 187 109  1
 273 110  1
 281 110  1
 282 110  1
  85 111  1
  86 111  1
  91 111  1
 158 111  1
  77 112  1
 120 112  1
 133 112  1
 134 112  1
 195 112  1
 109 113  1
 122 113  1
 171 114  1
 269 114  1
 155 115  1
 156 115  1
 185 115  1
  98 116  1
 134 116  1
 135 116  1
 173 116  1
 191 116  1
 118 117  1
 128 117  1
 151 117  1
 153 117  1
 260 117  1
 261 117  1
   1 119  1
   2 119  1
 183 119  1
 118 120  1
 119 120  1
 131 120  1
 138 120  1
  90 121  1
 156 121  1
  22 122  1
  35 122  1
  49 122  1
  50 122  1
 100 122  1
 101 122  1
 169 122  1
 277 122  1
  46 123  2
  47 123  1
  58 123  1
 126 123  1
 127 123  1
 135 123  1
 156 123  1
 178 123  1
 249 123  1
 250 123  1
 269 123  1
   5 124  1
   6 124  1
 166 124  1
 190 124  1
 156 125  1
 161 125  1
 224 125  1
  24 126  1
  51 126  1
 190 126  1
 268 126  1
  96 127  1
  99 127  1
 102 127  1
 103 127  1
 125 127  1
 197 127  1
 198 127  1
 239 127  1
 254 127  1
  39 128  1
 115 128  1
 165 128  1
 166 128  1
 249 128  1
 154 129  1
 160 129  1
 205 129  1
 222 129  1
 228 129  1
 238 129  1
 253 129  1
 254 129  1
 148 130  1
 276 130  1
 180 131  1
 214 131  1
 259 131  1
 267 131  1
   1 132  1
   2 132  1
 187 132  1
 212 132  1
 248 132  1
 249 132  1
 256 132  1
 257 132  1
   8 133  1
 110 133  1
 241 133  1
 178 134  1
 209 134  1
 223 134  1
 230 134  1
 251 134  1
  27 135  1
  28 135  1
  94 135  1
 124 135  1
 129 135  1
 279 135  1
 280 135  1
  13 136  1
 118 136  1
 240 136  1
 106 137  1
 181 137  1
 191 138  1
 204 138  1
 215 138  1
 217 138  1
 252 138  1
 274 138  1
  16 139  1
 139 139  1
 196 139  1
 200 140  1
 142 141  1
   9 142  1
  10 142  1
 100 142  1
 122 142  1
 153 142  1
 146 143  1
 148 144  1
 149 144  1
 193 144  1
 271 144  1
 272 144  1
  94 145  1
  95 145  1
 105 145  1
 156 145  1
 193 146  1
 158 147  1
 186 147  1
 268 147  1
 166 148  1
 189 148  1
 275 148  1
   4 149  1
   5 149  1
 124 149  1
 162 149  1
 170 149  1
 164 150  1
  20 151  1
  21 151  1
 265 151  1
 266 151  1
 188 152  1
 175 153  1
 263 154  1
  25 155  1
 109 155  1
 161 155  1
 254 156  1
 255 156  1
 105 157  1
 174 157  1
 186 157  1
 188 157  1
 192 157  1
 268 157  1
  41 158  1
 163 159  1
 265 160  1
 266 160  1
   6 161  1
   7 161  1
 176 161  1
 251 161  1
  90 162  1
 249 162  1
  96 163  1
 165 163  1
 166 163  1
 189 163  1
  18 164  1
 101 164  1
 180 164  1
  14 165  1
 182 168  1
 244 168  1
  14 170  1
  26 170  1
 197 170  1
 236 170  1
 276 170  1
 171 171  1
 241 171  1
 199 172  1
 234 172  1
 208 173  1
 165 174  1
 274 174  1
 210 176  2
 169 178  1
 272 178  1
 192 179  1
 179 180  1
 221 180  1
 228 180  1
  12 181  1
 195 181  1
 270 181  1
 171 182  1
  42 183  1
  43 183  1
 206 183  1
 268 184  1
  38 185  1
 180 186  1
 212 186  1
 221 186  1
 137 187  1
 197 187  1
 205 187  1
 217 187  1
 184 188  1
  18 189  1
  19 189  1
 193 189  1
 263 190  1
 197 191  1
 198 191  1
 141 193  1
 146 193  1
 156 193  1
 157 193  1
 262 193  1
  80 194  1
 260 194  1
  39 195  1
  40 195  1
  22 196  1
  23 196  1
 219 196  1
 226 196  1
  84 197  1
  85 197  1
  91 197  1
 137 197  1
 138 197  1
 158 198  1
 233 198  1
 224 200  1
 255 200  1
  92 201  1
  93 201  1
 219 201  1
  26 202  1
  83 202  1
  84 202  1
 251 202  1
 199 203  1
 204 204  1
 233 204  1
 250 204  1
 217 205  1
 194 206  1
  29 207  1
 239 207  1
 180 208  1
 191 208  1
 192 208  1
 227 208  1
 247 208  1
  39 209  1
  40 209  1
  85 210  1
  86 210  1
  91 211  1
  96 211  1
  98 211  1
  78 212  1
 243 214  1
  38 216  1
 165 216  1
 166 216  1
 184 217  1
  42 218  1
 170 218  1
 200 218  1
 193 219  1
  94 220  1
 195 220  1
 216 220  1
  82 221  1
  83 221  1
  92 221  1
 197 222  1
 188 223  1
 189 223  1
  51 225  1
  89 225  1
 200 225  1
 173 226  1
 174 226  1
 189 227  1
 190 227  1
  56 228  1
 202 228  1
  80 231  1
 195 231  1
  61 232  1
  62 232  1
 189 232  1
  77 233  1
 200 234  1
 190 235  1
 194 235  1
 204 235  1
 219 235  1
  75 237  1
  85 237  1
 151 238  1
 214 238  1
  80 239  1
 103 240  1
 107 240  1
  85 242  1
  91 245  1
  93 245  1
 112 245  1
 141 245  1
 145 245  1
 201 245  1
 202 245  1
 135 248  1
 136 248  1
 105 249  1
 108 250  1
 140 250  1
 190 250  1
 114 252  1
 145 252  1
 175 255  1
 139 256  1
 170 256  1


count = 571