 163   1  1
 172   1  1
 188   3  1
 135   5  1
 193   5  1
 200   7  1
 181   8  1
 203   8  1
 143   9  1
 206   9  1
 141  10  1
 180  11  1
 130  13  1
 188  13  1
 213  13  1
 158  16  1
 187  16  1
 188  16  1
 120  17  1
 127  17  1
 100  18  1
 164  18  1
 224  18  1
 180  19  1
 158  20  1
 159  20  1
 207  20  1
 226  20  1
 185  21  1
 108  22  1
 109  22  1
 102  23  1
 103  23  1
 232  23  1
 132  24  1
  67  25  1
 108  25  1
 109  25  1
 124  25  1
 105  27  1
 226  27  1
  60  28  1
  61  28  1
 159  28  1
  84  29  1
 226  29  1
  57  30  1
  68  30  1
 109  30  1
 206  30  1
 207  30  1
 101  31  1
 121  31  1
 126  31  1
 131  32  1
 137  32  1
 223  32  1
  67  33  1
  77  33  1
 223  34  1
 104  35  1
 112  35  1
 123  35  1
 215  35  1
 216  35  1
  56  37  1
  61  37  1
  68  37  1
  69  37  1
 107  37  1
 108  37  1
 219  37  1
  63  38  1
  79  38  1
  92  38  1
  66  39  1
  73  40  1
  66  41  1
 109  41  1
 110  41  1
 209  41  1
  93  42  1
  57  43  1
  58  43  1
  86  43  1
 118  43  1
 221  43  1
 238  43  1
 239  43  1
  69  44  1
  70  44  1
 128  44  1
 129  44  1
 231  44  1
  52  45  1
  54  45  1
  95  45  1
  49  46  1
 135  46  1
  88  48  1
  89  48  1
 226  48  1
 242  48  1
  46  49  1
 123  49  1
  36  50  1
  63  50  1
 115  50  1
 116  50  1
 226  50  1
  82  51  1
  70  52  1
  71  52  1
  89  52  1
  90  52  1
  42  53  1
  50  54  1
 224  54  1
  60  56  1
  61  56  1
 219  56  1
  48  57  1
  76  57  1
 121  57  1
  30  58  1
  59  59  1
  60  59  1
  92  59  1
 218  59  1
 263  59  1
  94  61  1
  86  62  1
 123  62  1
  45  63  1
  56  64  1
  95  64  1
 265  64  1
 266  64  1
  25  65  1
  77  66  1
 118  66  1
 126  66  1
 130  66  1
  64  67  1
  72  68  1
  92  68  1
 238  68  1
 239  68  1
  88  69  1
 267  69  1
 268  69  1
  49  70  1
  50  70  1
 256  70  1
  21  71  1
 248  72  1
 252  72  1
 258  72  1
 261  72  1
 269  74  1
 270  74  1
 237  75  1
 211  77  1
 223  77  1
 245  77  1
 246  77  1
  16  78  1
 232  78  1
 244  80  1
 234  81  1
 251  81  1
 258  81  1
  13  82  1
 240  83  1
 261  84  1
 263  84  1
 265  84  1
 208  86  1
 209  86  1
 219  87  1
 232  87  1
 229  88  1
 230  88  1
   9  90  1
 207  90  1
 211  90  1
 221  90  1
 150  91  1
 155  91  1
 139  92  1
 224  92  1
 252  92  1
 136  93  1
 158  93  1
 231  94  1
  23  96  1
 131  96  1
 218  96  1
 219  96  1
 129  97  2
 227  97  1
 242  97  1
 243  97  1
  45  99  1
  46  99  1
  13 100  1
  14 100  1
  49 100  1
  51 100  1
  66 100  1
 131 100  1
 240 100  1
 252 100  1
 253 100  1
   4 101  1
   5 101  1
  38 101  1
  76 101  1
 226 101  1
 227 101  1
 248 101  1
  21 103  1
  36 103  1
 217 103  1
  10 104  1
  30 104  1
 157 105  1
 213 105  1
 214 105  1
  30 106  1
 248 107  1
 253 107  1
 236 108  3
 238 108  1
 269 108  1
  40 109  1
  55 109  1
 149 110  1
 155 110  1
 238 110  1
  52 111  1
 223 111  1
 246 111  1
 247 111  1
   1 112  1
   2 112  1
  18 112  1
  58 112  1
  70 112  1
  72 112  1
 232 112  1
 233 112  1
 138 113  1
 262 113  1
  75 114  1
 136 114  1
 145 114  1
 230 114  1
  69 115  1
 261 115  1
  80 116  1
 241 116  1
  89 117  1
 222 117  1
   1 118  1
  97 118  1
 224 118  1
 251 118  1
 280 118  1
 281 118  1
 217 119  1
   6 120  1
  44 120  1
 100 120  1
 101 120  1
 163 120  1
  64 121  1
  77 121  1
  78 121  1
 240 121  1
 268 121  1
  21 122  1
  39 122  1
  47 122  1
  67 122  1
 249 122  1
 257 122  1
 265 122  1
 103 123  1
 255 123  1
   1 124  1
  34 124  1
  35 124  1
  54 124  1
  17 125  1
  59 125  1
 214 125  1
 215 125  1
 235 125  1
 251 125  1
 279 125  1
 280 125  1
   5 126  1
  51 126  1
 102 126  1
 229 126  1
 230 126  1
  99 127  1
 221 127  1
 223 127  1
  34 128  1
  76 128  1
 104 128  1
 105 128  1
  15 129  1
  26 129  1
  63 129  1
  68 129  1
  84 129  1
 195 129  1
 202 129  1
 212 129  1
   1 130  1
  28 130  1
  35 130  1
 108 130  1
  37 131  1
  55 131  1
 235 131  1
 236 131  1
 280 131  1
 281 131  1
   7 132  1
  75 132  1
  88 132  1
 112 132  1
 219 132  1
 169 133  1
 175 133  1
 176 133  1
 178 133  1
 215 133  1
 229 133  1
 256 133  1
 257 133  1
  29 134  1
  99 134  1
 100 134  1
 172 134  1
 173 134  1
 201 134  1
 239 134  1
  33 135  1
   1 136  1
  52 136  1
 112 136  1
 230 136  1
 215 137  1
 225 137  1
  50 138  1
 217 138  1
  37 139  1
  38 139  1
  44 139  1
  45 139  1
 240 139  1
 210 140  1
  20 141  1
 129 141  1
 127 144  1
 128 144  1
 133 144  1
 134 144  1
 139 144  1
 140 144  1
 228 144  1
 254 144  1
 143 145  1
 212 145  1
 213 145  1
 237 145  1
 249 145  1
   3 147  1
   4 147  1
   9 147  1
 210 147  1
 150 148  1
 257 148  1
 240 149  1
  17 150  1
 153 150  1
 207 150  1
 222 150  1
 223 150  1
 229 150  1
 158 151  1
 128 153  1
 163 153  1
 164 153  1
 223 153  1
   5 154  1
   6 154  1
  18 154  1
 159 154  1
 170 154  1
 207 154  1
 218 154  1
 220 154  1
 229 154  1
 230 154  1
 235 154  1
 232 155  1
  34 156  1
 164 156  1
 240 156  1
  14 157  1
  53 157  1
 174 157  1
 175 157  1
 232 157  2
 129 158  1
 250 158  1
  28 159  1
  29 159  1
 166 159  1
 167 159  1
 179 159  1
  45 160  1
  55 160  1
  56 160  1
 131 161  1
 170 161  1
 230 161  1
  21 162  1
  26 162  1
  56 162  1
 240 162  1
 250 162  1
 144 163  1
 173 163  1
 174 163  1
 183 163  1
 228 163  1
 235 163  1
 236 163  1
  56 164  1
 146 164  1
 247 164  1
  29 165  1
 259 165  1
 260 165  1
 269 165  1
 270 165  1
 279 166  1
 280 166  1
  48 167  1
 221 167  1
 232 167  1
 236 167  1
 237 167  1
  63 168  1
 227 168  1
 228 168  1
  29 169  1
  33 169  1
  34 169  1
  38 169  1
 164 169  1
 185 169  1
 254 169  1
 177 170  1
 248 170  1
 168 171  1
 176 172  1
  19 174  1
  13 175  1
 276 175  1
 277 175  1
 195 176  1
 197 176  1
 235 177  1
  30 178  1
 172 178  1
 251 178  1
  22 179  1
  25 179  1
 259 179  1
  86 181  1
  88 181  1
 243 181  1
  38 182  1
 226 183  1
 227 183  1
 253 184  1
  93 185  1
  68 186  1
 266 186  1
  20 188  1
  95 188  1
 228 188  1
 229 188  1
  38 189  1
  82 189  1
 254 189  1
 259 189  1
 270 189  1
 236 190  1
  81 191  1
 231 191  1
 260 191  1
  23 192  1
  77 192  1
  89 192  1
 268 193  1
  61 194  1
 262 194  1
  76 195  1
  88 196  1
 243 197  1
  63 198  1
  79 198  1
 245 198  1
  28 199  1
  29 199  1
  60 200  1
  37 201  1
  38 201  1
 120 201  1
 128 201  1
 249 201  1
 257 201  1
  74 202  1
 125 202  1
 264 202  1
  83 203  1
 213 204  1
  58 205  1
  59 205  1
  33 206  1
 205 206  1
 232 208  1
  47 209  1
 182 209  1
  51 210  1
  52 210  1
 203 210  1
 204 210  1
 212 210  1
  36 211  1
  45 211  1
 118 211  1
 172 211  1
 217 211  1
  61 212  1
  62 212  1
  70 212  1
 113 212  1
 222 212  1
 120 213  1
 184 213  1
 209 213  1
  39 214  1
 109 214  1
 254 214  1
  66 215  1
  67 215  1
 216 215  1
 217 215  1
 118 216  1
  42 218  1
 210 219  1
 211 219  1
 170 220  1
 186 220  1
  51 221  1
  52 221  1
 108 221  1
 181 221  1
 182 221  1
 184 222  1
 185 222  1
 186 222  1
 247 222  1
 117 223  1
 121 224  1
 159 224  1
 176 224  1
 202 224  1
 106 225  1
 107 225  1
 115 225  1
 171 225  1
 135 226  1
 136 226  1
 103 227  1
 104 227  1
 159 227  1
 111 228  1
 209 228  1
  54 229  1
  56 229  1
  73 229  1
 119 229  1
 206 229  1
 223 229  1
 110 231  1
 198 231  1
 204 231  1
 132 232  1
 136 232  1
 173 232  1
 174 232  1
 228 232  1
 229 232  1
 101 233  1
 187 233  1
 117 234  1
 118 234  1
  78 235  1
 106 235  1
 194 235  1
 223 235  1
  82 236  1
  98 237  1
 115 237  1
 135 237  1
 136 237  1
 156 237  1
 164 237  1
 180 237  1
 159 238  1
 229 238  1
 103 239  1
 109 240  1
 225 241  1
 100 244  1
 164 244  1
 165 244  1
 220 244  1
 103 245  1
 152 246  1
 153 246  1
 218 246  1
 159 247  1
 160 247  1
 125 248  1
 179 248  1
 214 248  1
 172 250  1
 118 251  1
 138 251  1
 150 251  1
 177 251  1
 161 252  1
 126 254  1
 148 257  1


count = 656