 158   1  1
 171   1  1
 183   3  1
 189   5  1
 131   8  1
 133   8  1
 149   9  1
 153   9  1
 182  11  1
 187  11  1
 148  12  1
 155  13  1
 156  13  1
 115  14  1
 148  14  1
 127  16  1
 133  16  1
 151  16  1
 217  16  1
 124  17  1
 125  17  1
 161  17  1
 114  20  1
 143  20  1
 135  21  1
 136  21  1
 158  21  1
  82  23  1
 158  23  1
 114  24  1
 220  24  1
  77  25  1
  78  25  1
 103  25  1
 234  25  1
  95  26  1
 119  26  1
  83  29  1
 110  29  1
 147  29  1
 242  29  1
 161  30  1
  88  31  1
  89  31  1
 106  31  1
 219  33  1
  51  34  1
 239  35  1
 240  35  1
  48  36  1
  82  36  1
  83  36  1
  94  36  1
 139  36  1
 251  36  1
  88  37  1
  89  37  1
 127  38  1
 128  38  1
 152  39  1
 245  39  1
  87  40  1
  88  40  1
 239  40  1
  41  41  1
 141  41  1
  56  43  1
  60  43  1
  61  43  1
  86  43  1
  87  43  1
 155  43  1
 107  45  1
 142  45  1
 196  45  1
 221  45  1
  55  46  1
 130  46  1
 190  46  1
  33  47  1
 107  47  1
 214  47  1
  52  48  1
 118  48  1
 121  48  1
 151  48  1
 153  48  1
 158  48  1
 262  48  1
  50  49  1
 212  49  1
  40  50  1
 138  51  1
 217  51  1
 135  52  1
 144  52  1
 153  52  1
 108  53  1
 148  53  1
 212  53  1
  47  54  1
  49  54  1
 193  54  1
 267  54  1
  43  55  1
 107  55  1
 185  55  1
 200  55  1
 201  55  1
  24  56  1
 140  56  1
 159  56  1
 126  57  1
 144  57  1
 203  58  1
 204  58  1
 269  58  1
 105  59  1
 121  59  1
 129  59  1
 137  59  1
 138  59  1
 152  59  1
  79  60  1
  86  60  1
  87  60  1
 131  60  1
 158  60  1
 261  60  1
 264  60  1
 185  61  1
 271  61  1
  19  63  1
  27  63  1
  79  63  1
 112  63  1
 113  63  1
 147  63  1
 106  64  1
 137  64  1
 255  64  1
  30  65  1
  83  65  1
 272  65  1
 273  65  1
 150  66  1
 154  66  1
 188  66  1
 202  66  1
 245  66  1
  16  67  1
  22  67  1
  37  67  1
  92  67  1
 110  67  1
 156  67  1
 263  67  1
 268  67  1
 161  68  1
  28  69  1
 221  69  1
 251  69  1
  35  71  1
  37  71  1
 148  72  1
 151  72  1
  12  73  1
 156  73  1
 202  73  1
 208  73  1
 254  73  1
 259  74  1
 216  75  1
 277  75  1
 278  75  1
  10  76  1
 203  76  1
 205  76  1
 207  76  1
 211  77  1
 242  77  1
 243  77  1
 251  77  1
 253  77  1
 278  78  1
 279  78  1
  16  79  1
 167  79  1
 248  79  1
   8  80  1
   9  80  1
  32  80  1
 208  80  1
 220  80  1
 279  81  1
 280  81  1
   7  83  1
   8  83  1
 158  84  1
 227  84  1
 280  84  1
 281  84  1
 154  85  1
 204  85  1
 244  85  1
 245  85  1
 281  86  1
 197  87  1
 221  87  1
  26  88  1
 158  88  1
 159  88  1
 225  88  1
 281  88  1
 282  88  1
 245  89  1
 254  89  1
  33  91  1
  80  91  1
 100  91  1
 252  91  1
  86  92  1
 150  92  1
 151  92  1
  94  94  1
 270  94  1
 276  94  1
 277  94  1
  10  95  1
 164  96  1
   9  98  1
 269  98  1
  68  99  1
 222 100  1
 271 100  1
 272 100  1
  66 102  1
  82 103  1
 275 103  1
 276 103  1
 154 104  1
 161 105  1
  64 106  1
  79 106  1
  82 107  1
 254 107  1
 149 108  1
 150 108  1
  65 109  1
  66 109  1
 144 109  1
 160 109  1
  85 110  1
  86 110  1
 172 110  1
 173 110  1
 116 111  1
 135 111  1
 154 111  1
 156 112  1
 217 112  1
 120 114  1
 121 114  1
   6 116  1
 275 116  1
 276 116  1
 169 117  1
 251 118  1
 255 118  1
  43 121  1
 154 121  1
 218 121  1
 219 121  1
  54 122  1
 191 122  1
 256 122  1
  49 123  1
  50 123  1
 119 123  1
 121 123  1
  15 124  1
  57 124  1
 166 124  1
 167 124  1
 182 124  1
 219 124  1
 220 124  1
   7 125  1
 150 125  1
  80 126  1
  81 126  1
 143 126  1
 144 126  1
 135 127  1
 165 127  1
  51 128  1
 114 128  1
 116 128  1
 127 128  1
 271 128  1
 272 128  1
 273 128  1
  36 129  1
  41 129  1
 130 129  1
 188 129  1
 237 129  1
 262 129  1
 263 129  1
  11 130  1
  44 130  1
  98 130  1
 118 130  1
 251 130  1
  34 131  1
 246 131  1
  44 132  1
  51 132  1
  10 133  1
 188 133  1
   4 134  1
  60 134  1
  61 134  1
 135 134  1
 182 134  1
 248 134  1
 255 135  1
 265 135  1
   1 136  1
   2 136  1
  76 136  1
 116 136  1
 191 136  1
 272 136  1
 273 136  1
  55 137  1
   9 138  1
 145 138  1
 259 138  1
   7 139  1
  19 139  1
  27 139  1
  29 139  1
  42 139  1
 186 139  1
 187 139  1
  24 140  1
  25 140  1
  73 140  1
 137 140  1
 138 140  1
 164 140  2
  42 141  1
 121 141  1
 154 141  1
 218 142  1
  11 143  1
 150 143  1
 167 143  1
  21 144  1
  48 144  1
  50 144  1
 120 144  1
 121 144  1
 213 144  1
 224 144  1
  31 145  1
  43 145  1
  70 145  1
  71 145  1
 187 145  1
  62 147  1
  47 149  1
 223 149  1
 116 150  1
  65 151  1
  92 151  1
  98 151  1
 162 151  1
 106 152  1
  36 153  1
  60 153  1
  61 153  1
 196 153  1
   1 154  1
  82 155  1
  83 155  1
 163 155  1
 197 155  1
 198 155  1
 210 155  1
 218 155  1
  54 156  1
 211 157  1
  78 158  1
  66 159  1
  47 160  1
 198 160  1
  66 161  1
 195 161  2
 196 161  1
 206 161  1
   1 162  1
   2 162  1
  66 163  1
  68 163  1
  70 164  1
  75 166  1
   9 167  1
 189 167  1
 190 167  1
   4 168  1
 193 168  1
 207 168  1
 168 170  1
 169 170  1
 276 172  1
 277 172  1
  14 174  1
 207 174  1
   7 175  1
 170 175  1
 171 175  1
  74 176  1
 274 177  1
 275 177  1
  16 178  1
  58 178  1
 199 178  1
 200 178  1
   9 179  1
 235 179  1
 274 179  1
 215 180  1
  19 181  1
 273 181  1
 274 181  1
 171 183  1
 209 186  1
 210 186  1
  18 187  1
  19 187  1
 199 188  1
 200 188  1
 177 190  1
 197 191  1
 268 193  1
  80 194  2
  81 194  1
 130 195  2
 131 195  1
 132 195  1
  15 197  1
  83 197  1
 116 197  1
 266 197  1
 131 199  1
 132 199  1
  86 201  1
  87 201  1
 109 202  1
 147 202  1
 263 203  1
  87 204  1
 106 205  1
 108 205  1
  23 206  1
  96 206  1
 100 206  1
 126 207  1
  85 209  1
  86 209  1
 110 209  1
 142 210  1
 147 211  1
 137 212  1
 213 213  1
  91 214  1
 114 215  1
 132 215  1
 122 216  1
 140 218  1
  89 219  1
  90 219  1
 248 220  1
  39 221  1
 129 222  1
 214 223  1
 133 224  1
  45 225  1
 127 225  1
 215 225  1
 132 228  1
 121 230  1
 122 230  1
 221 230  1
 125 231  1
 234 232  1
  72 235  1
  84 235  1
 217 235  1
 218 235  1
 230 235  1
 214 236  1
 215 236  1
 115 238  1
 120 238  1
 223 239  1
 113 240  1
 100 242  1
 107 244  1
 110 245  1
 209 245  1
 117 247  1
 122 249  1
 124 250  1
 191 252  1
 193 252  1
 130 253  1
 132 253  1
 134 254  1
 136 254  1
 183 254  1
 180 255  1
 174 256  1
 171 257  1


count = 526