 154   1  1
 160   1  1
 186   3  1
 190   4  1
 195   6  1
 197   8  1
 174  10  1
 175  10  1
 182  10  1
 206  13  1
  81  14  1
  94  14  1
 113  14  1
 177  14  1
  94  17  1
  95  17  1
 218  19  1
 111  20  1
 117  20  1
 200  20  1
 106  21  1
 101  22  1
 102  22  1
 222  22  1
  88  23  1
  97  23  1
 117  23  1
 203  23  1
 195  24  1
 207  24  1
 225  24  1
 115  25  1
 107  26  1
 125  26  1
 126  26  1
  43  28  1
 231  28  1
 202  29  1
 111  30  1
  38  31  1
  39  31  1
 118  31  1
 119  31  1
 120  31  1
  47  32  1
  90  32  1
  96  32  1
 101  32  1
 195  32  1
 196  32  1
  35  33  1
 120  33  1
 111  34  2
 112  34  1
  46  35  1
  52  35  1
 128  35  1
 113  36  1
  63  37  1
 128  37  1
 183  37  1
 191  37  1
  54  39  1
 115  39  1
 121  39  1
 128  39  1
 185  40  1
 130  41  1
  51  43  1
  52  43  1
 143  43  1
 248  43  1
  31  44  1
  56  44  1
 121  44  1
 136  44  1
 181  46  1
 183  46  1
  52  47  1
  60  48  1
  19  49  1
 175  49  1
 252  49  1
 119  50  1
 128  50  1
 129  50  1
 141  50  1
 145  50  1
 245  50  1
  31  51  1
  38  54  1
  51  54  1
  52  54  1
 255  54  1
 147  55  1
  40  56  1
  41  56  1
  13  57  1
  56  57  1
  57  57  1
 239  57  1
 248  57  1
 124  58  1
 125  58  1
  60  59  1
  61  59  1
 148  60  1
  63  61  1
  64  61  1
 249  61  1
 150  62  1
 156  62  1
 246  64  1
 211  65  1
 212  65  1
   8  66  1
   9  66  1
 151  67  1
 205  67  1
 245  67  1
 246  67  1
 259  67  1
  23  68  1
 255  68  1
   7  69  1
   8  69  1
  16  69  1
 201  69  1
 194  70  1
 244  70  1
 245  70  1
 261  70  1
 180  71  1
 210  71  1
 255  71  1
 263  71  1
 268  71  1
  20  73  1
 198  73  1
 199  73  1
  12  74  1
 214  74  1
  28  75  1
 219  76  1
 272  76  1
 175  77  1
   3  78  1
   4  78  1
  20  78  1
 242  78  1
 226  79  1
 183  80  1
 207  80  1
 250  80  1
 275  80  1
 175  83  1
 186  83  1
 187  83  1
 183  84  1
 190  84  1
   7  85  1
   8  85  1
 205  85  1
 229  87  1
 230  87  1
   1  88  1
   2  88  1
  12  88  1
  13  88  1
 204  88  1
 236  88  1
 188  89  1
 189  89  1
 265  89  1
 269  90  1
 182  91  1
 183  91  1
  12  92  1
 187  92  1
 188  92  1
 236  92  1
 251  92  1
 257  92  1
   8  93  1
   9  93  1
  83  93  1
   1  94  1
 179  94  1
 225  94  1
 233  94  1
 270  94  1
 272  94  1
 273  94  1
 274  94  1
 185  95  1
 170  96  1
 171  96  1
 226  96  1
 243  96  1
 255  96  1
 256  96  1
 178  97  1
 241  97  1
 226  98  1
 183  99  1
   6 100  1
  82 100  1
 170 100  1
 167 101  1
 168 101  1
 229 101  1
 230 101  1
 282 101  1
 283 101  1
 234 102  1
 258 102  1
 259 102  1
   8 103  1
 178 103  1
 254 104  1
 167 105  1
 179 105  1
 110 108  1
 282 108  1
 283 108  1
 173 109  1
 177 109  1
 193 110  1
 157 111  1
 273 111  1
 275 111  1
   7 112  1
   8 112  1
  88 112  1
 121 112  1
 127 112  1
 166 112  1
 170 112  1
  83 114  1
  85 115  1
  86 115  1
 114 115  1
 193 115  1
 207 115  1
   6 116  1
 209 116  1
 173 117  1
   1 118  1
  50 118  1
 139 118  1
 141 118  1
 142 118  1
 145 118  1
 152 118  1
 197 118  1
 271 118  1
 272 118  1
  21 119  1
  88 119  1
 118 119  1
 215 119  1
 216 119  1
 277 119  1
 278 119  1
  10 120  1
  44 120  1
  45 120  1
  94 120  1
  96 120  1
 148 120  1
 199 120  1
 265 120  1
  53 121  1
  54 121  1
 190 121  1
 191 121  1
  19 122  1
  27 122  1
  44 122  1
  49 122  1
 170 122  1
 202 122  1
 263 122  1
  87 123  1
  88 123  1
   8 124  1
  68 124  1
  80 124  1
  97 124  1
 116 124  1
 117 124  1
 141 124  1
 148 124  1
 159 124  1
 197 124  1
 209 124  1
 210 124  1
 238 124  1
  33 125  1
  42 125  1
  74 125  1
  94 125  1
 188 125  1
   3 126  1
   4 126  1
  38 126  1
  55 126  1
  92 126  1
 137 126  1
 138 126  1
 246 126  1
  59 127  1
 134 127  1
 258 127  1
  31 128  1
  32 128  1
  43 128  1
 130 128  1
 211 128  1
  15 129  1
  47 129  1
  68 129  1
 119 129  1
 143 129  1
  89 130  1
 138 130  1
 139 130  1
 146 130  1
 159 130  1
 161 130  1
 163 130  1
 255 130  1
  35 131  1
  68 131  1
  93 131  1
  94 131  1
  97 131  1
 122 131  1
 193 131  1
 237 131  1
 241 131  1
  50 132  1
  88 132  1
 206 132  1
  73 133  1
 117 133  1
 165 133  1
 221 133  1
 235 133  1
  50 134  1
  56 134  1
 170 134  1
 211 134  1
 225 134  1
  60 135  1
  62 135  1
 204 135  1
 267 135  1
  53 136  1
  92 136  1
  98 136  1
 126 136  1
 148 136  1
 257 136  1
  21 137  1
 117 137  1
  67 138  1
  87 138  1
 150 138  1
 194 138  1
  27 139  1
  63 139  1
 270 139  1
  85 140  1
 158 140  1
  10 141  1
  15 141  1
 201 141  1
 257 141  1
  54 142  1
 121 142  1
 252 142  1
   7 143  1
 133 143  1
 134 143  1
 192 143  1
 264 143  1
 118 144  1
 203 144  1
 153 145  1
 154 145  1
 155 145  1
 280 145  1
 281 145  1
   1 146  1
   2 146  1
  82 146  1
  83 146  1
 117 146  1
 118 146  1
 149 146  1
 176 146  1
 177 146  1
 253 146  1
  32 147  1
  45 147  1
 123 147  1
  51 148  1
 130 148  1
 163 148  1
 257 148  1
  95 149  1
 115 149  1
  12 150  1
  40 150  1
 100 150  1
 167 150  1
 179 150  1
 265 150  1
 271 151  1
   8 152  1
  40 152  2
 125 152  1
 156 152  1
 262 152  1
  69 153  1
  88 154  1
 176 154  1
   4 155  1
   5 155  1
  11 155  1
 167 156  1
 252 156  1
 268 156  1
 160 158  1
 264 158  1
  17 159  1
  80 159  1
  82 159  1
 119 159  1
 166 159  1
 190 159  1
   6 160  1
   7 160  1
 180 160  1
 250 160  1
  15 161  1
 184 161  1
 164 162  1
 177 162  1
 248 162  1
 281 162  1
 282 162  1
  15 163  1
 116 163  1
 117 163  1
 147 163  1
 130 164  1
 189 164  1
   8 165  1
   9 165  1
  15 165  1
 237 165  1
 263 165  1
 264 165  1
 113 166  1
 127 166  1
 147 166  1
 148 166  1
 106 167  1
 248 167  1
 180 168  1
 238 168  1
 167 169  1
 197 169  1
 245 169  1
 265 169  1
 174 170  1
 270 170  1
 183 171  1
 127 172  1
 170 172  1
 194 172  1
 172 173  1
 141 174  1
 142 174  1
 185 174  1
 190 174  1
 127 176  1
 199 178  1
 137 179  1
 177 179  1
 199 180  1
 181 182  1
 182 182  1
 137 183  1
 199 183  1
 257 184  1
 271 184  1
 160 185  1
 249 185  1
 139 186  1
 147 186  1
 166 186  1
  18 188  1
 244 188  1
 121 189  1
 269 189  1
 125 190  1
 134 190  1
 148 190  1
  28 191  1
  30 191  1
 141 191  1
 147 192  1
 169 192  1
 242 192  1
  70 193  1
  71 193  1
 131 194  1
 133 194  1
 200 195  1
  23 196  1
 116 196  1
 106 197  1
 173 197  1
  75 198  1
 102 198  1
 196 200  1
 211 200  1
 108 202  1
 193 202  1
 258 204  1
 124 205  1
 174 205  1
  36 208  1
 117 208  1
 119 208  1
 126 208  1
 109 209  1
 110 209  1
 201 210  1
 213 210  1
 215 211  1
 254 212  1
  45 215  1
 206 215  1
 208 215  1
 127 216  1
 131 216  1
 170 216  1
 213 216  1
 218 216  1
 219 216  1
 101 217  1
 102 217  1
 140 218  1
 208 219  1
 102 220  1
 103 220  1
 131 220  1
 211 220  1
 220 220  1
  54 221  1
 165 221  1
  72 223  1
 243 224  1
 170 225  1
 171 225  1
  60 226  1
  76 227  1
  77 227  1
 238 228  1
 221 229  1
  69 230  1
  84 230  1
 101 230  1
 117 230  1
 118 230  1
 130 230  1
  86 232  1
  87 232  1
 100 232  1
 143 232  1
 123 233  1
 124 233  1
 147 233  1
 172 233  1
 177 233  1
  74 234  1
 166 234  2
 181 234  1
  91 235  1
 100 235  1
 168 235  1
 169 235  1
 140 236  1
 131 237  1
  82 239  1
 168 239  1
 224 239  1
 136 240  1
 137 240  1
 125 241  1
 146 242  1
 154 243  1
 219 243  1
 212 244  1
 116 245  1
 210 245  1
 184 246  1
 186 246  1
  95 247  1
 182 248  1
 183 248  1
 203 248  1
 104 249  1
 162 250  1
 167 250  1
 187 253  1
 141 257  1


count = 621