 160   1  1
 180   1  1
 185   1  1
 137   3  1
 129   5  1
 159   6  1
 148   7  1
 205   7  1
 120   8  1
 160   9  1
 161   9  1
 179   9  1
 184   9  1
 148  10  1
 149  10  1
 211  10  1
 190  11  2
  98  12  1
 214  12  1
  95  13  1
 186  13  1
 187  13  1
 201  13  1
  93  14  1
 201  15  1
 147  16  1
 152  16  1
 219  16  1
 177  17  1
 178  17  1
 187  17  1
 111  18  1
 112  18  1
 198  18  1
  96  19  1
 114  20  1
 115  20  1
 107  21  1
 120  21  1
 125  22  1
 199  22  1
  74  23  1
  99  23  1
 138  23  1
 108  24  1
 131  24  1
 230  24  1
  71  25  1
 140  25  1
 149  25  1
 150  25  1
  89  26  1
  90  26  1
  99  26  1
 178  26  1
 179  26  1
  66  27  1
 111  27  1
 188  27  1
 194  27  1
 196  27  1
 184  28  1
  93  29  1
 193  29  1
 194  29  1
 236  29  1
  93  31  1
 148  31  1
 149  31  1
 112  34  1
 113  34  1
 126  34  1
 194  34  1
 195  34  1
 141  35  1
 142  35  1
  47  36  1
 148  36  1
 149  36  1
  88  38  1
  94  38  1
 112  38  1
 194  38  1
 149  39  1
 150  39  1
  96  40  1
 110  40  1
 165  40  1
 168  40  1
 192  40  1
  80  41  1
  92  42  1
 135  42  1
 128  43  1
 144  43  1
 170  43  1
 183  43  1
 250  43  1
  38  44  1
  78  44  1
  96  44  1
  97  44  1
 106  44  1
 112  44  1
 114  44  1
  73  45  1
 137  45  1
 150  45  1
 151  45  1
  95  47  1
 132  47  1
 177  47  1
 254  47  1
  93  49  1
 129  49  1
 139  49  1
 135  50  1
  99  51  1
 162  52  1
 152  53  1
  96  54  1
 131  54  1
 135  54  1
 160  54  1
 176  54  1
 177  54  1
  32  55  1
 155  55  1
 262  56  1
 137  57  1
 159  57  1
 127  58  1
 120  59  1
 121  59  1
 158  59  1
 174  59  1
 175  59  1
  28  60  1
 155  60  1
 138  61  1
 246  61  1
 159  62  1
 153  63  1
 174  63  1
 242  64  1
 123  65  1
 172  65  1
 267  65  1
  21  67  1
  22  67  1
 136  67  1
 166  67  1
 167  67  1
 146  69  1
 157  69  1
  11  70  1
  17  71  1
  10  72  1
  34  72  2
 165  72  1
 240  72  1
  29  73  1
  30  73  1
 155  73  1
 270  74  1
 271  74  1
 157  75  1
 161  75  1
 242  75  1
 182  76  1
 190  78  1
 179  79  1
 211  79  1
 212  79  1
 272  80  1
 273  80  1
 224  81  1
   5  82  1
   6  82  1
 227  82  1
 235  82  1
 195  84  1
 214  84  1
 244  84  1
 274  86  1
 275  86  1
 173  87  1
 174  87  1
   3  89  1
   4  89  1
 171  89  1
 248  89  1
 275  89  1
 276  89  1
 252  90  1
 214  91  1
 276  91  1
 167  92  1
  76  93  1
 276  93  1
 277  93  1
  81  94  1
 154  94  1
 163  94  1
 164  94  1
  73  95  2
  74  95  1
  75  95  1
 253  95  1
 261  95  1
 262  95  1
  81  96  1
 159  96  1
 193  97  1
 214  97  1
 156  98  1
 211  98  1
 248  98  1
 277  98  1
 278  98  1
 172 100  1
 173 100  1
 246 101  1
   1 102  1
 150 102  1
 151 102  1
 218 103  1
 244 103  1
 143 104  1
 145 104  1
 278 104  1
 279 104  1
 141 105  1
 159 105  1
 163 105  1
   8 106  1
  80 106  1
  91 106  1
  97 106  1
 122 106  1
 129 106  1
 171 106  1
 172 106  1
 175 107  1
 219 107  1
  68 108  1
  83 108  1
  84 108  1
  33 109  1
 119 109  1
  24 110  1
 157 110  1
 158 110  1
 212 110  1
 152 111  1
 187 111  1
  19 112  1
  28 112  1
  85 112  1
 162 112  1
   1 114  1
 126 114  1
 135 114  1
 181 114  1
 157 115  1
 202 115  1
 238 115  1
 242 115  1
  90 117  1
 175 117  1
 176 117  1
  95 118  1
 133 118  1
 154 118  1
 181 118  1
 244 118  1
  38 119  1
  39 119  1
 124 119  1
 143 119  1
 251 119  1
 171 120  1
 173 120  1
 182 120  1
 213 120  1
 242 120  1
 132 122  1
 242 122  2
  50 123  1
  54 123  1
  99 123  1
 141 123  1
 154 123  1
 270 123  1
 133 124  1
 172 124  1
 174 124  1
 180 124  1
 181 124  1
 143 125  1
 203 125  1
 204 125  1
 209 125  1
 211 125  1
  11 126  1
 164 126  1
 165 126  1
 234 126  1
 251 126  1
 261 126  1
  32 128  1
  40 128  1
  67 128  1
 232 128  1
 246 128  1
  47 129  1
 273 129  1
  21 130  1
  24 130  1
  36 130  1
  43 130  1
 137 130  1
 176 130  1
 177 130  1
 267 130  1
 100 131  1
 121 131  1
 147 131  1
 162 131  1
 165 131  1
 239 131  1
 249 131  1
 149 132  1
 156 132  1
 176 132  1
 217 132  1
 168 133  1
 169 133  1
 231 133  1
 233 133  1
  13 134  1
  94 134  1
 175 134  1
  38 135  1
 124 135  1
 222 135  1
 224 135  1
  88 136  1
  89 136  1
  90 136  1
 129 136  1
 135 136  1
 206 136  1
 207 136  1
  34 137  1
  47 137  1
  48 137  1
 179 137  1
 214 137  1
 216 137  1
  86 138  1
 148 138  1
 256 138  1
  25 139  1
  26 139  1
  56 139  1
  93 139  1
 171 139  1
 232 139  1
 233 139  1
  39 140  1
  51 140  1
 211 140  1
 230 140  1
 250 140  1
  59 141  1
 133 141  1
 175 141  1
 206 141  1
   1 142  1
  35 142  1
 230 142  1
 281 142  1
 282 142  1
  32 143  1
  83 143  1
  87 143  1
  90 143  1
 154 143  1
 181 144  1
 282 144  1
  32 145  1
  61 145  1
  19 146  1
 132 146  1
 282 146  1
 283 146  1
 257 147  1
  16 148  1
 129 148  1
 263 148  1
   1 149  1
  80 149  1
 204 149  1
  84 150  1
  85 150  1
 165 150  1
 228 150  1
 232 150  1
 249 150  1
 250 150  1
  71 151  1
  89 151  1
  95 151  1
  37 152  1
  41 152  1
 131 152  1
 212 152  1
  94 153  1
 139 153  1
 174 153  1
 189 153  1
 219 154  1
 222 154  1
 165 155  1
 192 156  1
 149 157  1
 151 157  1
 153 157  1
 164 157  1
 216 157  1
  19 158  1
  92 158  1
 243 158  1
 244 158  1
 249 158  1
  21 159  1
 159 159  1
 170 159  1
 171 159  1
 222 160  1
   9 161  1
 165 161  1
  17 162  1
 215 162  1
 216 162  1
  94 164  1
 169 164  1
 228 164  1
  15 165  1
 198 165  1
   4 166  1
   5 166  1
  97 166  1
 173 167  1
 241 167  1
 222 168  1
 223 168  1
 241 169  1
 217 171  1
 218 171  1
 237 171  1
 239 171  1
 245 172  1
 246 172  1
 139 173  2
   7 174  1
   8 174  1
 105 176  1
 128 176  1
 129 176  1
 180 176  1
 181 176  1
 203 176  1
 239 176  1
 109 177  1
 110 177  1
 140 177  1
 207 177  1
 280 177  1
 281 177  1
 186 178  1
 222 178  1
 234 178  1
 236 178  1
 102 179  1
 103 179  1
 100 180  1
 119 180  1
 120 180  1
 135 180  1
 192 180  1
 279 180  1
 280 180  1
 195 183  1
  13 184  1
  14 184  1
  98 184  1
 163 184  1
 171 184  1
 211 185  1
 212 185  1
 127 187  1
 128 187  1
 112 188  1
 140 188  1
 141 188  1
  17 190  1
 172 190  1
 109 191  1
 130 191  1
 136 192  1
 159 192  1
 160 192  1
 165 192  1
 180 192  1
 275 192  1
 276 192  1
 147 193  1
 127 196  1
 155 196  1
 160 196  1
 165 196  1
 185 198  1
 221 198  1
  24 199  1
 132 199  1
 133 199  1
 144 199  1
 171 199  1
 178 199  1
 179 199  1
  44 200  1
  48 200  1
 102 201  1
 121 201  1
 122 201  1
 163 201  1
  99 202  1
 126 202  1
 127 202  1
  28 203  1
 143 203  1
 144 203  1
 219 203  1
  48 204  1
  49 204  1
 130 204  1
 131 204  1
 137 204  1
 210 204  1
 133 205  1
 134 205  1
  42 206  1
  97 207  1
 156 208  1
 162 208  1
 164 208  1
 208 208  1
 217 208  1
 222 208  1
 268 208  1
 179 209  1
 180 209  1
  91 210  1
  40 211  1
  41 211  1
 150 212  1
 170 212  1
 214 212  1
 225 212  1
 266 212  1
  45 213  1
  98 213  1
  99 213  1
 137 213  1
 187 213  1
 188 213  1
 139 214  1
 151 214  1
 159 214  1
 174 214  1
 203 214  1
 221 214  1
 155 215  1
 216 215  1
 166 216  1
 208 216  1
 222 216  1
 171 217  1
 213 217  1
  53 219  1
  95 219  1
 101 220  1
 192 220  1
 195 220  1
 201 221  1
 143 222  1
 175 222  1
 258 222  1
  60 223  1
  99 223  1
 169 223  1
 170 223  1
 190 223  1
 191 223  1
 219 223  1
 223 223  1
  72 224  1
 179 224  1
 181 224  1
  62 225  1
  76 225  1
  77 225  1
 219 225  1
 174 226  1
 199 226  1
  79 227  1
 120 227  1
 121 227  1
  85 228  1
  95 228  1
 206 228  1
 207 228  1
 218 228  1
 114 229  1
 116 229  1
 177 229  1
 178 229  1
 195 229  1
 225 229  1
 226 229  1
 218 230  1
 226 231  1
  94 232  1
  89 233  1
 123 233  1
 202 233  1
 203 233  1
 224 234  1
  94 235  1
 123 235  1
 138 235  1
 139 235  1
 178 235  1
  84 236  1
  85 236  1
 239 236  1
 158 237  1
 159 237  1
 214 237  1
 181 238  1
 218 238  1
 219 238  1
 236 238  1
 231 241  1
 106 242  1
 139 242  1
 140 242  1
 195 242  1
 109 243  1
 204 243  1
 187 244  1
 188 244  1
 227 244  1
 186 246  1
 140 247  1
 160 249  1
 169 249  1
 184 252  1
 203 254  1


count = 671