 171   1  1
 195   1  1
 201   1  1
 203   2  1
 205   2  1
 207   3  1
 209   3  1
 195   6  1
 130   7  1
 171   7  1
 200   8  1
 220   8  1
 221   8  1
 164   9  1
 195   9  1
 196   9  1
 118  11  1
 226  11  1
 115  12  1
 112  13  1
 176  15  1
 177  15  1
 234  15  1
 139  18  1
 173  18  1
 198  19  1
 239  19  1
 104  22  1
 122  22  1
 124  23  1
 174  23  1
 178  23  1
  92  24  1
 120  24  1
 128  25  1
  85  26  1
 132  27  1
  66  28  1
  99  28  1
 100  28  1
 125  29  1
  61  31  1
  75  31  1
 120  31  1
  92  32  1
  93  32  1
  57  33  1
 121  33  1
 126  34  1
  81  35  1
 122  35  1
 130  35  1
 135  35  1
 136  35  1
  53  36  1
  70  36  1
 140  37  1
 141  37  1
  49  38  1
  81  39  1
  82  39  1
 141  39  1
 247  39  1
 248  39  1
 140  41  1
 141  41  1
  44  42  1
  82  42  1
  83  42  1
 240  42  1
 241  42  1
 260  42  1
 102  43  1
 113  43  1
 116  43  1
  83  45  1
  84  45  1
  96  45  1
  97  45  1
 132  45  1
 133  45  1
 263  46  1
 238  49  1
 239  49  1
  76  50  1
 118  51  1
 119  51  1
 133  51  1
 267  51  1
  35  52  1
  51  52  1
  89  52  6
  91  52  1
 100  52  1
  41  53  1
  51  54  1
 102  54  1
 234  54  1
 108  55  1
  36  56  1
  37  56  1
  45  56  1
  46  56  1
 243  56  1
 248  57  1
  27  58  1
  86  58  1
  89  58  1
 115  58  1
 116  58  1
 233  58  2
 254  58  1
  44  59  1
 109  59  1
 221  59  1
 227  60  1
 247  61  1
  56  62  1
  57  62  1
 253  64  1
 254  64  1
  34  65  1
  38  65  1
  55  66  1
 115  66  1
 257  66  1
 273  66  1
 274  66  1
  41  67  1
 227  68  1
 268  68  1
  41  69  1
 274  69  1
 275  69  1
 230  70  1
 257  70  1
 259  70  1
  40  71  1
  15  72  1
 110  72  1
 112  72  1
  51  73  1
  14  74  1
  26  74  1
  27  74  1
  35  74  1
 101  74  1
 230  74  1
 270  74  1
  43  76  1
  48  76  1
  31  77  1
  32  77  1
 233  77  1
 234  77  1
 237  78  1
 240  79  1
  25  80  1
  56  80  1
 182  80  1
  20  81  1
  39  81  1
  45  81  1
  50  81  1
 178  81  1
  10  82  1
  11  82  1
  31  82  1
 254  83  1
 272  83  1
  30  84  1
  31  84  1
 191  84  1
 192  84  1
 250  84  1
 261  84  1
  15  85  1
  23  85  1
  53  85  1
  54  85  1
 170  85  1
 172  85  1
  28  86  1
 249  86  1
  36  87  1
 157  87  1
  38  88  1
  52  88  1
 154  88  1
 174  88  1
 216  88  2
 225  88  1
 235  88  1
 219  89  1
 235  90  1
 272  90  1
 191  91  1
 238  91  1
  35  92  1
  42  92  1
 139  92  1
 173  92  1
  94  93  1
 105  93  1
 223  93  1
 239  93  1
 241  93  1
 281  93  1
 282  93  1
 248  94  1
 249  94  1
 273  94  1
  20  95  1
  29  95  1
  30  95  1
  90  95  1
  91  95  1
 282  96  1
 283  96  1
 236  97  1
  29  98  1
  88  98  1
   6 100  1
   7 100  1
  12 100  1
  96 101  1
  99 101  1
 173 101  1
 179 101  1
 242 101  1
  28 102  1
  29 102  1
 249 102  1
 150 103  1
 151 103  1
 163 104  1
  17 105  1
  18 105  1
 149 105  1
 150 105  1
  11 106  1
  30 106  1
 121 106  1
 248 106  1
 258 106  1
 263 106  1
 112 107  1
 143 107  1
 174 107  1
 246 107  1
  96 108  1
 163 108  1
 258 108  1
 264 108  1
 266 108  1
 106 109  1
 118 109  1
 149 109  1
 150 109  1
 167 109  1
 169 109  1
 243 109  1
  16 110  1
 100 110  1
 102 110  1
 140 110  1
 155 110  1
 237 110  1
 239 110  1
 258 110  1
  20 111  1
  24 111  1
 132 111  1
 121 113  1
 269 113  1
 152 115  1
 170 116  1
 275 116  1
 111 117  1
 148 117  1
 117 118  1
 146 118  1
  11 119  1
 167 119  1
 178 119  1
  14 120  1
 108 120  1
 175 120  1
 270 120  1
  62 121  1
 163 121  1
  28 122  1
  29 122  1
 175 122  1
 264 122  1
 139 123  1
 141 123  1
 239 123  1
 133 124  1
 223 124  1
 226 124  1
 233 124  1
  18 125  1
  55 125  1
 124 125  1
 279 125  1
 280 125  1
  28 126  1
  63 126  1
  64 126  1
 162 126  1
 163 126  1
 216 126  1
 219 126  1
 220 126  1
 264 126  1
  14 127  1
  15 127  1
  35 127  1
 198 127  1
 253 127  1
 259 127  1
 159 128  1
 272 128  1
  55 129  1
  78 129  1
 123 129  1
 274 129  1
 275 129  1
  75 130  1
 153 130  1
 214 130  1
 278 130  1
 112 131  1
 145 131  1
 159 131  1
 211 131  1
  11 132  1
  33 132  1
  45 132  1
 117 132  1
 135 132  1
 218 132  1
  19 133  1
  20 133  1
  21 133  1
 133 133  1
 211 133  1
 228 133  1
 124 134  1
 222 134  1
 247 134  1
  95 136  1
 111 136  1
 115 136  1
 116 136  1
 217 136  1
 157 137  1
 158 137  1
 169 137  1
 170 137  1
 206 137  1
  96 138  1
 109 138  1
 172 139  1
 242 139  1
   2 140  1
   3 140  1
  84 140  1
 210 140  1
 211 140  1
  75 141  1
  98 141  1
 132 141  1
 108 142  1
 198 142  1
 204 142  1
 114 143  1
 115 143  1
 134 143  1
 189 143  2
 191 143  1
 239 143  1
   7 144  1
 165 144  1
 169 144  1
 256 144  1
 136 145  1
 154 145  1
 208 145  1
 239 145  1
 110 146  1
 111 146  1
 142 146  1
 160 146  1
 173 146  1
 245 146  1
  97 147  1
 259 147  1
  91 148  1
 101 148  1
 272 148  1
  10 149  1
 163 149  1
 169 149  1
 109 150  1
 254 150  1
  43 151  1
 208 151  1
 234 151  1
 261 151  1
 213 152  1
 247 152  1
 252 152  1
  99 153  1
 100 153  1
 190 153  1
 201 153  1
 202 153  1
 239 153  1
  80 154  1
  81 154  1
  87 154  1
 177 154  1
 236 154  1
 242 154  1
  11 155  1
  15 155  1
  92 155  1
  93 155  1
 196 155  1
 197 155  1
 263 155  1
 270 155  1
   9 156  1
  38 156  1
 183 156  1
  18 157  1
 213 157  1
 214 157  1
 250 157  1
 265 157  1
 266 157  1
  75 158  1
  85 158  1
 203 158  1
 205 158  1
  41 159  1
  45 159  1
  77 159  1
 123 159  1
 124 159  1
 227 159  1
 270 159  1
 271 159  1
 201 160  1
   1 161  1
 236 161  1
  80 162  1
  84 162  1
  85 162  1
 106 162  1
 112 162  1
 118 162  1
   6 163  1
  24 163  1
  91 163  1
 217 163  1
 247 164  1
  46 165  1
  48 165  1
 216 165  1
 221 165  1
  30 167  1
  51 167  1
 197 167  1
 202 167  1
   1 168  1
  19 168  1
  26 168  1
 213 168  1
 196 169  1
 241 169  1
 164 170  1
 180 170  1
 185 170  1
 227 170  1
  17 171  1
  54 171  1
 194 171  1
 196 171  1
  35 172  1
  19 173  1
  58 173  1
  61 173  1
 191 173  1
 231 173  1
 232 173  1
 170 174  1
 275 174  1
 276 174  1
   7 175  1
   8 175  1
 237 176  1
 243 177  1
 245 177  1
 247 177  1
 274 177  1
 275 177  1
 198 178  1
 241 179  1
 273 179  1
   3 180  1
   4 180  1
 258 181  1
 221 182  1
 222 184  1
 246 184  1
 154 186  1
 222 186  1
 262 186  1
 139 187  1
   7 188  1
 262 188  1
 146 189  1
 160 189  1
 161 189  1
 243 189  1
 256 191  1
 147 193  1
 267 193  1
 268 193  1
  40 195  1
 249 195  1
 250 195  1
 255 196  1
 257 196  1
  16 198  1
  26 198  1
  30 198  1
  34 199  1
 148 200  1
 169 200  1
  66 201  1
 164 203  1
  60 204  1
  91 206  1
 114 208  1
 143 208  1
 170 209  1
  59 210  1
 109 212  1
 141 212  1
 193 212  1
  63 213  1
  64 213  1
 105 213  1
 141 214  1
 162 214  1
 163 214  1
 137 215  1
 197 215  1
 198 215  1
  86 217  1
  87 217  1
 192 217  1
 193 217  1
 237 218  1
  83 219  1
 132 219  1
  55 220  1
  42 221  1
  43 221  1
  86 221  1
 100 221  1
  80 222  1
  81 222  1
 239 222  1
 124 223  1
 142 223  1
 143 223  1
  62 224  1
  97 224  1
 248 224  1
 145 225  1
 246 225  1
  77 226  1
 196 226  1
 197 226  1
 234 226  1
 119 227  1
 127 227  1
 131 227  1
 181 227  1
 242 227  1
 156 228  1
  59 229  1
 181 229  1
 197 229  1
 239 229  1
 101 230  1
 110 230  1
 193 230  1
 194 230  1
  61 231  1
  99 231  1
  77 232  1
  88 232  1
  93 232  1
  94 232  1
  82 233  1
 126 233  1
 127 233  1
  93 234  1
 201 234  1
 160 235  1
 195 235  1
 196 235  1
 105 236  1
 128 236  1
 183 236  1
 184 236  1
  74 237  1
  76 237  1
 120 237  1
 155 237  1
 196 237  1
 205 237  1
 207 237  1
 229 237  1
  97 238  1
 109 239  1
 110 239  1
 125 240  1
 154 240  1
 212 240  1
  91 241  1
  94 242  1
 199 242  1
 200 242  1
 115 243  1
 122 244  1
 156 244  1
 192 244  1
  99 245  1
 163 245  1
 183 246  1
 184 246  1
 217 246  1
 212 247  1
 115 249  1
 160 249  1
 181 249  1
 181 251  1
 158 252  1
 169 252  1
 196 253  1
 133 254  1
 193 254  1
 190 255  1
 187 256  1


count = 661