 146   1  1
 175   1  1
 184   2  1
 130   4  1
 192   4  1
 120   7  1
 149   8  1
 153   8  1
 136   9  1
 130  10  1
 131  10  1
 167  10  1
 205  10  1
 187  11  1
 105  12  1
 158  13  1
 210  13  1
 200  14  1
  96  15  1
 182  15  1
 118  16  1
 215  16  1
  91  17  1
 111  17  1
 113  17  1
 165  17  1
 175  17  1
 176  17  1
 206  17  1
 107  18  1
 139  18  1
 147  18  1
 163  18  1
 200  18  1
 158  19  1
 173  19  1
  85  20  1
  86  20  1
 179  20  1
 186  20  1
 208  20  1
 116  21  1
 224  21  1
  98  22  1
 162  22  1
 212  22  1
 107  23  1
 126  23  1
 144  23  1
 215  23  1
  59  24  1
 121  24  1
 138  24  1
  89  25  1
  98  25  1
 109  25  1
 157  25  1
 180  25  1
 231  25  1
  55  26  1
  56  26  1
 220  26  1
  96  27  1
 103  27  1
 114  27  1
 126  27  1
 127  27  1
 147  27  1
 149  27  1
 153  27  1
  83  28  1
  74  29  1
 140  29  1
 144  29  1
 161  29  1
 163  29  1
 165  29  1
 170  29  1
  66  30  1
  90  30  1
 121  30  1
 155  30  1
  74  31  1
 107  31  1
 109  31  1
 135  31  1
 181  31  1
 238  31  1
 220  32  1
  74  33  1
 124  33  1
 126  33  1
 128  33  1
 147  33  1
 150  33  1
 216  33  1
  59  34  1
 168  34  1
  69  35  1
 101  35  1
 102  35  1
 117  35  1
 147  35  1
 152  35  1
  69  37  1
 124  37  1
 128  37  1
 246  37  1
 146  38  1
 160  38  1
 166  38  1
 195  38  1
  92  39  1
 174  39  1
 179  39  1
  51  40  1
  53  40  1
  58  40  1
  59  40  1
 113  40  1
 129  40  1
 131  40  1
 137  40  1
 138  40  1
 202  40  1
 203  40  1
 115  41  1
  64  42  2
  65  42  1
  66  42  1
 216  42  1
 167  43  1
 183  43  1
 252  43  1
  44  44  1
 107  44  1
 151  45  1
 170  45  1
  57  46  1
  63  46  1
  91  46  1
 178  46  1
 101  47  1
 110  47  1
 122  47  1
 174  47  1
 194  47  1
 161  48  1
 164  48  1
  44  49  1
  70  49  1
  95  49  1
 215  49  1
 216  49  1
 249  49  1
  51  50  1
  58  50  1
 201  50  1
 204  50  1
 227  50  1
 233  50  1
 102  51  1
 109  51  1
 129  51  1
 249  51  1
  37  52  1
 259  52  1
  92  53  1
  93  53  1
 249  53  1
  37  54  1
  49  54  1
  62  54  1
  63  54  1
 132  54  1
 226  54  1
 227  54  1
  27  55  1
  69  55  1
  97  55  1
  98  55  1
  99  55  1
 103  55  1
 108  55  1
 203  55  1
 230  55  1
 113  56  1
 166  56  1
 198  56  1
 214  56  1
 245  56  1
 246  56  1
 134  57  1
 225  57  1
  34  58  1
 153  58  1
  48  59  1
  57  59  1
 161  59  1
 163  59  1
 246  59  1
 247  59  1
 106  60  1
 234  60  1
 163  61  1
 213  61  1
  42  62  1
  43  62  1
 153  63  1
 159  63  1
 226  63  1
 167  64  1
 210  64  1
 236  64  1
  45  66  1
  46  66  1
  55  66  1
 158  66  1
 186  66  1
  19  67  1
  32  67  1
 104  67  1
 126  67  1
 131  67  1
 225  67  1
 234  68  1
 271  68  1
  17  70  1
 231  70  1
 234  70  1
  35  71  1
  46  71  1
 190  71  1
 194  71  1
 253  72  1
 233  74  1
 239  74  1
  13  75  1
  44  75  1
 187  75  1
  60  76  1
  39  77  1
 182  77  1
  55  78  1
 192  78  1
  45  79  1
  47  79  1
 241  79  1
 248  79  1
 249  79  1
 184  80  1
 190  80  1
 279  80  1
 280  80  1
  10  81  1
  38  81  1
 166  81  1
 177  81  1
 218  81  1
  58  82  1
 195  82  1
 208  82  1
 223  82  1
 215  83  1
 252  83  1
  40  84  1
  43  84  1
 129  84  1
 130  84  1
 131  84  1
 163  84  1
 164  84  1
 169  84  1
 178  84  1
 193  84  1
 226  84  1
  28  85  1
  47  85  1
  51  85  1
  63  85  1
 126  85  1
 247  85  1
 256  85  1
 261  85  1
   7  86  1
   8  86  1
  22  86  1
  74  86  1
 204  86  1
  58  87  1
  59  87  1
 214  87  1
 215  87  1
 229  87  1
 230  87  1
  19  88  1
  47  88  1
  54  88  1
 122  88  1
 190  88  1
 191  88  1
 204  88  1
 224  88  1
   6  89  1
   7  89  1
  45  89  1
 165  89  1
 170  89  1
 172  89  1
 175  89  1
 251  89  1
 234  90  1
  29  91  1
  70  91  1
 248  92  1
 263  92  1
 116  93  1
 203  93  1
 207  93  1
   4  94  1
   5  94  1
  38  94  1
  59  94  1
 158  94  1
 166  94  1
 229  94  1
 230  94  1
 239  94  1
 247  94  1
 257  94  1
  24  95  1
  30  95  1
  35  95  1
  36  95  1
  66  95  1
  68  95  1
  69  95  1
  72  95  1
  74  95  1
 186  95  1
 215  95  1
  98  96  1
 105  96  1
 123  96  1
 169  96  1
  84  97  1
 224  97  1
 225  97  1
   9  98  1
  28  98  1
 253  98  1
  71  99  1
  72  99  1
  87  99  1
 106  99  1
 241  99  1
 246  99  1
 261  99  1
 262  99  1
 263  99  1
 264  99  1
 198 100  1
 257 100  1
 258 100  1
  78 101  1
 161 101  1
 163 101  1
 119 102  1
 168 102  1
 169 102  1
 243 102  1
 268 102  1
  90 103  1
 133 103  1
 142 103  1
   1 104  1
   2 104  1
 187 104  1
 254 104  1
 269 104  1
  44 105  1
 108 105  1
 109 105  1
 155 105  1
  14 106  1
  15 106  1
  53 106  1
 153 106  1
 221 106  1
 241 106  1
 257 106  1
  41 107  1
 156 107  1
 195 107  1
 274 107  1
   1 108  1
 139 108  1
 162 108  1
 250 108  1
 252 108  1
 107 109  1
 144 109  1
 185 109  1
 246 109  1
 280 109  1
 281 109  1
  90 110  1
  91 110  1
 134 110  1
 227 110  1
 234 110  1
  21 111  1
  97 111  1
 125 111  1
 126 111  1
 159 111  1
 219 111  1
 231 111  1
 272 111  1
  17 112  1
 117 112  1
  10 113  1
  38 113  1
  98 113  1
 180 113  1
 265 113  1
 267 113  1
 268 113  1
  15 114  1
 102 114  1
 128 114  1
 178 114  1
 236 114  1
 112 115  1
 137 115  1
 199 115  1
  49 116  1
  54 116  1
 107 116  1
 272 116  1
   1 117  1
  18 117  1
  22 117  1
  41 117  1
 105 117  1
 119 117  1
 183 117  1
 223 117  1
 279 117  1
 280 117  1
  37 118  1
 117 118  1
 244 118  1
 259 118  1
 274 118  1
  29 119  1
  30 119  1
 124 119  1
 136 119  1
 249 119  1
 113 120  1
 114 120  1
 130 120  1
 195 120  1
 196 120  1
 225 120  1
 226 120  1
 111 121  1
 182 121  1
   7 122  1
  63 122  1
  64 122  1
 118 122  1
 270 122  1
  72 123  1
 170 123  1
 104 124  1
 137 124  1
 222 124  1
  19 125  1
  77 125  1
 122 125  1
 123 125  1
 129 125  1
 181 125  1
 193 125  1
 194 125  1
 247 125  1
 249 125  1
 260 125  1
 277 125  1
  38 126  1
  43 126  1
 106 126  1
 107 126  1
 116 126  1
 135 126  1
 199 126  1
 200 126  1
   1 127  1
   2 127  1
   6 127  1
  75 127  1
 118 127  1
 170 127  1
 176 127  1
  80 129  1
 265 129  1
 266 129  1
 267 129  1
  22 130  1
  36 130  1
  43 130  1
 187 130  1
 195 130  1
 243 130  1
 262 130  1
 269 130  1
  39 131  1
 110 131  1
 125 131  1
 215 131  1
 216 131  1
  46 132  1
 118 132  1
 204 133  1
 238 133  1
  74 134  1
 142 134  1
 171 134  1
 176 134  1
 233 134  1
 275 134  1
   9 135  1
  11 135  1
  21 135  1
  22 135  1
  79 135  1
 108 135  1
 126 135  1
 128 135  1
 178 135  1
 259 135  1
  35 136  1
  70 136  1
 183 136  1
  60 137  1
  83 137  1
  84 137  1
 132 137  1
 242 137  1
 100 138  1
 102 138  1
 137 138  1
 190 138  1
 196 138  1
 201 138  1
 237 138  1
 247 138  1
 277 138  1
  71 139  1
  80 140  1
 270 140  1
 144 141  1
 159 141  1
 182 141  1
 251 141  1
  14 142  1
  36 142  1
  38 142  1
  39 142  1
  40 142  1
  41 142  1
  50 142  1
  75 142  1
 107 142  1
 116 142  1
 149 142  1
 167 142  1
 173 142  1
 187 142  1
 192 142  1
 223 142  1
 257 142  1
  83 143  1
  84 143  1
 281 143  1
 101 144  1
 105 144  1
 133 144  1
 227 144  1
 228 144  1
 255 144  1
  12 145  1
  51 145  1
 190 145  1
 263 145  1
  21 146  1
  56 146  1
  96 146  1
 146 146  1
 150 146  1
 184 146  1
 248 146  1
   8 147  1
  32 147  1
  89 147  1
 124 147  1
 221 147  1
  26 148  1
  76 148  1
 155 148  1
 176 148  1
 214 148  1
 252 148  1
  49 149  1
  99 149  1
 100 149  1
 178 150  1
 179 150  1
 190 150  1
 247 150  1
 265 150  1
  40 151  1
  74 151  1
  75 151  1
 187 151  1
 257 151  1
 275 151  1
  80 152  1
 112 152  1
 151 152  1
 212 152  1
  28 153  1
 257 153  1
  22 154  1
 239 154  1
 259 154  1
  31 155  1
 101 155  1
 102 155  1
 122 155  1
 187 155  1
 196 155  1
 249 155  1
 268 155  1
   9 156  1
  40 156  1
  56 156  1
 125 156  1
 150 156  1
 176 156  1
 155 157  1
 181 157  1
 249 157  1
 269 157  1
 270 157  1
  90 158  1
 165 158  1
 166 158  1
 189 158  1
  35 159  1
  58 159  1
  59 159  1
 131 159  1
 239 159  1
   5 160  1
   6 160  1
  12 161  1
  46 161  1
  48 161  1
  64 161  1
 133 161  1
 166 161  1
 167 161  1
 237 161  1
  24 162  1
  54 162  1
 147 162  1
 227 162  1
 228 162  1
 277 162  1
 278 162  1
 118 163  1
 120 163  1
 153 163  1
 176 163  1
 231 163  1
 185 164  1
 214 164  1
 264 164  1
   7 165  1
   8 165  1
  19 165  1
  60 165  1
  98 165  1
 190 165  1
 211 165  1
 276 165  1
 277 165  1
  17 166  1
  50 166  1
  51 166  1
  67 166  1
 115 166  1
 124 166  1
 125 166  1
 171 166  1
 172 166  1
 253 166  1
 267 166  1
  63 167  1
 101 167  1
 108 167  1
 151 167  1
 247 167  1
   8 168  1
   9 168  1
 161 168  1
 165 168  1
 233 168  1
 275 168  1
 276 168  1
 142 169  1
 192 169  1
 249 169  1
 103 170  1
 124 170  1
 125 170  1
 200 170  1
 229 170  1
 261 170  1
   9 171  1
  10 171  1
 234 172  1
 235 172  1
 145 173  1
 159 173  1
  10 174  1
  11 174  1
 163 174  1
 169 174  1
 170 174  1
 171 174  1
 210 174  1
 232 174  1
 250 174  1
 254 174  1
 255 174  1
 165 175  1
 167 175  1
 175 175  1
  96 176  1
  97 176  1
 204 176  1
 227 176  1
 245 176  1
  11 177  1
  12 177  1
  82 177  1
 102 177  1
 241 177  1
  91 178  1
 121 178  1
 122 178  1
 138 178  1
 184 178  1
 185 178  1
 188 178  1
 200 178  1
 175 179  1
 181 179  1
 209 179  1
 229 179  1
 260 179  1
 270 179  1
  72 180  1
 191 180  1
 192 180  1
 250 180  1
 251 180  1
  69 181  1
  97 181  1
 225 181  1
 244 181  1
 245 181  1
 258 181  1
  67 182  1
 134 182  1
 185 182  1
 141 183  1
 195 183  1
 198 183  1
 252 183  1
  64 184  1
 126 184  1
 188 184  1
 231 184  1
  32 185  1
  60 185  1
 193 185  1
 267 185  1
  24 186  1
  66 186  1
 142 186  1
 233 186  1
 245 186  1
 246 186  1
 256 186  1
 227 187  1
 235 187  1
 243 187  1
 221 188  1
 138 189  1
 243 189  1
 249 189  1
  53 190  1
  54 190  1
  81 190  2
 253 190  1
  84 191  1
 142 191  1
  19 192  1
 157 192  1
  78 193  1
  86 193  1
  87 193  1
 145 193  1
 221 193  1
  68 194  1
  72 195  1
 240 195  1
  22 196  1
  56 196  1
  57 196  1
 219 196  1
 228 197  1
 238 197  1
  88 198  1
  89 198  1
 161 198  1
  35 199  1
  65 199  1
  77 199  1
 223 199  1
  70 200  1
  75 200  1
 255 200  1
  55 201  1
 222 201  1
  27 202  1
 214 202  1
 236 202  1
 237 202  1
  86 203  1
 188 203  1
 194 203  1
 253 203  1
  53 204  1
  82 204  1
  72 206  1
  97 206  1
  98 206  1
  63 207  1
  87 207  1
 198 207  1
  51 208  1
  91 208  1
 166 208  1
 184 208  1
 210 209  1
  41 210  1
 166 210  1
 205 210  1
 248 210  1
  91 212  1
 165 212  1
 183 212  1
 184 212  1
  46 213  1
  98 213  1
  99 213  1
  81 214  1
 176 214  1
  78 215  1
  86 215  1
  87 215  1
  90 216  1
  46 217  1
  68 217  1
  69 217  1
 222 217  1
 218 218  1
 242 218  1
 197 219  1
  64 220  1
 164 220  1
 165 220  1
 177 220  1
 239 220  1
 110 221  1
 120 221  1
 121 221  1
 216 221  1
 178 222  1
 179 222  1
  54 223  1
  60 223  1
  62 223  1
 224 223  1
 106 224  1
 123 224  1
 215 225  1
  48 226  1
  65 226  1
  70 226  1
  71 226  1
 142 226  1
 186 226  1
 187 226  1
 231 226  1
 217 227  1
  99 228  1
 100 228  1
 105 229  1
 131 229  1
 175 230  1
  54 231  1
  63 231  1
  64 231  1
 141 231  1
 142 231  1
 180 231  1
 181 231  1
  83 232  1
  84 232  1
 175 232  1
  57 233  1
  73 233  1
  79 233  1
 119 233  1
 142 233  1
 222 233  1
  87 234  1
  77 235  1
  93 237  1
 147 237  1
 148 237  1
  64 238  1
  83 238  1
  88 238  1
 113 238  1
 129 238  1
 186 238  1
 187 238  1
 188 238  1
 100 239  1
 102 239  1
 118 239  1
 119 239  1
 108 240  1
 213 240  1
  67 241  1
 154 241  1
 159 241  1
  77 242  1
 117 242  1
 118 242  1
 193 242  1
 209 242  1
  80 243  1
 101 243  1
 102 243  1
 141 243  1
 159 243  1
 151 244  1
 206 244  1
 110 245  1
 112 245  1
  88 246  1
 171 246  1
 172 246  1
  91 247  1
 109 247  1
 110 247  1
 200 247  1
 152 248  1
  99 249  1
 122 249  1
 124 249  1
 148 249  1
 134 251  1
 135 251  1
 109 252  1
 184 252  1
 175 253  1


count = 996