 138   1  1
 155   1  1
 160   1  1
 163   1  1
 178   2  1
 123   4  1
 184   4  1
 113   7  1
 131   8  1
 132   8  1
 101  11  1
 118  11  1
 126  11  1
  95  13  1
 129  13  1
 133  13  1
  92  14  1
 106  16  1
 116  16  1
 117  16  1
 135  16  1
  81  17  1
 108  18  1
 216  18  1
  74  20  1
 108  21  1
 109  21  1
 220  21  1
  62  23  1
  83  23  1
  60  24  1
  79  25  1
 101  25  1
  56  26  1
 107  26  1
 108  26  1
  75  27  1
  76  27  1
  52  28  1
  72  28  1
 144  28  1
  49  30  1
 153  30  1
 154  30  1
 212  30  1
 222  30  1
 214  31  1
 216  31  1
 146  32  2
 232  32  1
  47  33  1
  56  33  1
 142  33  1
  78  34  1
  79  34  1
 105  34  1
 106  34  1
 146  34  1
  75  35  1
  76  35  1
 148  35  1
 215  35  1
 112  36  1
 117  36  1
 208  36  1
 220  36  1
  49  38  1
  55  38  1
  89  38  1
 123  38  1
 219  39  1
 204  40  1
  93  41  1
  50  42  1
  51  42  1
 201  42  1
 132  43  1
 108  44  1
 121  44  1
 208  44  1
 245  44  1
 137  45  1
 195  45  1
 203  45  1
 108  46  1
 125  47  1
 139  47  1
 148  47  1
  53  48  1
 118  48  1
  39  49  1
  40  49  1
 104  49  1
 105  49  1
 104  51  1
 197  51  1
 201  51  1
  34  52  1
  35  52  1
  41  52  1
  42  52  1
 108  52  1
 109  52  1
 119  52  1
 120  52  1
 139  52  1
 204  52  1
 146  53  1
 136  55  1
 155  55  1
 102  56  1
 120  56  1
 149  56  1
 105  57  1
 107  57  1
 143  57  1
 144  57  1
 182  57  1
 183  57  1
  54  58  1
 123  58  1
 124  58  1
  32  59  1
 157  59  1
  41  60  1
  56  61  1
  97  61  1
 108  61  1
 178  61  1
  29  62  1
  30  62  1
  90  63  1
 103  63  1
 182  64  1
  50  65  1
  85  65  1
 173  65  1
 174  65  1
 187  65  1
 265  65  1
 200  66  1
 201  66  1
 151  67  1
  48  69  1
  49  69  1
 184  69  1
 182  70  1
 200  70  1
 207  70  1
  22  71  1
 150  71  1
 178  71  1
 186  71  1
  13  74  1
  19  76  1
 272  76  1
 273  76  1
 149  79  1
 185  79  1
  21  80  1
  22  80  1
 154  80  1
 190  80  1
 191  80  1
 147  81  1
 154  82  1
   8  83  1
 134  83  1
 182  83  1
 190  85  1
 191  85  1
 205  86  1
 170  87  1
 176  87  1
 181  87  1
   5  88  1
   6  88  1
  69  89  1
 132  89  1
 170  89  1
 171  89  1
  75  94  1
 123  95  1
 173  96  1
 177  96  1
 182  96  1
 183  96  1
 280  96  1
 281  96  1
   1  98  1
   2  98  1
 201 100  1
 205 100  1
 206 100  1
   1 101  1
  45 104  1
 207 105  1
 280 105  1
 281 105  1
  40 106  1
  41 106  1
 172 107  1
  85 108  1
 177 108  1
 202 108  1
   5 109  1
  78 109  1
  79 109  1
  52 110  1
  53 110  1
  92 110  1
 204 110  1
 205 110  1
 210 110  1
 261 110  1
 168 111  1
 112 112  1
 269 113  1
 270 113  1
 271 113  1
   6 114  1
 207 114  1
 262 114  1
 113 115  1
 114 115  1
 181 115  1
 213 115  1
 264 115  1
 162 116  1
 209 116  1
   1 117  1
  82 117  1
  83 117  1
  46 118  1
   1 119  1
  17 119  1
  83 119  1
 114 119  1
 212 119  1
 213 119  1
 225 119  1
 226 119  1
 230 119  1
 231 119  1
 269 119  1
  41 120  1
  69 120  1
 202 120  1
 223 121  1
  35 122  1
 118 122  1
 119 122  1
 213 122  1
   4 123  1
   5 123  1
  21 123  1
  73 123  1
  74 123  1
 107 123  1
 153 123  1
 277 123  1
  76 124  1
 193 124  1
 194 124  1
 195 124  1
 219 124  1
  10 125  1
  55 125  1
  56 125  1
 273 125  1
  18 126  1
  19 126  1
  20 126  1
  30 126  1
  42 126  1
 209 126  1
 210 126  1
  48 127  1
 202 127  1
 203 127  1
 204 127  1
 140 128  1
 153 128  1
 157 128  1
 196 128  1
  10 129  1
  12 129  1
  44 129  1
  45 129  1
  46 129  1
  63 129  1
 102 129  1
  58 130  1
  66 130  1
  71 130  1
  81 130  1
 193 130  1
  16 131  1
  23 131  1
  24 131  1
  47 131  1
 107 131  1
 140 131  1
   4 132  1
   5 132  1
  30 132  1
  33 132  1
  35 132  1
 124 132  1
 126 132  1
 157 132  1
 166 132  1
 167 132  1
  12 133  1
 122 133  1
 147 133  1
  80 134  1
   8 135  1
  52 135  1
  84 135  1
 209 135  1
 114 136  1
 115 136  1
 119 136  1
 120 136  1
 192 136  1
 201 136  1
 272 136  1
  81 138  1
  82 138  1
 152 139  1
 156 139  1
 275 139  1
  78 140  1
 206 140  1
 116 141  1
   8 142  1
 191 143  1
  79 144  1
 176 145  1
 181 145  1
   8 146  1
   9 146  1
  74 146  1
 109 146  1
 280 146  1
 168 149  1
 174 149  1
  84 151  1
 176 152  1
   9 153  1
 169 154  1
 175 155  1
 176 155  1
 282 155  1
 283 155  1
  69 157  1
  70 157  1
   4 159  1
   5 159  1
  71 160  1
  72 160  1
  23 162  1
  27 163  1
 281 164  1
 282 164  1
  19 165  1
 184 165  1
 187 165  1
 188 165  1
   7 168  1
   8 168  1
  13 168  1
  24 168  1
 180 169  1
  19 172  1
 186 172  1
 193 173  1
 277 174  1
  11 175  1
 194 175  1
  17 176  1
 166 177  1
 174 177  1
 175 177  1
 186 177  1
 191 178  1
 192 178  1
 201 179  1
 274 179  1
 157 180  1
 204 180  1
 208 180  1
 214 180  1
 215 180  1
 174 182  1
  16 183  1
 191 183  1
 194 183  1
 214 184  2
 215 184  1
 198 185  1
 208 185  1
  19 187  1
 207 187  1
 194 189  1
 195 189  1
  58 192  1
 194 193  1
 149 194  1
  98 195  1
 177 195  1
 264 195  1
  24 197  1
  25 197  1
 105 197  1
 151 197  1
  50 198  1
  51 198  1
 145 198  1
  55 199  1
  56 199  1
  26 200  1
  27 200  1
 102 201  1
 103 201  1
 150 202  1
 142 203  1
  31 206  1
 124 206  1
  51 207  1
 129 207  1
 130 207  1
  39 208  1
 123 208  1
 139 208  1
 252 208  1
 102 209  1
 103 209  1
  49 210  1
 124 211  1
 125 211  1
 248 211  1
  84 213  1
  88 214  1
  46 216  1
  47 216  1
  64 216  1
 137 217  1
 108 218  1
 109 218  1
  50 219  1
  51 219  1
  86 219  1
 101 219  1
 102 219  1
  62 220  1
 127 221  1
  53 222  1
  82 222  1
  69 224  1
  78 225  1
  99 225  1
 100 225  1
 128 225  1
 231 225  1
 104 226  1
 105 226  1
  84 227  1
 135 228  1
 136 228  1
  70 230  1
  71 230  1
  58 231  1
  59 231  1
 134 232  1
 135 232  1
 150 233  1
 104 234  1
 105 234  1
 220 234  1
  65 235  1
  72 236  1
  82 236  1
  83 236  1
 214 237  1
 126 239  1
  79 240  1
 144 241  1
 145 241  1
 207 241  1
 103 243  1
 205 243  1
  94 245  1
 163 245  1
 164 245  1
 112 246  1
  99 247  1
 164 247  1
 165 247  1
 195 247  1
 188 249  1
 109 250  1
 163 250  1
 185 250  1
 139 251  1
 114 252  1
 145 252  1
 179 252  1
 174 254  1
 125 255  1
 160 257  1


count = 512