 161   1  1
 170   1  1
 177   1  1
 148   2  1
 179   2  1
 181   2  1
 129   4  1
 186   4  1
 191   6  1
 196   9  1
 172  12  1
 199  12  1
 105  13  1
 107  13  1
 116  13  1
 204  13  1
 102  14  1
 210  16  1
 115  17  1
 116  17  1
 173  18  1
 212  18  1
  84  19  1
 106  19  1
 217  21  1
  77  22  1
 106  22  1
 107  22  1
  94  23  1
  95  23  1
 112  24  1
  84  26  1
  54  28  1
  74  29  1
 194  30  1
 115  31  1
 219  31  1
 198  32  1
 199  32  1
 216  32  1
 188  33  1
  44  34  1
  62  34  1
  68  34  1
 210  36  1
 212  36  1
 102  37  1
 111  37  1
 112  37  1
  95  38  1
  33  39  1
 182  39  1
 215  39  1
  44  40  1
 199  40  1
 200  40  1
 242  40  1
 151  41  1
 109  43  1
 141  43  1
 144  43  1
 161  43  1
 176  43  1
 177  43  1
 185  43  1
 208  43  1
 209  43  1
 200  44  1
  94  45  1
  95  45  1
 167  45  1
 114  46  1
 133  46  1
 134  46  1
 140  46  1
 153  46  1
 154  46  1
 235  46  1
 131  47  1
 169  48  1
 232  48  1
 125  49  1
 129  49  1
 207  49  1
 211  49  1
 212  49  1
 118  50  1
 119  50  1
 120  50  1
 151  50  1
 155  50  1
 193  50  1
  45  51  2
 139  51  1
 161  51  1
 162  51  1
 199  51  1
 206  51  1
 231  51  1
 104  52  1
 131  52  1
 166  52  1
 109  53  1
 147  53  1
 168  54  1
 170  54  1
 221  54  1
  18  55  1
  47  55  1
 129  55  1
 147  55  1
 157  55  1
 213  55  1
 104  56  1
  91  57  1
 140  57  1
 148  57  1
 109  58  1
 216  58  1
 220  58  1
  14  60  1
 119  60  1
 132  60  1
 142  60  1
 162  60  1
 229  60  1
 232  60  1
 129  61  1
 226  61  1
 107  63  1
 112  63  1
 139  63  1
 141  63  1
 234  63  1
 237  64  1
 262  64  1
  11  65  1
 122  66  1
 142  66  1
 161  66  1
 203  66  1
 232  66  1
 129  67  1
 130  67  1
 265  68  1
 115  69  1
 146  69  1
 148  69  1
  14  70  1
  19  70  1
 113  70  1
 241  71  1
 128  72  1
 129  72  1
 143  72  1
  14  74  1
  27  74  1
  29  74  1
 182  74  1
 186  74  1
 214  74  1
 221  74  1
 223  74  1
 242  75  1
 112  76  1
 130  76  1
 209  76  1
 244  77  1
 251  77  1
 181  79  1
 146  80  1
 206  80  1
 208  80  1
 177  81  1
 138  82  1
 187  82  1
 193  82  1
 202  82  1
 161  83  1
 213  83  1
 237  83  1
 233  84  1
   9  85  1
 138  85  1
 240  86  1
 135  87  1
 195  87  1
 196  87  1
 116  88  1
 158  88  1
 185  88  1
 237  88  1
 243  88  1
 222  89  1
 245  89  1
 157  90  1
   1  91  1
   2  91  1
  13  91  1
  14  91  1
  25  91  1
  99  91  1
 103  91  1
 189  91  1
 193  92  1
 194  92  1
  22  93  1
  24  93  1
 128  93  1
 276  93  1
 277  93  1
   7  94  1
  20  94  1
 108  94  1
 145  94  1
 151  94  1
 185  94  1
 240  94  1
  12  96  1
 144  96  1
 245  96  1
  15  98  1
  41  98  1
 120  98  1
 184  98  1
   1  99  1
   6 100  1
  14 100  1
  51 100  1
 135 100  1
  24 101  1
 111 103  1
 175 104  1
 176 104  1
   5 105  1
  11 105  1
 135 105  1
 117 106  1
  55 107  1
  14 108  1
 124 108  1
 125 108  1
   8 109  1
  61 110  1
  67 110  1
  80 110  1
  81 110  1
 181 110  1
  64 111  1
 176 113  1
  80 114  1
  89 115  1
  92 115  1
   9 116  1
  94 116  1
   1 117  1
 126 117  1
 199 118  1
 201 118  1
 207 118  1
 270 118  1
 271 118  1
 272 118  1
 118 119  1
 126 119  1
  85 120  1
  86 120  1
 120 120  1
 246 120  1
   7 121  1
 267 121  1
  30 122  1
  87 123  1
 157 123  1
 162 123  1
 261 123  1
  14 124  1
  26 124  1
 172 124  1
 173 124  1
 197 124  1
  61 125  1
 120 125  1
  15 126  1
 196 126  1
 197 126  1
 233 126  1
  28 127  1
  33 127  1
  92 127  1
 200 127  1
 201 127  1
 267 127  1
  10 128  1
  21 128  1
  56 128  1
  57 128  1
 145 128  1
 147 128  1
 218 128  1
 220 128  1
 155 129  1
 156 129  1
 247 129  1
 254 129  1
 206 130  1
 261 130  1
  19 131  1
  48 131  1
  80 131  1
 155 131  1
 167 131  1
 168 131  1
 173 131  1
 174 131  1
 240 131  1
  59 132  1
 227 132  1
  74 133  1
  76 133  1
  95 133  1
 120 133  1
 221 133  1
  37 134  1
  93 134  1
 157 134  1
  27 135  1
  56 135  1
 197 135  1
 279 135  1
  18 136  1
  33 136  1
 165 136  1
   5 137  1
   6 137  1
  12 137  1
  24 137  1
 123 137  1
 127 137  1
 272 137  1
 156 138  1
 157 138  1
 174 138  1
 175 138  1
 256 138  1
 267 138  1
 281 138  1
 168 139  1
  20 140  1
  93 140  1
 129 140  1
 130 140  1
  10 141  1
  92 142  1
 201 142  1
  30 143  1
  89 143  1
  90 143  1
 161 143  1
 162 143  1
 167 143  1
 129 145  1
  12 146  1
  84 147  1
  98 147  1
  79 148  1
  81 148  1
 106 148  1
 251 148  1
 253 148  1
  15 149  1
  16 149  1
  79 150  1
  95 150  1
 166 150  1
 168 150  1
 173 150  1
 105 151  1
 248 151  1
 101 153  1
 175 153  1
 205 153  1
 206 153  1
 248 153  1
 267 153  1
 268 153  1
 269 153  1
  78 154  1
 146 154  1
 147 154  1
 178 154  1
 212 154  1
 213 154  1
 256 154  1
 243 155  1
  10 156  1
  11 156  1
  95 156  1
 271 156  1
 241 157  1
 242 157  1
  13 158  1
  75 158  1
 173 158  1
 190 158  1
  79 159  1
 153 159  1
 154 159  1
 180 159  1
 181 159  1
  27 160  1
  28 160  1
  88 160  1
 170 160  1
 258 160  1
 259 160  1
 267 160  1
 154 161  1
 280 161  1
 281 161  1
   7 162  1
   8 162  1
  80 162  1
 162 162  1
 163 162  1
 181 162  1
 168 163  1
 185 163  1
 186 163  1
 214 163  1
  36 164  1
 169 165  1
  39 166  1
 140 166  1
 141 166  1
 181 166  1
 249 166  1
  15 167  1
 160 167  1
 172 167  1
 173 167  1
 231 168  1
 245 168  1
 216 169  1
  17 170  1
 229 170  1
 268 171  1
  26 173  1
 275 174  1
  45 175  1
 184 177  1
 185 177  1
  21 178  1
  43 178  1
 236 178  1
 242 178  1
 273 178  1
 274 178  1
 230 179  1
 265 179  1
 226 180  1
  17 182  1
 227 184  1
 229 184  1
  19 186  1
 231 189  1
 171 190  1
 166 191  1
 235 192  1
 269 192  1
 270 192  1
 173 193  1
 174 193  1
 174 195  1
 130 196  1
 183 196  1
 174 197  1
 138 198  1
 153 198  1
 140 200  1
 146 200  1
 178 200  1
 159 201  1
 165 201  1
 169 201  1
 140 202  1
 153 202  1
 147 203  1
 148 203  1
 185 204  1
 186 204  1
 264 204  1
 148 205  1
 156 205  1
  63 206  1
 127 206  1
 144 207  1
 160 207  1
 161 207  1
 262 207  1
 152 208  1
 216 208  1
  44 210  1
  55 210  1
 107 210  1
 108 210  1
 190 210  1
 193 210  1
  58 211  1
 186 211  1
 259 211  1
 205 212  1
  58 213  1
 203 213  1
 209 213  1
 194 214  1
 200 214  1
 221 215  1
 159 216  1
 224 217  1
 204 218  1
  70 219  1
  74 219  1
 158 221  1
 162 221  1
 192 221  1
 193 221  1
 205 221  1
 221 221  1
 222 221  1
  69 222  1
 130 222  1
 134 222  1
 135 222  1
 160 222  1
 199 222  1
 200 222  1
 209 222  1
 222 223  1
  67 224  1
 102 225  1
 193 225  1
 200 225  1
 177 226  1
 178 226  1
 173 227  1
 205 227  1
 136 228  1
 148 228  1
 149 228  1
 178 228  1
 188 228  1
 189 228  1
 217 228  1
  72 229  1
  78 229  1
 153 229  1
  64 230  1
 178 230  1
 179 230  1
 242 230  1
 111 231  1
 112 231  1
 113 231  1
 152 231  1
 153 231  1
 184 231  1
 131 232  1
 132 232  1
 190 232  1
 173 233  1
 174 233  1
 217 234  1
  80 236  1
 144 237  1
 179 237  1
 233 237  1
 130 238  1
 173 238  1
  75 239  1
 108 239  1
 130 240  1
 142 240  1
 176 240  1
  91 241  1
 161 241  1
 162 241  1
 226 242  1
 109 244  1
 112 245  1
 115 246  1
 217 247  1
 158 249  1
 212 249  1
 162 250  1
 156 251  1
 157 251  1
 149 253  1
 156 255  1
 201 255  1
 192 256  1


count = 601