 170   1  1
 186   1  1
 189   1  1
 192   2  1
 136   3  1
 195   3  1
 133   4  1
 126   7  1
 123   9  1
 121  11  1
 114  16  1
 221  20  1
 106  22  1
 224  22  1
 230  26  1
 109  29  1
 238  31  1
 243  34  1
  98  35  1
 110  35  1
  59  36  1
  89  36  1
  52  39  1
  53  39  1
  94  39  1
  98  40  1
 104  41  1
 105  41  1
 128  41  1
 110  42  1
  48  44  1
  76  44  1
  77  44  1
 113  45  1
  58  46  1
  74  46  1
 120  46  1
 134  46  1
 102  47  1
 132  47  1
 141  47  1
 190  48  1
 191  48  1
  34  50  1
  56  50  1
 118  51  1
 259  51  1
 260  51  1
  48  52  1
  65  53  1
 114  53  1
  95  54  1
 111  54  1
  46  55  1
  47  55  1
 146  55  1
 147  55  1
  41  56  1
 164  56  1
 165  56  1
  66  57  1
 124  57  1
 146  57  1
 130  58  1
 182  58  1
  70  59  1
  94  59  1
 134  59  1
 146  59  1
  96  60  1
 108  60  1
 155  60  1
  70  61  1
  92  61  1
 124  61  1
 168  61  1
 266  61  1
 267  61  1
 126  62  1
 127  62  1
 128  62  1
  74  63  1
  75  63  1
 160  63  1
 173  63  1
 165  64  1
  26  65  1
 148  65  1
  72  66  1
 175  67  1
 176  67  1
  17  68  1
  82  69  1
 181  69  1
  22  70  1
  26  70  1
  71  70  1
 273  70  1
 176  71  1
  64  72  1
  68  75  1
  18  78  1
  68  78  1
  71  80  1
  18  81  1
  47  81  1
  42  82  1
  49  82  1
 126  82  1
 127  82  1
 132  83  1
 140  83  1
  14  85  1
  39  85  1
  40  85  1
  16  86  1
 120  86  1
 172  86  1
 146  87  1
  64  88  1
  65  88  1
  75  88  1
 153  88  1
 155  88  1
 161  88  1
 167  88  1
  20  89  1
 146  89  1
 171  89  1
 172  89  1
  27  90  1
  28  90  1
  36  90  1
 177  90  1
 106  91  1
 107  91  1
 167  91  1
 185  91  1
  59  92  1
  60  92  1
  73  92  1
  29  93  1
  69  93  1
  34  94  1
  83  95  1
 131  95  1
 171  95  1
 206  95  1
 112  96  1
 212  96  1
 177  97  1
 145  98  1
 146  98  1
  26  99  1
  85  99  1
  67 100  1
 169 100  1
 171 100  1
 173 100  1
 214 100  1
 151 102  1
 158 102  1
  64 103  1
  65 103  1
  86 103  1
 271 103  1
  68 104  1
  70 104  1
  71 104  1
  80 104  1
  81 104  1
 101 104  1
 108 104  1
 134 104  1
 175 104  1
 176 104  1
 187 104  1
  57 105  1
 212 105  1
 218 105  1
  38 106  1
  85 106  1
 110 106  1
 131 106  1
 270 106  1
 279 106  1
   3 107  1
   4 107  1
 226 107  1
 268 109  1
  23 110  1
  72 110  1
  73 110  1
  34 112  1
 264 112  1
 230 114  1
 246 114  1
 257 114  1
  28 115  1
 172 115  1
 220 115  1
  91 116  1
 224 116  1
 239 116  1
 240 116  1
 183 117  1
 270 117  1
 237 118  1
 265 118  1
 276 118  1
 277 118  1
  81 119  1
  11 120  1
  94 120  1
  95 120  1
 195 120  1
  98 121  1
 259 121  1
 277 121  1
 278 121  1
 117 122  1
 119 122  1
 227 122  1
 248 122  1
 249 122  1
  12 123  1
 233 123  1
 257 123  1
  18 124  1
  81 124  1
 124 124  1
 244 124  1
 246 124  1
 233 125  1
   7 126  1
  39 126  1
  40 126  1
 117 126  1
 193 126  1
   9 127  1
  25 127  1
 118 128  1
 126 128  1
 194 128  1
 199 128  1
  88 129  1
 153 129  1
 237 129  1
 163 130  1
 194 130  1
  15 131  1
  21 132  1
  22 132  1
 197 132  1
 229 132  1
 221 133  1
 235 133  1
 163 134  1
  15 135  1
  39 135  1
  40 135  1
 137 135  1
 122 136  1
 124 136  1
 126 136  1
 223 136  1
 224 136  1
 226 136  1
 102 137  1
  90 138  1
 120 138  1
 181 138  1
 195 138  1
  35 139  1
 185 139  1
 186 139  1
 127 140  1
 204 140  1
 179 141  1
 183 141  1
 124 142  1
  37 143  1
  83 143  1
  85 143  1
 175 143  1
  11 144  1
 100 145  1
 109 145  1
  11 146  1
  15 146  1
  96 147  1
  97 147  1
 188 147  1
 194 147  1
  10 149  1
  21 149  1
  22 149  1
  33 149  1
 171 149  1
 188 149  1
  38 150  1
  20 151  1
 182 151  1
  15 152  1
  92 152  1
   1 154  1
  72 156  1
 178 156  1
   5 157  1
 107 157  1
 108 157  1
 113 157  1
 169 157  1
 170 157  1
 117 158  1
  88 159  1
  89 159  1
  68 160  1
 122 162  1
 279 162  1
 280 162  1
   1 163  1
 171 165  1
 127 166  1
 278 166  1
  68 167  1
  86 167  1
 109 167  1
 121 167  1
 130 167  1
 132 167  1
   8 168  1
 233 168  1
 275 168  1
 224 169  1
 225 169  1
 139 170  1
 187 172  1
  71 173  1
 184 173  1
 179 174  1
 180 174  1
 189 174  1
 213 174  1
 233 174  1
 234 174  1
  63 175  1
  77 176  1
 184 176  1
 213 176  1
  25 177  1
  26 177  1
  11 178  1
 184 178  1
 185 178  1
 231 178  1
 232 178  1
  73 179  1
 175 179  1
  16 182  1
 192 182  1
 193 182  1
   7 184  1
   8 184  1
  14 184  1
  26 184  1
  27 184  1
  28 184  1
  69 184  1
 202 185  1
 176 186  1
 229 186  1
 230 186  1
  79 188  1
 180 189  1
 187 189  1
 188 189  1
  30 190  1
  79 190  1
  32 191  1
  66 191  1
  67 191  1
 188 191  1
 189 191  1
 200 191  1
 201 191  1
  83 192  1
  18 193  1
  50 193  1
 173 193  1
 188 193  1
 203 193  1
 204 193  1
  48 194  1
  69 194  1
 197 194  1
  63 195  1
  76 195  1
 185 196  1
 186 196  1
  54 197  1
 173 197  1
 251 197  1
  21 198  1
  48 198  1
  78 198  1
 154 198  1
  37 199  1
 160 199  1
 202 199  1
 206 199  1
  42 200  1
 175 200  1
  22 201  1
  78 201  1
  79 201  1
 160 201  1
 180 201  1
 196 201  1
 201 201  1
  79 203  1
 246 203  1
  42 204  1
  48 204  1
  49 204  1
  56 204  1
 192 204  1
  40 205  1
 190 205  1
  20 207  1
 153 207  1
 149 208  1
  49 209  1
  50 209  1
 171 209  1
  40 210  1
  44 211  1
  48 212  1
  83 213  1
  84 213  1
 109 213  1
 118 213  1
 128 213  1
 133 213  1
 146 214  1
 141 215  1
 142 215  1
 114 216  1
 120 217  1
 125 217  1
 177 217  1
 232 217  1
  58 218  1
  59 218  1
  60 218  1
  55 219  1
 102 219  1
  34 220  1
  48 220  1
 109 220  1
 146 220  1
 105 221  1
 173 221  1
 174 221  1
  37 222  1
  38 222  1
 144 222  1
 228 222  1
  95 223  1
 140 224  1
  45 225  1
 174 225  1
  47 226  1
  83 226  1
  84 226  1
 178 226  1
  51 228  1
 136 228  1
 222 228  1
 103 229  1
 104 229  1
 129 229  1
  79 230  1
  80 230  1
 114 230  1
  84 232  1
  85 232  1
 170 234  1
 172 234  1
  60 235  1
  90 235  1
  80 237  1
 100 237  1
 208 237  1
  95 238  1
 174 238  1
 175 238  1
  85 239  1
  89 240  1
 133 241  1
 130 243  1
 173 243  1
 174 243  1
 200 243  1
  82 244  1
  83 244  1
  90 245  1
  98 245  1
 172 246  1
 173 246  1
 195 247  1
 118 250  1
 172 250  1
 173 250  1
 191 250  1
 124 252  1
 186 253  1
 129 254  1
 138 256  1
 143 257  1


count = 520