 162   1  1
 178   1  1
 185   1  1
 188   2  1
 147   3  1
 191   3  1
 194   4  1
 200   6  1
 203   8  1
 125  10  1
 126  10  1
 207  11  1
 120  13  1
 115  17  1
 216  17  1
 219  19  1
 110  20  1
 182  21  1
 221  21  1
 182  23  1
 226  24  1
 117  26  1
 184  26  1
 229  26  1
 230  26  1
 113  27  1
  90  29  1
  92  29  1
 113  29  1
 235  29  1
 109  30  1
 181  31  1
 182  31  1
 240  32  1
  66  33  1
  95  33  1
 243  34  1
 244  34  1
  60  35  1
 109  35  1
 110  35  1
 247  36  1
  95  39  1
  96  39  1
  50  40  1
  91  42  1
 182  42  1
 183  42  1
  43  45  1
 132  45  1
 114  46  1
 183  46  1
 259  46  1
 112  47  1
 117  47  1
 181  47  1
  37  49  1
  80  49  1
 132  49  1
 123  50  1
  34  51  1
 158  51  1
  74  53  1
  75  53  1
 179  53  1
 172  54  1
 112  55  1
 266  55  1
 144  56  1
 161  56  1
 147  58  1
 155  59  1
 156  59  1
 157  59  1
 112  60  1
 113  60  1
 127  62  1
 185  62  1
  22  63  1
 152  63  1
 189  63  1
 182  64  1
  29  65  1
  34  65  1
 114  65  1
 170  65  1
 171  65  1
 180  65  1
 189  65  1
 154  66  1
  19  67  1
  25  67  1
  26  67  1
 275  67  1
  33  68  1
  34  68  1
  59  68  1
 110  68  1
  39  69  1
 158  69  1
 164  69  1
 220  69  1
  27  70  1
  55  71  1
  16  72  1
  34  72  1
  49  72  1
  50  72  1
 164  72  1
 189  72  1
  32  74  1
 179  74  1
 153  75  1
 154  75  1
  13  76  1
 162  76  1
 204  76  1
  67  77  1
  68  77  1
  70  79  1
  99  80  1
 195  80  1
  97  81  1
 155  81  1
 172  82  1
 176  82  1
  92  83  1
 148  83  1
 150  83  1
  71  84  1
  84  84  1
 102  84  1
 144  86  1
 190  86  1
 191  86  1
 241  86  1
  99  88  1
 236  89  1
  97  90  1
 171  90  1
 282  90  1
 283  90  1
 179  91  1
 183  91  1
 246  92  1
  80  93  1
 166  93  1
  83  95  1
  84  95  1
  98  95  1
 118  95  1
 100  97  1
 112  97  1
 117  97  1
 251  99  1
 252  99  1
  88 100  1
  93 100  1
  69 102  1
  86 103  1
  87 103  1
  98 103  1
  36 105  1
  41 105  1
 129 105  1
 221 105  1
 222 105  1
 248 105  1
  45 106  1
 100 106  1
 125 106  1
 177 107  1
 181 107  1
 197 107  1
 202 107  1
 107 108  1
  48 109  1
 204 109  1
 123 110  1
  88 111  1
  71 112  1
  72 112  1
 110 112  1
 190 112  1
 273 112  1
 108 113  1
 112 113  1
 113 113  1
 196 113  1
 198 113  1
 220 113  1
 184 114  1
 200 114  1
 202 114  1
 226 114  1
 227 114  1
 234 114  1
 235 114  1
 263 114  1
 279 114  1
 280 114  1
 119 115  1
 120 115  1
 238 115  1
  47 116  1
  72 116  1
  73 116  1
 188 116  1
  55 117  1
 173 117  1
 238 117  1
 258 117  1
 189 118  1
 194 118  1
 195 118  1
 177 119  1
 179 119  1
 184 119  1
 204 119  1
 217 119  1
 221 119  1
 222 119  1
 223 119  1
 274 119  1
  47 120  1
  74 120  1
  75 120  1
 170 120  1
 210 120  1
 230 120  1
 266 120  1
 267 120  1
 117 121  1
 183 121  1
 245 121  1
  50 122  1
  54 122  1
 175 122  1
 239 122  1
 166 123  1
 196 123  1
 233 123  1
   5 124  1
 188 124  1
  56 125  1
 274 125  1
 280 125  1
 281 125  1
 210 126  1
 229 126  1
 231 126  1
 256 126  1
 186 127  1
   8 128  1
  77 128  1
 181 128  1
 223 128  1
  36 129  1
  45 129  1
 156 129  1
 207 129  1
 219 129  1
 220 129  1
  82 130  1
 115 130  1
 165 130  1
 179 130  1
  48 131  1
  86 131  1
 109 131  1
 127 131  1
 177 131  1
 199 131  1
  60 132  1
 148 132  1
 150 132  1
 204 132  1
 205 132  1
 210 132  1
  28 133  1
  30 133  1
 214 133  1
 216 133  1
 254 133  2
 255 133  1
 256 133  1
 131 134  1
 165 134  1
 166 134  1
 222 134  1
   9 135  1
  10 135  1
  34 135  1
  36 135  1
 170 135  1
  44 136  1
  48 136  1
 147 137  1
 162 137  1
  20 138  1
  24 138  1
  25 138  1
  30 138  1
 127 138  1
 206 138  1
  18 139  1
 196 139  1
 201 139  1
 214 139  1
  63 140  1
  72 140  1
 159 140  1
 167 141  1
 214 141  1
 220 141  1
 221 141  1
  11 142  1
  61 142  1
 122 142  1
 164 142  1
  56 143  1
   3 144  1
 160 144  1
 119 146  1
 201 147  1
 209 147  1
   1 148  1
   7 148  1
  75 148  1
 211 149  1
  53 150  1
 221 150  1
 172 151  1
  33 152  1
 241 152  1
  72 153  1
  73 153  1
 100 153  1
 236 153  1
 237 153  1
 281 153  1
 282 153  1
  41 154  1
  42 154  1
 114 154  1
 115 154  1
 218 154  1
  50 155  1
  51 155  1
  97 156  1
 186 156  1
  35 157  1
 173 157  1
 177 158  1
 279 158  1
 280 158  1
  42 159  1
  89 159  1
 236 159  1
 241 159  1
 248 159  1
 249 159  1
   1 160  1
 231 160  1
  35 161  1
  36 161  1
 189 163  1
 190 163  1
 248 163  1
 249 163  1
  69 164  1
  90 164  1
 214 164  1
 217 164  1
 231 164  1
 109 165  1
 113 165  1
  70 166  1
  82 166  1
  83 166  1
  84 166  1
 276 166  1
 194 167  1
 180 168  1
 107 169  1
 244 169  1
  60 170  1
 185 170  1
 273 170  1
  90 171  1
 102 171  1
 176 171  1
 199 171  1
 244 171  1
   5 172  1
   6 172  1
  84 172  1
  97 172  1
 182 172  1
 183 172  1
 203 172  1
  29 173  1
  30 173  1
 244 173  1
 255 173  1
  50 174  1
  51 174  1
  52 174  1
  71 174  1
 190 174  1
 191 174  1
  65 175  1
  81 175  1
 183 175  1
 204 175  1
  33 176  1
  52 176  1
  53 176  1
 240 176  1
 241 176  1
 211 177  1
 258 177  1
  77 178  1
  90 178  1
  94 178  1
  39 179  1
  80 179  1
 115 179  1
 214 179  1
  44 180  1
  51 180  1
 196 181  1
   9 182  1
  10 182  1
 174 182  1
 175 182  1
 190 182  1
  33 183  1
  34 183  1
 198 183  1
 215 184  1
 186 185  1
 225 185  1
  38 186  1
  49 186  1
 110 186  1
 188 186  1
 100 187  1
 195 187  1
 197 187  1
  95 188  1
 170 188  1
 241 188  1
 210 189  1
 231 189  1
 258 189  1
 131 190  1
 171 190  1
 117 191  1
  44 192  1
  45 192  1
 256 193  1
  23 194  1
  29 194  1
 131 194  1
 217 194  1
  16 196  1
 119 196  1
 111 199  1
 155 199  1
  26 200  1
  20 201  1
 152 201  1
 180 201  1
 182 201  1
 207 201  1
  31 204  1
 134 204  1
  23 205  1
 129 205  1
 148 205  1
 209 207  1
 213 207  1
 154 208  1
 115 209  1
 116 209  1
 190 209  1
 153 210  1
 205 210  1
 111 211  1
 120 211  1
 191 211  1
  53 213  1
 145 213  1
 121 214  1
 129 214  1
 130 214  1
 196 214  1
  95 215  1
 113 215  1
 137 215  1
  43 216  1
 141 216  1
 234 216  1
 118 217  1
 189 217  1
 195 217  1
  98 218  1
 145 219  1
 185 219  1
 186 219  1
 216 219  1
 217 219  1
  48 220  1
  49 220  1
  93 220  1
 132 221  1
 141 221  1
 181 222  1
 229 222  1
  42 223  1
 129 224  1
 140 224  1
 141 224  1
 226 224  1
  46 226  1
  92 226  1
  93 226  1
 134 226  1
 185 226  1
 167 227  1
 183 227  1
  52 230  1
  96 230  1
  97 230  1
 163 231  1
 131 232  1
 167 236  1
 133 237  1
 134 237  1
 209 237  1
  87 238  1
  88 238  1
  92 238  1
 165 239  1
  91 241  1
  92 241  1
 148 241  1
  74 243  1
  86 243  1
  91 244  1
 200 244  1
  77 245  1
  78 245  1
  81 246  1
 136 246  1
 137 246  1
 142 246  1
 150 246  1
 151 246  1
  85 247  1
 181 247  1
 194 248  1
  92 249  1
 104 250  1
 160 250  1
 161 250  1
 191 250  1
 111 251  1
 139 251  1
 174 251  1
 118 253  1
 184 253  1


count = 573