 156   1  1
 180   1  1
 191   2  1
 141   3  1
 197   3  1
 134   5  1
 154   7  1
 172   7  1
 157   8  1
 158   8  1
 159   8  1
 166   8  1
 183   8  1
 148   9  1
 178   9  1
 187   9  1
 209   9  1
 117  11  1
 187  11  1
 188  11  1
 212  11  1
 213  11  1
 160  12  1
 161  12  1
 112  13  1
 141  13  1
 217  13  1
 174  15  1
 175  15  1
 219  15  1
 206  16  1
 208  16  1
 161  17  1
 202  17  1
 224  18  1
  98  19  1
 211  19  1
 216  19  1
 147  20  1
 148  20  1
 227  20  1
 113  22  1
 170  22  1
 171  22  1
 204  22  1
  79  23  1
 188  23  1
 232  23  1
  76  24  1
 181  24  1
 204  24  1
  74  25  1
 115  25  1
 130  25  1
 133  25  1
 208  25  1
 143  26  1
 203  26  1
  70  27  1
  86  27  1
  78  30  1
 149  31  1
 178  31  1
  81  32  1
  88  32  1
 118  32  1
 156  32  1
 159  32  1
 206  32  1
 211  32  1
 212  32  1
 214  32  1
  61  33  1
 208  34  1
  73  35  1
 142  35  1
 146  35  1
  79  36  1
  56  37  1
 120  37  1
 201  38  1
  70  39  1
 137  39  1
 159  39  1
 195  39  1
 102  40  1
 103  40  1
 185  40  1
  65  41  1
  66  41  1
 202  41  1
 252  41  1
  77  42  1
  78  42  1
  91  42  1
  85  43  1
  87  43  1
 158  43  1
 182  43  1
 202  43  1
 205  43  1
  92  44  1
 156  44  1
  64  45  1
  65  45  1
 100  45  1
 233  45  1
  59  46  1
  82  46  1
  80  47  1
 110  47  1
 205  47  1
 213  47  1
 214  47  1
  75  48  1
  76  48  1
 156  49  1
 171  49  1
  97  50  1
 110  50  1
 201  50  1
 202  50  1
  76  51  1
  77  51  1
  92  51  1
 163  51  1
 212  52  1
  37  53  1
  38  53  1
  70  53  1
 203  53  1
  68  54  1
 164  54  1
 167  54  1
 169  54  1
 262  54  1
  34  55  1
  48  55  1
 223  55  1
 227  55  1
  75  56  1
 232  56  1
 264  57  1
 251  58  1
 252  58  1
  47  59  1
 229  59  1
 244  59  1
  68  60  1
  73  60  1
  74  60  1
  66  61  1
 233  61  1
  78  62  1
 109  62  1
 113  64  1
 114  64  1
 267  64  1
 268  64  1
 233  65  1
  34  66  1
  35  66  1
  82  66  1
  99  66  1
 100  66  1
 235  66  1
 236  66  1
  48  67  1
  89  67  1
 268  67  1
 269  67  1
  97  68  1
 236  68  1
  37  69  1
 113  70  1
 231  70  1
 269  70  1
 270  70  1
 108  71  1
 110  72  1
  25  73  1
  26  73  1
 218  73  1
 242  73  1
 270  73  1
 271  73  1
  29  74  1
  38  75  1
 214  75  1
  13  77  1
  45  77  1
 190  77  1
 226  77  1
 109  78  1
 184  78  1
 245  78  1
 272  78  1
 273  78  1
  29  79  1
  30  79  1
 127  79  1
 129  79  1
 210  79  1
  11  80  1
  25  80  1
 123  80  1
 124  80  1
 203  80  1
 206  80  1
 233  80  1
  21  81  1
  22  81  1
  68  81  1
 111  81  1
 171  81  1
 231  81  1
  10  82  1
  44  82  1
 191  82  1
 192  82  1
 227  82  1
 235  82  1
 236  82  1
 265  82  1
  49  83  1
  68  83  1
 129  83  1
 130  83  1
 120  84  1
 266  84  1
 275  84  1
  35  85  1
  37  86  1
  65  86  1
 210  86  1
  17  87  1
 187  87  1
 188  87  1
 215  87  1
 237  87  1
  50  88  1
 130  88  1
  44  89  1
 204  89  1
 208  89  1
  40  90  1
 151  90  1
 261  90  1
  20  92  1
  26  92  1
 183  92  1
 184  92  1
 218  92  1
 280  92  1
 281  92  1
 126  93  1
 128  93  1
 214  93  1
 231  93  1
 235  93  1
 131  94  1
 132  94  1
 263  94  1
 273  94  1
  10  96  1
  27  96  1
 111  96  1
 103  97  1
 179  97  1
 196  97  1
 197  97  1
 231  97  1
 175  98  1
 209  98  1
 210  98  1
 224  98  1
 261  98  1
 267  98  1
 231  99  1
 272  99  1
  19 100  1
  41 100  1
 166 100  1
 167 100  1
  37 101  1
 151 101  1
 172 101  1
  13 102  1
  19 102  1
  79 102  1
  83 102  1
 165 102  1
 198 102  1
 242 102  1
  35 103  1
  65 103  1
  69 103  1
 156 103  1
 161 103  1
 169 103  1
 170 103  1
  85 104  1
 111 104  1
 227 104  1
 232 104  1
 274 104  1
  77 105  1
 146 105  1
 147 105  1
   6 106  1
  13 106  1
  14 106  1
  71 106  1
 105 106  1
 205 106  1
 274 106  1
 114 107  1
 159 107  1
 166 107  1
 190 107  1
 270 107  1
   1 108  1
  59 108  1
 129 108  1
 230 108  1
 263 108  1
 276 108  1
 187 109  1
 208 109  1
 212 109  1
 220 109  1
  35 110  1
 153 110  1
 233 110  1
   7 111  1
 139 111  1
 187 111  1
 223 111  1
 240 111  1
 244 111  1
 255 111  1
   5 112  1
  58 112  1
 144 112  1
 204 112  1
 227 112  1
 263 112  1
 265 112  1
  11 113  1
  54 113  1
 134 113  1
 249 113  1
 103 114  1
 115 114  1
 151 114  1
 155 114  1
 237 114  1
 100 115  1
 166 115  1
 185 115  1
 258 115  1
 260 115  1
 269 115  1
   9 116  1
  10 116  1
 111 116  1
 112 116  1
 113 116  1
 128 116  1
 131 116  1
 247 116  1
 262 116  1
 120 117  1
 125 117  1
 233 117  1
  33 118  1
  61 118  1
  62 118  1
  81 119  1
 225 119  1
 226 119  1
 252 120  1
 253 120  1
  81 121  1
 127 121  1
 128 121  1
 232 121  1
 241 121  1
 243 121  1
 256 121  1
   6 122  1
  50 122  1
 168 122  1
 169 122  1
 203 122  1
  15 123  1
  46 123  1
 278 123  1
 240 124  1
 262 124  1
  36 125  1
 211 125  1
 227 125  1
  42 126  1
 206 126  1
 221 126  1
   2 127  1
 119 127  1
 120 127  1
 157 127  1
   8 128  1
  50 128  1
  62 128  1
 281 128  1
 282 128  1
  41 129  1
 155 129  1
 149 130  1
 210 130  1
 217 130  1
 254 130  1
  28 131  1
  45 131  1
 157 131  1
 205 131  1
 219 131  1
 231 131  1
 246 131  1
 247 131  1
  14 132  1
  15 132  1
  35 132  1
  75 132  1
 161 132  1
 162 132  1
 163 132  1
 180 132  1
 202 132  1
 274 132  1
 275 132  1
 147 133  1
 222 133  1
  14 134  2
 243 134  1
 244 134  1
  19 135  1
  26 135  1
 208 135  1
   9 136  1
 146 136  1
 147 136  1
 197 136  1
  78 137  1
  79 137  1
 251 137  1
  47 138  1
 206 138  1
 266 138  1
   9 139  1
  23 139  1
 176 139  1
 180 139  1
 181 139  1
 200 139  1
 237 139  1
 120 140  1
 149 140  1
 189 140  1
 202 140  1
 230 140  1
  50 141  1
 139 141  1
 198 141  1
  76 142  1
  80 142  1
 149 142  1
 185 142  1
 186 142  1
 194 142  1
 202 142  1
   1 143  1
  27 143  1
  28 143  1
  37 143  1
 233 143  1
  20 144  1
  44 144  1
 134 144  1
 173 144  1
 175 144  1
 183 144  1
 190 144  1
  61 145  1
 145 145  1
 146 145  1
 179 145  1
 193 145  1
 265 145  1
 266 145  1
 132 146  1
 173 146  1
  51 147  1
  54 147  1
  56 147  1
  60 147  1
 155 147  1
 163 147  1
 212 147  1
   1 148  1
  29 148  1
  33 148  1
  34 148  1
  75 148  1
  11 149  1
  61 149  1
 127 149  1
 143 149  1
 157 149  1
 163 149  1
 205 149  1
 206 149  1
  16 150  1
  69 150  1
 149 150  1
  27 151  1
  49 151  1
  50 151  1
  51 151  1
 143 151  1
 199 151  1
   1 152  1
   2 152  1
  20 152  1
 154 152  1
 233 152  1
 263 152  1
  37 153  1
 113 153  1
 212 153  1
 256 153  1
  46 154  1
  66 154  1
 248 154  1
 261 154  1
   2 155  1
   3 155  1
 124 155  1
 138 155  1
 161 155  1
 215 155  1
  14 156  1
  27 156  1
  34 156  1
  36 156  1
 107 156  1
 131 156  1
 197 156  1
 220 156  1
 237 156  1
 238 156  1
 105 157  1
 193 157  1
 228 157  1
 246 157  1
 253 157  1
 269 157  1
   3 158  1
   4 158  1
 111 158  1
 171 158  1
 172 158  1
  40 159  1
 190 159  1
  12 160  1
 168 160  1
 240 160  1
 262 160  1
 263 160  1
 264 160  1
   4 161  1
   5 161  1
 227 161  1
 248 161  1
  20 162  1
 105 162  1
 216 162  1
 217 162  1
  25 163  1
  26 163  1
 115 163  1
  20 164  1
 101 164  1
 118 164  1
 170 164  1
 189 164  1
 221 164  1
 244 164  1
 245 164  1
 246 164  1
 266 164  1
 268 164  1
  12 165  1
 226 165  1
 273 165  1
  20 166  1
  29 166  1
  41 166  1
  42 166  1
  91 167  1
  92 167  1
 148 167  1
 184 167  1
 215 167  1
 216 167  1
 219 167  1
 221 167  1
 238 167  1
 278 167  1
 279 167  1
  17 169  1
  92 169  1
 149 169  1
 194 169  1
 195 169  1
  49 170  1
 267 170  1
  53 171  1
  94 171  1
 180 171  1
 230 171  1
 156 172  1
 157 172  1
 262 172  1
  52 173  1
  58 173  1
 186 173  1
 215 173  1
 240 173  1
 242 173  1
 180 174  1
 220 174  1
 256 174  1
 194 175  1
 271 175  1
  12 176  1
 223 176  1
 235 176  1
 266 176  1
 267 176  1
 191 177  1
 255 177  1
  45 178  1
  46 178  1
 226 178  1
 243 179  1
 232 181  1
  43 183  1
  44 183  1
  45 183  1
 209 183  1
 235 183  1
 273 184  1
  39 185  1
  54 185  1
 200 185  1
 196 186  1
 233 186  1
 252 187  1
 261 187  1
  31 188  1
  49 188  1
  50 188  1
 207 188  1
  42 189  1
 251 189  1
 252 189  1
 212 190  1
 203 191  1
 226 191  1
 254 191  1
 255 191  1
 196 192  1
  41 193  1
 238 193  1
  48 194  1
 244 194  1
 266 194  1
 225 195  1
 227 195  1
 214 196  1
 108 197  1
 230 197  1
  39 199  1
 100 199  1
 101 199  1
 203 199  1
  54 200  1
 110 200  1
 238 200  1
 262 200  1
 120 201  1
 121 201  1
 201 202  1
 120 203  1
  45 204  1
 112 204  1
 223 204  1
 238 205  1
 239 205  1
 116 206  1
 117 206  1
 109 207  1
 239 207  1
 210 208  1
 216 208  1
 225 208  1
 246 209  1
 247 209  1
 248 209  1
 124 210  1
 217 210  1
 218 210  1
 118 211  1
 120 211  1
 122 211  1
 227 211  1
  45 212  1
 199 212  1
 241 212  1
  82 214  1
 104 214  1
 117 215  1
 128 215  1
 129 215  1
 219 215  1
 242 215  1
  51 216  1
 125 216  1
 133 216  1
 107 217  1
 113 217  1
 114 217  1
 118 217  1
 215 217  1
  54 218  1
 246 219  1
 109 220  1
 180 220  1
 208 220  1
 228 220  1
  75 221  1
  81 221  1
 127 221  1
 133 221  1
 176 221  1
  59 222  1
  90 222  1
 219 222  1
 220 222  1
  61 223  1
 120 223  1
 171 223  1
 229 223  1
 129 224  1
 133 224  1
 202 224  1
 206 224  1
 207 224  1
 223 224  1
  62 225  1
  79 225  1
 109 225  1
 117 225  1
 196 225  1
 226 226  1
  71 227  1
  72 227  1
 147 227  1
 190 227  1
  86 228  1
  87 228  1
 132 228  1
 168 228  1
 181 228  1
 199 228  1
 204 228  1
  67 230  1
  77 230  1
 124 231  1
 188 232  1
 231 232  1
 128 234  1
 130 234  1
 188 234  1
  75 235  1
 122 235  1
 123 235  1
 137 235  1
 175 235  1
 176 235  1
 193 235  1
 150 236  1
 145 237  1
 167 237  1
 189 238  1
 223 238  1
 131 239  1
 101 240  1
 193 240  1
 220 240  1
 131 241  1
 106 242  1
 156 242  1
 217 242  1
 109 243  1
 158 243  1
 111 244  1
 175 244  1
 214 244  1
 130 245  1
 140 245  1
 187 245  1
 188 245  1
 159 246  1
 161 246  1
 175 246  1
 210 246  1
 211 246  1
 141 248  1
 163 248  1
 147 249  1
 157 250  1
 169 250  1
 127 251  1
 175 252  1
 183 256  1


count = 836