 154   1  1
 164   1  1
 147   2  1
 180   2  1
 183   3  1
 128   5  1
 193   6  1
 205  11  1
 133  13  1
  70  17  1
 126  17  1
 127  17  1
 128  17  1
  68  18  1
 219  18  1
  85  20  1
  98  20  1
  99  20  1
 212  20  1
  78  21  1
 129  22  1
  71  24  1
  82  24  1
  87  25  1
  88  25  1
  94  25  1
  83  27  1
  75  28  1
  76  28  1
  99  29  1
 127  29  1
  44  30  1
  93  30  1
  58  31  1
  88  31  1
  42  32  1
  71  32  1
  78  32  1
 200  32  1
 205  32  1
 235  32  1
  55  34  1
  83  34  1
  85  34  1
  87  34  1
  67  35  1
  35  36  1
  47  36  1
  76  36  1
  54  37  1
  55  37  1
  43  38  1
  84  38  1
  88  38  1
  89  38  1
 196  40  1
  50  41  1
  27  42  1
  25  43  1
 238  44  1
 247  44  1
 248  44  1
  24  45  1
 126  46  1
 155  47  1
 204  47  1
 162  48  1
 206  48  2
 225  48  1
  39  49  1
  82  49  1
  86  49  1
  92  49  1
 170  49  1
 251  49  1
  37  50  2
 155  50  1
 163  50  1
  58  51  1
  59  51  1
 138  51  1
 167  51  1
 175  51  1
  18  52  1
 163  52  1
 203  52  1
  50  53  1
  51  53  1
 129  53  1
 135  53  1
 144  53  1
 157  53  1
 172  53  1
 199  53  1
  39  54  1
 162  54  1
 246  54  1
 128  55  1
 129  55  1
 131  55  1
  98  56  1
  99  56  1
 161  56  1
 162  56  1
 194  56  1
  53  57  1
 229  57  1
 147  58  1
 150  58  1
 157  58  1
  14  59  1
  21  59  1
 152  59  1
 222  59  1
  55  60  1
  56  60  1
  57  60  1
 246  60  1
 252  60  1
 253  60  1
  38  61  1
  50  61  1
  51  61  1
 249  61  1
 157  62  1
 171  62  1
 172  62  1
  26  63  1
  28  63  1
 164  64  1
 114  65  1
 256  65  1
  16  66  1
  60  66  1
 118  66  1
 155  66  1
 264  66  1
 265  66  1
  93  67  1
 150  67  1
 250  67  1
 252  67  1
  53  68  1
  55  68  1
  56  68  1
 157  68  1
   7  69  1
  73  69  1
 241  69  1
  50  70  1
  67  70  1
 120  70  1
 243  70  1
 245  70  1
 107  71  1
 117  71  1
 151  71  1
  59  73  1
  65  73  1
  77  73  1
  78  73  1
 158  73  1
 168  73  1
 169  73  1
 111  74  1
 268  74  1
 269  74  1
  56  75  2
  57  75  1
  58  75  1
 157  75  1
 158  75  1
  29  77  1
  32  77  1
 104  77  1
 105  77  1
 107  77  1
 241  77  1
 245  77  1
  42  78  1
 247  79  1
 152  80  1
 154  80  1
 265  80  1
 127  81  1
 192  81  1
 263  81  1
 140  82  1
 180  82  1
  26  85  1
 119  85  1
  30  86  1
 251  86  1
 261  86  1
  12  87  1
  33  87  1
  34  87  1
  52  87  1
 155  87  1
 255  87  1
  62  88  1
  64  88  1
 204  88  1
 206  88  1
 261  88  1
   1  90  1
   6  90  1
  17  90  1
  42  90  1
  46  90  1
  25  91  1
  51  91  1
  10  92  1
  11  92  1
 208  93  1
 209  93  1
 261  93  1
  26  94  1
  50  94  1
 132  94  1
 137  94  1
 138  94  1
  42  95  1
  43  95  1
 247  95  1
 268  95  1
  13  96  1
  50  96  1
  51  96  1
  58  96  1
 186  96  1
 187  96  1
   5  97  1
  46  97  1
  47  97  1
 220  97  1
 230  97  1
 280  97  1
 281  97  1
  53  98  1
 132  98  1
 149  98  1
  94 100  1
 111 100  1
 178 100  1
 185 100  1
 186 100  1
 252 100  1
 255 100  1
 256 100  1
 281 100  1
 282 100  1
 101 101  1
 159 101  1
  94 102  1
  10 103  1
  38 103  2
 103 103  1
 259 103  1
   1 104  1
  15 104  1
  94 104  1
 172 104  1
 205 104  1
 275 104  1
 157 105  1
 253 105  1
 114 106  1
 166 106  1
 206 106  1
 100 107  1
 218 107  1
  33 108  1
 173 108  1
 174 108  1
 214 108  1
 215 108  1
 255 108  1
  40 109  1
  46 109  1
 207 109  1
 253 109  1
 136 111  1
 159 111  1
 179 111  1
 227 111  1
 250 111  1
  20 112  1
  37 112  1
  38 112  1
  61 112  1
 122 113  1
 274 113  1
  99 114  1
 105 114  1
  93 115  1
 139 115  1
 219 115  1
 251 115  1
 252 115  1
 202 116  1
 203 116  1
  60 117  1
 158 117  1
 162 117  1
 173 117  1
   1 118  1
 204 118  1
   9 119  1
 134 119  1
 139 119  1
 140 119  1
 153 120  1
 154 120  1
 246 120  1
  92 121  1
 127 121  1
   1 122  1
  40 122  1
  53 122  1
  60 122  1
 148 122  2
 202 122  1
 238 122  1
 242 122  1
 272 122  1
 274 122  1
 275 122  1
  46 123  1
  68 123  1
  71 123  1
  95 123  1
  97 123  1
 150 123  1
 210 123  1
 211 123  1
 226 123  1
 227 123  1
 270 123  1
   6 124  1
   7 124  1
  20 124  1
  43 124  1
  99 124  1
 202 124  1
 255 124  1
  13 125  1
 159 125  1
  39 126  1
  48 126  1
 124 126  1
 125 126  1
 266 126  1
 213 127  1
 225 127  1
  34 128  1
  56 128  1
 199 128  1
 207 128  1
 223 128  1
  61 129  1
  98 129  1
 129 129  1
 219 129  1
 229 129  1
 233 129  1
 195 130  1
  10 131  1
 185 131  1
 191 131  1
 250 131  1
 273 131  1
  49 132  1
  56 132  1
 143 132  1
  71 133  1
 123 133  1
 203 133  1
 204 133  1
 227 133  1
 233 133  1
 279 133  1
  96 134  1
 115 134  1
 159 134  1
 187 134  1
  90 135  1
 108 135  1
 146 137  1
  64 138  1
  92 139  1
 123 139  1
 171 139  1
 202 139  1
 209 139  1
  59 140  1
  61 140  1
   9 141  1
  10 141  1
  94 142  1
  99 142  1
 248 142  1
 249 142  1
 269 143  1
 171 144  1
   3 145  1
   4 145  1
  42 145  1
 146 145  1
 155 145  1
 176 145  1
  15 146  1
  25 146  1
  46 146  1
 112 146  1
 113 146  1
 165 146  1
 248 146  1
 274 146  1
 157 147  1
  53 148  1
  68 148  1
  92 148  1
  93 148  1
 252 149  1
  11 150  1
  54 150  1
  58 150  1
  85 150  1
 166 150  1
 167 150  1
 246 150  1
 275 150  1
  15 151  1
  24 151  1
  25 151  1
  31 151  1
 119 151  1
 255 151  1
 257 151  1
 270 151  1
 248 152  1
   6 153  1
   7 153  1
  37 153  1
  48 153  1
 181 153  1
 225 153  1
  26 154  1
  69 154  1
 118 154  1
  39 155  1
  46 155  1
 141 155  1
 175 155  1
  92 156  1
  94 156  1
  96 156  1
 113 156  1
 114 156  1
 223 156  1
 242 156  1
 243 156  1
 270 156  1
  98 159  1
 146 159  1
 190 159  1
 261 159  1
  37 160  1
 243 161  1
 251 161  1
   9 162  1
 269 162  1
 180 163  1
 181 163  1
 217 163  1
 253 163  1
  37 164  1
 185 164  1
 186 164  1
  25 165  1
 239 165  1
  11 166  1
  12 166  1
  18 166  1
 229 166  1
 254 167  1
 255 167  1
 268 167  1
  39 168  1
  28 171  1
 191 171  1
  39 172  1
 226 173  1
 230 173  1
  34 174  1
 181 174  1
 183 174  1
 249 174  1
 244 175  1
  34 176  1
 235 176  1
  29 177  1
 246 177  1
  34 178  1
  35 178  1
  37 179  1
 249 179  1
 250 179  1
 224 180  1
 225 180  1
 259 181  1
  30 182  1
 244 182  1
 245 182  1
 273 182  1
 274 182  1
 111 184  1
 112 184  1
 237 184  1
  22 185  1
  34 185  1
  39 185  1
  40 185  1
 259 185  1
 225 186  1
  40 187  1
  32 188  1
 239 188  1
 241 188  1
 246 188  1
 261 188  1
 266 188  1
 122 189  1
 115 190  1
 271 190  1
 272 190  1
 224 191  1
 230 191  1
 245 191  1
 121 193  1
 242 193  1
 270 193  1
 271 193  1
  80 194  1
 113 194  1
 115 194  1
  30 195  1
  98 195  1
  99 195  1
  78 196  1
  79 196  1
 221 196  1
 269 196  1
 270 196  1
  75 198  1
 216 198  1
 251 198  1
 252 198  1
  43 199  1
  48 199  1
  69 200  1
  70 200  1
  87 200  1
 216 200  1
  76 201  1
 100 201  1
 107 201  1
  79 203  1
  83 203  1
 166 203  1
 251 203  1
  47 204  1
 247 204  1
  39 205  1
  91 205  1
  92 205  1
 115 206  1
 160 206  1
 215 206  1
  91 207  1
  96 207  1
  97 207  1
 110 207  1
 166 207  1
 105 208  1
  90 209  1
  91 209  1
 162 209  2
 164 209  1
 244 210  1
 263 211  1
  95 212  1
  96 212  1
 109 212  1
 118 213  1
 167 213  2
 109 214  1
 235 215  1
 244 215  1
 245 215  1
  94 216  1
  95 216  1
 108 216  1
 109 216  1
  89 217  1
  90 217  1
 237 220  1
 238 220  1
  89 221  1
  94 221  1
 163 221  1
 254 222  1
 238 223  1
 239 223  1
  92 225  1
 167 225  1
 110 226  1
 239 226  1
 240 226  1
  80 227  1
 178 227  1
  75 228  1
 108 228  1
 109 228  1
  80 230  1
  82 230  1
  73 231  1
  75 231  1
  92 232  1
  98 232  1
 144 233  1
 183 234  1
 184 234  1
 185 234  1
  98 235  1
 130 235  1
 167 235  1
 112 236  1
 130 237  1
 131 237  1
 198 237  1
 192 238  1
 237 238  1
  91 239  1
 136 239  1
 137 239  1
 113 240  1
 114 240  1
 171 240  1
 232 241  1
 191 242  1
 103 243  1
 133 243  1
 175 243  1
 176 243  1
 185 243  1
 206 243  1
 136 245  1
 113 246  1
 223 246  1
 116 247  1
 140 247  1
 171 247  1
 175 247  1
 118 248  1
 183 248  1
 184 248  1
 219 248  1
 145 250  1
 127 251  1
 174 252  1
 134 253  1
 163 253  1
 170 253  1
 199 255  1


count = 676