 153   1  1
 163   1  1
 128   4  1
 125   5  1
 123   6  1
 149   7  1
 144   8  1
 158   9  1
 159   9  1
 106  12  1
 160  13  1
 212  13  1
 124  15  1
 114  16  1
 115  16  1
 216  16  1
 107  18  1
 110  19  1
 169  19  1
 221  19  1
 136  21  1
 142  22  1
  66  23  1
  88  23  1
  89  23  1
 149  23  1
  81  24  1
  82  24  1
 142  24  1
 161  24  1
 227  24  1
  62  25  1
 120  25  1
 121  25  1
 164  25  1
 169  25  1
  60  27  1
  69  27  1
 117  27  1
 118  27  1
 138  27  1
 155  27  1
 156  27  1
 141  29  1
  86  30  1
 149  31  1
  63  32  1
 137  32  1
 143  32  1
  51  33  1
  77  33  1
  98  33  1
  99  33  1
 134  34  1
 135  34  1
  44  38  1
  95  38  1
 100  38  1
 148  38  1
 157  38  1
  76  39  1
  77  39  1
  85  39  1
 130  39  1
  87  40  1
 127  40  1
 128  40  1
 134  40  1
  40  41  1
  88  42  1
 129  44  1
 247  44  1
  90  45  1
 135  46  1
 138  46  1
  96  47  1
  75  48  1
 126  49  1
 127  49  1
  63  51  1
  64  51  1
  74  53  1
  70  54  1
  71  54  1
  49  55  1
  67  55  1
 142  55  1
 149  57  1
  67  59  1
 153  59  1
  46  60  1
  50  60  1
 197  60  1
 154  61  1
 259  62  1
  17  63  1
  39  63  1
  40  63  1
  60  63  1
 154  63  1
 157  64  1
 153  65  1
  54  66  1
 261  66  1
 262  66  1
  24  67  1
 154  67  1
 155  67  1
 225  67  1
  19  68  1
 190  68  1
 191  68  1
 216  68  1
  27  69  1
 154  69  1
 160  69  1
 164  69  1
 181  70  1
  11  71  1
  27  71  1
 147  71  1
 154  71  1
 159  71  1
 166  71  1
 210  72  1
 215  73  1
 265  73  1
 266  73  1
   9  74  1
 191  74  1
 221  74  1
 187  75  1
 188  75  1
 201  75  1
 223  76  1
 227  76  1
  43  77  1
 173  78  1
 183  78  1
 196  78  1
 205  78  1
   7  79  1
   8  79  1
 178  79  1
 192  80  1
 193  80  1
 220  81  1
 257  82  1
 258  82  1
 259  82  1
  52  83  1
  53  83  1
 271  83  1
 170  84  1
 171  84  1
 189  84  1
  50  85  1
  53  85  1
 162  85  1
   5  87  1
   6  87  1
  54  87  1
 172  87  1
 173  87  1
 165  88  1
 166  88  1
 167  88  1
 253  89  1
  39  90  1
  51  90  1
   4  91  1
   5  91  1
 195  91  1
 227  91  1
 229  91  1
 249  91  1
 250  91  1
  10  92  1
 190  92  1
 168  93  1
 169  93  1
  35  94  1
  36  94  1
  37  94  1
 173  94  1
 197  95  1
 198  95  1
  27  96  1
 237  96  1
  23  97  1
 232  97  1
   9  98  1
 235  98  1
  16  99  1
  17  99  1
  27  99  1
 247 100  1
 182 101  2
 183 101  1
 184 101  1
 197 101  1
 198 101  1
  41 102  1
  52 102  1
  59 102  1
  61 102  1
  63 102  1
 165 102  1
 206 102  1
 207 102  1
 210 103  1
 235 103  1
 171 104  1
 163 105  1
 250 105  1
 254 105  1
  60 107  1
 129 107  1
 185 107  1
 186 107  1
 196 107  1
  41 108  1
  77 108  1
 120 108  1
  50 109  1
 231 109  1
 232 109  1
  69 110  1
 102 110  1
 134 110  1
 135 110  1
  54 111  1
  93 111  1
 164 111  1
 198 111  1
 270 111  1
 127 112  1
 248 112  1
   1 113  1
  67 113  1
 121 113  1
 122 113  1
 165 113  1
 191 113  1
 205 113  1
 267 113  1
 268 113  1
 269 113  1
  78 114  1
  79 114  1
 171 114  1
 186 114  1
 264 114  1
  62 115  1
  64 115  1
 137 115  1
 248 115  1
 255 116  1
 259 116  1
 263 116  1
  46 117  1
  52 117  1
  86 117  1
 124 117  1
 129 117  1
 130 117  1
 149 117  1
 189 117  1
 240 117  1
 275 117  1
  12 118  1
  26 118  1
  27 118  1
  58 118  1
  93 118  1
  94 118  1
 195 118  1
   5 119  1
 141 119  1
 142 119  1
 152 119  1
 181 119  1
 166 120  1
   1 121  1
  54 121  1
 197 121  1
 279 121  1
  12 122  1
  23 122  1
  41 122  1
  86 122  1
 163 122  1
 186 122  1
 249 122  1
 256 122  1
 258 122  1
  46 123  1
 104 123  1
 177 123  1
 181 123  1
  38 124  1
 100 124  1
 119 124  1
 148 124  1
 162 124  1
 163 124  1
 189 124  1
 190 124  1
 194 124  1
 199 124  1
 231 124  1
 115 125  1
 177 125  1
 252 125  1
 253 125  1
  49 126  1
  62 126  1
 197 126  1
 229 126  1
 244 126  1
   4 127  1
  11 127  1
  12 127  1
  20 127  1
  35 127  1
 209 127  1
  43 128  1
 159 128  1
 183 128  1
 216 128  1
 239 128  1
 261 128  1
 174 129  1
 175 129  1
 233 129  1
  41 130  1
  97 130  1
 155 130  1
 156 130  1
 191 130  1
 229 130  1
   4 131  1
   5 131  1
  11 131  1
 123 131  1
 233 131  1
 259 131  1
  34 132  1
  41 132  1
  93 132  1
 220 132  1
 237 132  1
  20 133  1
 195 133  1
 216 133  1
 218 133  1
  90 134  1
 134 134  1
 168 134  1
 190 134  1
 208 134  1
   8 135  1
  18 135  1
  37 135  1
 143 135  1
 161 135  1
 162 135  1
 178 135  1
 247 135  1
 248 135  1
  85 136  1
  87 136  1
  99 136  1
 174 136  1
 152 137  1
 192 137  1
 193 137  1
 262 137  1
 264 137  1
   1 138  1
   2 138  1
  83 138  1
 266 138  1
  94 139  1
  96 139  1
 167 139  1
 189 139  1
 130 140  1
 197 140  1
  11 141  1
  12 141  1
  14 141  1
  15 141  1
  90 141  1
  83 142  1
 185 142  1
 192 143  1
  78 144  1
 261 144  1
  31 145  1
  98 145  1
 252 145  1
 167 146  1
  26 147  1
 197 147  1
 270 147  1
 115 148  1
 195 148  1
 257 148  1
  40 149  1
  23 150  1
 164 150  1
  19 151  1
  50 151  1
  51 151  1
  60 151  1
 188 151  1
  74 152  1
  76 152  1
 184 152  1
 247 152  1
 265 152  1
  74 154  1
  88 155  1
 168 155  1
 174 155  1
 175 155  1
 258 155  1
  80 156  1
  77 157  1
 171 157  1
 246 157  1
 254 157  1
 264 157  1
 165 158  1
  71 160  1
  66 161  1
  64 163  1
  91 163  1
  92 163  1
 102 163  1
 165 164  1
 239 164  1
 246 164  1
 247 164  1
 271 164  1
 108 165  1
 188 165  1
 256 165  1
 260 165  1
   8 166  1
  21 166  1
  65 166  1
  69 166  1
  86 166  1
 167 167  1
 190 167  1
 249 167  1
 256 167  1
 175 168  1
 268 168  1
 112 169  1
 184 169  1
 256 169  1
 169 170  1
 186 171  1
 197 171  1
 198 171  1
  19 172  1
  20 172  1
  94 172  1
  95 172  1
 108 173  1
 203 173  1
   4 174  1
   5 174  1
 227 174  1
 176 176  1
 210 176  1
  12 177  1
 110 177  1
 195 177  1
 265 177  1
 272 177  1
 273 177  1
 213 178  1
 223 178  1
 178 179  1
 260 179  1
 198 180  1
 213 180  1
 181 181  1
 183 181  1
  45 183  1
  59 183  1
 119 183  1
 148 183  1
 163 183  1
 189 183  1
 221 184  1
 226 184  1
 165 185  1
 167 185  1
 217 185  1
 121 186  1
 193 186  1
  11 187  1
  42 187  1
  43 187  1
  63 187  1
  65 187  1
 216 187  1
 158 190  1
 159 190  1
  38 191  1
 137 191  1
 144 191  1
 150 191  1
 227 191  1
 265 191  1
  56 193  1
 172 193  1
 173 193  1
 216 193  1
  31 194  1
  36 194  1
 125 194  2
 126 194  1
 154 195  1
  40 196  1
  41 196  1
 102 196  1
 166 196  1
 167 196  1
 177 196  1
 179 196  1
 184 196  1
 213 196  1
 236 196  1
 106 197  1
 130 197  1
 261 197  1
  21 198  1
  58 198  1
 165 198  1
 140 199  1
 144 199  1
 155 199  1
  22 200  1
  49 200  1
 138 200  1
 150 200  1
 200 200  1
 157 201  1
 258 201  1
 200 202  1
 213 202  1
 214 202  1
  43 203  1
 146 203  1
  35 204  1
  36 204  1
 200 204  1
 216 204  1
 217 204  1
  49 205  1
  53 205  1
 102 205  1
 222 205  1
 255 205  1
  47 206  1
 111 206  1
 158 206  1
 210 206  1
  43 207  1
 192 207  1
 193 207  1
 120 208  1
  42 209  1
 188 209  1
 157 211  1
 107 212  1
 127 212  1
 128 212  1
 163 212  1
 117 213  1
 223 213  1
 224 213  1
 110 214  1
 112 214  1
 248 214  1
 113 218  1
 144 218  1
 145 218  1
 203 218  1
 116 219  1
 224 219  1
 145 221  1
 164 221  1
 165 221  1
 187 221  1
  48 222  1
 148 222  1
 228 222  1
  95 224  1
 239 224  1
 194 225  1
 198 225  1
  87 227  1
 148 227  1
 149 227  1
  95 228  1
 135 228  1
 136 228  1
  63 229  1
  57 230  1
 190 230  1
 195 230  1
 199 230  1
 115 231  1
 116 231  1
 122 231  1
 123 231  1
 164 231  1
 165 231  1
  71 232  1
 112 232  1
 113 232  1
 134 232  1
 233 232  1
  76 233  1
  77 233  1
  80 233  1
 231 233  1
  93 235  1
 178 235  1
 212 237  1
 105 238  1
 201 238  1
 184 239  1
 185 239  1
 207 239  1
 215 239  1
 216 239  1
 205 240  1
 107 241  1
 222 241  1
  96 242  1
 191 242  1
  99 243  1
 185 243  1
 187 243  1
 102 244  1
 145 244  1
 146 244  1
 157 244  1
 107 246  1
 184 247  1
 112 248  1
 138 248  1
 115 249  1
 154 249  1
 179 249  1
 180 249  1
 143 250  1
 128 253  1
 134 254  1
 141 255  1
 193 255  1
 155 256  1


count = 670