 113   1  1
 130   1  1
 139   1  1
 151   1  1
 155   1  1
  90   4  1
 179   4  1
 182   5  1
 185   6  1
  81   7  1
 137   7  1
 130   8  1
 168   9  1
 169   9  1
 194   9  1
  74  10  1
 132  12  1
 136  12  1
 199  12  1
  67  13  1
 172  14  1
  64  15  1
  60  17  1
 173  17  1
 193  17  1
  55  19  1
 215  20  1
 188  21  1
 190  21  1
 171  22  1
 172  22  1
 198  22  1
 199  22  1
 195  23  1
  50  24  1
 141  24  1
 142  24  1
  63  25  1
 181  25  1
  45  27  1
  56  27  1
  66  27  1
 208  27  1
 210  27  1
 185  28  1
 186  28  1
 195  28  1
  63  29  1
 175  29  1
 164  30  1
 167  30  1
 168  30  1
 191  30  1
 181  31  1
 219  31  1
 185  32  1
  68  33  1
 142  33  1
 152  33  1
 210  34  1
 154  35  1
  44  36  1
 163  36  1
 168  37  1
 180  37  1
 223  37  1
  43  38  1
  44  38  1
  70  38  1
  71  38  1
  42  40  1
 218  40  1
 227  43  1
  47  44  1
  71  44  1
  72  44  1
 155  45  1
 248  45  1
  41  46  1
  55  46  1
  56  46  1
 145  46  1
  37  47  1
  38  47  1
 151  47  1
 237  48  1
  47  49  1
  72  49  1
  73  49  1
 147  49  1
  52  50  1
  47  51  1
 151  51  1
 231  52  1
 233  52  1
 235  52  1
 247  54  1
  46  55  1
  77  55  1
  79  55  1
 260  55  1
  53  56  1
  54  56  1
 151  56  1
 155  56  1
 231  56  1
 245  56  1
 109  57  1
 234  59  1
 262  59  1
 256  60  1
  20  61  1
 111  62  1
 253  62  1
 264  62  1
  19  63  1
 116  63  1
 124  63  1
 130  63  1
 130  65  1
 132  65  1
 143  65  1
 119  66  1
  17  67  1
 193  67  1
 129  68  1
 172  68  1
 195  69  1
  15  70  1
 165  70  1
 166  70  1
 140  72  1
 146  73  1
 163  73  1
 196  73  1
 197  73  1
  12  75  1
 157  76  1
 158  76  1
 144  77  1
 192  77  1
 142  79  1
 159  80  1
 164  80  1
 142  82  1
 151  82  1
 187  82  1
 274  83  1
 275  83  1
 163  84  1
 266  84  1
 268  84  1
   7  85  1
   8  85  1
  20  87  1
  86  87  1
  13  88  1
  78  88  1
  86  89  1
 156  89  1
  82  90  1
 134  90  1
 270  90  1
 271  90  1
 148  91  1
 179  91  1
 180  91  1
 268  91  1
 109  92  1
 123  92  1
 132  92  1
 277  92  1
 278  92  1
  80  94  1
 113  94  1
 114  94  1
 265  94  1
   5  96  1
   6  96  1
  24  96  1
  25  96  1
 114  96  1
 268  96  1
  27  98  1
 114  98  1
 119  98  1
 120  98  1
 146  98  1
 170  98  1
 109  99  1
 161  99  1
  93 100  1
   3 101  1
  81 101  1
  82 101  1
 236 101  1
  18 102  1
 107 102  1
 120 102  1
 140 102  1
 141 102  1
 154 102  1
  23 103  1
 177 103  1
  80 104  1
  88 104  1
  99 104  1
 112 104  1
  34 105  1
 152 105  1
 231 105  1
 232 105  1
 238 105  1
   1 106  1
  20 106  1
 119 106  1
 144 106  1
 266 106  1
  87 107  1
 159 107  1
 237 107  1
 238 107  1
 141 108  1
 233 108  1
  35 109  1
 120 109  1
 269 109  1
 275 109  1
 175 110  1
 176 110  1
  28 111  1
  84 111  1
  94 111  1
 277 111  1
   7 112  1
  88 112  1
 150 112  1
 153 112  1
 154 112  1
  25 113  1
 110 113  1
 142 113  1
 271 113  1
 272 113  1
   1 114  1
  12 114  1
 146 114  1
 180 114  1
 160 115  1
 161 115  1
 169 115  1
 272 115  1
  94 116  1
 167 116  1
 175 116  1
 122 117  1
 153 117  1
 154 117  1
 164 117  1
 264 117  1
 117 118  1
 118 118  1
 127 118  1
 216 118  1
  88 119  1
 178 119  1
 223 119  1
 259 119  1
 278 119  1
   9 120  1
  10 120  1
  66 120  1
  92 120  1
  99 120  1
 100 120  1
 151 120  1
 171 120  1
 179 121  1
 180 121  1
 215 121  1
 267 121  1
  45 122  1
 173 122  1
 183 122  1
 254 122  1
   2 123  1
   3 123  1
  14 123  1
  20 123  1
  39 123  1
 107 123  1
 122 123  1
 123 123  1
 167 123  1
 215 123  1
 218 123  1
 276 123  1
  57 124  1
 186 124  1
 204 124  1
 146 125  1
 226 125  1
 267 125  1
 273 125  1
   9 126  1
  97 126  1
 222 126  1
  34 127  1
 169 127  1
 177 128  1
 178 128  1
 221 128  1
  18 129  1
  19 129  1
  63 129  1
 211 129  1
 246 129  1
  40 130  1
  42 130  1
  50 130  1
 122 130  1
 234 130  1
 267 130  1
 150 131  1
 168 131  1
 169 131  1
 178 131  1
 248 131  1
   1 132  1
  65 132  1
  66 132  1
  54 133  1
 109 133  1
 145 133  1
 146 133  1
 175 133  1
 115 134  1
 164 134  1
 185 134  1
 122 135  1
 123 135  1
 268 135  1
 269 135  1
  64 136  1
  92 136  1
 135 136  1
 155 136  1
 161 136  1
 246 136  1
  40 137  1
  46 137  1
  90 137  1
 159 137  1
 201 137  1
 202 137  1
 252 137  1
  60 138  1
  61 138  1
  72 138  1
 112 138  1
 116 138  1
 148 138  1
 193 138  1
 275 138  1
  76 139  1
 103 139  1
 142 139  1
 179 139  1
 206 139  1
   1 140  1
  61 140  1
  80 140  1
 119 140  1
 135 140  1
 227 140  1
 247 140  1
 106 141  1
  49 142  1
 110 142  1
 138 143  1
 142 143  1
 211 143  1
 216 143  1
  52 144  1
  84 144  1
 171 144  1
 174 144  1
 190 144  1
 207 144  1
 229 145  1
 148 146  1
 241 146  1
 254 146  1
   8 147  1
  87 147  1
 142 147  1
 169 147  1
 192 147  1
 205 147  1
 230 147  1
 268 147  1
  56 148  1
 151 148  1
 198 148  1
 213 148  1
  83 149  1
 107 149  1
 115 149  1
 219 149  1
 229 149  1
 240 149  1
  20 150  1
  64 150  1
  91 150  1
 167 150  1
 235 150  1
 246 150  1
 256 150  1
 275 150  1
 276 150  1
 101 151  1
 152 151  1
 153 151  1
   8 152  1
  59 152  1
 247 152  1
 248 152  1
 251 152  1
  75 153  1
  81 153  1
 231 153  1
 232 153  1
   2 154  1
   3 154  1
 191 154  1
 254 154  1
  13 155  1
  15 155  1
  88 155  1
  89 155  1
 106 155  1
 211 155  1
 123 156  1
 147 156  1
 154 156  1
 215 156  1
 216 156  1
  11 157  1
 194 157  1
 195 157  1
 199 157  1
 207 157  1
 244 157  1
 220 158  1
 255 158  1
  66 159  2
  67 159  1
  68 159  1
 107 159  1
 120 159  1
 152 160  1
 163 160  1
 253 160  1
 269 160  1
 156 161  1
 242 161  1
 272 161  1
 278 161  1
 279 161  1
   3 162  1
   4 162  1
 232 162  1
 216 163  1
 229 164  1
 121 165  1
 164 165  1
 165 165  1
 171 165  1
  59 166  1
 177 166  1
 278 167  1
 279 167  1
  51 168  1
 182 168  1
 226 168  1
 227 168  1
  73 169  1
 126 169  1
 132 169  1
 138 169  1
 172 169  1
  55 170  1
 171 171  1
 172 171  1
 221 171  1
  82 172  1
 140 172  1
 247 172  1
 156 173  1
 171 173  1
 215 173  1
 219 173  1
 238 173  1
 276 173  1
 277 173  1
  75 174  1
 146 174  1
 192 174  1
 212 174  1
 275 175  1
  82 176  1
  55 177  1
  62 177  1
 227 177  1
  51 178  1
  78 178  1
 241 178  1
 168 179  1
 223 179  1
  62 181  1
 165 183  1
 219 184  1
  92 186  1
 101 186  1
 111 187  1
 112 187  1
  13 188  1
 166 189  1
 207 189  1
 151 190  1
 264 190  1
 138 191  1
 157 191  1
  15 192  1
 135 192  1
 179 192  1
 111 193  1
 146 193  1
 159 194  1
 191 194  1
 192 194  1
 138 195  1
 154 195  1
 155 195  1
 148 197  1
 155 198  1
  19 199  1
  96 199  1
 136 199  1
 147 199  1
 116 200  1
  46 202  1
 144 202  1
 145 202  1
 146 202  1
  44 203  1
  51 204  1
 121 204  1
 123 204  1
 141 204  1
 161 204  1
 116 206  1
 255 206  1
  52 208  1
  53 208  1
  54 208  1
 103 208  1
 104 208  1
 144 208  1
 127 209  1
 131 209  1
 132 209  1
 164 209  1
  58 210  1
 253 210  1
 167 211  1
  35 212  1
  48 212  1
 104 213  1
 105 213  1
 173 214  1
 174 214  1
  29 215  1
  43 215  1
 135 215  1
 136 215  1
 137 215  1
 139 215  1
 249 215  1
  38 216  1
 116 217  1
  55 219  1
 106 219  1
 227 219  1
 231 219  1
  59 220  1
  60 220  1
  91 220  1
  97 220  1
 110 220  1
  48 221  1
  49 221  1
 179 221  1
 226 221  1
  91 222  1
 116 222  1
 117 222  1
  66 223  1
  46 224  1
  70 224  1
  92 224  1
 131 224  1
 133 224  1
  52 225  1
 109 225  1
 110 225  1
 127 225  1
 131 226  1
  57 227  1
  79 227  1
  50 228  1
  64 228  1
 226 228  1
 116 229  1
 117 229  1
 131 230  1
 133 230  1
 223 230  1
  47 232  1
  79 232  1
 110 232  1
 222 232  1
  84 233  1
  92 234  1
 129 234  1
  51 235  1
  91 236  1
  99 237  1
 100 237  1
 215 239  1
  84 240  1
  95 240  1
  59 242  1
  60 242  1
  63 243  1
 120 246  1
 197 248  1
  89 250  1
  94 252  1
  97 253  1
 133 255  1
 136 256  1


count = 652