 149   1  1
 161   1  1
 130   2  1
 120   3  1
 111   5  1
 182   5  1
 108   6  1
 146   6  1
 147   6  1
 153   6  1
 139   8  1
 128   9  1
 129   9  1
 189   9  1
 131  11  1
 137  11  1
 156  13  1
 199  13  1
 201  15  1
 133  16  1
 204  17  1
 100  18  1
 159  18  1
 138  19  1
 207  19  1
 105  20  1
 106  20  1
  72  21  1
 153  21  1
 155  21  1
 111  22  1
 158  22  1
 159  22  1
  68  23  1
  79  25  1
 113  26  1
 192  26  1
  71  27  1
 133  27  1
 134  27  1
  99  28  1
 111  29  1
 112  29  1
  65  31  1
  66  31  1
 134  31  1
 181  31  1
 182  31  1
 144  32  1
  55  33  1
 104  33  1
  69  34  1
  77  34  1
 110  34  1
 141  34  1
 149  34  1
  63  35  1
 178  35  1
 179  35  1
  51  36  1
 157  36  1
 181  36  1
  89  37  1
 185  37  1
 189  37  1
 190  37  1
  74  38  1
  79  38  1
 136  38  1
  48  39  1
 182  39  1
  58  40  1
  67  40  1
  75  40  1
 157  40  1
  71  41  1
  80  41  1
  81  41  1
 147  41  1
 182  41  1
 140  43  1
 200  43  1
 235  43  1
  74  44  1
  76  44  1
 196  44  1
  62  45  1
  80  46  1
 127  46  1
  66  47  1
 189  47  1
 190  47  1
 203  47  2
  38  48  1
 160  48  1
  81  49  1
 134  49  1
 204  49  1
 244  49  1
 228  50  1
 160  51  1
 161  51  1
 186  51  1
 187  51  1
 192  51  1
  34  52  1
  76  52  1
 129  52  1
 138  52  1
 227  52  1
 133  54  1
 144  54  1
 182  54  1
 189  54  1
 225  54  1
 234  54  1
 207  55  1
 146  56  1
 189  56  1
 198  56  1
 118  57  1
 119  57  1
 181  58  1
 182  58  2
 192  58  1
  29  60  1
  38  60  1
 160  60  1
 161  60  1
 222  60  1
 203  61  1
 208  61  1
 220  61  1
 124  62  1
 192  63  1
 230  63  1
 231  63  1
 258  63  1
 217  64  1
 149  65  1
 210  65  1
 211  65  1
  24  66  1
 215  66  1
 156  67  1
 235  67  1
 139  68  1
 198  68  1
 125  69  1
 120  70  1
 127  70  1
 198  70  1
  20  71  1
  28  71  1
 142  71  1
 143  71  1
 236  71  1
 237  71  1
 190  72  1
 215  72  1
  29  73  1
 154  73  1
 155  73  1
 247  73  1
 248  73  1
 202  74  1
 241  74  1
  35  75  1
  37  75  1
 143  75  1
 152  75  1
 266  75  1
 267  75  1
  16  76  1
  23  76  1
  40  76  1
 177  77  1
 236  77  1
  15  78  1
 185  78  1
 198  78  1
  22  79  1
 175  79  1
 222  80  1
 182  81  1
 204  81  1
 196  83  1
 197  83  1
  19  84  1
 167  84  1
 241  84  1
  25  85  1
 195  85  1
 157  86  1
 158  86  1
 221  86  1
 243  86  1
 273  87  1
  10  88  1
  17  88  1
 139  88  1
 145  88  1
 155  88  1
 170  88  1
 174  88  1
 212  88  1
 227  88  1
 244  88  1
  26  89  1
 249  89  1
  17  90  1
 185  90  1
 192  90  1
 230  90  1
   8  91  1
  24  91  1
 141  91  1
 143  91  1
 145  91  1
 209  91  1
 232  92  1
 236  92  1
 237  92  1
 133  93  1
 182  93  1
 216  93  1
  14  94  1
  25  95  1
  28  95  1
 114  96  1
 139  96  1
 145  96  1
 146  96  1
 179  96  1
   4  97  1
   5  97  1
 132  97  1
 151  97  1
 243  98  1
 257  98  1
  21  99  1
 112  99  1
 113  99  1
  13 100  1
  14 100  1
  15 100  1
 118 100  1
 255 100  1
 138 101  1
 141 101  1
 248 101  1
 148 102  1
 167 102  1
 256 103  1
 257 103  1
  29 104  1
 136 104  1
 137 104  1
  24 105  1
  25 105  1
  27 105  1
 184 105  1
   6 106  1
  13 106  1
  14 106  1
  15 106  1
  83 106  1
 164 106  1
 165 106  1
 166 106  1
 188 106  1
 248 106  1
   1 107  1
  54 107  1
  58 107  1
 130 107  1
 160 107  1
  83 108  1
 138 108  1
  50 109  1
  51 109  1
 102 109  1
 103 109  1
 254 109  1
 142 110  1
 143 110  1
 144 110  1
   8 111  1
  21 111  1
  22 111  1
  69 111  1
  70 111  1
 153 111  1
 156 111  1
 254 111  1
 276 112  1
  90 113  1
 130 113  1
 131 113  1
 160 113  1
 161 113  1
  23 114  1
  47 114  1
 107 114  1
 123 114  1
 124 114  1
   1 115  1
  66 115  1
 152 115  1
 184 115  1
 185 115  1
 251 115  1
  24 116  1
  47 116  1
  72 116  1
  75 116  1
  99 116  1
 255 116  1
  81 117  1
 132 117  1
 184 117  1
 195 117  1
 251 117  1
 259 117  1
 260 117  1
  29 118  1
  86 118  1
 128 118  1
 266 118  1
  91 119  1
  92 119  1
 135 119  1
 136 119  1
 200 119  1
  43 120  1
 255 120  1
   2 121  1
   3 121  1
  58 121  1
  60 121  1
  65 121  1
  86 121  1
 184 121  1
 194 121  1
 261 121  1
 272 121  1
 273 121  1
  51 122  1
 100 122  1
 255 122  1
   9 123  1
  75 123  1
  76 123  1
 160 123  1
 103 124  1
 104 124  1
 117 124  1
 186 124  1
 187 124  1
 154 125  1
 191 125  1
 244 125  1
  55 126  1
  60 126  1
  94 126  1
 135 126  1
 150 126  1
 195 126  1
 200 126  1
 202 126  1
  14 127  1
  21 127  1
  27 127  1
  64 127  1
  83 127  1
 106 127  1
 112 127  1
 242 127  1
 266 127  1
  55 128  1
  76 128  1
 101 128  1
 143 128  1
 149 128  1
 164 128  1
 215 128  1
 228 128  1
 117 129  1
 206 129  1
 246 129  1
  11 130  1
  47 130  1
  57 130  1
  61 130  1
 187 130  1
   6 131  1
   9 131  1
  44 131  1
 138 131  1
 203 131  1
 244 131  1
 258 132  1
  15 133  2
 129 133  1
 143 133  1
 149 133  1
 219 133  1
 237 133  1
 254 133  1
  99 134  1
 107 134  1
 187 134  1
 212 134  1
  14 135  1
  15 135  1
  39 135  1
 135 135  1
 150 135  1
 209 135  1
 101 136  1
 158 136  1
 231 136  1
 279 136  1
  11 137  1
  12 137  1
  96 137  1
 140 137  1
 161 137  1
  93 138  1
  94 138  1
 122 139  1
 123 139  1
 153 139  1
 116 140  1
 131 140  1
 132 140  1
 135 140  1
 188 141  1
 281 141  1
 282 141  1
 142 142  1
 159 142  1
 161 142  1
 270 142  1
 271 142  1
  88 143  1
 201 143  1
 261 143  1
 118 144  1
 132 144  1
 140 145  1
 151 145  1
 190 145  1
 258 146  1
  85 147  1
  86 147  1
 100 147  1
 102 147  1
 138 148  1
 161 148  1
 249 148  1
 253 148  1
 106 149  1
 124 149  1
 125 149  1
 188 150  1
 248 150  1
  92 151  1
  98 151  1
 117 151  1
 137 151  1
 138 151  1
 165 151  1
 244 152  1
 129 153  1
 250 153  1
 256 154  1
 198 155  1
 175 156  1
 101 157  1
 211 157  1
 261 157  1
 265 157  1
  78 158  1
  87 158  1
  94 158  1
 170 158  1
 200 158  1
 219 158  1
 254 158  1
 269 159  1
 259 160  1
 236 161  1
 243 161  1
 252 161  1
 275 161  1
 156 162  1
 180 162  1
 195 162  1
  17 163  1
  18 163  1
  20 163  1
 189 163  1
 204 163  1
 239 163  1
 222 164  1
 224 164  1
 247 164  1
  87 165  1
 157 165  1
 219 165  1
 235 165  1
 271 165  1
 207 166  1
 208 166  1
 243 166  1
 267 166  1
 273 166  1
 274 166  1
  19 168  1
 160 168  1
 218 168  1
 191 169  1
 236 169  1
 259 169  1
 264 169  1
  54 170  1
 164 170  1
 251 170  1
 279 170  1
 280 170  1
  38 171  1
  41 171  1
  81 171  1
 169 171  1
 204 172  1
 225 172  1
 234 172  1
  22 173  1
 199 173  1
 204 174  1
  33 175  1
 188 175  1
 189 175  1
 193 175  1
 194 175  1
  31 176  1
  85 176  1
  89 176  1
  37 177  1
  38 177  1
  45 177  1
  24 178  1
 197 178  1
 198 178  1
  52 179  1
  53 179  1
 175 179  1
 204 179  1
  47 180  1
 197 180  1
 198 180  1
 249 180  1
 250 180  1
  19 181  1
  51 181  1
 190 181  1
 204 181  1
 195 182  1
 275 182  1
 273 185  1
 158 186  1
 162 186  1
 272 187  1
 254 188  1
 151 189  1
 251 191  1
 252 191  1
 205 192  1
 269 192  1
 201 193  1
 129 194  1
 134 194  1
 170 194  1
 125 195  1
 199 195  1
 121 196  1
 123 196  1
 148 196  1
  71 197  1
 110 198  2
 115 198  1
 136 198  1
 148 198  1
 171 198  1
 172 198  1
  73 199  1
  77 199  1
 112 199  1
  63 200  1
  64 200  1
 172 201  1
 162 202  1
 264 202  1
 154 204  1
 155 204  1
 187 204  1
 188 204  1
 159 205  1
 143 208  1
 158 208  1
 159 208  1
 175 209  1
 176 209  1
 192 209  1
 135 210  1
 163 210  1
 164 210  1
  53 211  1
 198 211  1
 200 211  1
 166 213  1
 167 213  1
 118 214  1
  76 215  1
 149 215  1
 153 215  1
 112 216  1
 157 216  1
  70 218  1
 108 218  1
 121 218  1
 122 218  1
 157 218  1
  60 219  1
  61 219  1
  66 219  1
 144 219  1
 167 219  1
  75 220  1
 110 220  1
 116 220  1
 153 220  1
 160 220  1
 161 220  1
 123 221  1
 166 221  1
 203 221  1
  59 223  1
  63 223  1
  64 223  1
 163 223  1
 171 223  1
  72 224  1
 146 224  1
 148 224  1
 122 225  1
 142 225  1
  98 226  1
 103 226  1
 109 226  1
 110 226  1
 152 226  1
 154 226  1
 156 226  1
 118 227  1
 139 227  1
 204 228  1
  59 229  1
 102 229  1
  71 230  1
 137 231  1
 192 231  1
  63 232  1
  80 232  1
 134 232  1
 131 234  1
 195 234  1
 141 235  1
 105 236  1
 106 236  1
 148 236  2
  71 237  1
 109 237  1
 141 237  1
 226 237  1
  85 238  1
 198 238  1
 133 239  1
 223 239  1
  97 240  1
 130 240  1
  77 241  1
 102 242  1
 193 242  1
 194 242  1
  80 243  1
  81 243  1
 128 243  1
 192 244  1
 213 244  1
 140 245  1
 197 245  1
  89 246  1
 159 246  1
 210 246  1
  91 247  1
 108 247  1
 114 247  1
 190 247  1
 128 249  1
 154 250  1
 155 250  1
 160 250  1
 203 250  1
 105 251  1
 108 252  1
 141 252  1
 135 253  1
 190 254  1
 121 255  1


count = 721