 163   1  1
 167   1  1
 170   1  1
 175   1  1
 188   6  1
 107   8  1
 192   9  1
 193   9  1
 197  11  1
 200  13  1
 202  15  1
  72  18  1
 172  19  1
 173  19  1
  65  21  1
  66  21  1
  83  22  1
 108  22  1
 100  23  1
 105  23  1
 106  23  1
  55  26  1
  56  26  1
  74  26  1
  75  26  1
  95  26  1
 107  27  1
 205  27  1
 206  27  1
  77  28  1
  86  28  1
 101  28  1
  79  29  1
  96  29  1
 118  29  1
 112  30  1
 201  30  1
  56  34  1
  57  34  1
  71  34  1
  93  34  1
 201  34  1
 227  34  1
  77  35  1
 100  35  1
 111  35  1
  44  36  1
 109  37  1
 111  37  1
  51  38  1
 107  38  1
  62  39  1
  97  39  1
 181  40  1
  70  41  1
 114  41  1
 116  41  1
  59  42  1
  61  42  1
 127  42  1
 199  42  1
  52  43  1
 104  43  1
 124  43  1
 138  43  1
 142  43  1
 173  43  1
  75  44  1
  96  44  1
 160  44  1
 207  44  1
 129  45  1
 228  45  1
 229  45  1
 160  46  1
 180  46  1
 195  46  1
 107  47  1
 118  47  1
 170  47  1
 209  47  1
 211  47  1
  95  48  1
 135  48  1
 141  48  1
  44  49  1
 131  49  1
 162  49  1
 163  49  1
 176  49  1
 178  49  1
 200  49  1
 207  49  1
  31  51  1
  90  51  1
 112  51  1
 137  51  1
 138  51  1
 235  51  1
  42  52  1
 143  52  1
  36  53  1
 167  53  1
  29  54  1
 249  54  1
  78  55  1
 114  55  1
 130  55  1
 124  56  1
 142  57  1
 153  57  1
 196  57  1
 197  57  1
 206  57  1
 207  57  1
  40  58  1
  41  58  1
 132  58  1
 133  58  1
 137  58  1
 138  58  1
 185  58  1
 209  58  1
  93  59  1
 128  59  1
 109  60  1
 117  60  1
 118  60  1
 150  60  1
 209  60  1
  24  61  1
 196  61  1
  92  62  1
 141  62  1
 184  62  1
 214  63  1
  22  64  1
 117  64  1
 185  64  1
 186  64  1
 187  64  1
 193  64  1
 131  65  1
 135  65  1
 204  65  1
 119  66  1
 220  66  1
 237  66  1
 262  67  1
  28  68  1
 216  68  1
  87  69  1
 228  69  1
 138  70  1
 207  70  1
 208  70  1
 215  70  1
 216  70  1
 237  70  1
 264  70  1
 150  71  1
 142  72  1
 143  72  1
 233  72  1
 266  73  1
 179  74  1
 195  74  1
 199  74  1
  13  75  1
 173  75  1
 184  75  1
 186  75  1
 204  75  1
 225  75  1
 211  76  1
 168  77  1
 169  77  1
 206  77  1
 225  77  1
 269  77  1
 175  78  1
 176  78  1
 211  78  1
 220  78  1
 228  79  1
 230  79  1
  10  80  1
 194  80  1
 200  80  1
 163  81  1
 205  81  1
 230  81  1
 183  82  1
 184  82  1
 192  82  1
 193  82  1
 194  82  1
 199  82  1
 200  82  1
 190  83  1
 150  84  1
 151  84  1
 172  84  1
 173  84  1
 208  85  1
 149  86  1
 150  86  1
 204  86  1
 181  87  1
 170  88  1
 222  89  1
 228  89  1
 201  91  1
  32  92  1
 169  92  1
 170  92  1
 206  92  1
 207  92  1
 255  92  1
 263  92  1
  34  93  1
 197  93  1
 276  93  1
 277  93  1
 172  94  1
 192  94  1
 259  94  6
  23  95  1
 201  95  1
  37  96  1
 159  96  1
 160  96  1
 167  97  1
 173  97  1
 252  97  1
 189  98  1
  17 100  1
  79 100  1
  94 100  1
 179 100  1
 194 100  1
  98 101  1
 159 101  1
 160 101  1
 180 102  1
 181 102  1
 185 102  1
 186 102  1
 248 102  1
 258 102  1
 192 103  1
 254 103  1
 265 104  1
 266 104  1
  34 105  1
  38 105  1
 181 105  1
 245 105  1
 268 105  1
  44 106  1
 221 106  1
   3 107  1
   4 107  1
  24 107  1
 153 107  1
  29 109  1
  51 109  1
 110 109  1
 233 109  1
  31 110  1
 189 110  1
 191 110  1
 218 110  1
 219 110  1
 224 110  1
  54 111  1
  55 111  1
 118 111  1
 119 111  1
 157 111  1
 167 111  1
 237 111  1
  17 112  1
   1 113  1
   2 113  1
   7 114  1
  26 114  1
  85 114  1
 100 114  1
 110 114  1
 146 114  1
 164 114  1
 224 114  1
  22 115  1
  33 115  1
  35 115  1
 179 115  1
 230 115  1
 250 115  1
 254 115  1
   1 116  1
 157 116  1
 175 116  1
 237 116  1
 267 116  1
 165 117  1
 166 117  1
 260 117  1
  27 118  1
 110 118  1
 153 118  1
 182 118  1
 189 118  1
 190 118  1
 265 118  1
  18 119  1
  83 119  1
 228 119  1
 275 119  1
   1 120  1
  35 120  1
 105 120  1
 144 120  1
 250 120  1
 262 120  1
   6 121  1
   7 121  1
 246 121  1
 248 121  1
 208 122  1
 209 122  1
 235 122  1
  39 123  1
  46 123  1
 121 123  1
 153 123  1
 155 123  1
 114 124  1
 149 124  1
 171 124  1
 245 124  1
 269 124  1
   7 125  1
 140 125  1
 190 125  1
 275 125  1
  86 126  1
 108 126  1
 110 126  1
 145 126  1
 202 126  1
 212 126  1
 172 127  1
 181 127  1
 207 127  1
 250 127  1
 262 127  1
  19 128  1
  10 129  1
  23 129  1
  33 129  1
  41 129  1
 150 129  1
 157 129  1
 217 129  1
  30 130  1
 132 130  1
 170 130  1
 228 130  1
 229 130  1
 157 131  1
 192 131  1
 236 131  1
 241 131  1
 279 131  1
 143 132  1
  27 133  1
 148 133  1
 169 133  1
 170 133  1
   1 134  1
   2 134  1
  84 134  1
 191 134  1
 224 134  1
 227 134  1
  27 135  1
  29 135  1
 155 135  1
 188 135  1
 208 135  1
 221 135  1
  33 136  1
 104 137  1
 127 137  1
 177 137  1
 178 137  1
 210 137  1
   1 138  1
  12 138  1
  40 138  1
  94 138  1
 137 138  1
 138 138  1
 196 138  1
 197 138  1
  16 139  1
 132 139  1
 168 139  1
 121 140  1
 122 140  1
 180 140  1
 193 140  1
 191 141  1
 209 141  1
  94 142  1
 104 142  1
 117 142  1
  10 143  1
 198 143  1
 199 143  1
 216 143  1
 178 144  1
 220 144  1
 253 144  1
  25 145  1
  89 145  1
  96 145  1
 135 145  1
 146 145  1
 147 145  1
 168 145  1
 268 145  1
   5 146  1
 110 146  1
 111 146  1
 116 146  1
 117 146  1
 151 146  1
 264 146  1
 140 147  1
 201 147  1
 153 148  1
 167 148  1
 168 148  1
 205 148  1
  96 149  1
 145 149  1
 194 149  1
 220 149  1
   1 150  1
  15 150  1
 155 150  1
 156 150  1
  25 151  1
  95 151  1
 110 151  1
 195 151  1
 214 151  1
 218 151  1
 231 151  1
  16 152  1
  39 152  1
 114 152  1
 201 152  1
 245 152  1
 272 152  1
 273 152  1
   8 153  1
  46 153  1
 156 153  1
 166 153  1
 175 153  1
 205 153  1
 268 153  1
  50 154  1
  52 154  1
  99 154  1
 171 154  1
 193 154  1
 209 154  1
 252 154  1
 261 154  1
  10 155  1
 156 155  1
 164 155  1
 181 155  1
 105 156  1
 152 156  1
 219 156  2
 220 156  1
  10 157  1
 223 157  1
 242 157  1
 243 157  1
  89 158  1
 105 158  1
  10 159  1
  11 159  1
 168 159  1
 182 159  1
 223 159  1
 238 159  1
  93 160  1
 217 160  1
 226 160  1
 262 160  1
  86 162  1
 102 162  1
 220 162  1
 257 162  1
  81 163  1
 240 163  1
 162 164  1
 255 164  1
 151 165  1
 157 165  1
 167 165  1
 250 165  1
  34 166  1
  35 166  1
 160 166  1
 161 166  1
 173 166  1
  31 167  1
 237 167  1
 260 167  1
  17 168  1
 232 169  1
 244 169  1
 255 169  1
 269 169  1
 158 170  1
 238 170  1
  36 171  1
 185 171  1
 186 171  1
 248 171  1
 265 172  1
   8 173  1
   9 173  1
 162 173  1
 169 173  1
 189 173  1
  15 174  1
  22 174  1
 179 174  1
 180 174  1
 224 175  1
 220 176  1
 221 176  1
 243 176  1
 255 176  1
 264 176  1
 278 177  1
   9 178  1
  10 178  1
  29 178  1
 200 178  1
  35 179  1
 166 179  1
 213 179  1
 215 179  1
 256 180  1
 194 182  1
 200 182  1
 143 184  1
 144 184  1
 147 184  1
 172 184  1
 140 186  1
 198 186  1
 153 187  1
 195 187  1
  14 188  1
 129 188  1
 145 190  1
 154 190  1
  17 192  1
 145 192  1
 150 192  1
  67 193  1
 134 193  1
 147 193  1
 141 194  1
  59 195  1
 196 196  1
  54 198  1
  65 198  1
 262 198  1
  22 199  1
  79 200  1
 141 200  1
  52 201  1
  53 201  1
 155 201  1
 199 201  1
 201 201  1
 204 202  1
 163 203  1
  81 204  1
 197 204  1
 198 204  1
  84 205  1
  86 205  1
 159 205  1
  62 206  1
  63 206  1
 204 206  1
 205 206  1
  70 207  1
 179 207  1
 184 207  1
 253 207  1
  74 208  1
 147 208  1
 197 208  1
 137 209  1
 136 211  1
 137 211  1
 198 211  1
 199 211  1
 250 211  1
 123 212  1
 127 212  1
 129 212  1
  61 213  1
  62 213  1
  88 213  1
 119 213  1
 120 213  1
 150 213  1
 151 213  1
  71 215  1
 131 215  1
 177 215  1
  75 216  1
 136 216  1
 138 216  1
 191 216  1
  47 217  1
  48 217  1
  49 217  1
  64 217  1
  65 217  1
  67 217  1
  81 217  1
 241 217  1
  91 218  1
 130 218  1
 131 218  1
 143 218  1
 144 218  1
 148 219  1
  77 220  1
 140 220  1
 194 220  1
 200 220  1
 208 220  1
  50 221  1
  64 222  1
 119 222  1
 120 222  1
  56 223  1
  61 223  1
 104 223  1
 105 223  1
 234 223  1
  73 224  1
 102 224  1
 120 225  1
 121 225  1
 102 226  1
 125 226  1
 228 226  1
  89 227  1
  90 227  1
 102 228  1
 125 228  1
 225 228  1
  52 229  1
 121 229  1
 224 230  1
  54 231  1
 123 231  1
  57 233  1
 126 233  1
 213 233  1
  60 235  1
  71 235  1
  96 235  1
  76 236  1
  81 236  1
 141 237  1
 147 240  1
  68 241  1
 142 242  1
  79 243  1
 142 245  1
 139 246  1
 140 246  1
 208 246  1
  98 247  1
 203 248  1
 204 248  1
 143 250  1
 164 250  1
 161 251  1
 162 251  1
 192 252  1
 189 253  1
 111 254  1
 113 254  1
 123 255  1
 143 256  1
 180 256  1


count = 716