 161   1  1
 176   1  1
 190   2  1
 141   3  1
 192   3  1
 138   4  1
 135   5  1
 157   7  1
 149   8  1
 203   9  1
 122  11  1
 206  11  1
 117  13  1
 139  13  1
 153  13  1
 126  14  1
 126  17  1
 138  17  1
 149  18  1
 150  18  1
 154  18  1
 155  18  1
 172  20  1
 208  20  1
 130  21  1
 155  21  1
 222  21  1
 108  22  1
 114  22  1
 119  22  1
 120  22  1
 171  22  1
 172  22  1
 211  22  1
 151  23  1
 121  24  1
  88  25  1
 158  25  1
 160  25  1
  70  26  1
 123  26  1
 206  26  1
 211  26  1
  68  27  1
 157  27  1
 231  27  1
 133  28  1
 134  28  1
 179  28  1
 180  28  1
 119  29  1
 125  29  1
 126  29  1
 183  29  1
 184  29  1
 213  29  1
 215  29  1
  87  30  1
  71  31  1
 144  31  1
  75  32  1
  85  32  1
 126  33  1
 173  33  1
 174  33  1
 239  33  1
 128  34  1
  53  35  1
  75  35  1
 132  35  1
  69  36  1
  70  36  1
 151  36  1
 116  37  1
 141  37  1
  73  38  1
  74  38  1
  81  38  1
 155  38  1
 128  39  1
 145  39  1
  77  40  1
 139  40  1
 150  40  1
 151  40  1
 155  40  1
 175  40  1
 179  40  1
 147  42  1
 247  42  1
  69  43  1
 174  43  1
 181  43  1
 196  43  1
  72  44  1
  77  44  1
 128  44  1
 134  45  1
 150  45  1
 151  45  1
  39  46  1
  85  46  1
  87  46  1
 158  46  1
 180  46  1
 181  46  1
  83  47  1
 176  48  1
 161  49  1
 162  49  1
 133  50  1
 196  50  1
 255  50  1
 126  51  1
 127  51  1
 162  51  1
 170  51  1
 182  52  1
 137  53  1
 138  53  1
 153  53  1
 173  53  1
 175  53  1
 191  54  1
 129  55  1
 175  55  1
 131  57  1
 160  58  1
 162  58  1
 198  59  1
 200  59  1
 154  60  1
 155  60  1
 241  60  1
  31  61  1
 200  61  1
 136  62  1
 143  62  1
 144  62  1
 157  62  1
 200  63  1
 201  63  1
 268  63  1
 269  63  1
 171  64  1
 172  64  1
 185  64  1
  28  66  1
  29  66  1
 145  66  1
 204  66  1
 236  66  1
 176  67  1
 198  67  1
 170  68  1
 171  68  1
 189  68  1
 249  68  1
 250  68  1
 259  69  1
  37  70  1
 131  70  1
 253  70  1
 254  70  1
  15  71  1
 205  71  1
 241  71  1
  38  72  1
 168  72  1
 182  72  1
 254  72  1
 133  73  1
 140  73  1
 259  73  1
 260  73  1
  13  74  1
 172  74  1
 129  75  1
 253  75  1
 274  75  1
 275  75  1
  18  76  1
  19  76  1
 197  76  1
 183  77  1
 193  78  1
 194  78  1
 275  78  1
 276  78  1
 130  79  1
  10  80  1
  39  80  1
 141  80  1
 171  80  1
  22  81  1
 166  81  1
 167  81  1
 173  81  1
  53  82  1
 189  82  1
 124  83  1
 143  84  1
  13  85  1
 148  85  1
 173  85  1
 277  85  1
 278  85  1
  20  86  1
 183  86  1
 187  86  1
 251  86  1
   6  87  1
   7  87  1
 112  87  1
 168  87  1
 174  87  1
  31  88  1
  42  88  1
 117  88  1
 253  88  1
 257  88  1
 174  89  1
 175  89  1
  42  90  1
  43  90  1
   5  91  1
   6  91  1
  29  93  1
 174  93  1
  46  94  1
  48  94  1
   3  96  1
   4  96  1
   9  96  1
  32  96  1
  40  96  1
  71  96  1
  72  96  1
 176  96  1
 180  96  1
  81  97  1
  82  97  1
  17  98  1
  18  98  1
  13  99  1
  21 100  1
  17 103  1
 176 103  1
  71 104  1
 173 104  1
 179 104  1
 163 105  1
  50 106  1
 179 106  1
  75 107  1
  81 107  1
  83 107  1
 159 107  1
  78 108  1
 238 108  1
 239 108  1
 272 108  1
  54 109  1
 189 109  1
 196 109  1
 198 109  1
  78 110  1
 170 110  1
 179 110  1
   9 111  1
 228 111  1
 257 111  1
 164 112  1
 233 112  1
 234 112  1
 235 112  1
  88 113  1
 204 113  1
 205 113  1
   7 115  1
  34 115  1
  51 115  1
 158 115  1
 215 115  1
 223 115  1
 257 115  1
  83 116  1
 194 117  1
 219 117  1
 220 117  1
 239 117  1
 240 117  1
  86 118  1
 117 118  1
 182 118  1
 191 118  1
 231 118  1
 232 118  1
 135 119  1
 152 119  1
 201 119  1
 218 119  1
  18 120  1
 122 120  1
 232 120  1
  92 121  1
 181 121  1
 210 121  1
 211 121  1
  17 122  1
  29 122  1
 177 122  1
 194 122  1
   7 123  1
  64 123  1
 114 123  1
 170 123  1
 186 123  1
 234 123  1
 239 123  1
 240 123  1
  12 124  1
  13 124  1
  95 124  1
  96 124  1
 110 124  1
 121 124  1
 137 124  1
 155 124  1
  89 125  1
  90 125  1
  99 125  1
 105 125  1
 117 125  1
 205 125  1
  73 126  1
 185 126  1
 261 126  1
 268 126  1
   3 127  1
   4 127  1
  65 127  1
  69 127  1
 266 127  1
  80 128  1
  91 128  1
 126 128  1
 127 128  1
 222 128  1
  44 129  1
 192 129  1
 193 129  1
 218 129  1
 232 129  1
 253 129  1
  69 130  1
 108 130  1
 139 130  1
 240 130  1
 103 131  1
 122 131  1
 150 131  1
 183 131  1
   9 132  1
  10 132  1
  81 132  1
  92 132  1
  99 132  1
 158 132  1
 206 132  1
  85 133  1
 176 133  1
 188 133  1
 201 133  1
   2 134  1
   3 134  1
  14 134  1
  43 134  1
  96 134  1
 215 134  1
 216 134  1
  85 135  1
 210 135  1
   1 137  1
 195 137  1
 187 138  1
 188 138  1
   5 139  1
 141 139  1
 182 139  1
 183 139  1
 198 139  1
 213 139  1
 148 140  1
 152 140  1
 279 140  1
 280 140  1
 124 142  1
 147 142  1
 161 142  1
 211 142  1
 129 143  1
 141 143  1
 142 143  1
 156 143  1
 186 143  1
 187 143  1
 281 143  1
 282 143  1
 114 144  1
 116 144  1
 148 144  1
 188 145  1
 189 145  1
 224 145  1
 274 145  1
 275 145  1
   1 146  1
 171 146  1
 172 146  1
 212 146  1
 107 147  1
 139 147  1
 140 147  1
 141 147  1
 199 147  1
 200 147  1
 129 148  1
 137 148  1
 178 148  1
 195 148  1
 172 149  1
  95 150  1
 274 150  1
 275 150  1
 121 151  1
 201 152  1
 128 153  1
 214 153  1
 220 153  1
   9 154  1
  10 154  1
  93 154  1
 142 154  1
 197 154  1
  99 155  1
 100 155  1
 172 155  1
   3 156  1
   4 156  1
 195 156  1
  11 157  1
 145 157  1
  18 158  1
  78 158  1
  88 159  1
  89 159  1
 189 159  1
 190 159  1
   4 161  1
   5 161  1
  10 162  1
  17 162  1
 213 162  1
   5 165  1
   6 165  1
  40 166  1
  44 166  1
  18 167  1
  38 167  1
 184 167  1
 185 167  1
 187 167  1
   6 168  1
   7 168  1
  35 168  1
 228 168  1
  20 170  1
  21 170  1
  52 172  1
 229 172  1
 230 172  1
 193 173  1
 197 173  1
  52 174  1
 169 174  1
 179 174  1
  36 176  1
  52 176  1
  53 176  1
 167 176  1
 230 176  1
 275 176  1
 276 176  1
  11 177  1
 195 177  1
 220 177  1
 224 178  1
 227 178  1
  20 179  1
 204 179  1
 207 179  1
 211 179  1
 212 179  1
  31 180  1
 168 180  1
  14 181  1
 202 182  1
 273 182  1
  34 183  1
 223 183  1
 224 183  1
 186 184  1
  55 186  1
 271 186  1
  28 188  1
  29 188  1
 220 190  1
 179 191  1
 215 191  1
 188 192  1
 211 192  1
  24 193  1
 108 193  1
 204 193  1
  57 194  1
 103 195  1
  26 196  1
  57 196  1
 261 196  1
 125 198  1
  28 199  1
 132 199  1
 259 199  1
  97 202  1
 125 203  1
  86 204  1
 132 205  1
 141 205  1
  85 206  1
 135 207  1
 161 207  1
 253 207  1
 251 211  1
 163 214  1
 133 216  1
 137 216  1
 152 216  1
  46 218  1
 157 218  1
 158 218  1
 243 221  1
 138 222  1
  53 223  1
 139 224  1
 238 225  1
 156 227  1
 134 228  1
  61 229  1
 132 230  1
 229 230  1
  64 231  1
  65 231  1
 226 232  1
 131 235  1
 132 235  1
 153 235  1
 154 235  1
  78 236  1
  81 237  1
  88 239  1
 151 239  1
 216 240  1
 149 242  1
 213 242  1
 127 245  1
 132 245  1
 133 245  1
 112 246  1
 147 246  1
 148 246  1
 137 247  1
 115 248  1
 116 248  1
 140 248  1
 202 249  1
 146 250  1
 183 253  1
 144 254  1
 147 255  1


count = 590