 145   1  1
 173   1  1
 177   1  1
 131   3  1
 124   4  1
 193   4  1
 196   5  1
 118   6  1
 198   6  1
 138   8  1
 132   9  1
 107  10  1
 156  10  1
 104  11  1
  98  12  1
 156  12  1
 212  13  1
 134  14  1
 161  14  1
 111  15  1
  83  16  1
 105  16  1
 142  16  1
 143  16  1
  91  21  1
  92  21  1
 107  21  1
 221  21  1
  85  22  1
 127  22  1
  68  23  1
 125  23  1
 139  24  1
 140  24  1
  66  25  1
  62  27  1
  93  27  1
  94  27  1
  71  28  1
  76  30  1
  77  30  1
 149  31  1
  96  32  1
  97  32  1
  72  33  1
 143  33  1
  76  34  1
 106  35  1
 144  35  1
 152  35  1
  48  37  1
 121  38  1
 126  38  1
 111  39  1
 134  39  1
  44  40  1
 120  40  1
 130  40  1
 145  40  1
 146  40  1
  49  42  1
 125  42  1
 126  42  1
 152  42  1
 133  43  1
 159  43  1
  85  45  1
 113  45  1
 114  45  1
 116  45  1
 119  45  1
 134  45  1
 138  45  1
 139  45  1
  44  46  1
  45  46  1
  51  46  1
 124  46  1
 125  46  1
  34  48  1
  53  48  1
 120  49  1
 124  50  1
  49  52  1
  50  52  1
 142  52  1
  54  53  1
  96  53  1
 133  53  1
 134  53  1
 135  53  1
  88  55  1
 144  55  1
 145  55  1
 127  57  2
 138  57  1
 256  57  1
 146  59  1
 147  59  1
 259  61  1
  19  64  1
 184  64  1
 217  64  1
  17  67  1
 150  67  1
 158  67  1
  23  68  1
 265  68  1
  15  70  1
 181  70  1
 201  70  1
 202  70  1
 208  70  1
  27  71  1
  28  71  1
  34  71  1
 177  71  1
  27  73  1
  36  73  1
  18  74  1
 205  74  1
  12  75  1
  27  75  1
 181  76  1
 271  76  1
 199  78  1
 205  78  1
 216  79  1
 273  80  1
   8  81  1
  15  82  1
 196  82  1
 227  82  1
 228  82  1
   7  84  1
   8  84  1
 178  85  1
 179  85  1
 275  86  1
 276  86  1
  12  87  1
  13  87  1
 218  88  1
 180  89  1
 191  90  1
 231  90  1
  36  92  1
 188  92  1
 189  92  1
 218  92  1
 219  92  1
  34  93  1
 183  93  1
  14  98  1
  20  98  1
  18  99  1
 178 101  1
 179 101  1
 220 101  1
  29 103  1
 225 104  1
 226 104  1
 237 105  1
   3 106  1
   4 106  1
 197 106  1
 198 106  1
  40 107  1
  45 107  1
  46 107  1
  47 107  1
 170 107  1
 179 107  1
 237 107  1
   2 109  1
   3 109  1
  69 110  1
  91 111  1
 104 111  1
 102 112  1
 110 112  1
 243 112  1
 244 112  1
  55 113  1
 100 113  1
 169 113  1
   7 114  1
  45 114  1
  71 114  1
 174 114  1
 244 114  1
 114 115  1
 115 115  1
 166 115  1
 198 115  1
 128 116  1
 187 116  1
 193 116  1
 235 116  1
 236 116  1
 237 116  1
 244 116  1
  62 117  1
  63 117  1
 130 117  1
 160 117  1
 161 117  1
 203 117  1
 273 117  1
 274 117  1
 234 118  1
 235 118  1
 241 118  1
  75 119  1
 176 119  1
 180 119  1
  65 120  1
 132 120  1
 252 120  1
 205 121  1
 217 121  1
 237 121  1
   8 122  1
 251 122  1
  27 123  1
  33 123  1
 143 123  1
 222 123  1
  45 124  1
 198 124  1
 199 124  1
 201 124  1
 265 124  1
  34 125  1
  38 125  1
 173 125  1
 230 125  1
 235 125  1
   2 126  1
  25 126  1
  41 126  1
  42 126  1
  60 126  1
  62 126  1
 178 126  1
 179 126  1
 104 127  1
 135 127  1
  13 128  1
  53 128  1
  64 128  1
  65 128  1
 145 128  1
 171 128  1
 172 128  1
 193 128  1
 194 128  1
 224 128  1
  30 129  1
  35 129  1
 197 129  1
 244 129  1
 266 129  1
 202 130  1
 203 130  1
 239 130  1
  13 131  1
  18 131  1
  26 131  1
  59 131  1
 119 131  1
 125 131  1
 221 131  1
 251 131  1
 260 131  1
  30 132  1
  42 132  1
  50 132  1
  52 132  1
  54 132  1
 143 132  1
 161 132  1
 232 132  1
 254 132  1
 255 132  1
 272 132  1
 273 132  1
   2 133  1
   7 133  1
  10 133  1
  11 133  1
  66 133  1
  67 133  1
  86 133  1
 116 133  1
 177 133  1
 205 133  1
 239 133  1
 147 134  1
 224 134  1
  17 135  1
  32 135  1
  37 135  1
  60 135  1
 122 135  1
 123 135  1
 178 135  1
 197 135  1
 233 135  1
  20 136  1
  27 136  1
 194 136  1
 245 136  1
 173 137  1
 241 137  1
 243 137  1
 250 137  1
   6 138  1
  64 139  1
 119 139  1
 193 139  1
  50 140  1
  51 140  1
  74 140  1
  75 140  1
 158 140  1
 203 140  1
 204 140  1
  64 141  1
  65 141  1
 126 141  1
   6 142  1
 161 142  1
 183 142  1
 184 142  1
 185 142  1
  38 143  1
  53 143  1
 202 143  1
 247 143  1
 255 143  1
  31 144  1
 119 144  1
 222 144  1
 223 144  1
 236 144  1
  59 145  1
 257 145  1
 258 145  1
   1 146  1
  31 146  1
  72 146  1
 171 146  1
 182 146  1
 183 146  1
 250 146  1
 251 146  1
  39 148  1
  70 148  1
 190 148  1
 253 148  1
   1 149  1
 184 149  1
  52 150  1
  25 151  1
  50 152  1
 215 152  1
  43 153  1
  85 153  1
 187 153  1
  73 154  1
  74 154  1
  80 154  1
 184 154  1
   9 155  1
 154 159  1
 160 159  1
 175 159  1
 176 159  1
 181 160  1
 182 160  1
 197 163  1
 180 164  1
 193 164  1
  35 165  1
  14 166  1
  27 166  1
 198 166  1
 199 168  1
   5 169  1
   6 169  1
  16 169  1
  31 171  1
  32 171  1
 168 171  1
 180 171  1
 173 172  1
 174 172  1
 161 173  1
 197 173  1
 184 174  1
 189 175  1
 191 175  1
  16 176  1
 184 176  1
 199 176  1
 200 176  1
 226 179  1
 184 180  1
 188 181  1
 232 181  1
 233 181  1
 222 182  1
 223 182  1
 176 183  1
 178 183  1
 228 183  1
 229 183  1
 281 184  1
 282 184  1
 181 185  1
 196 185  1
 217 185  1
  12 186  1
 202 187  1
 208 187  1
 280 187  1
 281 187  1
 193 189  1
 228 189  1
 229 189  1
 240 189  1
 185 190  1
 206 192  1
  18 194  1
 153 194  1
 158 195  1
 202 196  1
 203 196  1
 230 196  1
 231 196  1
 275 196  1
 141 197  1
 182 197  1
 211 197  1
  37 198  1
  38 198  1
  49 198  1
 146 198  1
 206 198  1
 140 199  1
 217 199  1
 156 200  1
 157 200  1
  33 201  1
 271 201  1
  83 202  1
  84 202  1
 151 202  1
 153 202  1
  48 206  1
 128 206  1
 120 207  1
 121 207  1
 133 207  1
 127 209  1
 144 209  1
  34 210  1
  45 210  1
 139 211  1
  78 212  1
  39 213  1
 133 215  1
 169 217  1
  76 218  1
 254 218  1
 127 219  1
 128 219  1
 158 219  1
 159 219  1
 250 220  1
 167 221  1
  51 222  1
 247 222  1
 159 223  1
  77 225  1
 120 225  1
 121 225  1
 127 225  1
 151 226  1
 242 226  1
 137 227  1
 156 227  1
  59 228  1
  70 228  1
  62 230  1
  63 230  1
 140 230  1
  84 231  1
 121 231  1
 122 231  1
 154 231  1
  70 233  1
 142 233  1
  73 234  1
 122 234  1
 187 237  1
  80 238  1
 132 240  1
 133 240  1
 187 240  1
 100 241  1
 223 241  1
 117 242  1
 187 242  1
 163 243  1
 190 243  1
 219 243  1
  97 244  1
 114 244  1
 142 244  1
 184 244  1
 101 245  1
 167 246  1
 215 246  1
 108 247  1
 133 248  1
 116 249  1
 119 250  1
 190 250  1
 160 251  1
 184 251  1
 168 252  1
 131 253  1
 134 254  1
 194 254  1
 191 255  1


count = 537