 135   1  1
 173   1  1
 185   2  1
 188   3  1
 120   4  1
 117   5  1
 160   5  1
 195   5  1
 148   7  1
 149   7  1
 107   8  1
 105   9  1
 186   9  1
 204   9  1
 193  12  1
 212  13  1
  90  14  1
 215  15  1
 191  16  1
  82  17  1
  79  18  1
 221  18  1
  77  19  1
  72  21  1
  73  21  1
  86  21  1
  64  24  1
  75  25  1
 165  25  1
  62  26  1
  88  26  1
 147  27  1
  56  29  1
 150  29  1
 163  29  1
 169  29  1
 170  29  1
  76  30  1
 159  30  1
  50  32  1
  51  32  1
 150  32  1
 151  32  1
  81  34  1
  61  35  1
  86  35  1
 151  35  1
 152  35  1
 164  35  1
  98  36  1
  99  36  1
 171  36  1
 172  36  1
 152  37  1
  88  38  1
 152  39  1
 153  39  1
 167  40  1
  92  41  1
 188  41  1
  82  42  1
 161  42  1
  61  43  1
  63  43  1
  65  43  1
  97  43  1
 190  44  1
 154  45  1
 155  45  1
 163  46  1
  59  47  1
 168  47  1
  56  48  1
  62  49  1
  84  49  1
 252  50  1
 253  50  1
  87  51  1
  88  51  1
 166  51  1
 163  52  1
 164  52  1
 254  53  1
 255  53  1
 160  56  1
 165  56  1
  24  57  1
  20  62  1
 264  65  1
  25  67  1
 189  68  1
 195  68  1
  30  70  1
 187  70  1
 267  70  1
  13  71  1
 179  71  1
 199  71  1
  40  72  1
 269  73  1
  11  74  1
  18  74  1
 186  74  1
 171  75  1
 168  76  1
  43  77  1
 180  77  1
  38  78  1
 159  79  1
  34  80  1
  35  80  1
  50  80  1
 197  80  1
 198  80  1
 215  80  1
   8  81  1
   9  81  1
 275  81  1
  50  82  1
   8  83  1
 155  83  1
 195  84  1
 221  84  1
 222  84  1
  25  85  1
  96  85  1
 152  85  1
 215  85  1
  91  86  1
  14  87  1
  15  87  1
  41  87  1
  45  88  1
  74  88  1
 131  88  1
 238  88  1
 239  88  1
  15  89  1
 111  90  1
 124  90  1
  13  91  1
 191  91  1
   4  92  1
   5  92  1
  20  92  1
 212  93  1
 223  93  1
  22  94  1
  23  94  1
  32  94  1
 218  94  1
 208  96  1
  73  97  1
 224  98  1
  28  99  1
  29  99  1
 238  99  1
  76 100  1
 208 100  1
 282 100  1
 283 100  1
   1 104  1
  56 104  1
  69 105  1
  74 105  1
 178 105  1
 232 105  1
  77 107  1
  83 108  1
  55 109  1
  59 110  1
 166 110  1
 167 110  1
 172 110  1
   5 111  1
   6 111  1
  61 111  1
 221 113  1
   4 114  1
 166 114  1
  92 115  1
  93 115  1
 103 115  1
 219 115  1
   5 116  1
 109 116  1
  59 117  1
  79 117  1
  89 117  1
  93 117  1
 217 118  1
 218 118  1
  73 120  1
  75 120  1
  94 120  1
  96 120  1
 100 120  1
 125 120  1
   1 121  1
 104 121  1
 231 122  1
 125 124  1
 154 124  1
 177 124  1
   9 125  2
  10 125  1
 150 125  1
 275 125  1
 276 125  1
  32 127  1
 159 127  1
 223 127  1
 248 127  1
 140 128  1
 170 128  1
 171 128  1
 197 128  1
 202 128  1
  59 129  1
  68 129  1
  13 130  1
 164 130  1
  22 131  1
  63 131  1
  28 132  1
 151 132  1
 155 132  1
 165 132  1
 170 132  1
 180 132  1
 207 132  1
 216 132  1
  36 133  1
  37 133  1
  52 133  1
  53 133  1
  68 133  1
  69 133  1
 187 133  1
 250 133  1
 264 133  1
  58 134  1
 214 134  1
  43 135  1
  65 135  1
 273 135  1
  34 136  1
 206 136  1
  27 137  1
  28 137  1
  47 137  1
  48 137  1
  99 137  1
 188 137  1
 234 137  1
 237 137  1
 238 137  1
 239 137  1
 109 138  1
 252 140  1
  90 141  1
  91 141  1
 125 141  1
 198 141  1
 233 141  1
 257 141  1
 258 141  1
 280 141  1
 281 141  1
 151 142  1
 200 142  1
 240 142  1
  51 143  1
  85 143  1
 161 143  1
 244 143  1
  94 144  1
 133 144  1
 237 144  1
  60 146  1
 110 146  1
 170 146  1
 175 146  1
 161 147  1
 162 147  1
 275 147  1
  50 148  1
  83 148  1
  84 148  1
 110 148  1
 117 148  1
 122 148  1
 242 149  1
 260 149  1
  45 150  1
 103 150  1
 105 150  1
  59 151  1
 170 151  1
 171 151  1
  51 152  1
  80 153  1
 102 153  1
 270 153  2
  40 154  1
  43 154  1
  44 154  1
 172 154  1
 181 154  1
 238 154  1
 244 154  1
 251 154  1
  28 155  1
  30 155  1
  31 155  1
  95 155  1
 177 155  1
  49 156  1
  64 156  1
 231 156  1
  55 158  1
  80 158  1
 189 158  1
 224 158  1
 219 159  1
 261 159  1
  66 160  1
  75 160  1
 191 161  1
 196 161  1
 241 161  1
 225 162  1
 237 162  1
 254 162  1
 271 162  1
   7 163  1
 219 163  1
 229 163  1
 198 164  1
 232 164  1
 269 164  1
 221 166  1
 251 166  1
  74 170  1
 280 170  1
 132 172  1
 239 172  1
  80 173  1
 120 173  1
 125 174  1
 246 174  1
 264 174  1
 231 175  1
  16 176  1
 150 176  1
 225 176  1
 235 176  1
 242 176  1
 243 176  1
 216 177  1
 163 178  1
 166 179  1
 259 179  1
 264 179  1
 274 179  1
  18 180  1
 171 181  1
 218 181  1
 225 181  1
 176 182  1
 202 182  2
 178 183  1
 179 183  1
 193 183  1
  21 185  1
 208 185  1
 181 186  1
 194 187  1
 269 187  1
 268 189  1
 198 190  1
 204 191  1
 205 191  1
 190 199  2
 191 199  1
 192 199  1
 215 199  1
  37 201  1
 262 201  1
 212 202  1
 228 203  1
  42 205  1
 260 205  1
  68 206  1
 196 206  1
 200 206  1
 166 207  1
 204 207  1
 213 207  1
 223 207  1
  65 208  1
 157 208  1
  71 209  1
  72 209  1
 215 209  1
 225 210  1
 226 210  1
 255 211  1
  51 212  1
  67 212  1
 154 212  1
 204 212  1
 128 213  1
 167 213  1
 168 213  1
 195 213  2
 208 213  1
 233 213  1
 234 213  1
  73 214  1
 203 214  1
 116 215  1
 122 216  1
 124 216  1
 209 216  1
 210 216  1
  58 217  1
 152 217  1
 153 217  1
 165 217  1
  88 218  2
  89 218  2
  90 218  1
 215 218  1
  69 219  1
 159 219  1
 161 219  1
 125 220  1
 126 220  1
 131 220  1
 207 220  1
 248 220  1
  89 222  1
  90 222  1
 150 222  1
 151 222  1
 217 222  1
 117 223  1
 118 223  1
 156 223  1
 221 223  1
 222 223  1
  67 224  1
  68 224  1
 182 224  1
 187 225  1
 188 225  1
 226 225  1
 227 225  1
  79 226  1
  74 227  1
 209 227  1
 241 227  1
  88 228  1
 149 228  1
 150 228  1
  76 229  1
 118 229  1
 179 229  1
 180 229  1
 150 231  1
 151 231  1
 225 233  1
 128 234  1
 129 234  1
  89 237  1
 219 237  1
  98 238  1
 101 239  1
 122 239  1
 127 239  1
 226 239  1
 224 241  1
 110 242  1
 130 242  1
 131 242  1
 113 243  1
 156 244  1
 167 244  1
 119 245  1
 215 245  1
 216 245  1
 124 247  1
 159 247  1
 184 247  1
 185 247  1
 212 247  1
 173 248  1
 129 249  1
 149 250  1
 162 251  1
 183 251  1
 201 251  1
 138 252  1
 155 252  1
 175 252  1
 189 254  1
 155 257  1


count = 508