 166   1  1
 184   1  1
 141   4  1
 199   6  1
 200   6  1
 132   7  1
 129   8  1
 119  11  1
 196  11  1
 157  12  1
 114  13  1
 170  13  1
 110  15  1
 111  15  1
 163  17  1
 104  19  1
 167  21  1
 229  22  1
  96  23  1
  97  23  1
 173  23  1
 157  24  1
 191  24  1
 103  25  1
  89  26  1
  91  26  1
 165  27  1
 166  27  1
 235  27  1
 236  27  1
 170  28  1
 239  28  1
 193  29  1
 156  30  1
 161  30  1
  93  31  1
 165  31  1
 173  32  1
 169  33  1
  50  35  1
 114  35  1
 118  35  1
 161  35  1
 106  36  1
  47  37  1
 121  38  1
 124  38  1
  43  39  1
 170  39  1
 209  40  1
 131  41  1
 194  41  1
  37  42  1
  38  42  1
 161  42  1
 105  43  1
 134  43  1
 135  43  1
 102  44  1
 257  45  1
 139  46  1
 167  46  1
 190  46  1
 109  47  1
 145  47  1
  99  48  1
 115  48  1
 116  48  1
 164  48  1
 147  49  1
 108  50  1
 136  50  1
 137  50  1
 104  51  1
 122  51  1
 147  53  1
 170  53  1
 187  53  1
  82  54  1
 128  54  1
 129  54  1
 104  55  1
 105  55  1
 109  55  1
 166  55  1
  22  56  1
 139  57  1
 156  57  1
 160  57  1
 161  57  1
  84  58  1
  91  58  1
 152  58  1
 187  58  1
 189  58  1
 113  59  1
 135  60  1
 118  61  1
 140  61  1
 141  61  1
 169  61  1
 183  61  1
  83  62  1
 159  62  1
 194  62  1
  78  63  1
 106  64  1
 108  64  1
 156  65  1
 184  65  1
 185  65  1
 203  65  1
 216  65  1
 237  66  1
 238  66  1
 278  66  1
  18  68  1
  19  68  1
 139  68  1
 189  68  1
 195  68  1
 196  68  1
 221  68  1
 244  68  1
 152  69  1
  11  70  1
  12  70  1
 136  70  1
 164  70  1
 213  70  1
 221  70  1
 233  70  1
 234  70  1
  25  71  1
  23  72  1
 160  72  1
 161  72  1
 189  72  1
 210  72  1
 237  72  1
  16  73  1
 186  73  1
 229  73  1
 131  74  1
 146  74  1
 155  74  1
 205  74  1
 237  74  1
   9  75  1
 193  75  1
 201  75  1
 232  75  1
  19  76  1
  20  76  1
 137  76  1
 144  76  1
 185  76  1
 186  76  1
  59  79  1
  61  79  1
  45  80  1
 145  80  1
 240  80  1
 241  80  1
 253  80  1
  54  81  1
 162  81  1
  50  82  1
  58  82  1
 137  82  1
 138  82  1
 139  82  1
 251  82  1
 258  82  1
   5  83  1
   6  83  1
 144  83  1
 152  83  1
 188  83  1
  40  84  1
 129  84  1
 169  84  1
 170  84  1
 246  84  1
 134  85  1
 144  85  1
 152  85  1
 156  85  1
 157  85  1
 235  85  1
 256  85  1
  24  86  1
 128  86  1
 142  87  1
 183  87  1
 240  87  1
  31  88  1
 158  88  1
 159  88  1
 135  89  1
 132  90  1
 149  90  1
 150  90  1
 172  90  1
 173  90  1
 190  90  1
 119  91  1
 164  91  1
 180  91  1
 132  92  1
 145  92  1
 139  93  1
 147  93  1
 148  93  1
 131  94  1
 132  94  1
 153  94  1
 184  95  1
 209  96  1
   1  97  1
   2  97  1
  96  97  1
 120  97  1
 240  97  1
 181  98  1
  73  99  1
 127  99  1
 128  99  1
 175  99  1
 200  99  1
  67 100  1
 101 100  1
 170 100  1
 171 100  1
 215 100  1
 109 101  1
 148 101  1
 149 101  1
   1 102  1
  75 102  1
 113 102  1
 149 103  1
 169 103  1
 248 103  1
 249 103  1
  44 104  1
  45 104  1
 208 104  1
 209 104  1
  34 105  1
  36 105  1
 175 105  1
  69 107  1
 121 107  1
 180 107  1
 111 108  1
 207 108  1
  47 109  1
  79 109  1
 117 109  1
 170 109  1
 224 109  1
  26 110  1
 209 110  1
 218 110  1
  41 111  1
 174 111  1
 100 112  1
 108 112  1
 181 112  1
 182 112  1
  38 113  1
 174 113  1
 208 114  1
 209 114  1
  22 115  1
  23 115  1
  76 115  1
 165 115  1
 166 115  1
 218 115  1
 281 115  1
 282 115  1
 162 116  1
 205 116  1
  36 117  1
  88 118  1
 170 118  1
 183 119  1
 184 119  1
 191 119  1
 197 119  1
 222 119  1
 159 120  1
 215 120  1
 280 120  1
 281 120  1
   1 121  1
  31 122  1
  81 122  1
 200 122  1
 204 122  1
 220 122  1
 234 122  1
 235 122  1
  68 123  1
 129 123  1
 154 123  1
 172 123  1
 174 123  1
 176 123  1
 232 123  1
 258 123  1
  37 124  1
  59 124  1
 211 124  1
 267 124  1
 269 124  1
 270 124  1
 129 125  1
 130 125  1
  31 126  1
 187 126  1
 191 126  1
 200 126  1
 278 126  1
  16 127  1
  72 127  1
  74 127  1
  76 127  1
  88 127  1
  89 127  1
 152 127  1
 243 127  1
 112 128  1
 169 128  1
 251 128  1
 255 128  1
 130 129  1
 179 129  1
 180 129  1
 195 129  1
 233 129  1
 235 129  1
  25 130  1
  39 130  1
  82 130  1
 125 130  1
 126 130  1
 141 130  1
 185 130  1
  32 131  1
 136 131  1
 246 131  1
 247 131  1
  53 132  1
 191 132  1
 195 132  1
 277 132  1
 278 132  1
   7 133  1
   8 133  1
 136 133  1
  20 134  1
  24 134  1
  26 134  1
  28 134  1
 257 134  1
  44 135  1
  83 135  1
  96 135  1
 144 135  1
 188 135  1
  91 136  1
 111 136  1
 155 136  1
 193 136  1
 207 136  1
 246 136  1
 247 136  1
  11 137  1
  12 137  1
 120 137  1
 180 137  1
 203 137  1
 267 137  1
  29 138  1
 147 138  1
 148 138  1
  85 139  1
  86 139  1
 117 139  1
 153 139  1
 218 139  1
 235 139  1
 252 139  1
 159 140  1
 202 140  1
 240 140  1
  21 141  1
  22 141  1
 222 141  1
 154 142  1
 190 142  1
 199 142  1
 231 142  1
 257 142  1
  20 143  1
  21 143  1
  22 143  1
 197 143  1
 114 144  1
 186 144  1
  31 145  1
 159 145  1
 193 145  1
 217 145  1
 221 145  1
 175 146  1
 176 146  1
  32 147  1
 182 147  1
  37 148  1
  86 148  1
  87 148  1
 162 148  1
 177 148  1
 210 148  1
  18 149  1
 170 149  1
  28 150  1
  29 150  1
 257 150  1
   9 151  1
  41 151  1
  42 151  1
  73 151  1
 206 151  1
 210 152  1
  12 153  1
  21 153  1
 168 153  1
 169 153  1
 247 153  1
 171 154  1
  12 155  1
  41 155  1
  42 155  1
 229 155  1
 251 155  1
  15 156  1
  16 156  1
  31 156  1
  79 156  1
 271 156  1
 273 156  1
  67 158  1
  20 159  1
  29 159  1
  77 159  1
 247 159  1
 249 159  1
   7 160  1
   8 160  1
   9 160  1
  15 160  1
 226 160  1
 233 160  1
 237 160  1
 215 161  1
 220 161  1
 210 162  1
 212 162  1
 224 162  1
  66 163  1
 179 163  1
 180 163  1
 129 164  1
 130 164  1
 269 164  1
 196 165  1
 107 166  1
 129 166  1
 184 166  1
 201 166  1
 243 166  1
 244 166  1
 173 167  1
 174 167  1
 213 167  1
 128 168  1
 129 168  1
 205 169  1
 210 169  1
  85 170  1
  92 170  1
 178 170  1
 184 170  1
 154 171  1
 266 171  1
 125 172  1
 136 172  1
 167 172  1
 168 172  1
 148 173  1
 180 173  1
 173 174  1
 264 174  1
 259 175  1
  90 176  1
 158 176  1
 275 176  1
  51 177  1
  93 177  1
  94 177  1
 167 177  1
 189 177  1
  45 178  1
  86 178  1
 117 178  1
 172 178  1
 176 178  1
 181 178  1
 111 179  1
 147 180  1
 161 180  1
 193 180  1
 259 180  1
  99 181  1
 100 181  1
 137 181  1
 138 181  1
 139 181  1
   3 182  1
   4 182  1
  48 182  1
 130 182  1
 148 183  1
 110 184  1
 183 184  1
 188 184  1
   4 185  1
   5 185  1
 201 185  1
  43 186  1
 135 186  1
 178 186  1
 194 186  1
 115 188  1
 116 188  1
 131 188  1
 183 188  1
 187 188  1
 175 190  1
 176 190  1
 201 190  1
 202 190  1
 266 191  1
  41 193  1
  62 193  1
 150 193  1
 155 193  1
  19 194  1
  56 194  1
  57 194  1
 182 194  1
  15 195  1
 161 195  1
 163 195  1
 186 195  1
 156 196  1
 157 196  1
  10 197  1
  54 197  1
 212 197  1
 213 197  1
  20 198  1
  21 198  1
  62 198  1
  89 198  1
 141 198  1
 142 198  1
 157 199  1
  65 200  1
  57 202  1
 134 202  1
 189 202  1
 256 202  1
 257 202  1
  91 203  1
  92 203  1
 147 203  1
 153 203  1
  86 204  1
 133 204  1
 134 204  1
 186 204  1
 195 204  1
 145 205  1
 152 207  1
  63 208  1
  20 209  1
 131 209  1
 186 209  1
 198 210  1
  21 211  1
 144 211  1
  83 214  1
  84 214  1
 127 214  1
 132 214  1
 127 216  1
 129 216  1
 144 216  1
 151 216  1
 180 216  1
  29 217  1
  30 217  1
 122 217  1
  33 219  1
 139 219  1
 129 220  1
 139 221  1
 123 222  1
 124 222  1
 179 222  1
 180 222  1
 118 223  1
 138 224  1
 142 224  1
 143 224  1
  85 225  1
  86 225  1
 111 225  1
  54 226  1
  79 226  1
 177 226  1
 178 226  1
  56 227  1
 141 227  1
  58 228  1
  77 230  3
  79 230  1
 137 230  1
 183 230  1
  85 231  1
 143 231  1
 227 231  1
 109 232  1
 110 232  1
  84 233  1
  59 235  1
  60 235  1
 134 235  1
 185 235  1
 138 236  1
  78 237  1
  83 237  1
  96 238  1
  97 238  1
  72 239  1
 101 240  1
 105 240  1
 218 240  1
  74 241  1
 184 242  1
 185 242  1
  92 243  1
  99 244  1
 117 244  1
 212 244  1
 102 245  1
 111 246  1
  84 247  1
  85 247  1
 184 247  1
  88 248  1
 119 248  1
 207 248  1
  92 249  1
 177 249  1
 178 249  1
 181 249  1
 154 251  1
 158 251  1
 120 253  1
 133 256  1
 177 256  1


count = 688