 144   1  1
 169   1  1
 176   1  1
 183   1  1
 186   2  1
 191   4  1
 193   5  1
 158   8  1
 164   9  1
 165   9  1
 203   9  1
 172  10  1
 173  10  1
 113  11  1
 106  12  1
 207  13  1
 100  14  1
 101  14  1
  82  15  1
  85  15  1
  79  16  1
  92  16  1
 114  16  1
 115  16  1
 174  16  1
 212  16  1
 213  16  1
  62  17  1
  71  17  1
  76  17  1
 181  17  1
 110  19  1
 115  19  1
 116  19  1
  86  20  1
  54  21  1
  55  21  1
 181  21  1
  84  22  1
 171  22  1
 176  22  1
 223  22  1
  80  23  1
  70  24  1
  89  24  1
 185  24  1
 186  24  1
  45  25  1
  47  25  1
 114  25  1
 115  25  1
  71  26  1
  92  26  1
  98  26  1
  99  26  1
  42  27  1
  61  27  1
  58  28  1
  40  29  1
  94  29  1
  98  29  1
  62  31  1
  64  31  1
 114  31  1
  97  32  1
 212  32  1
  62  33  1
  71  33  1
  72  33  1
 117  34  1
  62  35  1
 125  35  1
  64  36  1
 207  36  1
 129  37  1
  83  38  1
 101  38  1
 108  38  1
 112  38  1
 104  39  1
  27  40  1
  61  40  1
  87  40  1
 114  40  1
 104  41  1
 120  41  1
  66  42  1
  67  42  1
 128  42  1
 207  42  1
  93  43  1
 104  43  1
 174  43  1
  62  44  1
  63  44  1
 117  44  1
 118  44  1
 119  44  1
 137  44  1
 162  44  1
 106  45  1
 132  45  1
 187  45  1
 164  46  1
 165  46  1
 200  46  1
 172  47  1
 195  47  1
  20  48  1
 158  48  1
 233  48  1
 138  49  1
 242  49  1
 251  49  1
  66  50  1
  67  50  1
  72  50  1
 143  50  1
 106  51  1
  75  52  1
 228  52  1
 229  52  1
  69  54  1
  99  54  1
 103  55  1
 237  55  1
 238  55  1
  26  56  1
  65  56  1
 229  57  1
  15  58  1
  16  58  1
 151  58  1
 246  58  1
  29  59  1
  38  59  1
 200  60  1
 206  60  1
 238  60  1
 239  60  1
  14  61  1
  15  61  1
  66  61  1
 183  61  1
 165  62  1
 185  62  1
 244  62  1
 163  63  1
 187  63  1
 189  63  1
 208  63  1
 171  65  1
 198  65  1
 227  65  1
 180  66  1
 221  67  1
  10  68  1
  83  68  1
 163  68  1
 238  68  1
 239  68  1
 269  68  1
  88  69  1
 176  69  1
 247  69  1
 168  70  1
 198  70  1
  74  71  1
 247  71  1
 211  72  1
 236  72  1
 245  72  1
 177  73  1
 178  73  1
 192  73  1
 251  73  1
 161  74  1
 213  74  1
 237  74  1
 243  75  1
 248  75  1
 177  78  1
 178  78  1
 189  79  1
 218  79  1
 256  79  1
  11  80  1
 180  80  1
 211  81  1
 261  81  1
 275  81  1
 276  81  1
 250  82  1
   4  83  1
   5  83  1
 220  84  1
 252  85  1
 259  85  1
  67  86  1
  77  86  1
 227  87  1
  14  88  1
 136  88  1
 140  88  1
 181  88  1
 185  88  1
  72  89  1
  85  89  1
  86  89  1
 197  89  1
 198  89  1
 216  89  1
  56  90  1
  57  90  1
  89  90  1
  90  90  1
 231  90  1
   2  91  1
   3  91  1
  68  91  1
 191  91  1
 192  91  1
  59  92  1
 136  92  1
 205  92  1
 232  92  1
 233  92  1
 141  93  1
 198  93  1
 217  93  1
 153  94  1
 122  95  1
  74  97  1
 220  97  1
 228  98  1
  69  99  1
 172 100  1
 222 100  1
   1 101  1
  51 101  1
 186 101  1
 234 101  1
 235 101  1
 278 101  1
  72 102  1
  78 102  1
  26 103  1
  40 103  1
  94 103  1
 225 103  1
 231 103  1
  19 104  1
  30 104  1
 102 104  1
 275 104  1
   6 105  1
 172 105  1
 228 105  1
  34 106  1
  12 107  1
  81 107  1
  82 107  1
   9 108  1
  75 108  1
  76 108  1
 193 109  1
   5 110  1
   8 110  1
  49 110  1
 267 110  1
 268 110  1
  44 111  1
  77 111  1
  78 111  1
  85 111  1
 105 111  1
 222 112  1
   1 113  1
 255 113  2
 256 113  1
 109 114  1
 110 114  1
 201 114  1
 259 114  1
 260 114  1
 113 115  1
 162 115  1
 166 115  1
 251 115  1
 218 116  1
   9 117  1
 158 117  1
 178 117  1
 197 117  1
 251 117  1
 274 117  1
 275 117  1
   2 118  1
   3 118  1
  41 118  1
 258 118  1
  83 119  1
 188 119  1
 244 119  1
 113 120  1
 114 120  1
 231 121  1
 232 121  1
  27 122  1
  28 122  1
  38 122  1
 117 122  1
 118 122  1
 153 122  1
 178 122  1
 241 122  1
 255 122  1
 262 122  1
  89 123  1
 169 123  1
 188 123  1
 203 123  1
 228 123  1
 230 123  1
  12 124  1
  13 124  1
  56 124  1
 180 124  1
 195 124  1
 207 124  1
 215 124  1
 264 124  1
 120 125  1
 154 125  1
 155 125  1
 159 125  1
 246 125  1
 141 126  1
  52 127  1
 186 127  1
 188 127  1
  39 128  1
 167 128  1
 196 128  1
 221 128  1
  31 129  1
 102 129  1
 143 129  1
 182 129  1
 236 129  1
 238 129  1
  86 130  1
 160 130  1
  46 131  1
 109 131  1
 150 131  1
 154 131  1
 172 131  1
 216 131  1
 120 132  1
 190 132  1
 191 132  1
  52 133  1
  68 133  1
 177 133  1
 178 133  1
 179 133  1
 214 133  1
 232 133  1
  57 134  1
  62 134  1
  82 134  1
 113 134  1
 114 134  1
 159 134  1
 191 134  1
 280 134  1
  65 135  1
  73 135  1
 164 135  1
 210 135  1
  48 136  1
 173 136  1
 152 137  1
 233 137  1
 157 138  1
 181 138  1
 184 138  1
 200 138  1
 217 138  1
 231 138  1
  50 139  1
 113 139  1
 114 139  1
 172 139  1
 179 140  1
 235 140  1
 213 141  1
 219 141  1
  61 142  1
 166 142  1
 222 142  1
  99 143  1
 109 143  1
 228 143  1
  78 144  1
 102 144  1
 176 144  1
 199 145  1
  86 146  1
 169 146  1
 170 146  1
 212 146  1
  76 147  1
 175 147  1
  38 148  1
  39 148  1
  50 148  1
 201 148  1
  82 150  1
 214 152  1
 254 152  1
 258 152  1
 269 152  1
 271 152  1
 272 152  1
 189 153  1
 207 153  1
 186 154  1
 171 155  1
 192 155  1
 261 155  1
   4 156  1
   5 156  1
 202 157  1
  11 158  1
  72 158  1
  73 158  1
 181 158  1
 197 158  1
 248 158  1
 264 158  1
 266 158  1
  77 159  1
 199 159  1
 200 159  1
  14 162  1
  15 162  1
  92 162  1
 217 162  1
 229 162  1
 244 162  1
 245 162  1
   7 163  1
   8 163  1
 173 163  1
 174 163  1
 179 163  1
 194 163  1
 281 163  1
 282 163  1
  75 164  1
 229 164  1
 259 164  1
 260 164  1
 186 165  1
  92 166  1
 171 166  1
 178 167  1
 190 168  1
 258 168  1
  80 169  1
  81 169  1
  87 169  1
 231 171  1
  35 172  1
  40 172  1
 205 172  1
 206 172  1
 214 172  1
 236 172  1
 198 173  1
 217 173  1
  17 174  1
 210 174  1
 223 174  1
 277 175  1
 278 175  1
  12 177  1
  13 177  1
 190 177  1
 191 177  1
 201 177  1
 232 177  1
 176 178  1
 177 178  1
 276 178  1
 277 178  1
  23 179  1
  19 180  1
 188 180  1
 206 181  1
  14 182  1
  15 182  1
 223 182  1
 179 183  1
 249 184  1
 266 185  1
 203 186  1
 206 186  1
 248 189  1
 270 190  1
  38 191  1
 269 192  1
  36 193  1
 237 193  1
 238 193  1
 267 193  1
 151 195  1
  32 196  1
 206 196  1
  21 197  1
  22 197  1
 230 197  1
 103 198  1
 189 198  1
 204 198  1
 205 198  1
  96 199  1
 220 199  1
 260 200  1
 221 201  1
  25 202  1
 127 202  1
 128 202  1
 132 202  1
 149 202  1
 151 202  1
  35 203  1
  37 203  1
 101 204  1
 120 204  1
 124 204  1
 125 204  1
 183 204  1
 199 204  1
 205 204  1
 257 204  1
 155 205  1
 125 206  1
 181 206  1
 117 207  1
 118 207  1
 190 207  1
 224 207  1
 145 208  1
 146 208  1
 111 209  1
 123 209  1
 124 209  1
 150 209  1
 227 209  1
 228 209  1
 250 209  1
 105 210  1
 107 210  1
 120 211  1
 227 211  1
 228 211  1
 248 212  1
  38 213  1
 142 213  1
 181 213  1
 223 213  1
 105 214  1
 110 214  1
 117 215  1
 111 216  1
 145 216  1
 146 216  1
 178 216  1
 179 216  1
  80 218  1
  90 218  1
 159 218  1
 223 218  1
 245 218  1
  45 219  1
 105 219  1
 113 219  1
 141 219  1
 180 219  1
 112 222  1
 113 222  1
  50 223  1
  51 223  1
 186 224  1
 204 224  1
  88 225  1
  90 225  1
 100 225  1
 107 225  1
 240 225  1
  56 226  1
 193 226  1
  73 227  1
 107 228  1
 159 228  1
  63 230  1
 235 230  1
 157 232  1
 231 232  1
  71 233  1
 147 233  1
  98 234  1
 104 234  1
 228 234  1
  75 236  1
 144 236  1
 157 236  1
  78 238  1
 141 238  1
  97 239  1
  82 240  1
  84 240  1
 102 240  1
 103 240  1
 167 240  1
 219 241  1
  90 242  1
  92 243  1
 102 243  1
 144 243  1
 169 243  1
 170 243  1
 214 243  1
 193 244  1
 124 245  1
 135 245  1
 212 245  1
 138 246  1
 143 246  1
 192 246  1
 193 246  1
 100 248  1
 117 250  1
 198 250  1
 195 251  1


count = 648