 151   1  1
 167   1  1
 185   3  1
 119   4  1
 116   5  1
 113   6  1
 110   7  1
 197   7  1
 199   7  1
 163   8  1
 148   9  1
 100  10  1
 155  10  1
 179  10  1
 129  11  1
  93  12  1
 213  13  1
 179  14  1
 180  14  1
 217  15  1
  84  16  1
 124  16  1
 167  17  1
 219  17  1
 159  18  1
 160  18  1
 143  19  1
 172  19  1
  95  20  1
 105  21  1
 141  21  1
 227  21  1
  68  22  1
 107  22  1
 108  22  1
 136  22  1
 162  22  1
 163  22  1
 181  22  1
 184  22  1
 169  23  1
  96  24  1
 231  24  1
  83  25  1
 132  25  1
 135  27  1
 136  27  1
 200  27  1
 107  28  1
  53  29  1
  75  29  1
 162  30  1
  72  31  1
  83  31  1
  99  31  1
 117  31  1
 119  31  1
 222  31  1
 136  32  1
 137  32  1
 185  32  1
 186  32  1
 240  32  1
 119  33  1
 140  33  1
 102  34  1
 123  34  1
 220  34  1
 221  34  1
 144  35  1
 198  35  1
 191  36  1
 205  36  1
 206  36  1
 233  36  1
  75  37  1
 144  37  1
  85  38  1
 174  38  1
 192  38  1
 206  38  1
 145  39  1
 180  39  1
 181  39  1
 169  40  1
 170  40  1
 221  40  1
  98  42  1
 105  42  1
 186  42  1
 133  43  1
 134  43  1
 234  43  1
 252  43  1
  71  44  1
  73  44  1
 107  44  1
 174  45  1
  35  46  1
 220  46  1
 180  47  1
  94  48  1
 103  49  1
 159  49  1
  69  50  1
 154  50  1
 157  50  1
 219  50  1
 108  52  1
 109  52  1
 201  52  1
 131  53  1
 175  53  1
 181  53  1
 109  54  1
 178  54  1
 226  54  1
 133  55  1
 184  55  1
 218  56  1
 135  57  1
 172  57  1
 173  57  1
 127  58  1
 218  58  1
 262  58  1
 263  58  1
  64  59  1
  65  59  1
 222  59  1
 207  60  1
 228  60  1
 238  60  1
  63  61  1
 147  61  1
 223  61  1
 210  63  1
 228  63  1
 257  63  1
  78  64  1
  79  64  1
 200  64  1
  13  65  1
  70  65  1
 206  65  1
 219  65  1
 228  65  1
 241  65  1
 255  65  1
  41  67  1
  60  67  1
  80  68  1
 268  68  1
 269  68  1
  30  69  1
  41  69  1
 233  69  1
 234  69  1
 235  69  1
  32  70  1
  58  70  1
 242  70  1
  37  71  1
  80  72  1
  37  73  1
  51  74  1
 216  74  1
 241  74  1
   8  75  1
   9  75  1
  73  75  1
 271  75  1
 272  75  1
  42  76  1
  43  76  1
 250  78  1
 272  78  1
 273  78  1
 211  79  1
 225  79  1
 226  79  1
 230  79  1
 273  81  1
 274  81  1
 220  82  1
  71  83  1
 265  83  1
 160  84  1
 220  84  1
 239  84  1
 181  85  1
 117  86  1
 155  86  1
 156  86  1
 188  86  1
 206  86  1
 211  86  1
 212  86  1
 175  88  1
 216  88  1
 240  88  1
   1  89  1
 130  89  1
  97  90  1
 117  90  1
 155  90  1
 180  90  1
 181  90  1
 247  90  1
 258  90  1
 262  91  1
 263  91  1
 264  91  1
 133  92  1
 148  92  1
 244  92  1
 122  93  1
 136  93  1
 141  93  1
 167  93  1
 255  93  1
 104  94  1
 111  94  1
 112  94  1
 215  94  1
 216  94  1
 227  94  1
 131  95  1
 182  95  1
 203  95  1
 249  95  1
   1  96  1
  87  96  1
  88  96  1
  89  96  1
 100  97  1
 126  97  1
 241  97  1
 243  97  1
 267  97  1
 271  97  1
 145  98  1
 146  98  1
 169  98  1
 229  98  1
 236  98  1
 106  99  1
 135  99  1
 175  99  1
  89 101  1
  95 101  1
 121 101  1
 124 101  1
 125 101  1
 132 101  1
 179 101  1
 145 102  1
 231 102  1
 232 102  1
 236 102  1
 241 102  1
  43 103  1
  41 104  1
  87 104  1
 100 104  1
 101 104  1
 150 104  1
   1 105  1
   2 105  1
 113 105  1
 175 105  1
 235 106  1
  93 107  1
 169 107  1
 170 107  1
 178 107  1
  91 108  1
 109 108  1
 137 108  1
 138 108  1
 155 108  1
 165 108  1
   1 109  1
 173 109  1
 174 109  1
 278 109  1
 279 109  1
 103 110  1
  36 111  1
 128 111  1
 135 111  1
 136 111  1
 186 111  1
 240 111  1
 132 112  1
 234 112  1
 235 112  1
  39 113  1
 122 113  1
 125 113  1
 126 113  1
  82 114  1
 149 114  1
 230 114  2
 231 114  1
 232 114  1
 110 115  1
   1 116  1
  92 116  1
 240 116  1
 241 116  1
  97 117  1
  98 117  1
 134 117  1
 183 117  1
  12 118  1
 107 118  1
   2 119  1
  10 119  1
 132 119  1
 151 119  1
  95 121  1
  96 121  1
  97 121  1
  55 122  1
 271 122  1
  37 123  1
 102 123  1
 111 123  1
 120 123  1
 251 123  1
 123 124  1
 132 124  1
 157 124  1
  76 125  1
 245 126  1
 260 126  1
 272 126  1
  36 127  1
  37 127  1
  48 127  1
  49 127  1
 128 127  1
 180 127  1
 181 127  1
 196 127  1
 201 127  1
 216 127  1
 249 127  1
 255 127  1
 256 127  1
 267 127  1
  11 128  1
  62 128  1
  63 128  1
 160 128  1
 161 128  1
  43 129  1
  67 129  2
  87 129  1
 177 129  1
 193 129  1
 278 130  1
 279 130  1
  45 132  1
  49 132  1
 123 132  1
 184 132  1
 186 132  1
 191 132  1
 192 132  1
 258 132  1
 268 132  1
  80 133  1
 173 133  1
 217 133  1
 250 133  1
   4 134  1
   5 134  1
  54 134  1
  90 134  1
  96 134  1
 160 134  1
 209 134  1
 239 134  1
 271 134  1
 239 136  1
 242 136  1
  48 137  1
 122 137  1
 178 137  1
  55 138  1
 128 138  1
 195 138  1
 204 138  1
 199 139  1
  63 140  1
  86 140  1
 195 140  1
  79 141  1
 132 141  1
 199 141  1
 136 143  1
 138 143  1
 279 143  1
 280 143  1
 114 146  1
 161 146  1
  58 147  1
 140 147  1
 141 147  1
 207 148  1
  61 149  1
 124 149  1
 156 149  1
 158 149  1
 209 149  1
 104 150  1
 145 150  1
 148 150  1
 241 150  1
 242 150  1
 282 151  1
 283 151  1
 102 152  1
 129 152  1
 270 152  1
 150 153  1
 151 153  1
 275 153  1
  61 154  1
  96 154  1
 134 154  1
 172 154  1
 206 154  1
 243 154  1
 181 155  1
 239 155  1
 137 156  1
 164 156  1
 205 156  1
 206 156  1
 216 156  1
 232 156  1
 118 158  1
 232 158  1
 262 158  1
  42 159  1
 112 159  1
 114 159  1
 222 159  1
 236 159  1
  37 160  1
 168 160  1
 273 160  1
 275 160  1
 118 161  1
 135 161  1
 149 161  1
 203 161  1
 207 161  1
 103 162  1
 123 162  1
 185 162  1
 186 162  1
 256 162  1
   5 163  1
   6 163  1
 160 163  1
 237 163  1
 115 164  1
 141 164  1
 177 164  1
 191 164  1
 210 164  1
 211 164  1
 165 165  1
 219 165  1
 107 166  1
 108 166  1
 141 166  1
 237 166  1
 274 166  1
 118 167  1
 270 167  1
 271 167  1
  34 170  1
  39 170  1
 192 170  1
 193 170  1
 247 170  1
 248 170  1
 252 170  1
   7 171  1
   8 171  1
  30 171  1
 266 172  1
 176 173  1
 262 174  1
 278 174  1
 279 174  1
   8 175  1
   9 175  1
 193 175  1
 212 175  1
 242 175  1
 246 176  1
 240 177  1
 277 177  1
 278 177  1
   9 178  1
  10 178  1
 176 178  1
 269 178  1
  21 179  1
  35 179  1
 236 179  1
 237 179  1
  46 180  1
  47 180  1
 215 180  1
  55 182  1
 146 182  1
 165 182  1
 247 182  1
  42 183  1
  24 185  1
 243 186  1
  23 187  1
  24 187  1
 142 187  1
 162 187  1
 166 187  1
  34 189  1
  35 189  1
  53 189  1
  54 189  1
 152 190  1
 159 190  1
 272 190  1
 273 190  1
  32 191  1
 178 191  1
 221 191  1
 247 191  1
 216 193  1
 217 193  1
  17 194  1
  51 194  1
 160 194  1
  57 196  1
 160 196  1
 175 196  1
 177 196  1
 178 196  1
 219 196  1
 251 196  1
  43 197  1
  44 197  1
 112 197  1
 149 197  1
 182 197  1
 223 197  1
 106 198  1
 160 198  1
 178 198  1
 208 198  1
  41 199  1
 101 199  1
 112 199  1
 156 199  1
 249 199  1
  49 200  1
  67 201  1
  99 201  1
 181 201  1
 182 201  1
 201 201  1
 206 201  1
  27 202  1
  56 202  1
 142 202  1
 165 202  1
 166 202  1
  39 203  1
  95 203  1
 241 203  1
 257 203  1
  52 204  1
  93 204  1
 116 204  1
 132 205  1
 133 205  1
 167 205  1
 231 205  1
  43 206  1
  80 206  1
  92 206  1
 225 206  1
 238 206  1
  74 207  1
  85 207  1
 204 207  1
 264 207  1
  68 208  1
 124 208  1
 131 208  1
 238 208  1
  90 209  1
 116 209  1
 127 209  1
 228 209  1
 229 209  1
  68 210  1
 108 210  1
 122 210  1
 236 210  1
  65 211  1
 159 211  1
 164 211  1
 165 211  1
 100 212  1
 208 213  1
  69 214  1
 136 214  1
 151 214  1
 152 214  1
 158 214  1
 236 214  1
  71 215  1
  85 215  1
 139 215  1
 171 215  1
  80 217  1
 208 217  1
 256 218  1
 132 219  1
 223 219  1
 226 219  1
 233 219  1
  93 220  1
 101 220  1
 127 220  1
  84 221  1
  89 221  1
  99 221  1
 121 221  1
 179 221  1
 215 221  1
 216 221  1
 138 222  1
 139 222  1
  53 223  1
 169 223  1
 170 223  1
 238 223  1
 240 223  1
  93 224  1
 113 224  1
  55 225  1
 128 225  1
 130 225  1
 131 225  1
 104 226  1
 105 226  1
 112 226  1
  72 227  1
 137 227  1
 142 227  1
 176 227  1
 236 227  1
  76 229  1
 118 229  1
 221 229  1
  80 230  1
 172 230  1
 173 230  1
 175 230  1
 231 230  1
  64 231  1
 135 231  1
 137 231  1
  82 232  1
  86 232  1
 102 232  1
 165 232  1
  96 233  1
 177 233  1
  69 234  1
 238 234  1
 107 236  1
 156 236  1
 170 236  1
 174 236  1
  75 237  1
  76 237  1
  93 237  1
 100 237  1
 233 237  1
 104 238  1
 168 238  1
 206 239  1
  81 240  1
 173 240  1
 151 241  1
 211 241  1
 116 242  1
 117 242  1
 151 243  1
 213 243  1
  91 244  1
 162 244  2
 166 244  1
 179 244  1
 225 244  1
 154 245  1
 220 247  1
 179 248  1
 145 249  1
 157 249  1
 193 251  1
 128 253  1
 154 257  1


count = 723