 151   1  1
 173   1  1
 142   2  1
 132   5  1
 191   5  1
 158   6  1
 196   7  1
 124   8  1
 152   8  1
 119  10  1
 168  10  1
 201  10  1
 114  12  1
 160  13  1
 161  13  1
 109  14  1
 208  14  1
 120  16  1
 155  17  1
 161  17  1
  98  18  1
 213  18  1
  94  20  1
  95  20  1
 114  20  1
 173  20  1
 174  20  1
 155  22  1
 157  22  1
  89  23  1
 175  24  1
 222  24  1
  86  25  1
  99  25  1
 175  26  1
 210  28  1
  93  29  1
 124  31  1
 231  31  1
  95  32  1
  96  32  1
 100  32  1
  76  33  1
  63  34  1
 114  34  1
 119  34  1
 236  35  1
 126  36  1
  45  38  1
 201  39  1
 203  39  1
 130  40  1
  84  42  1
 117  42  1
  35  43  1
  33  44  1
  48  44  1
  49  44  1
 145  44  1
 245  44  1
  45  45  1
  88  46  1
  89  46  1
 109  47  1
 111  47  1
  31  48  1
 249  49  1
  29  50  1
  90  50  1
  91  50  1
 131  51  1
  89  54  1
 145  54  1
  18  55  1
 156  55  1
 157  55  1
  78  56  1
  81  56  1
  75  57  1
 152  60  1
 257  60  1
 258  60  1
  67  61  1
  80  62  1
 232  63  1
 241  63  1
 259  63  1
 260  63  1
  76  64  1
  77  64  1
 200  65  1
  82  66  1
  89  68  1
 186  68  1
 241  68  1
 244  68  1
 254  68  1
 196  69  1
  70  70  1
  71  70  1
  94  70  2
  64  71  1
 179  71  1
 182  71  1
 199  71  1
  70  72  1
  71  72  1
 202  72  1
 253  72  1
  72  74  1
   6  75  1
   7  75  1
 266  75  1
  92  76  1
 188  76  1
   6  77  1
  81  77  1
  82  77  1
 193  77  1
  11  78  1
  15  78  1
   5  79  1
   6  79  1
  20  79  1
  78  79  1
 205  79  1
  23  80  1
  72  80  1
  88  80  1
 224  80  1
 269  80  1
 172  81  1
 183  82  1
  11  83  1
 190  83  1
 271  83  1
  86  84  1
  87  84  1
 178  86  1
 128  87  1
  59  88  1
 173  88  1
 174  88  1
 192  88  1
  73  89  1
  74  89  1
  75  89  1
 123  90  1
 183  91  1
 189  91  1
  81  92  1
 275  92  1
 276  92  1
  77  93  1
 125  95  1
 126  95  1
 276  95  1
 277  95  1
   2  96  1
   3  96  1
 238  97  1
 240 100  1
 278 100  1
 279 100  1
 279 102  1
   1 103  1
 251 103  1
 279 104  1
 280 104  1
  62 105  1
  78 105  1
 257 107  1
 169 108  1
 182 108  1
 175 109  1
 176 109  1
 106 110  1
 107 110  1
 181 110  1
 120 111  1
 189 111  1
 193 111  1
 266 111  1
   1 112  1
  27 112  1
  28 112  1
  29 112  1
 167 113  1
  27 114  1
 183 114  1
 197 114  1
 198 114  1
  21 115  1
 165 116  1
 202 116  1
 108 117  1
 112 117  1
 120 117  1
 156 117  1
 157 117  1
 114 118  1
 115 118  1
 192 118  1
  85 120  1
  88 120  1
  99 120  1
  93 122  1
 118 122  1
 123 122  1
 189 122  1
  23 123  1
  25 123  1
  18 124  1
  19 124  1
 129 124  1
 163 124  1
 164 124  1
 192 124  1
 193 124  1
 222 124  1
 272 124  1
   3 125  1
 106 125  1
 138 125  1
  39 126  1
 100 126  1
 212 126  1
 256 126  1
  42 127  1
  97 127  1
 196 127  1
   5 128  1
   6 128  1
 178 128  1
 184 128  1
 185 128  1
 214 128  1
 226 128  1
 237 128  1
 255 128  1
  49 129  1
  89 129  1
  94 129  1
 150 129  1
 174 129  1
 218 129  1
  12 130  1
  13 130  1
  24 130  1
 163 130  1
 164 130  1
 186 130  1
  16 131  1
 172 131  1
 127 132  1
 202 133  1
 203 133  1
 218 133  1
 219 133  1
 224 133  1
 253 133  1
   5 134  1
  11 134  1
  12 134  1
  87 134  1
 104 134  1
 194 134  1
 196 134  1
  29 135  1
 172 135  1
 188 135  1
 215 135  1
 273 135  1
 274 135  1
 183 136  1
 280 136  1
 281 136  1
   2 137  1
  17 137  1
 118 137  1
 122 137  1
 263 137  1
  94 139  1
 100 139  1
 104 140  1
 219 140  1
 221 140  1
 263 141  1
 272 142  2
 184 143  1
 189 143  1
 195 143  1
 196 143  1
   3 144  1
  99 144  1
 220 144  1
  86 146  1
 191 146  1
 258 146  1
 252 147  1
 273 147  1
 106 148  1
 175 149  1
 187 149  1
 252 149  1
  83 150  1
 204 150  1
 106 151  1
 172 151  1
 181 151  1
 198 151  1
 256 151  1
 257 151  1
 273 152  1
 274 152  1
 188 153  1
 197 153  1
 112 154  1
   6 155  1
   7 155  1
  79 155  1
 116 155  1
 275 155  1
   7 157  1
 118 158  1
 260 158  1
   7 159  1
   8 159  1
  13 159  1
 255 159  1
 256 159  1
 272 159  1
 273 159  1
  19 161  1
 263 162  1
 270 162  1
  77 163  1
  78 163  1
  20 165  1
  16 166  1
  71 166  1
 258 167  1
 280 168  1
 281 168  1
  10 171  1
 196 171  1
 256 171  1
 278 173  1
 279 173  1
 235 175  1
 251 175  1
 255 175  1
  54 177  1
 193 177  1
 197 177  1
 206 177  1
  77 178  1
 133 179  1
 134 179  1
 242 179  1
 249 179  1
  57 181  1
  66 181  1
  83 181  1
  89 183  1
 184 183  1
 185 183  1
  71 184  1
  72 184  1
 223 184  2
  50 185  1
 241 185  1
 242 185  1
  74 186  1
  75 186  1
  76 186  1
  81 186  1
  82 186  1
 138 186  1
 139 186  1
 139 188  1
 175 188  1
 176 188  1
 192 188  1
 199 188  1
 215 188  1
  70 189  1
 238 189  1
 167 190  1
 173 190  1
 251 190  1
 141 191  1
 181 191  1
 182 191  1
  23 192  1
  50 192  1
  77 192  1
  78 192  1
  82 192  1
  83 192  1
 149 192  1
 157 193  1
 159 193  1
 164 193  1
 270 193  1
 143 194  1
  71 195  1
  72 195  1
 175 195  1
 209 195  1
  77 196  1
 205 196  1
 206 196  1
  75 197  1
 149 197  1
 153 197  1
 155 197  1
 156 197  1
 175 197  1
 183 197  1
 266 198  1
  30 199  1
  41 199  1
  42 199  1
 141 199  1
 142 199  1
 186 199  1
 187 199  1
  95 200  1
  44 202  1
  45 202  1
 182 202  1
  83 203  1
  98 203  1
 184 203  1
 262 203  1
  91 204  1
 142 204  1
 143 204  1
 176 204  1
  85 205  1
 110 207  1
 116 207  1
 117 207  1
 138 207  1
 107 208  1
 141 208  1
 144 208  1
 154 209  1
 103 210  1
 147 210  1
 156 211  1
  68 212  1
 105 213  1
 110 213  1
 115 213  1
  36 214  1
  80 214  1
  70 215  1
  71 215  1
 137 215  1
 138 215  1
 144 215  1
 148 215  1
 122 216  1
 154 216  1
 250 217  1
  39 218  1
  53 218  1
  95 218  1
 120 218  1
 243 221  1
 237 226  1
 158 227  1
  77 228  1
  78 228  1
 233 228  1
 153 229  1
 230 230  1
  81 231  1
 225 234  1
  86 235  1
  88 237  1
 220 237  1
 155 238  1
 217 240  1
 133 243  1
 137 243  1
 150 244  1
 208 244  1
 142 245  1
 143 245  1
 131 248  1
 137 249  1
 146 250  1
 147 250  1
 124 252  1
 190 252  1
 130 253  1
 185 254  1
 140 255  1
 182 255  1
 179 256  1


count = 503