 167   1  1
 182   1  1
 139   3  1
 135   4  1
 137   4  1
 203   6  1
 127   7  1
 208   8  1
 145   9  1
 146   9  1
 213  11  1
 116  12  1
 202  12  1
 125  15  1
 221  16  1
 101  17  1
 125  18  1
 119  19  1
 225  19  1
  79  21  1
 196  21  1
 229  21  1
  70  24  1
 193  24  1
  83  25  1
  90  25  1
  92  25  1
 111  25  1
 143  25  1
 105  27  1
 138  27  1
  64  28  1
  89  28  1
 110  29  1
  57  30  1
 240  31  1
  52  32  1
  66  32  1
  90  32  1
  91  34  1
  92  34  1
 110  34  1
 111  34  1
 188  34  1
 189  34  1
 242  34  1
  46  35  1
  47  35  1
  68  35  1
  76  35  1
  59  36  1
  73  36  1
 111  36  1
 138  36  1
 161  36  1
 163  36  1
  80  38  1
  84  39  1
 104  39  1
 113  39  1
 143  39  1
 140  40  1
 104  41  1
 165  41  1
  86  42  1
 172  42  1
 107  43  1
 108  43  1
 133  43  1
  87  44  1
  88  44  1
  93  44  1
  94  44  1
 139  44  1
 140  44  1
 136  45  1
  80  46  1
 162  46  1
 254  46  1
 107  47  1
 126  49  1
 127  49  1
 169  49  1
 178  49  1
  30  50  1
 158  50  1
 159  50  1
 160  50  1
 188  50  1
 114  51  1
 115  51  1
 134  51  1
  86  52  1
  87  52  1
 109  52  1
 110  52  1
 142  52  1
 180  53  1
 181  53  1
 145  54  1
 149  54  1
 161  54  1
 162  54  1
  24  55  1
 136  56  1
 181  56  1
 182  56  1
  87  57  1
  88  57  1
 147  57  1
 158  57  1
 263  57  1
 164  58  1
 169  58  1
 105  59  1
 127  59  1
 167  59  1
 132  60  1
 152  60  1
  60  61  1
  70  61  1
 130  61  1
 148  61  1
 266  61  1
  18  62  1
  88  62  1
  89  62  1
  37  63  1
  38  63  1
  73  63  1
 110  63  1
 200  63  1
 115  64  1
  44  65  1
 125  65  1
  40  66  1
  41  66  1
  49  66  1
  54  66  1
  57  66  1
  88  66  1
 160  66  1
 161  66  1
 186  66  1
 199  66  1
 212  66  1
 270  66  1
  84  67  1
 125  67  1
 166  67  1
 215  67  1
 258  67  1
 260  67  1
  49  68  1
 113  69  1
 117  69  1
 118  69  1
  12  70  1
  59  70  1
  60  70  1
  81  70  1
  83  70  1
 218  70  1
 254  70  1
  51  71  1
  64  71  1
 158  71  1
 160  71  1
 173  71  1
 178  71  1
 265  71  1
  41  72  1
  86  72  1
 124  72  1
 154  73  1
  86  74  1
 106  74  1
 114  74  1
 119  74  1
 162  74  1
 181  74  1
  36  75  1
   9  76  1
 100  76  1
 101  76  1
 173  76  1
 195  76  1
 219  76  1
 275  76  1
  36  77  1
 229  77  1
 230  77  1
 172  78  1
 173  78  1
 233  78  1
  35  79  1
  36  79  1
  83  79  1
 266  79  1
 190  80  1
 257  80  1
 264  80  1
   6  81  1
   7  81  1
 162  81  1
 224  82  1
  13  83  1
  32  83  1
 229  83  1
 176  84  1
  80  85  1
 261  85  1
 279  85  1
 280  85  1
   5  86  1
   6  86  1
 232  86  1
 233  86  1
  14  87  1
  15  87  1
 166  87  1
 167  87  1
 184  87  1
 188  88  1
 189  88  1
 236  88  1
 246  88  1
 280  88  1
 281  88  1
  11  90  1
 157  90  1
 171  90  1
 172  90  1
 165  91  1
 166  91  1
 177  91  1
 281  91  1
 282  91  1
 151  92  1
  27  93  1
 168  93  1
  22  94  1
 185  94  1
 242  94  1
 147  95  1
   9  97  1
  10  97  1
 180  98  1
 168  99  1
  72 100  1
  73 100  1
  78 100  1
 137 100  1
   9 101  1
 130 101  1
  19 102  1
 143 102  1
 175 102  1
  89 103  1
  90 103  1
 167 103  1
 181 103  1
  17 104  1
  71 105  1
   1 106  1
   2 106  1
  21 106  1
 193 106  1
  85 107  1
 176 107  1
  94 108  1
 169 108  1
   1 111  1
  46 111  1
  39 112  1
  41 112  1
  78 112  1
  79 112  1
  91 112  1
 159 112  1
 169 112  1
 111 113  1
 152 114  1
 180 114  1
 181 114  1
  88 115  1
  20 116  1
  49 116  1
  33 117  1
  34 117  1
  80 117  1
  87 117  1
  88 117  1
 181 117  1
 182 117  1
 159 118  1
 266 118  1
 207 119  1
   1 120  1
  84 120  1
 163 120  1
 182 121  1
 191 121  1
  31 122  1
  32 122  1
 122 122  1
 146 122  1
 150 122  1
 265 122  1
 266 122  1
  21 123  1
  40 123  1
 138 123  1
 186 123  1
  26 124  1
 133 124  1
 154 124  1
 193 124  1
 194 124  1
  20 125  1
  44 125  1
  87 125  1
  88 125  1
 233 125  1
 241 125  1
 242 125  1
 262 125  1
   3 126  1
   4 126  1
  96 126  1
 112 126  1
 121 126  1
 198 126  1
 219 126  1
 256 126  1
 186 127  1
 223 127  1
 232 127  1
 259 127  1
 260 127  1
  16 128  1
  37 128  1
 140 128  1
 251 128  1
   9 129  1
  45 129  1
 126 129  1
 187 129  1
 241 129  1
  33 130  1
 123 130  1
 212 130  1
 217 130  1
  16 131  1
  18 131  1
  48 131  1
  49 131  1
 241 131  1
  37 133  1
 118 133  1
 119 133  1
 205 133  2
 222 133  1
 264 133  1
  13 134  1
 229 134  1
  50 135  1
  51 135  1
 202 135  1
 203 135  1
 220 135  1
  90 136  1
  99 136  1
 123 136  1
 124 136  1
 141 136  1
 213 136  1
 267 136  1
 146 137  1
 187 137  1
 194 137  1
 198 137  1
 243 137  1
   1 138  1
   2 138  1
  83 138  1
 137 138  1
 232 138  1
 233 138  1
  44 139  1
 120 139  1
 121 139  1
 139 139  1
 153 139  1
 242 139  1
 114 140  1
 158 140  1
 167 140  1
 168 140  1
 188 140  1
 190 140  1
   1 141  1
  43 141  1
  95 141  1
  96 141  1
  97 141  1
 118 141  1
 243 141  1
 244 141  1
 274 141  1
 275 141  1
 232 142  1
  82 143  1
  89 143  1
  90 143  1
 162 143  1
 163 143  1
 182 143  1
 186 143  1
 267 143  1
  45 144  1
  46 144  1
 119 144  1
 120 144  1
 151 144  1
 233 144  1
 143 145  1
 180 145  1
 112 146  1
 225 146  1
 155 147  1
 167 147  1
 168 147  1
 259 147  1
 264 147  1
 276 147  1
 277 147  1
  48 148  1
 222 148  1
 243 148  1
 244 148  1
  90 149  1
  98 149  1
 148 149  1
 178 150  1
 237 150  1
   1 151  1
  51 151  1
 167 151  1
 185 151  1
 221 151  1
 258 151  1
  86 152  1
  99 152  1
 154 152  1
 156 152  1
 178 152  1
 190 152  1
 226 152  1
 227 152  1
  75 153  1
 158 153  1
 221 153  1
 162 154  1
 176 154  1
 218 154  1
 225 154  1
  50 155  1
  72 155  1
  74 155  1
  95 155  1
 182 155  1
 188 155  1
 225 156  1
 226 156  1
  32 158  1
  67 158  1
  68 158  1
 157 158  1
 218 158  1
  61 159  1
  83 159  1
 250 159  1
  16 160  1
  17 160  1
  70 160  1
  75 160  1
 212 160  1
 254 160  1
 276 161  1
 277 161  1
  29 162  1
 206 162  1
 227 162  1
 234 162  1
  10 164  1
 216 164  1
 275 164  1
 276 164  1
 158 165  1
  59 166  1
  60 166  1
 165 166  1
 172 166  1
 209 166  1
 239 166  1
 243 166  1
 251 166  1
 222 167  1
 229 167  1
  20 168  1
 170 168  1
  32 169  1
 148 169  1
 149 169  1
 175 169  1
 176 169  1
 153 170  1
 242 170  1
 155 171  1
 157 171  1
 165 171  1
 185 171  1
 219 171  1
 233 171  1
 272 171  1
  35 172  1
 196 172  1
 208 172  1
 223 172  1
 227 172  1
  42 173  1
 188 175  1
 242 175  1
 177 176  1
 182 176  1
 229 176  1
 269 177  1
  53 178  1
 212 178  1
 213 178  1
 229 178  1
 176 179  1
 226 179  1
 240 179  1
 213 180  1
 267 180  1
  55 181  1
 165 182  1
 213 182  1
 214 182  1
 175 183  1
 177 183  1
 197 183  1
 223 183  1
  62 184  1
  14 185  1
  15 185  1
 167 185  1
 263 185  1
 170 186  1
 185 187  1
 194 187  1
 198 187  1
  16 188  1
 174 188  1
 148 190  1
 179 190  1
 180 190  1
  18 191  1
  19 191  1
 228 192  1
 203 193  1
 257 193  1
 150 194  1
 222 194  1
 223 194  1
  19 195  1
 153 195  1
 154 195  1
 155 195  1
 206 195  1
  13 196  1
 159 196  1
 194 196  1
  15 199  1
 132 199  1
 162 199  1
 202 199  1
 253 199  1
  19 201  1
 132 201  1
 169 201  1
  60 202  1
 150 202  1
  55 203  1
  70 203  1
 155 203  1
 140 205  1
 158 205  1
 207 205  1
 208 205  1
 102 206  1
 143 206  1
 145 206  1
 249 206  1
  73 207  1
  95 207  1
  96 207  1
 136 207  1
 201 207  1
 168 208  1
 213 208  1
  82 209  1
  83 209  1
  96 209  1
 204 209  1
 221 209  1
  27 210  1
 111 210  1
 174 210  1
 180 210  1
 183 210  1
 208 210  1
 209 210  1
  72 211  1
 148 211  1
  55 212  1
 114 212  3
 115 212  1
 116 212  1
 110 213  1
 188 213  1
 168 214  1
 192 214  1
 242 214  1
  96 215  1
 118 215  1
 156 216  1
  58 217  1
  73 217  1
 107 217  1
  83 218  1
 114 218  1
 115 218  1
 153 218  1
 190 218  1
 191 218  1
  65 219  1
  98 219  1
  99 219  1
 107 219  1
 144 219  2
 146 219  1
 169 219  1
 170 219  1
 178 219  1
 179 219  1
  71 220  1
  72 220  1
  81 220  1
  82 220  1
 114 220  1
  58 221  1
  99 221  1
  62 222  1
  91 223  1
  92 223  1
 112 223  1
 113 223  1
 169 223  1
 170 223  1
  43 224  1
 146 224  1
 147 224  1
  54 225  1
 163 225  2
 164 225  1
 169 225  1
  78 226  1
  83 226  1
  91 226  1
  46 227  1
  70 227  1
 170 227  1
 171 227  1
 177 227  1
 178 227  1
  88 228  1
 123 228  1
 151 228  1
 152 228  1
  63 229  1
  64 229  1
  80 229  1
 116 229  1
 136 229  1
 109 230  1
 111 230  1
 227 230  1
  80 231  1
 136 231  1
  63 232  1
  68 232  1
 127 232  1
 173 232  1
  56 233  1
 151 233  1
 152 233  1
 177 233  1
  81 234  1
  87 235  1
  88 235  1
 132 235  1
 219 235  1
  61 236  1
  95 236  2
 113 236  1
 217 237  1
  75 238  1
  80 238  1
 102 238  1
 133 239  1
 139 239  1
 153 239  1
  68 240  1
 158 240  1
 104 241  1
 160 241  1
  85 243  1
  93 243  1
  76 244  1
 106 244  1
 148 244  1
 149 244  1
 156 245  1
 175 245  1
  97 246  1
  98 246  1
 128 246  1
 151 246  1
  81 248  1
  82 248  1
 158 248  1
 135 249  1
 130 250  1
 189 250  1
 110 251  1
 150 251  1
 185 251  1
 187 251  1
 113 252  1
 175 253  1
 117 255  1


count = 754