 122   1  1
 127   1  1
 137   1  1
 153   1  1
 173   1  1
 108   3  1
 193   4  1
 196   5  1
 199   6  1
  93   7  1
 158   7  1
 161   7  1
 139   8  1
 152   8  1
 111   9  1
 161   9  1
 207  10  1
  86  12  1
 169  12  1
 188  12  1
 189  12  1
 108  13  1
 101  14  1
 126  14  1
 152  14  1
 121  15  1
 153  16  1
 193  16  1
 203  16  1
  70  17  1
  65  19  1
  89  19  1
  90  19  1
 116  19  1
 139  19  1
 161  19  1
 162  19  1
 221  19  1
 174  21  1
 133  22  1
 135  22  1
 145  22  1
 146  22  1
 160  22  1
 161  22  1
 226  22  1
 119  23  1
 153  23  1
 167  23  1
 158  24  1
 171  24  1
 172  24  1
  54  25  1
 166  25  1
 167  25  1
 114  26  1
 172  26  1
 215  26  1
  88  27  1
  89  27  1
 101  27  1
 107  27  1
 150  28  1
 155  28  1
 235  28  1
  87  29  1
  88  29  1
 112  29  1
 158  30  1
 212  30  1
 213  30  1
 223  30  1
 148  31  1
 240  31  1
  94  33  1
  96  33  1
 166  33  1
 175  33  1
 178  33  1
 211  33  1
 212  33  1
 168  35  1
 233  35  1
 175  37  1
 210  38  1
  50  39  1
  77  39  1
 230  39  1
  90  40  1
  91  40  1
  93  40  1
 149  40  1
 170  40  1
  79  41  1
  98  42  1
 163  42  1
 164  42  1
 186  42  1
 222  42  1
 223  42  1
 226  42  1
 227  42  1
 241  43  1
 147  44  1
 152  44  1
 170  44  1
 184  44  1
 185  44  1
 186  44  1
  28  45  1
  56  45  1
 158  45  1
 181  45  1
 246  45  1
  38  46  1
  77  46  1
  78  46  1
  36  47  1
  57  47  1
  94  47  1
 162  47  1
  61  49  1
 144  49  1
 161  49  1
 162  49  1
 230  49  1
 232  49  1
 234  49  1
  32  50  1
 186  50  1
  63  51  1
 182  51  1
  99  52  1
 167  52  1
 218  52  1
 226  52  1
 251  52  1
  20  53  1
  27  53  1
  35  53  1
  58  53  1
  77  53  1
 245  53  1
  71  54  1
 102  54  1
 103  54  1
 148  54  1
 152  54  1
  66  55  1
 154  55  1
 191  55  1
 222  55  1
  39  56  1
  97  56  1
 157  56  1
 158  56  1
 263  56  1
  34  57  1
 201  57  1
  39  58  1
  72  59  1
  82  59  1
  99  60  1
 112  60  1
 172  60  1
 173  60  1
  31  61  1
  32  61  1
 105  61  1
 165  61  1
 237  61  1
 238  61  1
  13  62  1
  77  62  1
  83  62  1
 170  62  1
 232  62  1
  30  63  1
  31  63  1
 167  63  1
 266  63  1
 267  63  1
  28  64  1
  76  64  1
  77  64  1
 116  64  1
 131  64  1
 132  64  1
 260  64  1
 109  65  1
 167  65  1
  99  66  1
  80  67  1
 133  67  1
 235  67  1
 240  67  1
  67  68  1
  68  68  1
  70  68  3
  74  68  1
  87  68  1
 252  68  1
 255  68  1
 256  68  1
 257  68  1
  33  69  1
  63  69  1
 104  69  2
 148  69  1
  36  70  1
  58  70  1
  60  70  1
  87  70  1
 189  70  1
 243  70  1
 263  70  1
  96  71  1
 104  71  1
 164  71  1
  26  72  1
 194  72  1
   7  73  1
   8  73  1
  15  73  1
  45  73  1
 219  73  1
 253  73  1
  55  74  1
  67  74  1
  78  74  1
  90  74  1
 194  74  1
 238  74  1
 271  74  1
 272  74  1
  31  75  1
 158  75  1
 160  75  1
 243  75  1
  70  76  1
 152  76  1
 180  76  1
 247  76  1
 155  77  1
 250  77  1
 273  77  1
 274  77  1
 214  78  1
 220  78  1
 225  78  1
 258  78  1
 261  78  1
   5  79  1
   6  79  1
  78  79  1
 187  79  1
 190  79  1
 191  79  1
 266  79  1
  75  80  1
  76  80  1
 151  80  1
 183  80  1
 275  80  1
 276  80  1
 142  81  1
 190  81  1
  76  82  1
 147  82  1
 156  82  1
 161  82  1
  24  83  1
 173  83  1
 221  83  1
  11  84  1
 148  85  1
 203  85  1
 228  85  1
 187  86  1
  19  87  1
  12  88  1
 261  88  1
  19  89  1
 231  89  1
   2  90  1
   3  90  1
  16  90  1
  17  90  1
 115  90  1
  21  91  1
 240  91  1
 141  92  1
 199  92  1
 268  92  1
 151  93  1
 158  93  1
 226  93  1
  12  94  1
 121  94  1
 184  94  1
 185  94  1
 241  95  1
 227  96  1
 245  96  1
 269  96  1
   7  97  1
   8  97  1
   1  99  1
 105  99  1
 153  99  1
 154  99  1
 133 100  1
 181 100  1
 173 101  1
 116 102  1
 163 102  1
 170 102  1
  46 103  1
  93 103  1
 107 103  1
 200 103  1
 236 104  1
 194 105  1
 205 105  1
  17 106  1
  62 106  1
  66 106  1
  67 106  1
 148 106  1
 230 106  1
 232 106  1
 261 106  1
  21 107  1
  92 107  1
 253 107  1
 282 107  1
 283 107  1
 199 108  1
 236 108  1
 258 108  1
 259 108  1
 144 109  1
 103 110  1
 174 110  1
  64 111  1
 125 111  1
 149 111  1
 153 111  1
 157 111  1
 192 111  1
 234 111  1
 260 111  1
 264 111  1
 269 111  1
 119 112  1
 120 112  1
 140 112  1
 199 112  1
 146 113  1
 110 114  1
   1 115  1
 129 115  1
 223 115  1
 266 115  1
 114 116  1
 249 116  1
 260 116  1
   8 117  1
   9 117  1
 119 117  1
 125 118  1
 126 118  1
 162 118  1
 192 118  1
 227 118  1
 244 118  1
 263 118  1
   8 119  1
 104 119  1
 105 119  1
 146 119  1
 169 119  1
 173 119  1
 199 119  1
 234 119  1
 270 119  1
 271 119  1
 272 119  1
  22 120  1
 130 120  1
  13 122  1
  97 122  1
  98 122  1
  99 122  1
 135 122  1
 214 122  1
 194 123  1
 195 123  1
 267 123  1
   9 124  1
  17 124  1
 113 124  1
 123 125  1
 124 125  1
 205 125  1
 221 125  1
 109 126  1
 196 126  1
 209 126  1
 233 126  1
 240 126  1
  23 127  1
  69 127  1
 202 127  1
  20 128  1
  35 128  1
  39 128  1
  56 128  1
  75 128  1
 209 128  1
 256 128  1
 266 128  1
   2 129  1
   3 129  1
  65 129  1
 134 129  1
 222 129  1
 248 129  1
 206 130  1
 235 130  1
 114 131  1
 144 131  1
 198 131  1
 199 131  1
 216 131  1
 121 132  1
  17 133  1
 166 133  1
 171 133  1
 172 133  1
 173 133  1
 216 133  1
 219 133  1
 220 133  1
 270 133  1
 273 133  1
  35 134  1
  36 134  1
 208 134  1
  42 135  1
  97 136  1
 136 136  1
 137 136  1
 102 137  1
 103 137  1
 147 137  1
 230 137  1
  47 138  1
 116 138  1
  36 140  1
 178 140  1
  27 141  1
 153 141  1
 244 141  1
 245 141  1
  13 143  1
 151 143  1
 248 143  1
  21 144  1
  48 144  1
 116 144  1
 147 144  1
  63 145  1
  64 145  1
 103 145  1
 104 145  1
 121 146  1
  54 147  1
  70 147  1
 114 147  1
 179 147  1
  12 148  1
 139 148  1
 259 148  1
  21 149  1
  75 149  1
  96 149  1
 118 149  1
 149 149  1
 253 149  1
  61 150  1
 266 150  1
   5 151  1
   6 151  1
  13 151  1
 105 152  1
  29 153  1
  83 153  1
  84 153  1
  77 154  1
 105 154  1
 145 154  1
  23 155  1
  41 155  1
 186 155  1
  70 156  1
 194 156  1
 205 156  1
 105 157  1
  99 158  1
 112 158  1
 245 159  1
 262 160  1
  18 161  1
 133 161  1
 153 161  1
 154 161  1
 155 161  1
 190 162  1
 191 162  1
 272 162  1
 135 163  1
 236 163  1
 153 167  1
 256 167  1
 265 167  1
 266 167  1
 268 167  1
 156 168  1
 162 168  1
 189 168  1
 231 168  1
 242 168  1
 194 169  1
 195 169  1
 224 169  1
 278 169  1
 279 169  1
 186 170  1
 187 170  1
 264 171  1
  41 172  1
 269 172  1
 277 173  1
 278 173  1
 208 174  1
 262 174  1
  63 175  1
 178 175  1
 213 175  1
  16 176  1
  45 176  1
 189 176  1
 191 176  1
  23 177  1
  26 178  1
 146 178  1
 164 178  1
 219 178  1
  39 179  1
 113 179  1
 123 179  1
  31 181  1
  32 181  1
  34 181  1
 163 181  1
 274 181  1
  27 182  1
  52 182  1
  55 182  1
  89 182  1
 102 182  1
 139 182  1
 140 182  1
  83 183  1
  96 183  1
  45 184  1
  98 184  1
 153 184  1
 251 185  1
  32 186  1
  62 186  1
  47 187  1
 108 187  1
  24 188  1
  98 188  1
 216 188  1
 269 188  1
 257 190  1
 101 191  1
 238 192  1
  56 193  1
 248 193  1
 105 194  1
 212 194  1
 215 194  2
 216 194  1
 217 194  1
 257 194  1
 258 194  1
 203 195  1
 204 195  1
 241 195  1
 255 195  1
 199 196  1
  50 197  1
  51 197  1
 220 197  1
 208 198  1
  48 199  1
 135 199  1
  54 200  1
 174 200  1
 175 200  1
 196 200  1
 129 202  1
  52 203  1
  61 203  1
 195 203  1
 253 203  1
 139 204  1
 165 204  1
 166 204  1
  61 205  1
 137 205  1
 143 205  1
 218 205  1
 180 206  1
 199 206  1
 250 206  1
  52 207  1
  57 207  1
  63 207  1
 129 207  1
 130 207  1
 209 207  1
 260 207  1
 163 208  1
 164 208  1
 247 208  1
 248 208  1
  56 209  1
  70 209  1
 147 210  1
 151 210  1
 153 210  1
 155 211  1
 169 211  1
  48 212  1
 147 212  1
 127 213  1
  90 214  1
 148 214  1
 116 215  1
 168 215  1
 197 215  1
 213 215  1
 219 215  1
  56 216  1
  69 216  1
 114 217  1
 125 217  1
 172 217  1
 173 217  1
 203 218  1
 174 219  1
 189 219  1
 201 219  1
 206 220  1
  73 221  1
  84 221  1
  97 221  1
 135 221  1
 217 221  1
  88 222  1
 126 222  1
 224 222  1
  65 223  1
  97 223  1
 130 223  1
 131 223  1
 161 223  1
 168 223  1
 174 223  1
 182 223  1
 121 224  1
  80 225  1
  95 225  1
  96 225  1
 190 225  1
 138 226  1
 220 226  1
 222 226  1
 224 226  1
  73 227  1
 173 227  1
 126 228  1
 202 228  1
 225 228  1
 226 228  1
 227 228  1
  75 229  1
  85 229  1
 197 229  1
 198 229  1
 192 230  1
 193 230  1
 198 231  1
 164 233  1
 165 233  1
 176 233  1
 221 233  1
  84 234  1
 170 234  1
 171 234  1
 180 234  1
 191 234  1
 192 234  1
 200 234  1
 117 235  1
 168 238  1
 185 238  1
 187 238  1
 127 239  1
 227 239  1
 113 240  1
  95 242  1
 180 242  1
 217 243  1
 100 244  1
 175 244  1
 185 244  1
 103 245  1
 106 246  1
 114 248  1
 180 248  1
 117 249  1
 202 249  1
 122 250  1
 192 252  1


count = 740