 152   1  1
 173   1  1
 180   1  1
 130   5  1
 201   5  1
 153   6  1
 203   6  1
 139   9  1
 168   9  1
 133  11  1
 212  11  1
 109  12  1
 144  12  1
 199  12  1
 148  13  1
 149  13  1
 203  15  1
  90  16  1
 133  16  1
 134  16  1
 149  16  1
 150  16  1
 222  17  1
 114  18  1
 119  18  1
 141  18  1
 196  18  1
  82  19  1
  83  19  1
 134  20  1
 148  20  1
 172  21  1
 173  21  1
 142  22  1
 231  22  1
 232  22  1
 185  23  1
 143  24  1
 198  24  1
 199  24  1
 123  25  1
 125  25  1
 148  25  3
 150  25  1
 167  25  1
 184  25  1
 237  25  1
  85  26  1
 132  26  1
  86  28  1
 140  28  1
 146  28  1
  89  29  1
 152  29  1
 197  30  1
 198  30  1
  72  31  1
  96  31  1
  57  32  1
  91  32  1
 122  32  1
 115  33  1
 116  33  1
 134  33  1
 146  33  1
 147  33  1
 164  33  1
 165  33  1
  76  34  1
  77  34  1
 211  34  1
 213  34  1
 218  34  1
 223  34  1
  52  35  1
  95  35  1
 100  35  1
 101  35  1
 138  35  1
 238  35  1
  70  36  1
  71  36  1
  77  36  1
 116  36  1
 124  36  1
 205  36  1
 206  36  1
 211  36  1
 194  37  1
 165  38  1
 166  38  1
 210  38  1
  59  39  1
 129  39  1
 156  39  1
 157  39  1
 126  40  1
 210  40  1
 240  40  1
 218  41  1
 138  43  1
 218  43  1
 223  43  1
 225  43  1
 229  43  1
 230  43  1
 235  43  1
 123  44  1
  76  45  1
  77  45  1
 102  45  1
  56  46  1
  79  47  1
 222  47  1
  82  48  1
  83  48  1
 103  48  1
 104  48  1
 141  49  1
 132  50  1
 136  50  1
  35  52  1
  87  52  1
  91  52  1
 105  53  1
 143  53  1
 226  53  1
 248  53  1
  44  54  1
 234  54  1
  59  55  1
  60  55  1
  28  57  1
  93  57  1
 227  57  1
  55  58  1
  72  58  1
 100  58  1
  38  59  1
  47  59  1
 221  59  1
 229  59  1
 267  59  1
  54  62  1
  74  62  1
  76  62  1
  36  63  1
  56  64  1
  57  64  1
  70  64  1
  41  65  1
  43  65  1
  67  65  1
  78  65  1
  79  65  1
 255  65  1
  50  66  1
 215  66  1
 217  66  1
 219  66  1
 250  66  1
 251  66  1
 272  66  1
 273  66  1
  36  67  1
 209  67  1
 103  68  1
 212  68  1
 266  68  1
 267  68  1
  47  69  1
 203  69  1
  16  70  1
  59  70  1
  79  70  1
  84  70  1
 266  70  2
  44  72  1
  71  73  1
  73  73  1
  76  73  1
  66  74  1
  67  74  1
 210  74  1
  40  75  1
  47  75  1
 205  75  1
 275  75  1
 276  75  1
 240  77  1
  30  78  1
  36  78  1
 127  78  2
 128  78  1
 234  78  1
 236  78  1
 276  78  1
 277  78  1
 234  80  1
  26  81  1
  27  81  1
 129  83  1
 130  83  1
 254  83  1
 258  83  1
 134  85  1
 260  85  1
  17  87  1
  18  87  1
 113  87  1
 117  87  1
 123  88  1
 135  88  1
 244  88  1
   7  89  1
   8  89  1
  20  89  1
  21  89  1
 127  89  1
 237  89  1
 246  89  1
 269  90  1
 280  90  1
 281  90  1
 115  91  1
 152  91  1
 132  92  1
  18  93  1
 170  93  1
  12  94  1
 134  94  1
   5  95  1
   6  95  1
  34  95  1
 117  95  1
 126  95  1
 107  96  1
 115  96  1
 173  96  1
 224  96  1
 251  96  1
 259  96  1
 267  96  1
  16  97  1
 165  97  1
 167  97  1
 212  97  1
 230  97  1
 261  98  1
 263  98  1
  13  99  1
  22  99  1
 130  99  1
 172  99  1
 265  99  1
  10 101  1
 171 101  1
 172 101  1
 183 101  1
 185 101  1
 213 101  1
 129 102  1
 152 102  1
 155 102  1
 159 102  1
 188 102  1
  43 103  1
  58 103  1
  73 103  1
 167 103  1
  19 104  1
 175 104  1
 111 105  1
 113 105  1
 120 105  1
 217 105  1
 219 105  1
 124 106  1
 157 106  1
 164 106  1
 237 106  1
  14 107  1
  48 107  1
  76 107  1
 118 107  1
 217 107  1
  12 108  1
  32 108  1
  85 108  1
 203 108  1
 207 108  1
  29 109  1
 148 109  1
 174 109  1
 182 109  1
 217 109  1
 218 109  1
 198 110  1
 237 110  1
  14 111  1
  27 111  1
 113 111  1
 170 111  1
 229 111  1
 128 112  1
 163 112  1
  31 113  1
 165 113  1
 233 113  1
 167 114  1
 218 114  1
  93 115  1
  97 115  1
 112 115  1
 113 115  1
 118 115  1
 179 115  1
 211 115  1
  74 116  1
 116 116  1
 228 116  1
 230 116  1
 107 117  1
 111 117  1
 180 117  1
 181 117  1
 233 117  1
 222 118  1
 223 118  1
 224 118  1
 228 118  1
  22 119  1
  67 119  1
 149 119  1
 198 119  1
 157 120  1
  21 121  1
  34 121  1
  52 121  1
 186 121  1
 196 121  1
 200 121  1
 201 121  1
 174 122  1
 175 122  1
 231 122  1
  20 123  1
  52 123  1
 143 123  1
 144 123  1
 201 123  1
 216 123  1
 239 123  1
 240 123  1
 272 123  1
 274 123  1
 275 123  1
 117 124  1
 163 124  1
 267 124  1
  15 125  1
  64 125  1
 172 125  1
 201 125  1
 218 125  1
 235 125  1
  55 126  1
 111 126  1
 112 126  1
 148 126  1
 204 126  1
 233 126  1
  30 127  1
 138 127  1
 158 127  1
 228 127  1
  51 128  1
 185 128  1
 233 128  5
 242 128  1
 244 128  1
   1 129  1
   2 129  1
  69 129  1
 153 129  1
 154 129  1
 172 129  1
  59 130  1
  65 130  1
  73 130  1
 175 130  1
  34 131  1
  47 131  1
  48 131  1
  49 131  1
 165 131  1
 231 131  1
 237 131  1
 272 131  1
 175 132  1
 186 132  1
 273 133  1
 274 133  1
 275 133  1
  65 134  1
 182 134  1
  72 135  1
 244 135  1
 171 136  1
 201 136  1
 252 136  1
 263 136  1
 264 136  1
 123 137  1
 154 137  1
 127 138  1
 180 138  1
 183 138  1
  63 139  1
  97 139  1
 243 139  1
 244 139  1
 248 140  1
 249 140  1
 110 142  1
 150 142  1
  94 143  1
 119 143  1
 142 143  1
 162 143  1
 146 144  1
 108 145  1
 124 145  1
 244 145  1
  11 146  1
  13 146  1
 128 146  1
 232 146  1
 233 146  1
  88 147  1
  89 147  1
  17 148  1
  98 148  1
 247 148  1
 163 149  1
  19 150  1
 156 150  1
 157 150  1
 239 150  1
 128 151  1
 188 151  1
 162 152  1
 202 152  1
 112 153  1
 167 153  1
  17 154  1
  18 154  1
 206 154  1
 234 154  1
 107 155  1
 129 155  1
 225 155  1
 237 158  1
 105 159  1
 152 159  1
 153 159  1
 193 159  1
 118 161  1
 127 161  1
 131 161  1
 188 161  1
 192 161  1
 193 161  1
 136 162  1
  52 163  1
 132 163  1
 186 163  1
 238 163  1
 259 163  1
 157 164  1
 244 164  1
 240 165  1
 250 165  1
   6 166  1
   7 166  1
  16 166  1
  25 166  1
  26 166  1
  28 166  1
  60 166  1
 127 166  1
 157 166  1
  21 167  1
  31 167  1
  39 167  1
  42 167  1
  63 167  1
 129 167  1
 278 167  1
 279 167  1
  52 168  1
  58 168  1
 123 168  1
 157 168  1
 234 168  1
  18 169  1
  48 169  1
 134 169  1
 135 169  1
 155 169  1
 254 169  1
  55 170  1
 245 170  1
 254 171  1
  42 172  1
  66 172  1
 118 172  1
 229 172  1
 248 172  1
 249 172  1
  46 173  1
  48 173  1
 154 174  1
 155 174  1
 248 176  1
 234 177  1
 275 177  1
 276 177  1
  47 178  1
  53 178  1
 229 178  1
 150 179  1
 119 180  1
  31 181  1
 225 181  1
 226 181  1
 227 181  1
 240 182  1
 263 182  1
 151 183  1
 259 183  1
 219 184  1
 220 184  1
  26 185  1
  30 185  1
 119 185  1
 120 185  1
 272 185  1
 273 185  1
  16 186  1
  39 186  1
  49 186  1
  50 186  1
 228 186  1
 236 186  1
 237 186  1
 232 187  1
 121 188  1
  76 189  1
  77 189  1
 246 189  1
  42 192  1
 120 193  1
 232 194  1
  39 195  1
  88 195  1
 127 195  1
 227 195  1
 236 195  1
 145 196  1
 167 197  1
 239 197  1
 242 197  1
 130 198  1
  45 199  1
 160 199  1
 265 199  1
  28 200  1
  80 200  1
  81 200  1
 148 200  1
 136 201  1
 137 201  1
 171 201  1
  76 202  1
 147 203  1
 173 203  1
 229 203  1
  31 204  1
  52 204  1
  53 204  1
 118 204  1
 136 204  1
 151 204  1
 235 204  1
 262 204  1
 114 205  1
 158 205  1
  75 206  1
  76 206  1
 135 206  1
 136 206  1
 146 206  1
 179 206  1
 180 206  1
  50 207  1
 133 207  1
 242 207  1
 246 207  1
  96 208  1
 107 208  1
 120 208  1
 129 209  1
 207 210  1
 191 211  1
 246 211  1
  96 212  1
 111 212  1
 115 212  1
 119 212  1
 218 212  1
 220 212  1
 229 212  1
  80 213  1
  81 213  1
 107 214  1
 109 214  1
 204 214  1
 253 214  1
  42 215  1
 192 215  1
 221 215  1
 119 216  1
 121 216  1
 136 216  1
 181 218  1
 230 219  1
 231 219  1
 191 220  1
 246 220  1
 101 221  1
 117 221  1
 118 221  1
 231 221  1
 226 222  1
 182 223  1
 220 223  1
  85 224  1
 240 224  1
  54 225  1
 201 225  1
 121 226  1
 122 226  1
 193 226  1
 212 226  1
 215 227  1
 216 227  1
 225 227  1
  58 228  1
  68 228  1
  69 228  1
 169 228  1
 171 228  1
 193 228  1
 110 229  1
 186 229  1
 188 229  1
 221 229  1
  75 230  1
 116 230  1
 196 230  1
 216 230  1
 216 232  1
 102 233  1
 118 233  1
 119 233  1
 136 234  1
 172 234  1
 176 234  1
  68 235  1
  69 235  1
 112 235  1
 199 235  1
 227 235  1
 104 236  1
 136 236  1
  83 237  1
 165 237  1
 166 237  1
 190 237  1
 207 237  1
 221 238  1
  88 239  1
 182 239  1
 193 239  1
 194 239  1
 189 240  1
 131 242  1
 156 242  1
 157 242  1
 162 242  1
 140 243  1
 144 243  1
 180 243  1
 153 244  1
 145 245  1
 210 245  1
 149 246  1
 150 246  1
 162 247  1
 175 247  1
 176 247  1
 202 247  1
 104 248  1
 105 248  1
 141 248  1
 182 248  1
 108 249  1
 130 249  1
 131 249  1
 144 249  1
 196 249  1
 175 250  1
 194 250  1
 144 255  1


count = 725