 128   1  1
 173   1  1
 177   1  1
 115   2  1
 192   4  1
  94   5  1
 120   7  1
 155   7  1
 171   7  1
  78  10  1
 132  10  1
 138  10  1
 108  11  1
 122  11  1
 123  11  1
 174  11  1
 175  11  1
  88  12  1
 134  12  1
  70  14  1
  71  14  1
 146  14  1
 217  14  1
  88  15  1
 116  15  1
 117  15  1
 160  15  1
  67  16  1
  90  17  1
 222  17  1
 149  18  1
 163  20  1
 170  20  1
 117  21  1
 132  21  1
 227  21  1
  74  22  1
  88  22  1
 119  22  1
 169  22  1
 170  22  1
  81  23  1
 112  23  1
 152  23  1
  66  24  1
  67  24  1
  91  24  1
 165  24  1
 166  24  1
 112  25  1
 123  25  1
  85  26  1
  80  27  1
  81  27  1
  99  27  1
 100  27  1
 107  27  1
 155  27  1
 156  27  1
 160  27  1
 162  27  1
 236  27  1
  42  29  1
  66  29  1
  96  29  1
 149  30  1
  38  31  1
  80  31  1
  48  33  1
  64  33  1
  81  33  1
 100  33  1
 101  33  1
 160  33  2
  94  34  1
  33  35  1
  54  35  1
 153  35  1
 155  35  1
  99  36  1
  43  37  1
  44  37  1
  50  37  1
  51  37  1
 148  37  1
 149  37  1
  75  38  1
  76  38  1
  94  38  1
  95  38  1
  37  39  1
  81  39  1
 156  39  1
 157  39  1
 161  40  1
 162  40  1
 116  41  1
  38  43  1
  39  43  1
 102  43  1
  45  44  1
  46  44  1
 230  44  1
  50  45  1
  55  45  1
 106  45  1
 104  46  1
 229  46  1
  51  47  1
  72  47  1
  73  47  1
 120  47  1
 215  47  1
 120  49  1
 228  49  1
 229  49  1
  58  50  1
  74  50  1
  75  50  1
 259  50  1
  18  51  1
  41  51  1
 104  51  1
 154  51  1
 120  52  1
 219  52  1
 225  52  1
 149  53  1
 150  53  1
 158  53  1
 231  53  1
  16  54  1
  24  54  1
  66  54  1
 102  54  1
 163  54  1
 167  54  1
 168  54  1
 261  54  1
  57  55  1
  22  56  1
  95  56  1
 233  56  1
 235  56  1
  49  57  1
  91  57  1
 195  57  1
 263  57  1
 150  58  1
 166  58  1
 161  59  1
 192  59  1
  13  60  1
  23  62  1
  24  62  1
  46  62  1
 240  62  1
  50  63  1
  26  64  1
 186  64  1
 243  64  1
 245  64  1
  22  66  1
 269  67  1
 270  67  1
  22  68  1
  31  68  1
  15  69  1
 184  70  1
 185  70  1
 271  70  1
 272  70  1
 188  71  1
 176  74  1
 214  74  1
   5  77  1
   6  77  1
 189  78  1
 190  78  1
 228  79  1
 231  81  1
 232  81  1
 278  83  1
 279  83  1
  10  84  1
 217  84  1
 158  85  1
 160  85  1
 215  86  1
 238  86  1
 218  87  1
 239  89  1
 237  90  1
 140  91  1
 148  91  1
 209  91  1
 232  91  1
 233  91  1
  22  93  1
 248  93  1
  68  94  1
  84  95  1
 227  95  1
 237  95  1
 238  95  1
 209  96  1
 214  96  1
 231  96  1
 281  96  1
 282  96  1
  11  97  1
  79  97  1
  80  97  1
 238  97  1
 243  97  1
  20  98  1
  21  98  1
  68  98  1
 218  99  1
 225  99  1
 226  99  1
 230  99  1
 243  99  1
 244  99  1
  70 101  1
  71 101  1
  79 101  1
  80 101  1
 249 101  1
  72 105  1
  73 105  1
   1 106  1
  45 106  1
  80 106  1
  88 106  1
  90 106  1
 249 107  1
  41 109  1
 251 109  1
 254 109  1
 211 110  1
   9 111  1
  33 111  1
 163 111  1
 164 111  1
 260 111  1
  73 112  1
   6 113  1
  35 113  1
  40 115  1
  44 115  1
  96 115  1
 244 115  1
 281 115  1
 282 115  1
   1 116  1
 162 116  1
 216 116  1
 238 116  1
 239 116  1
 240 116  1
 256 116  1
  98 117  1
 111 117  1
 263 117  1
  43 118  1
  77 118  1
 104 118  1
 211 118  1
 238 118  1
 259 118  1
  98 119  1
   6 120  1
  21 120  1
  26 120  1
  86 120  1
 116 120  1
 117 120  1
 233 120  1
   1 121  1
   2 121  1
 273 121  1
 274 121  1
  39 122  1
  42 122  1
  92 122  1
 144 122  1
 149 122  1
  17 123  1
 141 123  1
   2 124  1
   3 124  1
  14 124  1
  30 124  1
  31 124  1
  49 124  1
  44 125  1
  60 125  1
 119 125  1
 201 125  1
 188 126  1
 255 126  1
 264 126  1
  60 127  1
 231 127  1
 232 127  1
 261 127  1
   8 128  1
 111 128  1
 191 128  1
  60 129  1
  93 129  1
  45 130  1
  72 130  1
  73 130  1
 133 130  1
 198 130  1
 202 130  1
  12 131  1
  55 131  1
  64 131  1
  65 131  1
 144 131  1
 219 132  1
 233 132  1
 271 132  1
 272 132  1
  35 133  1
  65 133  1
 195 133  1
 235 133  1
   8 134  1
   9 134  1
 104 134  1
 101 135  1
 102 135  1
  34 136  1
 219 136  1
  92 137  1
 101 137  1
 102 137  1
 224 137  1
 148 138  1
  13 139  1
 215 139  1
  99 140  1
  13 141  1
  17 142  1
  25 142  1
  81 142  1
  11 143  1
  12 143  1
  31 143  1
 258 143  1
 262 143  1
  25 144  1
  78 144  1
  17 145  1
  18 145  1
  36 145  1
 157 145  1
 162 145  1
 166 145  1
  24 146  1
  40 146  1
  77 146  1
 216 146  1
  18 148  1
  19 148  1
 219 149  1
  19 150  1
  73 150  1
  86 150  1
  25 151  1
  26 151  1
  35 151  1
 169 151  1
 265 151  1
  19 152  1
  20 152  1
 222 152  1
  82 153  1
 172 153  1
 173 153  1
  40 154  1
  51 154  1
  52 154  1
  53 154  1
 227 154  1
 228 154  1
 263 154  1
  74 155  1
 271 155  1
 272 155  1
 177 156  1
 259 156  1
  20 157  1
 254 157  1
   6 158  1
   7 158  1
 208 158  1
 209 158  1
 264 158  1
  22 159  1
  82 160  1
 206 160  1
 248 160  1
 249 160  1
   7 161  1
   8 161  1
  86 161  1
 180 161  1
 197 161  1
 269 161  1
 249 162  2
  22 163  1
 182 163  1
   8 164  1
   9 164  1
  95 164  1
 115 164  1
 128 164  1
 264 164  1
 100 165  1
 134 165  1
 197 165  1
 255 165  1
 180 166  1
 200 166  1
 195 168  1
 149 169  1
 259 169  1
  51 170  1
 151 171  1
 195 173  1
 201 173  1
 208 173  1
 209 173  1
  21 174  1
  22 174  1
  40 174  1
 267 174  1
  53 175  1
  64 175  1
 162 175  1
  62 176  1
 164 176  1
 182 176  1
 183 176  1
 204 176  1
  37 177  1
  46 177  1
 209 177  1
  20 179  1
  21 179  1
  33 179  1
  39 179  1
  60 179  1
  38 181  1
  56 182  1
  58 182  1
  37 183  1
  31 185  1
  25 186  1
  27 187  1
  41 187  1
  35 188  1
  53 188  1
 268 188  1
  40 189  1
  49 189  1
  84 189  1
 261 189  1
 262 189  1
  35 190  1
  27 192  1
  21 193  1
  22 193  1
  30 193  1
  46 193  1
  43 194  1
  48 194  1
  87 195  1
  88 195  1
 263 197  1
  32 199  1
  42 199  1
  26 200  1
  78 200  1
  84 200  1
 206 206  1
 202 207  1
  62 208  1
  58 209  1
  60 209  1
 203 211  1
 210 211  1
  36 212  1
 121 212  1
 122 212  1
 251 213  1
  37 214  1
  39 215  1
  94 216  2
  55 219  1
  83 220  1
 123 221  1
  48 222  1
 119 222  1
 220 222  1
  61 224  1
  62 224  1
  55 227  1
  67 227  1
 116 227  1
 219 227  1
 213 228  1
 174 229  1
 176 229  1
 114 230  1
 216 231  1
 217 231  1
  72 232  1
 210 232  1
 112 233  1
  76 236  1
 174 236  1
 175 236  1
 212 236  1
 173 238  1
 167 239  1
 221 240  1
  71 241  1
  72 241  1
 219 242  1
 126 244  1
  89 245  1
 104 247  1
 212 247  1
 106 248  1
 108 248  1
 207 248  1
 113 249  1
 135 249  1
 204 249  1
 166 250  1
 121 251  1
 195 251  1
 124 252  1
 161 252  1
 180 255  1


count = 551