 161   1  1
 174   1  1
 181   2  1
 135   5  1
 129   7  1
 134  11  1
 116  12  1
 204  12  1
 133  14  1
 193  14  1
 129  15  1
 210  15  1
 200  17  1
 201  17  1
 202  17  1
 100  18  1
  98  19  1
 115  19  1
 208  19  1
 216  19  1
 125  22  1
 126  22  1
 213  23  1
  85  24  1
 225  24  1
 226  24  1
 229  26  1
  79  27  1
  80  27  1
  94  27  1
  95  27  1
  76  29  1
 235  30  1
  99  31  1
 100  31  1
 240  31  1
  50  36  1
  69  36  1
  81  36  1
 106  36  1
  45  37  1
  91  38  1
  92  38  1
  40  39  1
  41  39  1
 138  39  1
 139  39  1
 249  39  1
 112  40  1
 114  40  1
 116  40  1
 102  41  1
 125  41  1
 130  42  1
 106  43  1
 107  43  1
 132  43  1
 134  43  1
  80  44  1
 111  44  1
 117  44  1
  72  45  1
  33  46  1
  78  46  1
  91  46  1
 140  46  1
 149  47  1
 129  48  1
  42  49  1
 124  49  1
 143  50  1
 258  50  1
  44  51  1
  45  51  1
  77  51  1
 121  51  1
 146  51  1
 115  53  1
 119  53  1
 120  53  1
  34  54  1
  48  55  1
  49  55  1
  82  56  1
 117  56  1
 137  56  1
 149  56  1
  31  57  1
 128  57  1
 129  57  1
 190  57  1
 263  57  1
  29  58  1
  73  59  1
  74  59  1
  80  59  1
 126  59  1
 204  59  1
 213  59  1
  49  60  1
 150  60  1
 151  60  1
  24  61  1
 165  61  1
  16  62  1
 142  62  1
 148  62  1
 175  62  1
 227  62  1
  26  63  1
  78  63  1
  79  63  1
 170  64  1
  20  65  1
  30  65  1
 220  68  1
  70  69  1
  77  69  1
  27  70  1
 167  70  1
 228  70  1
 187  71  1
  38  72  1
 183  72  1
 188  73  1
 189  73  1
 223  73  1
 229  74  1
  70  75  1
 273  77  1
 160  78  1
 232  78  1
 233  78  1
 266  79  1
  13  81  1
  14  81  1
  36  81  1
 188  81  1
 160  82  1
 172  82  1
 178  82  1
 275  82  1
 276  82  1
  12  83  1
  28  83  2
  29  83  1
  30  83  1
 176  83  1
 219  83  1
 269  83  1
 198  84  1
 260  84  1
 240  85  1
 181  86  1
 223  87  1
 224  87  1
 256  87  1
 277  87  1
 278  87  1
 171  89  1
 173  89  1
 169  90  1
 278  90  1
 279  90  1
  66  92  1
  67  92  1
 234  92  1
 269  92  1
 112  93  1
 117  93  1
 280  95  1
 281  95  1
 238  96  1
 239  96  1
 246  96  1
 253  96  1
 254  96  1
   5  97  1
   6  97  1
 174  97  1
  64  98  1
  70  98  1
 281  98  1
 282  98  1
 187  99  1
 188  99  1
  56 100  1
  57 100  1
 187 101  1
  62 102  1
  63 102  1
 166 102  1
 187 103  1
 198 103  1
  72 105  1
 194 105  1
 170 106  1
 175 106  1
   1 107  1
 155 107  1
 156 107  1
 183 107  1
 184 107  1
 191 107  1
 193 107  1
  76 108  1
 168 108  1
 189 108  1
 177 109  1
 203 109  1
 195 110  1
   5 111  1
   6 111  1
  66 111  1
 103 112  1
 148 112  1
 149 112  1
 178 112  1
 100 113  1
 109 113  1
 167 113  1
 200 113  1
 162 114  1
  72 115  1
  83 115  1
  84 115  1
 179 115  1
 153 116  1
 155 116  1
 280 116  1
 281 116  1
 178 117  1
 179 117  1
  75 118  1
  76 118  1
 280 118  1
   5 119  1
 160 120  1
 161 120  1
 181 120  1
 197 120  1
 110 121  1
 147 121  1
   1 122  1
  80 122  1
 118 122  1
 119 122  1
 150 122  1
 156 122  1
 124 123  1
 156 124  1
 198 124  1
 169 125  1
 277 125  1
  81 126  1
 132 126  1
 172 126  1
  52 127  1
 109 127  1
 166 127  1
 189 127  1
 215 127  1
 216 127  1
 236 127  1
   6 128  1
  50 128  1
 176 128  1
 266 128  1
 267 128  1
  57 129  1
  70 129  1
  78 129  1
 104 129  1
 181 129  1
 194 129  1
 199 129  1
 200 129  1
 265 130  1
  95 131  1
 216 131  1
 229 131  1
 234 131  1
   6 132  1
 177 132  1
  49 133  1
  50 133  1
 248 133  1
 256 133  1
  38 134  1
  84 134  1
 102 134  1
 103 134  1
 104 134  1
 107 134  1
 163 134  1
 165 134  1
 195 134  1
 213 134  1
  33 135  1
  80 135  1
 265 135  1
   1 136  1
 124 136  1
 157 136  1
 201 136  1
   8 137  1
  87 137  1
 180 137  1
 206 137  1
 207 137  1
 237 137  1
 238 137  1
  32 138  1
 139 138  1
 244 138  1
 267 138  1
 268 138  1
  28 139  1
  83 139  1
 156 139  1
 270 139  1
  81 140  1
 109 140  1
 195 140  1
  79 141  1
 205 141  1
 116 142  1
   1 143  1
  70 143  1
 158 143  1
 203 143  1
 205 143  1
  83 145  1
 104 145  1
 178 145  1
 183 145  1
 192 145  1
 102 146  1
 173 146  1
 100 147  1
 177 149  1
 175 150  1
  63 151  1
  64 151  1
 170 154  1
 171 154  1
  72 156  1
  64 157  1
 165 158  1
 166 158  1
  57 160  1
  61 160  1
 244 160  1
 111 161  1
  55 162  1
 170 162  1
 248 162  1
 256 162  1
   3 163  1
   4 163  1
 115 164  1
 111 165  1
 179 166  1
 170 168  1
 242 168  1
 274 168  1
 275 168  1
   5 169  1
   6 169  1
 233 169  1
 253 169  1
  56 170  1
 112 170  1
 173 170  1
 120 171  1
 180 172  1
 239 173  1
 114 174  1
 191 174  1
 192 174  1
  71 175  1
  76 175  1
 176 176  1
 177 176  1
  10 177  1
  57 177  1
  68 177  1
 123 177  1
 172 177  1
 238 177  1
 185 178  1
 223 178  1
 233 178  1
  65 179  1
  66 179  1
 181 179  1
 133 180  1
 154 180  1
 220 181  1
 154 182  1
 159 182  1
 188 182  1
 126 183  1
 228 183  1
  13 184  1
  14 184  1
 164 184  1
 168 184  1
 169 184  1
 267 184  1
  59 185  1
  70 185  1
  14 186  1
  63 186  1
  79 186  1
 131 186  1
 132 186  1
 225 186  1
 181 187  1
 182 187  1
  14 188  1
  15 188  1
  74 188  1
 145 188  1
 186 188  1
 138 190  1
 214 190  1
  83 191  1
 124 191  1
 125 191  1
 145 192  1
  72 193  1
  73 193  1
 122 193  1
 202 193  1
  62 194  1
 169 194  1
  15 195  1
  16 195  1
  76 195  1
 177 196  1
 195 196  1
 260 196  1
 200 197  1
  82 201  1
 145 202  1
 140 203  1
 255 203  1
  74 205  1
  75 205  1
 254 205  1
 139 206  1
 129 207  1
 146 207  1
 133 208  1
  83 209  1
 125 209  1
 137 209  1
 142 209  1
 120 210  1
  92 211  1
 111 211  1
  75 212  1
  86 212  1
  88 212  1
 105 212  1
 141 212  1
  81 214  1
  88 214  1
 138 214  1
  34 216  1
  35 216  1
  88 217  1
  37 219  1
  38 219  1
  68 219  1
  69 219  1
 119 220  1
 128 220  1
  85 222  1
  86 222  1
 116 223  1
  64 224  1
 236 225  1
  73 232  1
 227 232  1
  88 233  1
 102 233  1
  75 234  1
  76 234  1
 217 237  1
 100 238  1
 170 238  1
 212 239  1
  92 240  1
 120 240  1
  94 241  1
 115 242  1
 117 242  1
 122 242  1
 123 242  1
 206 242  1
 207 242  1
 112 243  1
 105 245  1
 122 246  1
 176 248  1
 121 250  1
 168 250  1
 189 250  1
 183 252  1
 180 253  1
 175 254  1


count = 513