 147   1  1
 173   1  1
 190   2  1
 131   3  1
 123   5  1
 212   8  1
 109   9  1
 150   9  1
 163   9  1
 175   9  1
 214   9  1
 128  11  1
  97  12  1
 173  13  1
 117  16  1
 124  16  1
 189  16  1
 229  18  1
 103  20  1
 170  20  1
 182  21  1
 102  22  1
  84  23  1
 164  24  1
 193  24  1
  88  25  1
 113  25  1
  56  26  1
  57  26  1
 103  26  1
 107  26  1
 109  26  1
 131  26  1
 182  26  1
 197  26  1
 123  27  1
 124  27  1
  89  28  1
 189  28  1
  94  29  1
  95  29  1
  96  29  1
 115  29  1
 117  29  1
 123  29  1
 166  29  1
 167  29  1
 242  29  1
  48  30  1
  49  30  1
 101  30  1
 127  30  1
 128  30  1
  96  31  1
 121  31  1
  82  34  1
  83  34  1
 115  34  1
 187  34  1
 188  34  1
 104  35  1
 105  35  1
 129  35  1
 137  35  1
 109  36  1
 143  36  1
 144  36  1
 249  36  1
  83  38  1
  98  39  1
 105  39  1
 121  39  1
 182  39  1
 123  40  1
 127  40  4
 130  40  1
 165  40  1
 203  40  1
 111  41  1
 214  41  1
 179  42  1
 181  42  1
 102  43  1
 200  43  1
 201  43  1
  89  44  1
  85  45  1
  86  45  1
  99  45  1
 107  45  1
 108  45  1
 146  45  1
  95  46  1
 135  46  1
 176  46  1
 177  46  1
  81  47  1
 144  48  1
 112  50  1
 134  50  1
 175  50  1
 105  51  1
 107  51  1
  84  53  1
 149  53  1
 159  54  1
 183  54  1
 241  54  1
 242  54  1
  20  55  1
  85  55  1
 121  55  1
 105  56  1
 106  56  1
 191  56  1
 109  57  1
 121  57  1
  18  58  1
 212  58  1
 117  59  1
 150  59  1
 216  59  1
  87  60  1
  83  61  1
 105  61  1
 108  61  1
 118  61  1
 160  61  1
 197  61  1
 167  62  1
 168  62  1
 170  62  1
 185  62  1
 133  64  1
 134  64  1
 219  64  1
 105  65  1
 102  66  1
 145  66  1
 190  66  1
 149  67  1
 173  67  1
  89  70  1
 128  70  1
 243  70  1
   9  71  1
  10  71  1
 135  71  1
 188  71  1
 179  72  1
 180  72  1
 227  72  1
 228  72  1
 263  72  1
 271  72  1
 272  72  1
  71  73  1
 106  73  1
 174  73  1
  16  74  1
  76  74  1
 124  74  1
 154  74  1
 180  74  1
 120  75  1
 189  75  1
 148  76  1
 171  76  1
 172  76  1
  22  77  1
 104  77  1
 184  77  1
 222  77  1
 224  77  1
 260  77  1
 261  77  1
 273  77  1
 274  77  1
 138  78  1
 115  79  1
 146  79  1
 111  80  1
 227  80  1
 255  81  1
 256  81  1
 111  82  1
 219  82  1
 248  82  1
   4  83  1
   5  83  1
 182  83  1
 183  83  1
 190  83  1
 268  83  1
 275  83  1
 276  83  1
  13  84  1
 176  84  1
 159  85  1
 257  85  1
   3  86  1
   4  86  1
 119  86  1
 122  86  1
 164  86  1
 179  86  1
 199  86  1
 127  87  1
 113  88  1
 152  88  1
 156  88  1
 199  88  1
 124  89  1
 125  89  1
 189  89  1
 190  89  1
 248  89  1
 132  90  1
 133  90  1
 277  90  1
 278  90  1
   9  91  1
  12  91  1
 245  91  1
 263  92  1
 172  93  1
 173  93  1
 250  93  1
 268  93  1
   1  94  1
   2  94  1
 152  94  1
 153  94  1
 255  94  1
 256  94  1
  89  95  1
 215  95  1
 113  96  1
  44  97  1
  81  97  1
 155  97  1
 156  97  1
 164  97  1
 242  97  1
  65  99  1
  66  99  1
  94  99  1
  95  99  1
  96  99  1
 190  99  1
  34 100  1
  43 100  1
  59 100  1
  81 100  1
 247 100  1
  45 101  1
  64 101  1
 157 101  1
 163 101  1
 164 101  1
 180 101  1
 190 101  1
 176 102  1
 186 102  1
 187 102  1
 160 103  1
 247 103  1
  67 104  1
  68 104  1
   1 105  1
 171 105  1
 236 105  1
 260 105  1
 104 106  1
 162 106  1
 174 106  1
 175 106  1
 231 106  1
 234 106  1
 251 106  1
 252 106  1
  71 107  1
 165 107  1
 219 107  1
  87 109  1
 160 109  1
 215 109  1
 227 109  1
  74 110  1
 125 110  1
 126 110  1
   1 111  1
 245 111  1
  87 112  1
 110 112  1
 165 113  1
 167 113  1
  97 114  1
 163 114  1
 115 115  1
 128 116  1
 193 116  1
 194 116  1
  87 117  1
  89 117  1
 190 117  1
 231 117  1
 237 117  1
 264 117  1
   4 118  1
 135 118  1
 145 118  1
 123 119  1
 187 119  1
 164 120  1
 171 120  1
 215 120  1
 166 121  1
 192 121  1
 198 121  1
 202 121  1
  88 122  1
 129 122  1
 130 122  1
 139 122  1
  36 123  1
 186 123  1
 187 123  1
 201 123  1
 223 123  1
 229 123  1
 232 123  1
 269 123  1
  40 124  1
  42 124  1
 133 124  1
 144 124  1
 151 124  1
 220 124  1
 246 124  1
 113 125  1
 120 125  1
 121 125  1
 122 125  1
 201 125  1
 202 125  1
 215 125  1
 216 125  1
 250 125  1
 255 125  1
  27 126  1
  32 126  1
  53 126  1
  54 126  1
  18 127  1
  24 127  1
 140 127  1
  16 128  1
 270 128  1
  35 129  1
  36 129  1
  41 129  1
 144 129  1
 196 129  1
 201 129  1
 245 129  1
 180 130  1
 186 130  1
 218 130  1
 229 130  1
 250 130  1
 275 130  1
  27 131  1
  28 131  1
  29 131  1
  95 131  1
 241 131  1
  12 132  1
  21 132  1
  23 132  1
  33 132  1
 113 132  1
 157 132  1
 163 132  1
 177 132  1
 251 132  1
  40 133  1
  92 133  1
 202 133  1
 227 133  1
  19 134  1
  87 134  1
 131 134  1
 252 134  1
 253 134  1
 262 134  1
 244 135  1
 245 135  1
 279 135  1
 155 136  1
 164 136  1
 222 136  1
 240 136  1
 272 136  1
 171 137  1
 182 137  1
 186 137  1
 195 137  1
 228 137  1
  37 138  1
  38 138  1
 122 138  1
 123 138  1
 164 138  1
 180 138  1
 234 138  1
 252 138  1
   8 139  1
   9 139  1
  80 139  1
 149 139  1
 150 139  1
 188 139  1
 238 139  1
 265 139  1
   1 140  1
  75 141  1
  79 141  1
  99 141  1
 230 141  1
  45 142  1
 104 142  1
 114 142  1
 122 142  1
   7 143  1
  42 143  1
 161 143  1
 162 143  1
 225 143  1
 117 144  1
 165 145  1
 282 145  1
 283 145  1
  36 146  1
 276 146  1
  25 147  1
  81 147  1
  47 148  1
  51 148  1
 161 148  1
 231 148  1
 161 150  1
 228 150  1
 172 151  1
 174 151  1
 179 151  1
 180 151  1
 236 151  1
  13 152  1
 227 152  1
   1 153  1
  16 153  1
  33 153  1
  40 153  1
 275 153  1
 127 154  1
 226 154  1
 232 154  1
 233 154  1
 282 154  1
 283 154  1
  22 155  1
 230 155  1
 243 157  1
 255 157  1
 256 157  1
 165 158  1
 272 158  1
 281 158  1
 282 158  1
 115 159  1
 116 159  1
 190 159  1
 248 159  1
  20 160  1
  25 160  1
 127 160  1
 185 160  1
  81 161  1
 273 162  1
  82 164  1
 228 164  1
 230 164  1
 232 164  1
 254 165  1
 255 165  1
 192 166  1
 216 166  1
 226 166  1
 146 167  1
 155 167  1
 249 167  1
 175 168  1
 176 168  1
 221 168  1
 223 168  1
 241 168  1
 190 169  1
 239 169  1
 277 169  1
 278 169  1
   4 170  1
   5 170  1
 180 170  1
 181 170  1
 108 171  1
 113 171  1
 174 171  1
 175 171  1
 120 172  1
 127 172  1
 237 173  1
 103 174  1
 104 174  1
 218 174  1
 116 175  1
 187 175  1
 216 175  1
   6 176  1
   7 176  1
 104 176  1
 154 176  1
 242 177  1
 247 177  1
 248 177  1
 105 178  1
 136 178  1
 164 178  1
 165 178  1
 179 178  1
 223 178  1
 237 178  1
 218 179  1
 228 179  1
 104 180  1
 138 180  1
 170 180  1
 183 180  1
 190 180  1
 191 180  1
 210 180  1
 212 180  1
 180 182  1
 245 182  1
 156 183  1
 162 183  1
 235 183  1
 185 184  1
  10 185  1
  11 185  1
  53 185  1
  58 185  1
 165 185  1
 174 186  1
 245 187  1
  11 188  1
  12 188  1
  50 188  1
 137 188  1
 157 188  1
 179 188  1
 180 188  1
 185 188  1
 228 188  1
 151 189  1
 165 189  1
 198 190  1
 232 190  1
 233 190  1
  41 191  1
 219 191  1
 224 191  1
  65 192  1
 244 192  1
  35 193  1
 130 193  1
 148 193  1
 157 193  1
 167 193  1
 201 193  1
 202 193  1
 215 193  1
  67 194  1
 154 194  1
 155 194  1
 163 194  1
 188 194  1
 212 194  1
 213 194  1
 259 194  1
 267 195  1
 268 195  1
 139 196  1
 209 196  1
 253 196  1
 149 197  1
 220 197  1
  19 198  1
  31 198  1
 145 198  1
 265 198  1
 120 199  1
 121 199  1
 141 199  1
 160 199  1
 129 200  1
 152 200  1
 232 201  1
 110 202  1
 219 202  1
 119 203  1
 146 203  1
 147 203  1
 212 203  1
 224 203  1
 247 203  1
 248 203  1
 249 203  1
  34 204  1
 117 204  1
 244 204  1
 253 205  1
 108 206  1
 109 206  1
  38 207  1
 135 207  1
 152 207  1
 126 208  1
 148 208  1
 243 208  1
 259 208  1
 234 209  1
 110 210  1
 145 210  1
 246 210  1
 122 211  1
 125 211  1
 106 212  1
 140 212  1
 142 212  1
 143 212  1
 149 213  1
 239 213  1
 115 214  1
 120 214  1
 131 214  1
 230 214  1
 241 214  1
 128 215  1
 148 215  1
  89 216  1
  90 216  1
 148 217  1
 122 218  1
 205 218  1
 206 218  1
 109 219  2
 111 219  1
 201 219  1
 235 219  1
 237 219  1
  43 221  1
 120 221  1
  88 223  1
 116 223  1
 245 223  1
  83 224  1
 108 226  1
 109 226  1
  52 227  1
  95 228  1
  55 229  1
  56 229  1
  86 229  1
 144 230  1
 145 230  1
  95 234  1
 233 234  1
 144 235  1
 146 235  1
  70 236  1
  98 237  1
 141 238  1
  76 239  1
  77 239  1
  85 242  1
 137 242  1
  88 243  1
 222 243  1
 217 247  1
 108 248  1
 111 249  1
 208 250  1
 124 252  1
 199 253  1
 196 254  1
 193 255  1


count = 707