 141   1  1
 157   1  1
 192   8  1
 136   9  1
 137   9  1
 105  10  1
 143  11  1
 197  11  1
  97  13  1
 137  14  1
 108  15  1
 203  15  1
 146  16  1
 147  16  1
  89  17  1
 194  17  1
 208  18  1
  86  19  1
 192  21  1
 198  21  1
  89  23  1
 197  23  1
 198  23  1
  89  25  1
 149  25  1
 109  27  1
 111  27  1
  96  28  1
 191  28  1
 196  28  1
 113  29  1
  83  32  1
  85  32  1
 148  32  1
  47  33  1
 187  33  1
 199  33  1
 200  33  1
  74  34  1
  83  34  1
  92  34  1
  93  34  1
 233  34  1
  43  36  1
 239  37  1
  75  38  1
  95  38  1
 125  38  1
 188  38  1
  80  40  1
  81  40  1
 120  41  1
  83  43  1
  84  43  1
 119  46  1
 135  46  1
  97  47  1
 111  47  1
  27  48  1
 253  48  1
  72  50  1
 135  50  1
 172  50  1
  94  51  1
 102  52  1
 167  52  1
  85  53  1
 181  53  1
  76  54  1
  77  54  1
  97  54  1
  98  54  1
  19  55  1
 167  55  1
 168  55  1
 182  56  1
 103  58  1
  16  59  1
  72  59  1
 177  60  1
 180  60  1
  81  62  1
  14  63  1
  80  65  1
  81  65  1
  79  68  1
 268  68  1
  69  69  1
  70  69  1
  77  69  1
   6  72  1
  65  74  1
  66  74  1
  11  76  1
  18  76  1
  21  78  1
  64  79  1
  65  79  1
  76  80  1
  77  80  1
  10  81  1
  31  81  1
  25  82  1
  34  82  1
  12  83  1
 276  83  1
 277  83  1
  68  85  1
  13  87  1
 278  90  1
 279  90  1
   2  91  1
   3  91  1
 164  92  1
   8  93  1
   9  93  1
  13  94  1
 172  94  1
  66  95  1
   1  96  1
   2  96  1
  70  96  1
 167  97  1
 279 100  1
 280 100  1
 165 101  1
  77 102  1
 162 104  1
 163 104  1
   1 105  1
  66 105  1
 183 105  1
 229 105  1
 163 107  1
  70 110  1
 228 110  1
 229 110  1
 234 111  1
 238 111  1
 101 112  1
 168 112  1
 169 112  1
  76 113  1
  89 114  1
 107 114  1
  76 115  1
 186 115  1
 187 115  1
 213 115  1
 238 115  1
 277 115  1
   1 116  1
 170 116  1
 171 116  1
 224 116  1
 229 116  1
 251 116  1
 112 118  1
 114 118  1
 218 119  1
  83 120  1
 232 120  1
 241 120  1
 243 120  1
  91 121  1
  92 121  1
 250 121  1
 109 122  1
 124 122  1
  68 123  1
 187 123  1
 188 123  1
 221 123  1
  81 124  1
  82 124  1
 116 124  1
 233 124  1
 234 124  1
  63 125  1
  73 125  1
  74 125  1
 101 125  1
  36 126  1
  37 126  1
   9 127  1
  66 127  1
 100 128  1
 160 128  1
 228 128  1
  77 129  1
  87 129  1
 154 129  1
  30 130  1
  34 130  1
 115 130  1
 158 130  1
 160 130  1
  70 131  1
 213 131  1
 234 131  1
  39 132  1
  99 132  1
 154 132  1
   9 133  1
  61 133  1
  70 133  1
 144 133  1
  48 134  1
 225 134  1
  29 135  1
  30 135  1
  85 135  1
  86 135  1
 118 135  1
 229 135  1
  36 136  1
  50 136  1
 108 136  1
   5 137  1
  26 137  1
  71 137  1
 114 137  1
 155 137  1
 184 138  1
  25 139  1
  15 140  1
 194 140  1
 195 140  1
 221 140  1
  86 141  1
 118 141  1
 197 142  1
  12 144  1
  76 144  1
 111 144  1
 219 144  1
 166 146  1
   8 147  1
 109 147  1
 157 147  1
 161 147  1
 183 147  1
 184 147  1
 197 147  1
  74 148  1
  81 148  1
 155 148  1
  92 150  1
 187 150  1
  87 151  1
 169 151  1
 198 151  1
 217 151  1
 218 151  1
 163 152  1
 164 152  1
 171 152  1
 163 154  1
 178 154  1
 164 157  1
 214 158  1
 166 160  1
  65 161  1
 156 161  1
 157 161  1
 170 161  1
 187 161  1
 188 161  1
  79 162  1
  80 162  1
  64 163  1
  42 165  1
  58 165  1
  78 166  1
  68 167  1
 156 167  1
 176 167  1
 177 167  1
  38 169  1
 188 169  1
 189 169  1
  38 171  1
 161 171  1
  66 173  1
 169 173  1
 175 174  1
 176 174  1
 185 174  1
  25 175  1
  32 175  1
  23 177  1
  39 177  1
  43 178  1
 162 178  1
 184 178  1
 185 178  1
  19 179  1
 168 179  1
   9 180  1
 174 180  1
 175 180  1
  36 181  1
  37 181  1
  44 182  1
  65 182  1
 183 182  1
 184 182  1
 272 182  1
 273 182  1
  26 183  1
 163 184  2
 164 184  1
  20 185  1
 175 185  1
 182 185  1
 183 185  1
  36 186  1
  37 186  1
 166 187  1
 169 187  1
 170 187  1
 175 189  1
   6 190  1
   7 190  1
 183 191  1
 184 191  1
 186 191  1
  39 192  1
 179 192  1
  18 193  1
  71 193  1
 170 193  1
 171 193  1
 194 193  1
  64 194  1
  65 194  1
  82 194  1
  87 194  1
  90 194  1
  41 195  1
  42 195  1
  43 195  1
  73 195  1
 170 195  1
 179 195  1
  61 196  1
 266 196  1
  18 197  1
  19 197  1
  31 197  1
  32 197  1
  41 197  1
  83 197  1
 170 197  1
 194 197  1
  18 199  1
  41 199  1
  49 199  1
  75 199  1
  84 199  1
 181 200  1
  28 201  1
  83 201  1
  13 202  1
  21 202  1
  77 202  1
 105 202  1
 111 202  1
  33 203  1
  53 203  1
  55 203  1
  60 203  1
  61 203  1
 146 203  1
  21 204  1
  22 204  1
  94 204  1
  95 204  1
 151 204  1
  49 205  1
  90 206  1
  91 206  1
 139 206  1
  26 207  1
  30 207  1
  68 207  1
  72 207  1
 104 207  1
 105 207  1
  38 209  1
  42 209  1
  85 209  1
  32 210  1
  87 210  1
 145 210  1
  22 211  1
  73 211  1
  76 211  1
  96 211  1
 108 211  1
 126 211  1
 132 211  1
 150 211  1
 117 213  1
 124 213  1
  40 215  1
 131 215  1
  34 216  1
  71 219  1
  72 219  1
 127 219  1
  65 223  1
  66 223  1
 108 223  1
 109 223  1
 131 225  1
  46 226  1
  39 227  1
 131 227  1
  70 228  1
  71 228  1
  85 229  1
 128 229  1
 129 229  1
  45 231  1
  65 231  1
 137 231  1
 130 232  1
  70 234  1
  81 235  1
 138 235  1
 217 237  1
  69 239  1
  80 239  1
 210 241  1
  75 242  1
  93 242  1
  95 243  1
 129 244  1
  80 246  1
 134 247  1
  97 248  1
 149 257  1


count = 443