 165   1  1
 174   1  1
 181   1  1
 194   1  1
 199   1  1
 126   6  1
 123   7  1
 170   7  1
 176   7  1
 181   7  1
 154   8  1
 154  10  1
 162  10  1
 200  10  1
 113  11  1
 115  11  1
 170  11  1
 171  11  1
 111  12  1
 165  13  1
 182  13  1
 193  13  1
 134  14  1
 228  14  1
 229  14  1
 102  15  1
 128  15  1
 193  15  1
 201  15  1
 125  16  1
 126  16  1
 167  16  1
 177  16  1
 232  16  1
 146  17  1
 201  17  1
 202  17  1
 132  18  1
 129  19  1
 141  19  1
 113  20  1
 123  20  1
 168  20  1
 169  20  1
 123  22  1
  71  23  1
 111  24  1
 112  24  1
 123  24  1
 124  24  1
 164  24  1
 231  24  1
  68  25  1
 243  25  1
 118  26  1
 119  26  1
 136  26  1
 142  26  1
 143  26  1
 148  26  1
 171  26  1
  96  27  1
 113  27  1
 166  27  1
 162  28  1
 218  28  1
 246  28  1
 158  29  1
 181  29  1
 213  29  1
 102  30  1
 175  30  1
 229  30  1
  75  31  1
  81  31  1
 163  31  1
 100  32  1
 115  32  1
 116  32  1
 137  32  1
 201  32  1
 120  33  1
 156  33  1
 163  33  1
 183  33  1
 189  33  1
 211  33  1
 153  34  1
 206  34  1
 222  34  1
  66  35  1
  68  35  1
  69  35  1
 175  35  1
 137  37  1
 171  37  1
 193  37  1
 225  37  1
 256  37  1
 124  38  1
 155  38  1
 179  38  1
 203  38  1
 111  39  1
 158  39  1
 205  39  1
 217  39  1
 150  40  1
 211  40  1
 212  40  1
 158  41  1
  46  42  1
 114  42  1
 115  42  1
 138  42  1
 139  42  1
 165  42  1
 231  42  1
 119  43  1
 172  43  1
 227  43  1
 128  44  1
 129  44  1
 139  44  1
 143  44  1
 222  44  1
 246  44  1
 253  44  1
  60  45  1
  75  45  1
 135  45  1
 182  45  1
 241  45  1
 263  45  1
  65  46  1
 164  46  1
 200  46  1
 201  46  1
 247  46  1
 251  46  1
  72  47  1
 137  47  1
 194  47  1
 195  47  1
  63  48  1
 206  48  1
 219  48  1
 124  49  1
 146  49  1
 191  49  1
 238  49  1
 120  50  1
 225  50  1
  74  51  1
 132  51  1
 170  51  1
 232  51  1
  66  52  1
 228  52  1
  35  53  1
 136  53  1
 140  53  1
 142  53  1
 248  53  1
 266  53  1
 267  53  1
 154  54  1
 175  54  1
 209  54  1
 223  54  1
 258  54  1
  68  55  1
 227  55  1
 254  55  1
  46  56  1
  47  56  1
 104  56  1
 105  56  1
 131  56  1
 132  56  1
 159  56  1
 164  56  1
 165  56  1
 166  56  1
 256  56  1
 258  56  1
  77  57  1
  78  57  1
 122  57  1
 157  57  1
 161  57  1
 183  57  1
 204  57  1
 205  57  1
 238  57  1
  31  58  1
 131  58  1
 144  58  1
 169  58  1
 188  58  1
 211  58  1
 109  59  1
 136  59  1
 140  59  1
 179  59  1
 233  59  1
 234  59  1
  52  60  1
  67  60  1
  71  60  1
 130  60  1
 131  60  1
 255  60  1
 116  61  1
 173  61  1
  74  62  1
 168  62  1
  49  63  1
 259  63  1
 260  63  1
 261  63  1
 262  63  1
 126  64  1
 139  64  1
 148  64  1
 232  64  1
 233  64  1
 264  64  1
 265  64  1
 130  65  1
  74  66  1
  76  66  1
 188  66  1
  25  67  1
  48  67  1
 109  67  1
 271  67  1
 272  67  1
  60  68  1
  62  68  1
 104  68  1
 132  68  1
 138  68  1
 169  68  1
 238  68  1
  50  69  1
 108  69  1
 149  69  1
 265  69  1
  53  70  1
 175  71  1
 188  71  1
 189  71  1
 220  71  1
 240  71  1
 248  71  1
  98  72  1
  99  72  1
 100  72  1
 105  72  1
 106  72  1
 112  72  1
 145  72  1
 170  72  1
 196  72  1
 225  72  1
 273  72  1
 274  72  1
 141  73  1
 165  73  1
  80  74  1
 132  74  1
 123  75  1
 218  75  1
  60  76  1
  61  76  1
  62  76  1
  97  76  1
 196  76  1
 211  76  1
 252  76  1
  31  77  1
  32  77  1
  91  77  1
 136  77  1
 137  77  1
 208  77  1
  67  78  1
  89  78  2
  37  79  1
 216  79  1
 254  79  1
 266  79  1
 269  79  1
 189  80  1
 193  80  1
 206  80  1
  36  81  1
  49  81  1
  58  81  1
  60  81  1
 202  81  1
  33  82  1
  56  82  1
 110  82  1
 219  82  1
 249  82  1
 253  83  1
  90  84  1
 126  84  1
 207  84  1
 212  84  1
 233  84  1
 238  84  1
  31  85  1
 112  85  1
 166  85  1
 176  85  1
 182  85  1
 199  85  1
 243  85  1
 261  85  1
 262  85  1
  45  86  1
 193  86  1
 276  86  1
 277  86  1
  26  87  1
  78  87  1
  98  87  1
  99  87  1
  89  88  1
  90  88  1
 122  88  1
 156  88  2
 157  88  1
 212  88  1
 219  88  1
 118  89  1
 185  89  1
 239  89  1
 244  89  1
 162  90  1
 177  90  1
 225  90  1
 277  90  1
 278  90  1
  97  91  1
 113  91  1
 129  91  1
 130  91  1
 132  91  1
 196  91  1
 197  91  1
 204  91  1
 260  91  1
 263  91  1
  81  92  1
 237  92  1
 238  92  1
 243  92  1
  91  93  1
 174  93  1
 267  93  1
 110  94  1
 157  94  1
 185  94  1
 243  94  1
 244  94  1
  26  95  1
  27  95  1
 124  95  1
 125  95  1
 141  95  1
 142  95  1
 163  95  1
 170  95  1
 223  95  1
 239  95  1
 240  95  1
 271  95  1
 239  97  1
 136  98  1
  18  99  1
 234  99  1
 238  99  1
 269  99  1
  43 100  1
  51 100  1
 229 100  1
 230 100  1
  88 101  1
 213 101  1
  51 102  1
 262 102  1
   5 103  1
   6 103  1
  16 103  1
  47 103  1
  67 103  1
  69 103  1
 167 103  1
 172 103  1
 205 103  1
  26 104  1
 273 104  1
  92 105  1
  93 105  1
 118 105  1
  28 106  1
  29 106  1
  60 106  1
  71 106  1
  72 106  1
 139 107  1
 228 107  1
 240 107  1
 242 107  1
 223 108  1
 259 108  1
 260 108  1
 270 108  1
 271 108  1
  42 109  1
 199 109  1
 201 109  1
 206 109  1
  39 110  1
 113 110  1
 164 110  1
 235 110  1
 130 111  1
 138 111  1
 172 111  1
 180 111  1
 243 111  1
  30 112  1
  86 112  1
 230 112  1
 269 112  1
 113 113  1
 152 113  1
 176 113  1
 216 113  1
 264 113  1
  53 114  1
 100 114  1
 101 114  1
 146 114  1
 147 114  1
 197 114  1
  38 115  1
 151 115  1
 203 115  1
 260 115  1
  42 116  1
  72 116  1
  76 116  1
 225 116  1
  48 117  1
 108 117  1
 111 117  1
 131 117  1
 133 117  1
 138 117  1
 206 117  1
 214 117  1
 215 117  1
 222 117  1
 233 117  1
 247 117  1
  10 118  1
  12 118  1
  53 118  1
  89 118  1
  90 118  1
 120 118  1
 199 118  1
 267 118  1
  69 119  1
  70 119  1
  82 119  1
 149 119  1
  13 120  1
  39 120  1
 102 120  1
 208 120  1
 250 120  1
 261 120  1
 262 120  1
   2 121  1
   3 121  1
  21 121  1
  56 122  1
  87 122  1
 124 122  1
 130 122  1
 131 122  1
 143 122  1
 197 122  1
 217 122  1
 219 122  1
 228 122  1
  51 123  1
  72 123  1
 172 123  1
 184 123  1
 190 123  1
 210 123  1
 276 123  1
  24 124  1
 117 124  1
 127 124  1
 228 124  1
  28 125  1
 179 125  1
 191 125  1
 194 125  1
 224 125  1
 225 125  1
 248 125  1
 269 125  1
 270 125  1
   2 126  1
   8 126  1
  57 126  1
 121 126  1
 203 126  1
 209 126  1
 246 127  1
 259 127  1
 264 127  1
 269 127  1
  22 128  1
  23 128  1
  35 128  1
  54 128  1
  82 128  1
 177 128  1
  26 129  1
  31 130  1
  53 130  1
 208 131  1
 221 131  1
 232 131  1
 276 131  1
  53 132  1
  54 132  1
  77 132  1
  84 132  1
  88 132  1
 203 132  1
 120 133  1
 174 133  1
 178 133  1
 184 133  1
  21 134  1
 234 134  1
  40 135  1
  41 135  1
 172 135  1
 225 135  1
 124 136  1
 125 136  1
 166 136  1
 151 137  1
 152 137  1
 256 137  1
  29 138  1
  39 138  1
 181 138  1
 183 138  1
  39 140  1
  40 140  1
  50 140  1
  55 140  1
 107 140  1
 111 140  1
 173 140  1
 174 140  1
 233 140  1
 234 140  1
 154 141  1
 169 141  1
  20 142  1
  22 142  1
  94 142  1
  95 142  1
 125 142  1
 164 142  1
 191 142  1
 254 142  1
 255 142  1
  37 143  1
 123 143  1
 197 143  1
 129 144  1
 157 144  1
 174 144  1
 191 144  1
 271 144  1
 272 144  1
 279 144  1
 280 144  1
  32 145  1
  60 145  1
 134 145  1
 163 145  1
 267 145  1
  26 146  1
 205 146  1
 206 146  1
   6 147  1
   7 147  1
  37 147  1
 212 147  1
  91 148  1
 171 148  1
 178 148  1
 186 148  1
 199 148  1
 138 149  1
  63 150  1
 125 150  1
 193 150  1
 227 150  1
 228 150  1
  68 151  1
 141 151  1
 205 151  1
 235 151  1
 255 151  1
  35 152  1
  36 152  1
  37 152  1
  42 152  1
  55 152  1
 259 152  1
 260 152  1
  87 153  1
 210 153  1
 262 153  1
 264 153  1
  53 154  1
 131 154  1
 155 154  1
 188 154  1
 189 154  1
 200 154  1
 247 154  1
  74 155  1
 135 155  1
 143 155  1
 203 155  1
 224 155  1
 225 155  1
  10 156  1
  51 156  1
  66 156  1
 126 156  1
 168 156  1
 197 156  1
 275 156  1
 276 156  1
 266 157  1
 131 158  1
 140 158  1
 141 158  1
 148 158  1
 190 158  1
  38 159  1
  64 159  1
 135 159  1
 136 159  1
 186 159  1
 244 159  1
  12 160  1
  35 160  1
 122 160  1
 172 160  1
 236 160  1
 143 161  1
 176 161  1
 263 161  1
  26 162  1
  46 162  1
  47 162  1
 137 162  1
  32 163  1
 153 163  1
 213 163  1
 215 164  1
 220 164  1
 221 164  1
 226 164  1
 234 164  1
  39 165  1
 119 165  1
 122 165  1
 135 165  1
 136 165  1
 244 165  1
 245 165  1
  47 166  1
  68 166  1
 220 166  1
 256 166  1
  49 167  1
  72 167  1
 165 167  1
 175 167  1
 224 167  1
 135 168  1
 258 168  1
 264 168  1
 270 168  1
 271 168  1
  16 169  1
  30 169  1
  26 170  1
  27 170  1
 215 170  1
 218 170  1
  69 171  1
  77 171  1
 223 171  1
 236 171  1
  27 172  1
  34 172  1
  61 173  1
  68 173  1
  81 173  1
 242 173  1
 243 173  1
  79 174  1
 223 176  1
  29 177  1
  30 177  1
 218 177  1
 221 177  1
 250 177  1
  87 178  1
 217 179  1
 105 180  1
 237 180  1
 247 180  1
 250 182  1
 251 182  1
 260 182  1
  88 183  1
  92 183  1
 153 183  1
  34 185  1
  48 185  1
 126 185  1
 218 185  1
 219 185  1
  27 186  1
 102 186  1
 255 186  1
  78 187  1
  93 187  1
 238 187  1
  87 188  1
 255 188  1
  39 189  1
  70 189  1
  82 189  1
  84 189  1
  99 189  2
 123 189  1
 128 190  1
 240 190  1
 160 192  1
 231 192  1
 247 192  1
  51 193  1
  80 194  1
 138 194  1
  71 195  1
  72 195  1
 154 195  1
 252 195  1
 141 196  1
 161 196  1
 210 196  1
 222 196  1
  87 197  1
 136 197  1
 150 197  1
 239 198  1
 248 198  1
 250 198  1
 253 198  1
  50 199  1
  66 199  1
  71 201  1
  72 201  1
  73 201  1
  77 201  1
  79 201  1
  84 201  1
  86 201  1
  95 201  1
  96 201  1
 103 201  1
 133 201  1
 168 201  1
 211 202  1
 258 202  1
 259 202  1
  89 203  1
 215 203  1
 217 203  1
 171 204  1
 172 204  1
  59 205  1
  60 205  1
  88 205  1
 129 205  1
 166 205  1
 195 205  1
 206 205  1
 207 205  1
 217 205  1
 219 205  1
 178 206  1
 236 206  1
  56 207  1
  84 207  1
  85 207  1
  65 208  1
 233 208  1
 147 209  1
 209 209  1
 210 209  1
 142 210  1
 143 210  1
 156 210  1
 166 210  1
  82 211  2
  84 211  1
 201 211  1
 236 211  1
 150 212  1
  75 213  1
  88 214  1
 161 214  1
  83 215  1
 229 215  1
  63 216  1
 108 216  1
 139 216  1
 185 216  1
 200 217  1
  75 218  1
 144 219  1
 165 219  1
 166 219  1
 170 219  1
 181 219  1
 187 219  1
 234 219  1
 235 219  1
  81 220  1
 102 220  1
 153 220  1
 175 220  1
 176 220  1
  90 221  1
 111 221  1
 195 221  1
  81 222  1
 135 222  1
  70 223  1
  96 223  1
 117 223  1
 118 223  1
 147 223  1
 152 223  1
 171 224  1
  60 225  1
  74 225  1
 108 225  1
 106 227  1
 176 227  1
 177 227  1
  62 228  1
  85 228  1
  87 228  1
  97 228  1
 118 228  1
 130 228  1
 131 228  1
 137 228  1
 121 229  1
 103 230  1
 182 230  1
 194 231  1
 217 231  1
 115 232  1
 116 232  1
 121 233  1
 172 233  1
 178 233  1
 123 234  1
 125 234  1
 130 234  1
 136 234  1
 148 234  1
 186 235  1
 192 235  1
  89 236  1
 100 236  1
 112 236  1
 113 236  1
 178 237  1
 227 237  1
  76 238  1
 118 238  1
 131 238  1
 143 238  1
 144 238  1
 172 238  1
 181 238  1
 170 239  1
 186 239  1
 189 239  1
 212 239  1
  84 240  1
 112 240  1
 222 240  1
  87 241  1
 151 241  1
 158 242  1
  96 243  1
 116 244  1
 125 244  1
 126 244  1
 180 244  1
 215 244  1
 101 245  1
 134 245  1
 125 246  1
 107 247  1
 142 247  1
 164 247  1
 134 248  1
 150 248  1
 171 248  1
 114 250  1
 142 250  1
 201 251  1
 130 254  1
 144 257  1


count = 955