 142   1  1
 151   1  1
 172   2  1
 177   4  1
  93   6  1
 183   6  1
  79   8  1
 147   9  1
  73  11  1
 147  11  1
 156  11  1
 192  11  1
  71  13  1
 130  13  1
 197  13  1
 143  14  1
 135  15  1
 157  15  1
 143  16  2
  63  17  1
 138  17  1
  73  18  1
  78  18  1
  87  18  1
  60  19  1
  89  20  1
  93  20  1
 182  20  1
 209  20  1
  72  21  1
  81  21  1
  68  22  1
 165  22  1
 183  22  1
 184  22  1
 104  23  1
 214  23  1
 140  24  1
 144  24  2
 153  24  1
 154  24  1
  48  25  1
  49  25  1
  86  25  1
 217  25  1
 106  27  1
 220  27  1
  76  28  1
  45  29  1
  70  29  1
  77  31  1
  91  31  1
 112  32  1
 142  32  1
 156  32  1
 157  32  1
 146  33  1
 142  34  1
  93  35  1
 150  35  1
 154  35  1
 190  36  1
 134  39  1
 143  39  1
 165  39  1
 236  39  1
  76  40  1
 114  40  1
  33  41  1
 175  41  1
  41  42  1
  43  42  1
 189  42  1
 195  42  1
  72  43  1
 197  43  1
  72  45  1
 177  45  1
 111  47  1
 179  47  1
 180  47  1
 190  47  1
  74  48  1
  89  48  1
  90  48  1
 192  48  1
 197  48  1
 198  48  1
  83  49  1
 202  49  1
  88  50  1
 108  50  1
 185  50  1
 204  52  1
  22  53  1
 144  55  1
 146  55  1
 207  55  1
 208  55  1
 231  55  1
 251  55  1
 108  56  1
 143  57  2
 144  57  1
 102  58  1
 155  58  1
 156  58  1
  17  59  1
 225  59  1
 255  59  1
 216  62  1
 257  62  1
 160  64  1
 161  64  1
  14  65  1
 146  66  1
 191  67  1
  12  68  1
 194  68  1
 264  69  1
 265  69  1
 137  70  1
 157  70  1
 204  71  1
 141  74  1
 142  74  1
 136  75  1
 204  75  1
 205  75  1
 129  76  1
 134  76  1
   7  77  1
   8  77  1
 200  77  1
 167  78  1
 168  78  1
 115  79  1
 217  79  1
 270  79  1
 271  79  1
 120  80  1
 148  80  1
   6  81  1
   7  81  1
 124  81  1
 133  81  1
 222  81  1
 164  82  1
 204  82  1
 205  82  1
 228  82  1
   5  84  1
   6  84  1
  84  84  1
 134  84  1
 135  84  1
 228  84  1
 190  85  1
 103  86  1
  87  87  1
 162  87  1
 163  87  1
 231  87  1
 235  87  1
  57  88  1
  58  88  1
  99  88  1
 100  88  1
 167  89  1
 235  89  1
  69  90  1
  96  90  1
 132  90  1
 266  90  1
 267  90  1
 128  91  1
 154  91  1
 194  91  1
 246  91  1
 259  92  1
 110  93  1
 197  93  1
 198  93  1
 230  93  1
 232  93  1
 265  93  1
  62  94  1
 100  94  1
 105  94  1
 234  94  1
 276  94  1
 277  94  1
  85  95  1
 167  95  1
 168  95  1
 253  95  2
 104  96  2
 158  97  1
 183  97  1
 246  97  1
  61  98  1
  67  98  1
 109  98  1
  62 100  1
  63 100  1
  88 100  1
 164 101  1
 181 101  1
 182 101  1
 196 101  1
 197 101  1
  90 102  1
 162 102  1
 237 102  1
 248 102  1
   1 103  1
 254 103  1
  95 104  1
 113 104  1
 208 104  1
  21 105  1
 116 105  1
 200 105  1
 201 105  1
 235 105  1
 159 106  1
 230 106  1
   1 107  1
  26 107  1
  68 107  1
  69 107  1
 189 107  1
 156 108  1
 158 108  1
 109 109  1
 259 109  1
   1 110  1
 177 110  1
 248 110  1
 183 111  1
 112 112  1
 119 112  1
 120 112  1
 228 112  1
 229 112  1
   1 113  1
 127 113  1
 259 113  1
  73 114  1
  74 114  1
 143 114  1
 199 114  1
 247 114  1
 255 114  2
 256 114  1
  32 115  2
  68 115  1
  69 115  1
 116 115  1
 125 115  1
  19 116  1
 196 116  1
 136 118  1
 257 118  1
  23 119  1
  24 119  1
  34 119  1
 190 119  1
 247 119  1
 255 119  1
  70 120  1
 245 120  1
  19 121  1
  20 121  1
  72 121  1
 114 121  1
 116 121  1
  76 122  1
  78 123  1
 189 123  1
 190 123  1
 272 123  1
   1 124  1
   2 124  1
   2 127  1
   3 127  1
  81 127  1
  82 127  1
 207 127  1
 264 127  1
 168 128  1
   9 129  1
  15 129  1
  37 129  1
  88 129  1
 189 129  1
 190 129  1
 198 129  1
 199 129  1
 217 129  1
 223 129  1
 240 129  1
   3 130  1
   4 130  1
  20 130  1
 164 130  1
 165 130  1
  89 131  1
 113 131  1
 154 131  1
 189 131  1
  16 132  1
  17 132  1
  33 132  1
  74 132  1
  75 132  1
 140 132  1
 195 132  1
 196 132  1
   9 133  1
  29 133  1
  39 133  1
 112 133  2
 169 133  1
 246 133  1
  36 134  1
 189 134  1
 272 134  1
  30 135  1
 106 135  1
 113 135  1
  89 136  1
  95 136  1
 189 136  1
 196 136  1
  30 137  1
  31 137  1
  82 137  1
 119 137  1
 193 137  1
   3 138  1
   4 138  1
  10 138  1
  11 138  1
 171 139  1
  54 141  1
  74 141  1
  75 141  1
 208 141  1
 210 141  1
 212 141  1
 217 141  1
  79 142  1
 155 142  1
 165 142  1
 167 142  1
  72 143  1
 147 143  1
   1 144  1
  82 144  1
  83 144  1
 171 144  1
 172 144  1
 216 144  1
 118 145  2
 161 146  1
 266 146  1
 273 146  1
 280 146  1
 281 146  1
  22 147  1
  26 147  1
 151 147  1
  14 148  1
  72 148  1
 121 148  1
 128 148  1
 156 148  1
 177 148  1
 200 148  1
 207 148  1
  52 149  1
  76 149  1
 132 149  1
 133 149  1
 181 149  1
 281 149  1
 282 149  1
   9 151  1
  48 151  1
 170 151  1
 201 151  1
 119 152  1
 267 152  1
  27 153  1
 115 153  1
 121 153  1
 122 153  1
 150 153  1
 163 153  1
   1 154  1
  18 155  1
  47 155  1
  73 155  1
 162 155  1
 163 155  1
 265 155  1
 266 155  1
 282 155  1
 283 155  1
 182 156  1
 183 156  1
 274 156  1
 276 156  1
   1 157  1
   2 157  1
  65 157  1
  97 157  1
 151 157  1
 162 157  1
 263 157  1
  16 158  1
  93 158  1
  51 159  1
  72 159  1
  73 159  1
 162 159  1
 229 159  1
   2 160  1
   3 160  1
 149 160  1
  39 161  1
  41 161  1
 235 161  1
 237 161  1
 260 161  1
  19 162  1
  63 162  1
  64 162  1
 188 162  1
 271 163  1
  96 164  1
 147 164  1
 273 164  1
  45 165  1
  47 165  1
  61 165  1
  72 165  1
 206 165  1
  49 166  1
  88 166  1
  89 166  1
  93 166  1
  94 166  1
 210 166  1
 211 166  1
 212 166  1
 250 166  1
 169 167  1
  24 168  1
  49 168  1
  50 168  1
  86 168  1
 255 168  1
 273 169  1
  69 170  1
 215 170  1
 216 170  1
 250 170  1
 238 172  1
 239 172  1
   6 173  1
   7 173  1
  27 173  1
  46 173  1
 222 174  1
  29 175  1
 204 176  1
 223 176  1
 234 176  1
 271 176  1
 272 176  1
 273 176  1
 196 177  1
 197 177  1
   8 178  1
 204 178  1
 259 178  1
 279 178  1
 280 178  1
 254 179  1
 204 180  1
  28 181  1
 197 181  1
  11 182  1
 233 182  2
 234 182  1
 277 183  1
 278 183  1
  31 184  1
 185 184  1
 186 184  1
 239 184  1
 252 184  1
 190 185  1
 263 185  1
  13 186  1
  39 186  1
 169 186  1
 195 187  1
 159 189  1
  48 190  1
 211 190  1
  18 193  1
  43 193  1
  64 193  1
 155 193  1
  45 194  1
  68 194  1
 151 194  1
 152 194  1
  43 195  1
 168 195  1
 272 195  1
  70 197  1
  74 197  1
 162 197  1
  59 198  1
 231 199  1
  68 200  1
 268 200  1
  63 201  1
 144 201  1
 232 202  1
 240 205  1
 213 207  1
 209 208  1
  74 209  1
  75 209  1
  89 209  1
 216 210  1
 245 210  1
 262 210  1
  36 211  1
 177 211  1
 178 211  1
 201 212  1
 204 212  1
 208 212  1
 130 214  1
 120 215  1
 114 216  1
 115 216  1
 136 217  1
 137 217  1
  75 218  1
 122 218  1
 126 218  1
 178 218  1
 186 218  1
 187 218  1
 254 219  1
  55 220  1
  56 220  1
  66 220  1
  68 220  1
 110 220  1
  56 222  1
  98 222  1
 100 222  1
 157 222  1
 225 222  1
 226 222  1
 161 223  1
 177 224  1
 182 224  1
 184 224  1
 102 225  1
 218 225  1
 219 225  1
  50 226  1
  51 226  1
  72 226  1
  79 226  1
 222 226  1
 111 227  1
 112 227  1
 227 227  1
  55 228  1
  72 228  1
  82 228  1
  86 228  1
  92 229  1
 160 229  1
 161 229  1
  79 230  1
  80 230  1
  99 231  1
 161 231  1
 162 231  1
 186 231  1
  71 232  1
  72 232  1
  85 232  1
 111 233  1
  76 234  1
 138 234  1
 237 234  1
  67 236  1
  92 236  1
 183 236  1
  86 237  1
 101 237  1
 232 237  1
  70 238  1
  80 238  1
  81 238  1
  97 238  1
 182 238  1
 156 240  1
  74 241  1
  75 241  1
 105 241  1
  95 242  1
  78 243  1
 181 243  1
 101 244  1
  83 246  1
 158 246  1
 156 247  1
 213 249  1
 116 251  1
 156 251  1
 179 251  1
 120 252  1
 131 255  1


count = 636