 164   1  1
 174   1  1
 140   3  1
 136   4  1
 138   4  1
 203   4  1
 206   5  1
 166   6  1
 171   6  1
 178   6  1
 124   8  1
 126   8  1
 211   8  1
 173   9  1
 130  12  1
 220  12  1
 106  13  1
 205  13  1
 223  14  1
 224  14  1
 126  15  1
 181  15  1
 182  15  1
 201  15  1
 229  16  1
 113  17  1
 231  18  1
 118  20  1
 224  20  1
 234  20  1
  96  22  1
 128  23  1
 129  23  1
 134  23  1
 109  24  1
 110  24  1
 119  24  1
 120  24  1
  76  26  1
 129  26  1
 130  26  1
  89  27  1
 110  27  1
 111  27  1
 177  27  1
 138  28  1
 140  29  1
 144  29  1
 200  29  1
 201  29  1
 197  30  1
 250  30  1
  98  32  1
  99  32  1
 132  33  1
 234  33  1
  92  34  1
  78  35  1
 112  35  1
 118  35  1
 199  35  1
 122  37  1
 124  37  1
 120  38  1
  95  40  1
 137  40  1
 146  40  1
 147  40  1
 194  40  2
 195  40  1
 196  40  1
 260  40  1
  82  41  1
 217  41  1
 105  42  1
  48  43  1
  49  43  1
 112  43  1
 113  43  1
 141  43  1
 222  43  1
 232  44  1
 216  45  1
 228  45  1
 256  45  1
 264  45  1
 265  45  1
  76  46  1
  87  46  1
  88  46  1
 109  46  1
  43  47  1
  81  47  1
 235  47  1
  40  49  1
  50  49  1
 233  49  1
 249  49  1
  84  50  1
  85  50  1
  79  52  1
  81  52  1
  91  52  1
  92  52  1
  50  53  1
  51  53  1
 257  53  1
  45  54  1
 253  54  1
  86  55  1
  87  55  1
  87  57  1
  39  59  1
  40  59  1
  50  59  1
  29  60  1
 228  60  1
  95  61  1
 100  62  1
 101  62  1
  91  63  1
 275  63  1
  26  64  1
 241  64  1
 262  65  1
  42  66  1
  38  67  1
 277  68  1
 278  68  1
  21  69  1
  31  69  1
 239  69  1
  56  70  1
  57  70  1
 249  72  1
  19  73  1
  59  73  1
 273  73  1
 237  74  1
 257  74  1
 258  74  1
 234  76  1
  15  78  1
 253  78  1
 179  79  1
 233  80  1
  32  81  1
  36  81  1
 190  81  1
 191  81  1
 270  81  1
 175  82  1
  22  83  1
  41  83  1
 266  83  1
  43  84  1
 272  84  1
  63  85  1
  65  85  1
 231  85  1
 235  85  1
 163  86  1
 160  87  1
  20  88  1
  27  88  1
  71  88  1
  35  89  1
  66  89  1
 129  89  1
 131  89  1
 152  89  1
  57  90  1
  99  90  1
  44  91  1
 245  91  1
 251  91  1
  15  92  1
  20  92  1
  78  92  1
   8  93  1
  23  93  1
 125  93  1
 184  93  1
 245  93  1
 253  93  1
  25  94  1
  27  94  1
  45  94  1
 225  94  1
 282  94  1
 283  94  1
  31  95  1
  96  95  1
 231  95  1
 271  95  1
  39  96  1
 121  96  1
  93  97  1
  94  97  1
 101  97  1
 105  97  1
 266  97  1
  42  98  1
 250  98  1
 271  98  1
 272  98  1
  64  99  1
  65  99  1
  88  99  1
  89  99  1
 234  99  1
   4 100  1
   5 100  1
 169 100  1
 170 100  1
 272 100  1
  92 101  1
  98 101  1
 227 101  1
  14 102  1
  15 102  1
 261 102  1
 263 102  1
   3 103  1
   4 103  1
  96 103  1
 169 103  1
 180 103  1
 276 103  1
   3 105  1
  96 105  1
 169 105  1
 174 105  1
 175 105  1
 250 105  1
 251 105  1
 256 105  1
 258 105  1
 236 106  1
 260 106  1
 282 106  1
 283 106  1
   2 107  1
   3 107  1
  21 107  1
  22 107  1
  29 107  1
  67 107  1
 226 107  1
 102 108  1
 103 108  1
 230 108  1
 171 109  1
 240 109  1
 158 110  1
 263 110  1
 165 111  1
 206 111  1
 152 112  1
 243 112  1
 253 113  1
 155 115  1
 156 115  1
 157 115  1
 203 115  1
 205 115  1
 280 115  1
 281 115  1
 267 116  1
 268 116  1
  78 118  1
 197 118  1
 240 118  1
 263 118  1
  10 119  1
 172 119  1
 192 119  1
  14 121  1
  16 121  1
 113 121  1
 170 121  1
  25 122  1
 202 122  1
  22 123  1
  23 123  1
  36 123  1
  47 123  1
 163 123  1
 198 123  1
  50 124  1
   8 125  1
  12 125  1
 171 125  1
   3 126  1
   4 126  1
  82 126  1
 274 126  1
 215 127  1
   3 128  1
 101 128  1
  60 129  1
  93 129  1
 170 129  1
 176 129  1
 208 129  1
   4 130  1
  35 130  1
  53 130  1
 104 130  1
 256 130  1
 257 130  1
 264 130  1
  31 131  1
  32 131  1
  70 131  1
 210 131  1
  41 132  1
  50 132  1
  92 134  1
  51 135  1
  63 135  1
 259 135  1
 263 135  1
  12 136  1
   1 137  1
  10 137  1
 256 137  1
 268 137  1
   5 140  1
   7 140  1
 274 140  1
   1 141  1
 258 146  1
 262 149  1
 271 149  1
 253 151  1
 267 152  1
 268 152  1
 242 153  1
 249 153  1
  73 154  1
  81 155  1
 255 155  1
  49 156  1
 236 156  1
 238 156  1
 240 156  1
 268 156  1
 269 156  1
 273 157  1
  41 158  1
  52 158  1
  57 158  1
 233 158  1
  13 159  1
  51 162  1
  55 163  1
 265 163  1
   7 164  1
  42 164  1
  48 164  1
  59 164  1
  22 165  1
  24 165  1
  62 165  1
 252 166  1
  15 167  1
 262 168  1
  10 169  1
  50 169  1
 247 169  1
  36 170  1
  30 171  1
  46 171  1
 269 171  1
  12 172  1
  63 172  1
 271 172  1
  59 173  1
 247 173  1
 264 174  1
  62 175  1
  37 176  1
  41 176  1
 246 177  1
 269 177  1
  72 180  1
 270 180  1
 271 180  1
  17 181  1
  25 182  1
 278 183  1
 279 183  1
  30 185  1
  31 185  1
 238 185  1
  55 186  1
 253 186  1
  35 187  1
  50 188  1
  25 190  1
 245 190  1
 235 191  1
 257 192  1
 274 192  1
 275 192  1
 237 194  1
 247 194  1
  51 195  1
 251 196  1
  37 197  1
 225 199  1
 243 199  1
 252 199  1
 253 199  1
 262 199  1
 264 199  1
 265 199  1
  50 200  1
 186 201  1
 189 201  1
  46 202  1
 250 202  1
 154 203  1
 235 203  1
 243 203  1
  55 204  1
 148 204  1
 225 204  1
 246 204  1
 269 204  1
  59 205  1
 141 205  1
 184 205  1
  54 208  1
 187 208  1
 230 209  1
 231 209  1
 266 209  1
 120 210  1
 121 210  1
 141 210  1
 152 210  1
 235 210  1
  46 211  1
 148 211  1
 176 211  1
 185 212  1
 167 213  1
 168 213  1
 248 213  1
 114 214  1
 143 214  1
 184 215  1
 185 215  1
  54 216  1
  83 216  1
 109 216  1
 141 217  1
 142 217  1
 259 217  1
  63 218  1
 162 218  1
 174 218  1
 183 218  1
 252 218  1
 119 219  1
 199 219  1
 204 219  1
 111 220  1
 116 220  1
 170 220  1
 171 220  1
 257 221  1
  75 222  1
  76 222  1
 140 222  1
 141 222  1
 100 223  1
  63 224  1
  75 224  1
 206 224  1
 107 225  1
 114 225  2
 115 225  1
 116 225  1
  86 226  1
 242 226  1
 120 227  1
 121 227  1
 167 227  1
 168 227  1
  94 228  1
 105 229  1
 145 230  1
  72 231  1
  99 231  1
 100 231  1
 119 231  1
 120 231  1
 231 232  1
 232 232  1
  75 233  1
 243 233  1
 118 234  1
 119 234  1
 231 234  1
  82 237  1
  96 237  1
 132 238  1
 214 238  1
 215 238  1
 222 240  1
  91 241  1
 116 241  1
 117 241  1
 139 241  1
 166 241  1
 233 241  1
 207 242  1
 217 243  1
 229 243  1
  95 244  1
 128 245  1
 129 245  1
 147 245  1
 224 245  1
  99 246  1
 101 246  1
 127 247  1
 202 247  1
 141 248  1
 217 248  1
 135 249  1
 119 250  1
 142 251  1
 209 251  1
 147 252  1
 158 253  1
 135 254  1
 164 254  1
 138 255  1
 144 256  1
 161 258  1
 167 258  1


count = 545