 154   1  1
 162   1  1
 124   3  1
 184   3  1
 162   6  1
 164   9  1
 199  10  1
 119  12  1
 176  13  1
 188  13  1
 172  15  1
 101  16  1
 177  16  1
 197  16  1
 198  16  1
 167  18  1
 187  18  1
  92  19  1
 157  19  1
  89  20  1
 129  20  1
 196  20  1
 104  22  1
 105  22  1
 124  22  1
  60  25  1
  61  25  1
 109  25  1
 113  25  1
 126  26  1
 158  26  1
 170  26  1
 171  26  1
  57  27  1
 138  27  1
 132  28  1
 155  28  1
 165  28  1
  53  29  1
  54  29  1
 110  29  1
 142  29  1
 144  29  1
 222  29  1
 224  29  1
 192  30  1
  50  31  1
 177  31  1
 187  32  1
  47  33  1
 103  33  1
 104  33  1
 105  33  1
 107  33  1
 170  33  1
 171  33  1
 183  33  1
 184  33  1
 115  34  1
 102  35  1
 142  35  1
 184  35  1
 208  35  1
 147  36  1
 148  36  1
 100  37  1
 192  39  1
  66  40  1
 109  40  1
 148  40  1
 206  40  1
 153  41  1
 170  41  1
 194  41  1
 239  41  1
 106  43  1
 135  43  1
 141  43  1
 156  44  1
 195  44  1
  70  46  1
  65  47  1
  66  47  1
 154  47  1
 174  47  1
 137  48  1
 152  48  1
 183  48  1
 147  49  1
 177  49  1
 178  49  1
 205  49  1
 245  49  1
 126  50  1
 127  50  1
 224  50  1
  28  51  1
 194  51  1
 195  51  1
 205  51  1
 141  52  1
 146  52  1
 225  52  1
 132  53  1
 248  53  1
 237  55  1
 238  55  1
 239  55  1
 149  56  1
 196  56  1
 197  56  1
 129  57  1
 130  57  1
 144  57  1
 155  57  1
 235  57  1
 227  58  1
 198  59  1
 199  59  1
 200  59  1
  52  60  1
 253  60  1
 150  61  1
  31  62  1
 123  63  1
 128  63  1
 145  64  1
  30  66  1
  36  66  1
 146  66  1
 258  67  1
  39  68  1
  40  68  1
 151  70  1
 188  70  1
  10  71  1
  18  71  1
  45  71  1
 155  71  1
 185  71  1
 261  71  1
  25  72  1
 194  72  1
 245  72  1
   9  73  1
 117  73  1
 165  73  1
 197  73  1
 215  73  1
 242  73  1
 121  74  1
 159  74  1
 189  74  1
 112  75  1
 116  75  1
 183  75  1
 201  75  1
  14  76  1
  18  76  1
 133  76  1
 134  76  1
 173  77  1
 175  77  1
 193  77  1
 265  77  1
  31  79  1
 169  79  1
 238  79  1
  36  80  1
  80  80  1
  81  80  1
 185  80  1
 186  80  1
  13  81  1
  85  81  1
  86  81  1
  93  81  1
 240  81  1
  19  82  1
 121  82  1
 132  82  1
 167  82  1
  28  83  1
  30  83  1
 100  83  1
 112  83  1
 197  83  1
 198  83  1
  21  84  1
  41  84  1
  89  84  1
  96  84  1
 108  84  2
 242  84  1
 245  84  1
  77  85  1
 116  85  1
 164  85  1
 178  85  1
 186  85  1
 211  85  1
 212  85  1
  21  86  1
 192  86  1
 193  86  1
 256  86  1
 257  86  1
 258  86  1
 272  86  1
  77  87  1
 163  87  1
 210  87  1
  13  88  1
  92  88  1
  94  88  1
 116  88  1
 247  88  1
 252  88  1
  79  89  2
 167  89  1
  85  90  1
  87  90  1
 159  90  1
  96  91  1
 190  91  1
 191  91  1
 192  91  1
 215  91  1
 253  91  1
 177  92  1
 125  93  1
 184  93  1
 211  93  1
 217  93  1
 221  93  1
  79  94  1
  80  94  1
  88  94  1
 119  94  1
 275  94  1
 276  94  1
 164  95  1
 266  95  1
  10  96  1
 113  96  1
 114  96  1
 119  96  1
 224  96  1
   2  97  1
   3  97  1
 159  97  1
 164  97  1
 165  97  1
 187  97  1
  91  99  1
 209  99  1
 210  99  1
   9 101  1
  44 101  1
  46 101  1
 117 101  1
 167 101  1
 169 101  1
 170 101  1
 178 101  1
 179 101  1
 198 101  1
 247 101  1
 249 101  1
 266 101  1
 277 101  1
 278 101  1
  83 102  1
 194 102  1
 175 103  1
 238 103  1
 240 103  1
 249 103  1
 278 103  1
 154 104  1
 161 104  1
 268 104  1
 269 104  1
  29 105  1
  39 105  1
  40 105  1
 199 105  1
 200 105  1
 204 105  1
 205 105  1
 245 105  1
 278 105  1
 279 105  1
  87 106  1
 190 106  1
 192 106  1
 271 106  1
 272 106  1
  35 107  1
  39 107  1
 153 107  1
 161 107  1
 129 108  1
 130 108  1
 131 108  1
  83 109  1
  38 110  1
  52 110  1
  53 110  1
 200 110  1
 219 110  2
 220 110  1
 251 110  1
 265 110  1
 270 110  1
 157 111  1
 194 111  1
 202 111  1
   1 112  1
 145 112  1
 153 112  1
 205 112  1
  51 113  1
  94 113  1
  95 113  1
 151 113  1
 194 113  1
 125 114  1
 163 114  1
 207 114  1
  36 115  1
 131 115  1
 267 115  1
 280 115  1
 281 115  1
 160 116  1
  96 117  1
 133 117  1
 168 117  1
 223 117  1
  90 118  1
 199 118  1
 201 118  1
 203 118  1
 271 118  1
 275 118  1
 133 119  1
 135 119  1
 144 119  1
 148 119  1
 194 119  1
 209 119  1
 243 119  1
 157 120  1
 119 121  1
 120 121  1
 151 121  1
 193 121  1
  36 122  1
  40 122  1
  93 122  1
 214 122  1
 126 123  1
 192 123  1
 193 123  1
 221 123  1
 206 124  1
  70 126  1
 151 126  1
   1 127  1
  58 127  1
  72 127  1
 197 127  1
 216 127  1
  49 128  1
  50 128  1
  63 128  1
  66 128  1
 127 128  1
 128 128  1
 145 128  1
 165 129  1
 166 129  1
 216 129  1
 227 129  1
 231 129  1
 239 129  1
  22 130  1
 128 130  1
  14 131  1
  73 131  1
 119 131  1
 242 131  1
 243 131  1
 261 131  1
  30 132  1
 100 132  1
 128 132  1
 145 132  1
 150 132  1
 158 132  1
 264 132  1
   5 133  1
   6 133  1
  64 133  1
 188 133  1
 197 133  1
 215 133  1
 238 133  1
 243 133  1
  16 134  1
  42 134  1
  57 134  1
  74 134  1
  75 134  1
 227 134  1
 230 134  1
 277 134  1
  23 135  1
  36 135  1
  37 135  1
  44 135  1
  46 135  1
 131 135  1
 138 135  1
 235 135  1
 242 135  1
 243 135  1
 254 135  1
  51 136  1
 128 136  1
 145 136  1
 158 136  1
  26 137  1
  53 137  1
  94 137  1
 118 137  1
 203 137  1
 261 137  1
 147 138  1
 265 138  1
  62 139  1
  82 139  1
 119 139  1
 210 139  1
 263 139  1
 267 139  1
  44 140  1
 152 140  1
 194 140  1
 195 140  1
  20 141  1
  21 141  1
 168 141  1
 127 142  1
 200 142  1
 202 142  1
 230 142  1
 232 142  1
  11 143  1
  12 143  1
  76 143  1
  82 143  1
  87 143  1
  96 143  1
 161 143  1
  14 144  1
 131 144  1
 165 144  1
 171 144  1
  39 145  1
  40 145  1
  76 145  1
 152 145  1
 153 145  1
  55 146  1
  59 146  1
  79 146  1
  94 146  1
 126 146  1
 209 146  1
 262 146  1
 276 146  1
   8 147  1
   9 147  1
  36 147  1
  62 147  1
 124 147  1
 132 147  1
 133 147  1
 158 147  1
 160 147  1
  16 148  1
  35 149  1
 172 150  1
  80 151  1
 118 151  1
 127 151  1
 132 151  1
 232 151  1
 256 151  1
  46 152  1
  47 152  1
  89 152  1
 163 152  1
 172 153  1
 208 154  1
  51 155  1
  87 155  1
 167 155  1
 168 155  1
 171 155  1
 238 155  1
  60 156  1
  78 156  1
  71 157  1
 166 157  1
 233 157  1
  13 158  1
  14 158  1
  19 158  1
  33 158  1
  35 158  1
 191 158  1
  75 159  1
 180 159  1
 181 159  1
 247 160  1
   2 161  1
   3 161  1
  16 161  1
  18 161  1
  32 161  1
 162 161  1
 176 161  1
 235 161  1
  80 162  1
 260 162  1
  26 163  1
  30 163  1
  65 163  1
 176 163  1
 243 163  1
 244 163  1
  21 164  1
 229 164  1
 239 164  1
  72 165  1
 167 165  1
 168 165  1
 163 166  1
 164 166  1
 192 166  1
 271 166  1
 232 167  1
 113 168  1
  73 169  1
 101 169  1
 165 169  1
 266 169  1
 198 170  1
  68 171  1
 121 171  1
 122 171  1
 222 171  1
 240 171  1
 256 171  1
 275 171  1
  63 172  1
 168 172  1
 169 172  1
 193 172  1
 194 172  1
  29 173  1
 217 173  1
 228 173  1
 253 173  1
 254 173  1
  23 174  1
  35 174  1
  91 174  1
 245 174  1
  16 175  2
  17 175  1
 184 175  1
 185 175  1
 242 175  1
  37 176  1
 129 176  1
 249 176  1
 250 176  1
 273 176  1
  95 177  1
  96 177  1
 192 177  1
 193 177  1
 139 178  1
 172 178  1
 280 178  1
 250 179  1
 182 180  1
 188 180  1
 190 180  1
 197 180  1
 198 180  1
  39 181  1
 176 181  1
 177 181  1
 127 182  1
 181 182  1
 266 182  1
 201 183  1
 276 184  1
 122 185  1
  52 186  1
 249 186  1
  62 187  1
 161 187  1
 274 187  1
 275 187  1
  45 188  1
  66 188  1
  67 188  1
  49 189  1
 114 190  1
  61 191  1
 162 192  1
  13 194  1
  58 197  1
 163 197  1
 264 197  1
 152 198  1
 209 198  1
  17 199  1
  47 199  1
 214 199  1
 160 200  1
 170 201  1
 262 201  1
 129 202  1
 185 202  1
 187 202  1
  55 203  1
 156 203  1
 174 203  1
 175 203  1
 181 203  1
 207 203  1
 226 203  1
 227 203  1
 129 204  1
 146 204  1
 147 204  1
 233 204  1
 234 204  1
 158 205  1
 138 207  1
 150 207  1
 206 207  1
 157 208  1
 220 208  1
  86 209  1
 134 209  1
 186 209  1
 258 209  1
  27 210  1
  56 210  1
 192 210  1
 226 210  1
 240 210  1
  84 211  1
  86 211  1
 154 211  1
  46 212  1
 160 212  1
 194 212  1
 195 212  1
 223 212  1
  99 213  1
 157 214  1
 183 214  1
 184 214  1
  34 216  1
 133 216  1
 138 216  1
 145 216  1
 146 216  1
 200 216  1
  45 217  1
 143 217  1
 151 217  1
 152 217  1
 101 218  1
 251 218  1
  47 219  1
  87 219  1
 132 219  1
 100 220  1
 101 220  1
 132 221  1
 156 221  1
 216 221  1
  84 222  1
  42 223  1
  97 224  1
 152 225  1
  46 226  1
 204 226  1
 208 226  1
 218 226  1
 222 226  1
  59 227  1
  60 227  1
  84 227  1
 138 228  1
 140 228  1
 216 228  1
 217 228  1
 218 228  1
 243 228  1
  50 229  1
  61 229  1
  98 229  1
 142 229  1
 224 229  1
  92 230  1
 196 230  1
 240 230  1
  96 231  1
 132 231  1
 133 231  1
 148 231  1
  80 232  1
 191 232  1
  55 233  1
 143 233  1
 185 233  1
 186 233  1
  77 234  1
  78 234  1
  90 234  1
  95 234  1
 152 234  1
 102 235  1
 107 235  1
 189 235  1
 233 235  1
  63 237  1
 109 237  1
 148 239  1
 185 239  2
 186 239  1
  97 241  1
  69 242  1
  81 242  1
  86 242  1
  94 242  1
 196 243  1
  89 244  1
 221 244  1
  74 245  1
  75 245  1
 109 245  1
 110 245  1
 202 245  1
  78 246  1
 218 246  1
 193 247  1
 113 248  1
 189 248  1
 193 249  1
  91 250  1
 210 250  1
 211 250  1
 125 251  1
 132 251  1
 170 257  1


count = 777