 144   1  1
 157   1  1
 132   2  1
 124   4  1
 138   7  1
 139   7  1
 108   8  1
 101  10  1
 183  10  1
 184  10  1
  93  12  1
 114  12  1
 115  12  1
 132  12  1
  91  14  1
 111  16  1
 119  16  1
 120  16  1
  95  17  1
 214  17  1
  83  18  1
  86  22  1
 118  22  1
  69  24  1
 116  25  1
  91  26  1
  93  26  1
 226  26  1
 120  28  1
 121  28  1
  87  29  1
  88  29  1
  52  30  1
  50  32  1
 104  32  1
 106  32  1
 233  32  1
 103  34  1
 235  35  1
  39  37  1
 110  37  1
 115  41  1
 118  42  1
 120  43  1
 122  43  1
 124  43  1
  99  44  1
  31  45  1
 152  46  1
 124  48  1
 125  50  1
 233  50  1
 234  50  1
  94  51  1
  25  53  1
  87  54  1
  23  56  1
 140  56  1
 254  56  1
 230  57  1
 231  57  1
 149  58  1
 158  58  1
 159  58  1
  88  59  1
  92  59  1
  79  60  1
 141  60  1
 220  60  1
  19  61  1
  67  62  1
  68  62  1
 229  62  1
 145  64  1
 234  65  1
  80  66  1
  71  67  1
  84  67  1
 187  67  1
  80  68  1
 103  68  1
 183  68  1
 241  68  1
 172  69  1
 189  70  1
 243  70  1
 266  70  1
 267  70  1
 181  71  1
 199  71  1
  97  72  1
 194  72  1
  83  73  1
  85  73  1
  88  73  1
  93  73  1
  13  74  1
  99  74  1
 185  74  2
  76  75  1
 193  75  1
 213  76  1
 193  77  1
  96  78  1
 164  78  1
 271  78  1
 272  78  1
 199  79  1
 243  80  1
 244  80  1
 191  81  1
 169  82  1
 173  82  1
   6  83  1
 182  83  1
 192  84  1
  86  85  1
  87  85  1
 184  85  1
 203  85  1
  80  86  1
 143  86  1
 160  86  1
 149  87  1
 275  87  1
 276  87  1
  78  89  1
 146  89  1
 157  89  1
 195  89  1
 172  90  1
 236  90  1
  77  91  1
 237  92  1
 230  93  1
 231  93  1
 249  93  1
 251  94  2
   3  95  1
   4  95  1
 206  95  1
 168  96  1
 174  96  1
 197  96  1
 215  96  1
 232  97  1
 250  97  1
 197  98  1
 179  99  1
 180  99  1
 279  99  1
 280  99  1
  70 100  1
  73 100  1
 254 100  1
 234 101  1
 175 102  1
 176 102  1
 185 102  2
 195 103  1
 239 103  1
 259 103  1
 179 104  1
 281 105  1
 282 105  1
 257 107  1
  76 108  1
 260 108  1
 270 108  1
 174 109  1
 263 110  1
 272 112  1
 168 114  1
 199 114  2
 200 114  1
 201 114  1
 182 115  1
 176 116  1
 111 117  1
 100 118  1
 161 118  1
 187 118  1
 282 120  1
 283 120  1
  36 121  1
 197 121  1
 203 121  1
  85 122  1
 107 123  1
 108 123  1
  42 124  1
 104 124  1
 122 124  1
 123 124  1
 173 124  1
   9 125  1
  14 125  1
 101 125  1
 156 125  1
 186 125  1
  25 126  1
  30 126  1
  89 126  1
  90 126  1
  96 126  1
 115 126  1
 129 126  1
 159 126  1
 163 126  1
 164 126  1
 219 126  1
  37 127  1
  94 127  1
 258 127  1
 261 127  1
 279 127  1
 280 127  1
  47 128  1
  60 128  1
 118 128  1
 214 128  1
 215 128  1
   4 129  1
 228 129  1
  23 130  1
  29 130  1
  30 130  1
 230 130  1
  12 131  1
 205 131  1
 206 131  1
 275 131  1
  47 132  1
  55 132  1
 217 132  1
 237 132  1
  38 133  1
 223 133  1
 265 133  1
 266 133  1
   6 134  1
  61 134  1
  90 134  1
 134 134  1
 150 134  1
 164 134  1
 202 134  1
 227 134  1
  12 135  1
  13 135  1
 102 135  1
 120 135  1
 160 135  1
 170 135  1
 171 135  1
 215 135  1
 231 135  1
 265 135  1
   6 136  1
  40 137  1
 205 137  1
 206 137  1
 246 137  1
 265 137  1
 197 138  1
 209 138  1
 241 138  1
 269 138  1
 121 139  1
 122 139  1
 184 139  1
 212 139  1
 272 139  1
  81 140  1
  87 140  1
 231 140  1
 232 140  1
 243 140  1
 244 140  1
 251 140  1
 193 141  1
 194 141  1
 226 141  1
 227 141  1
 258 142  1
 113 143  1
 161 143  1
 162 143  1
 269 143  1
 270 143  1
 109 144  1
 191 144  1
  86 145  1
 233 145  1
 235 145  1
 237 145  1
 225 146  1
 180 147  1
 181 147  1
 260 147  1
 169 148  1
 113 149  1
 185 149  1
 250 149  1
 251 149  1
 221 150  1
 258 150  1
 111 152  1
 176 152  1
 118 153  1
 119 153  1
 181 153  1
  94 154  1
  77 156  1
 129 156  2
 132 156  1
 227 156  1
 228 156  1
 232 157  1
 125 158  1
 126 158  1
  61 159  1
  89 159  1
  90 159  1
  63 160  1
  69 160  2
  75 160  1
  87 161  1
 233 161  1
  73 163  1
 132 163  1
 190 163  1
 196 163  1
 235 163  1
 236 163  1
 239 164  1
 134 165  1
 146 165  1
 134 167  1
 166 167  1
 255 167  1
  76 168  1
 176 168  1
 186 169  1
 193 169  1
 227 169  1
 236 169  1
 196 170  1
 233 171  1
 151 172  1
 230 172  1
 231 172  1
 199 173  1
 139 174  1
 143 174  1
 148 174  1
 162 174  1
 163 174  1
 164 174  1
 278 175  1
 279 175  1
   5 176  1
   6 176  1
 166 176  1
 168 176  1
 174 176  1
 204 177  1
 136 178  1
 137 178  1
 176 178  1
 178 178  1
 194 178  1
 161 179  1
 162 179  1
 139 180  1
 276 181  1
 277 181  1
 144 182  1
 145 182  1
 162 182  1
 222 182  1
 227 182  1
 219 183  1
 184 184  1
  10 186  1
  11 186  1
 196 186  1
 201 186  1
 151 187  1
 185 187  1
 113 188  1
 209 188  1
 210 188  1
 184 189  1
 272 189  1
 204 191  1
 205 191  1
 148 192  1
  73 193  1
 195 193  1
 200 193  1
  78 194  1
 211 194  1
  16 195  1
  84 195  1
 125 195  1
 137 195  1
  98 196  1
 104 196  1
 133 196  1
 211 196  1
  86 197  1
 266 197  1
  91 200  1
 121 200  1
 149 200  1
  97 201  1
  79 202  1
  80 202  1
 119 202  1
 149 202  1
 221 202  1
  20 204  1
  21 204  1
  95 204  1
 115 204  1
 153 204  1
 154 204  1
 101 205  1
 125 205  1
  24 206  1
  81 206  1
 157 206  1
 158 206  1
 142 207  1
  27 208  1
  68 209  1
  69 209  1
  84 209  1
 100 209  1
 147 209  1
 155 209  1
 234 209  1
 137 211  1
 101 212  1
 102 212  1
 126 213  1
 153 213  1
 130 214  1
  30 215  1
 140 215  1
  82 216  1
 102 217  1
 147 217  1
  82 218  1
 132 218  1
 152 218  1
 110 219  1
 111 219  1
 125 220  1
 126 220  1
  90 221  1
 148 221  1
 105 222  1
  43 223  1
 122 223  1
 147 225  1
 240 225  1
 149 226  1
 120 228  1
 101 229  1
 109 229  1
  65 231  1
  79 232  1
  82 232  1
 112 232  1
 113 232  1
  89 233  1
 104 233  1
  99 234  1
 110 234  1
 229 235  1
  82 238  1
 100 238  1
 101 238  1
 224 238  1
  86 240  1
 220 240  1
 108 241  1
 127 241  1
 118 242  1
 215 242  1
  92 243  1
 143 243  1
 212 244  1
 144 245  1
 145 245  1
 122 246  1
 123 246  1
 107 247  1
 209 247  1
 110 248  1
 113 249  1
 202 249  1
 145 250  1
 156 250  1
 160 250  1
 124 252  1
 181 254  1


count = 509