 139   1  1
 143   1  1
 150   1  1
 151   1  1
 168   1  1
 134   2  1
 129   3  1
 190   7  1
 157   8  1
 196  10  1
  98  16  1
  95  17  1
 112  17  1
 113  17  1
 205  17  1
  89  19  1
  86  20  1
  83  21  1
 106  21  1
 210  21  1
 116  23  1
  72  25  1
  92  25  1
 215  25  1
 216  25  1
 108  27  1
 109  27  1
 128  27  1
 129  27  1
  85  28  1
  60  29  1
 109  30  1
  55  31  1
  79  31  1
  81  31  1
  90  32  1
 121  32  1
  86  33  1
  95  33  1
 110  33  1
 111  33  1
 232  33  1
 122  35  1
 198  36  1
  89  37  1
  90  37  1
 210  37  1
 204  38  1
  37  39  1
 125  39  1
 127  39  1
 113  40  1
 195  40  1
 205  40  1
  89  42  1
  32  43  1
  84  43  1
 117  43  1
 108  44  1
 237  44  1
  84  45  1
 136  45  1
 101  46  1
 108  46  1
 196  46  1
 115  47  1
 130  47  1
 108  48  1
 125  48  1
 200  49  1
 201  49  1
 251  49  1
  63  51  1
  96  51  1
 103  51  1
 143  51  1
 119  52  1
 202  52  1
 232  52  1
  21  53  1
 129  53  1
 131  53  1
 257  53  1
  54  54  1
  59  54  1
 141  54  1
 247  54  1
  19  56  1
 133  56  1
 247  56  1
  94  57  1
 153  57  1
 154  57  1
  51  58  1
 136  58  1
 249  58  1
 250  58  1
  17  59  1
  77  59  1
 141  59  1
 153  59  1
  89  61  1
  50  62  1
  51  62  1
 247  63  2
  39  64  1
  75  64  1
 193  64  1
 176  65  1
 268  65  1
  40  66  1
  48  66  1
 143  66  1
  85  67  1
  86  67  1
 176  67  1
 138  68  1
 198  68  1
 141  69  1
 176  69  1
 189  69  1
 270  69  1
 126  70  1
 184  70  1
 198  70  1
 255  70  1
 112  71  1
   8  72  1
   9  72  1
 106  72  1
 145  72  1
 158  72  1
 159  72  1
 272  72  1
  71  73  1
  79  73  1
 161  73  1
 198  73  1
 257  73  1
  39  74  1
  40  74  1
 187  74  1
 196  74  1
   7  75  1
   8  75  1
 103  75  1
 161  75  1
 183  75  1
 193  75  1
 207  75  1
 145  76  1
  79  77  1
 162  77  1
  97  78  1
 200  78  1
 203  79  1
  20  80  1
 160  80  1
 184  81  1
 192  81  1
 196  81  1
 215  82  1
 216  82  1
 217  82  1
  15  83  1
 255  83  1
   5  84  1
   6  84  1
  28  84  1
  21  85  1
 211  85  1
  85  86  1
 135  86  1
 183  86  1
   9  87  1
  12  87  1
  30  87  1
 181  87  1
 191  87  1
 200  87  1
 202  87  1
  83  88  1
 157  88  1
 213  88  1
 214  88  1
   3  89  1
   4  89  1
 150  89  1
 188  90  1
 210  91  1
 211  91  1
  64  92  1
 138  92  1
 149  92  1
 158  92  1
 159  92  1
 180  93  1
 193  93  1
  75  94  1
  77  94  1
 142  94  1
 186  94  1
  30  95  1
 149  95  1
 150  95  1
   1  96  1
   2  96  1
 255  96  1
  15  97  1
 139  97  1
 140  97  1
 193  97  1
  15  99  1
 208  99  3
 209  99  1
 210  99  1
  80 100  1
  89 100  1
 191 100  1
  14 101  1
 174 101  1
 187 101  1
 227 103  1
  93 104  1
  35 105  1
  40 105  1
 251 105  1
   1 106  1
  47 106  1
 237 106  1
 238 106  1
 281 106  1
 282 106  1
   5 107  1
   6 107  1
  77 107  1
  78 107  1
 178 107  1
 222 108  1
 230 108  1
 236 108  1
  32 110  1
  34 110  1
 177 110  1
 252 110  1
  49 111  1
 183 111  1
 241 111  1
 247 111  1
 254 111  1
 255 111  1
 282 111  1
 283 111  1
  17 112  1
  28 112  1
  29 112  1
  82 112  1
 187 112  1
 223 112  1
   5 113  1
 169 113  1
 190 113  1
 227 113  1
  19 114  1
  26 114  1
  40 114  1
  41 114  1
 195 114  1
 250 114  1
 259 114  1
  58 115  1
  78 115  1
 235 115  1
  86 116  1
  78 117  1
  79 117  1
 191 117  1
 224 117  1
 244 117  1
 261 117  1
 262 117  1
 100 118  1
 107 118  1
 221 118  1
 222 118  1
 232 118  1
 233 118  1
  89 119  1
 112 119  1
 216 119  1
 262 119  1
  37 120  1
 221 120  1
 253 120  1
 254 120  1
  54 121  1
  82 121  1
 178 121  1
 179 121  1
 209 121  1
 236 121  1
 264 121  1
  61 122  1
  62 122  1
 119 122  1
 120 122  1
 220 122  1
 221 122  1
 282 122  1
 283 122  1
 184 123  1
 199 123  1
   1 124  1
 103 124  1
 204 124  1
 205 124  1
   7 125  1
  11 125  1
  46 125  1
  90 125  1
 113 125  1
 169 125  1
 170 125  1
 267 125  1
 145 126  1
 179 126  1
 218 126  1
 228 126  1
 229 126  1
  55 127  1
  59 127  1
  97 127  1
 126 127  1
 127 127  1
 194 127  1
 256 127  1
  33 128  1
 174 128  1
 190 128  1
 205 128  1
 206 128  1
 210 128  1
 229 128  1
  13 129  1
 130 129  1
   3 130  1
 209 130  1
 219 130  1
 278 130  1
  59 131  1
 170 131  1
  48 132  1
  57 132  1
  91 132  1
 151 132  1
 217 132  1
 271 132  1
  38 133  1
  39 133  1
 119 133  1
 134 133  1
 153 133  1
 154 133  1
 158 133  1
 159 133  1
 163 133  1
 194 133  1
 187 134  1
 261 134  1
 266 134  1
 267 134  1
 268 134  1
  20 135  1
  60 135  1
  61 135  1
 121 135  1
  32 136  1
  34 136  1
  47 136  1
  49 136  1
 224 136  1
  63 137  1
  78 137  1
 172 137  1
 203 137  1
 204 137  1
 217 137  1
 260 137  1
   5 138  1
  29 138  1
  67 138  1
  83 138  1
  94 138  1
  99 138  1
  92 139  1
 102 139  1
 185 139  1
 186 139  1
 216 139  1
 265 139  1
 266 139  1
  12 140  1
  51 140  1
  52 140  1
  69 140  1
  73 140  1
 179 140  1
 189 140  1
 224 140  1
 171 141  1
 183 141  1
 214 141  1
 269 141  1
 272 141  1
  83 142  1
 176 142  1
   2 143  1
  58 143  1
  62 143  1
 196 143  1
 167 144  1
 176 144  1
 181 145  1
 182 145  1
   1 146  1
  83 146  1
 192 146  1
  40 147  1
 174 147  1
 204 147  1
 206 147  1
 279 147  1
 280 147  1
  47 148  1
  48 148  1
  80 149  1
  38 150  1
  22 152  1
 179 152  1
 190 152  1
 192 152  1
 216 152  1
   1 153  1
 121 153  1
  40 156  1
 108 156  1
 175 156  1
 179 156  1
  32 157  1
  37 157  1
 100 157  1
 170 157  1
 213 157  2
 214 157  1
  35 159  1
  93 159  1
  95 159  1
  99 159  1
 106 159  1
 231 159  1
  21 160  1
  22 160  1
 128 160  1
 187 160  1
 213 160  1
 170 161  1
 171 161  1
   1 163  1
   2 163  1
 225 163  1
 229 163  1
   8 164  1
  13 164  1
 215 164  1
  17 165  1
 281 165  1
 282 165  1
 222 166  1
 135 167  1
 177 168  1
  12 169  1
 145 170  1
  82 171  1
  83 171  1
  84 171  1
  71 172  1
  72 172  1
  73 172  1
  78 172  1
 182 173  1
  55 174  1
 223 174  1
 238 174  1
 253 175  1
   6 176  1
   7 176  1
  53 176  1
  44 177  1
 139 177  1
 140 177  1
 240 177  1
 247 177  1
  23 178  1
  38 178  1
  66 179  1
  92 179  1
 183 179  1
 184 179  1
 187 179  1
  13 180  1
  97 181  1
 144 181  1
 145 181  1
 189 181  1
 190 181  1
  23 182  1
  70 182  1
 223 182  1
  20 183  1
 276 183  1
  17 184  1
 146 184  1
 147 184  1
   7 185  1
   8 185  1
  78 185  1
  32 186  1
 101 186  1
  25 188  1
  26 188  1
 146 188  1
 273 188  1
   8 189  1
   9 189  1
  17 189  1
  76 189  1
 225 189  1
 236 189  1
 196 190  1
  57 191  1
 134 191  1
 144 191  1
 188 191  1
 191 191  1
 203 191  1
 211 192  1
 101 193  1
 102 193  1
 269 194  1
 144 195  1
 204 195  1
 105 196  1
 106 196  1
 183 196  1
 190 196  1
  12 197  1
  13 197  1
 139 197  1
 150 197  1
 186 198  1
 187 198  1
 230 198  1
 237 198  1
 110 199  1
 135 199  1
 264 200  1
  45 201  1
  82 201  1
  89 201  1
 142 201  1
  42 202  1
  99 202  1
 129 202  1
  47 203  1
  56 203  1
 103 203  1
  25 204  1
  41 205  1
  78 205  1
 123 205  1
 235 205  1
 241 205  1
 149 206  1
 202 206  1
 222 206  1
  29 207  1
  89 207  1
  94 207  1
 116 207  1
 122 207  1
 130 207  1
 257 207  1
  22 208  1
  51 208  1
 104 208  1
 146 208  1
 138 209  1
 204 209  1
 205 209  1
  41 210  1
  50 210  1
  51 210  1
 144 210  1
 166 210  1
 212 210  1
  36 211  1
 102 212  1
 186 212  1
 190 212  1
 137 213  1
 142 213  1
 158 213  1
 221 213  1
 250 213  1
  38 214  1
  39 214  1
  44 214  1
  47 214  1
  48 214  1
  84 214  1
  95 215  1
 151 215  1
 125 216  1
 201 216  1
  31 217  1
 192 217  1
  88 218  1
  89 218  1
 129 218  1
 208 218  1
  34 219  1
  84 219  1
  85 219  1
 143 219  1
 144 219  1
 195 219  1
 196 219  1
 204 219  1
 241 219  1
 123 220  1
 142 221  1
 181 221  1
 184 221  1
  97 222  1
  40 223  1
 162 223  1
 166 223  1
  73 224  1
  84 224  1
 138 224  1
 124 225  1
 162 225  1
 115 226  1
 120 226  1
 131 226  1
  50 227  1
 169 227  1
 170 227  1
  53 228  1
  79 228  1
  94 228  1
 108 228  1
 109 228  1
  56 229  1
  90 229  1
 119 230  1
 227 231  1
 112 232  1
 113 232  1
 175 232  1
  98 233  1
 224 233  1
  85 234  1
  86 234  1
  77 235  1
  94 235  1
 102 237  1
 104 237  1
 170 237  1
 215 239  1
 191 240  2
 192 240  1
  97 242  1
 208 244  1
 192 246  1
 206 246  1
 114 248  1
 117 249  1
 199 249  1
 123 251  1
 126 252  1
 130 253  1
 190 253  1
 137 254  1


count = 694