 124   1  1
 157   1  1
 106   3  1
 180   3  1
 190   5  1
  93   6  1
 142   6  1
 146   7  1
 147   7  1
 196   7  1
 135   8  1
 136   8  1
 150  10  1
  96  11  1
  97  11  1
 204  12  1
 129  13  1
 143  13  1
  92  14  1
 124  14  1
 209  15  1
 210  15  1
  92  16  1
  99  16  1
 100  16  1
 124  16  1
 151  16  1
  65  17  1
  85  17  1
 134  17  1
  89  19  1
  73  20  1
 125  20  1
 219  20  1
 101  21  1
 131  21  1
  58  22  1
 135  22  1
 164  23  1
  53  25  1
 164  25  1
 135  26  1
  64  27  1
 128  27  1
 140  27  1
 153  27  1
 154  27  1
 155  27  1
 164  27  1
 165  27  1
 218  27  1
 228  28  1
 229  28  1
  48  29  1
  92  29  1
 101  29  1
 151  29  1
 159  29  1
 160  29  1
 182  29  1
 218  29  1
 134  31  1
  44  32  1
  94  32  1
 235  32  1
  87  33  1
  88  33  1
 101  33  1
 130  33  1
 151  33  1
 152  33  1
 166  33  1
 137  34  1
 182  34  1
 183  34  1
  68  35  1
 207  35  1
 221  35  1
 240  35  1
  97  36  1
 137  36  1
 163  37  1
 209  37  1
 104  38  1
 105  38  1
 111  38  1
 116  38  1
  89  39  1
  90  39  1
 121  39  1
 122  39  1
 209  39  1
  72  40  1
  77  40  1
 126  40  1
  35  41  1
  65  42  1
 197  42  1
 111  43  1
 115  43  1
 127  43  1
 169  43  1
 170  43  1
  72  44  1
 163  44  1
 165  44  1
 174  44  1
 251  44  1
 116  45  1
 122  45  1
 127  45  1
  75  46  1
 145  46  1
 146  46  1
 195  46  1
 207  46  1
  69  47  1
 111  47  1
 128  47  1
 162  47  1
 180  47  1
 103  48  1
 132  48  1
 133  48  1
 155  48  1
 253  48  1
  74  49  1
 197  49  1
 240  49  1
  96  50  1
 121  50  1
 207  50  1
 242  50  1
 244  50  1
  91  51  1
 116  51  1
 145  51  1
 150  53  1
 151  53  1
 166  53  2
 172  53  1
 256  53  1
 257  53  1
  88  54  1
 122  55  1
 235  55  1
 178  56  1
 179  56  1
 115  57  1
 147  57  1
 148  57  1
  91  58  1
 232  58  1
  17  59  1
 130  59  1
 142  59  1
 155  59  1
 205  59  1
 213  60  1
 225  60  1
  95  61  1
 127  61  1
 144  61  1
 148  61  1
 208  61  1
 120  62  1
  14  63  1
 113  63  1
 154  64  1
 155  64  1
  89  65  1
 126  65  1
 127  65  1
 152  65  1
 222  65  1
 242  65  1
  11  67  1
 145  67  1
 146  67  1
 191  67  1
 218  67  1
 242  67  1
 258  67  1
 259  67  1
 260  67  1
  99  68  1
 101  68  1
 150  68  1
 160  68  1
 161  68  1
 187  68  1
 189  68  1
 212  69  1
 241  69  1
 242  69  1
  99  70  1
 126  70  1
 148  70  1
 180  71  1
 181  71  1
 198  71  1
 253  71  1
 254  71  1
 273  71  1
  96  72  1
  98  72  1
 100  72  1
 110  72  1
 128  72  1
 191  72  1
   7  73  1
  90  73  1
  94  73  1
 105  73  1
 173  73  1
 174  73  1
 187  73  1
 188  73  1
 144  74  1
  85  75  1
 105  75  1
 200  75  1
 210  75  1
 241  75  1
 254  75  1
 111  76  1
 219  76  1
 105  77  1
 183  77  1
 225  77  1
 192  78  1
 216  78  1
 126  79  1
 132  80  1
 133  80  1
 150  80  1
 165  80  1
 210  80  1
   3  81  1
   4  81  1
 143  81  1
 206  81  1
 266  81  1
 150  82  1
 158  82  1
 170  82  1
 197  82  1
 255  82  1
 256  82  1
 175  83  1
 226  83  1
 179  84  1
 229  84  1
 236  84  1
 194  85  1
 195  85  1
 259  85  1
 261  85  1
 212  86  1
 271  86  1
  89  87  1
 158  87  1
 159  87  1
 182  87  1
  86  88  1
 165  88  1
 214  88  1
   7  89  1
   8  89  1
  92  89  1
 123  89  1
 222  89  1
 255  89  1
 260  89  1
 227  90  1
 228  90  1
 234  90  1
 250  90  1
   1  92  1
   2  92  1
 156  92  1
   8  93  1
  93  93  1
 218  93  1
 219  93  1
 220  93  1
 264  93  1
 268  93  1
 151  94  1
 164  94  1
 236  94  1
 237  94  1
 225  95  1
 233  95  1
 264  95  1
  38  96  1
   7  97  1
 149  97  1
 264  97  1
 265  97  1
 266  97  1
 245  98  1
 246  98  1
 252  98  1
 253  98  1
 254  98  1
 192 100  1
 199 100  1
 209 100  1
 234 100  1
   6 101  1
  14 101  1
  15 101  1
  53 101  1
  54 101  1
 103 101  1
 104 101  1
 164 101  1
 218 101  1
 219 101  1
 226 101  1
 240 101  1
  21 102  1
  39 102  1
  47 102  1
  49 102  1
 108 102  1
 208 102  1
 234 102  1
 243 102  1
 163 103  1
 164 103  1
 184 103  1
 221 103  1
 223 103  1
 262 103  1
  10 104  1
  29 104  1
  43 104  1
  44 104  1
 111 104  1
 180 105  1
 259 105  1
 254 106  1
 270 106  1
  11 107  1
  38 107  1
  39 107  1
  53 107  1
  54 107  1
 258 107  1
  26 108  1
 161 108  1
 169 108  1
 170 108  1
 219 108  1
  11 109  1
  21 109  1
  39 109  1
 175 109  1
 257 109  1
 274 109  1
 275 109  1
 225 110  1
 238 110  1
 243 110  1
  39 111  1
 188 112  1
 194 112  1
  11 113  1
  51 113  1
  84 113  1
   8 114  1
 169 114  1
 176 114  1
 204 114  1
  48 115  1
  58 115  1
  90 115  1
 218 115  1
 230 115  1
  82 116  1
 111 116  1
 162 116  1
 115 117  1
 116 117  1
 171 117  1
 173 117  1
 190 117  1
 155 118  1
 167 118  1
 196 118  1
 220 118  1
 221 118  1
 228 118  1
 280 118  1
  32 119  1
  47 119  1
  56 119  1
 200 120  1
  32 121  1
  83 121  1
  84 121  1
 116 121  1
 117 121  1
 151 121  1
 164 121  1
 165 121  1
 194 121  1
  15 122  1
 111 122  1
 165 123  1
 190 123  1
 276 123  1
  58 124  1
  59 124  1
  88 124  1
 183 124  1
  18 125  1
  51 125  1
  53 125  1
  99 125  1
 103 125  1
 105 125  1
 167 125  1
 151 126  1
 204 126  1
 209 126  1
   5 127  1
   6 127  1
  11 127  1
  41 127  1
 250 128  1
 255 128  1
  16 129  1
  17 129  1
 231 129  1
  24 130  1
  30 130  1
  31 130  1
  40 130  1
  41 130  1
  50 130  1
  54 130  1
 152 130  1
 165 130  1
 180 130  1
 182 130  1
 183 130  1
  11 131  1
  70 131  1
  93 131  1
 105 131  1
 186 131  1
 193 131  1
 203 131  1
 204 131  1
 216 131  1
 245 131  1
 254 131  1
 145 132  1
 160 132  1
   5 133  1
   6 133  1
 158 133  1
 208 133  1
  33 134  1
  43 134  1
  46 134  1
 269 134  1
  13 135  1
  48 135  1
  66 135  1
 111 135  1
 220 135  1
  17 136  1
  18 136  1
 151 136  1
 165 136  1
 194 136  1
 213 136  1
 254 136  1
   3 137  1
  86 137  1
 115 137  1
 250 137  1
 211 138  1
   8 139  1
  82 139  1
 175 139  1
 177 139  1
 270 139  1
  58 140  1
  60 140  1
 112 140  1
 168 140  1
 183 140  1
   1 141  1
   2 141  1
 246 141  1
 264 141  1
 280 141  1
 119 142  1
 162 142  1
  50 143  1
  61 143  1
  65 143  1
  85 143  1
 261 143  1
 162 144  1
 177 144  1
 193 144  1
  51 145  1
  52 145  1
  69 145  1
  77 145  1
  78 145  1
 245 145  1
 162 146  1
 178 146  1
 183 146  1
  15 147  1
  19 147  1
 194 147  1
 230 147  1
 231 147  1
 249 147  1
  83 148  1
 241 148  1
 257 148  1
  10 149  1
  53 149  1
  80 149  1
 171 149  1
 173 149  1
 167 150  1
 179 150  1
 183 150  1
  30 151  1
 239 151  1
 252 151  1
  15 152  1
  16 152  1
 233 152  1
 246 152  1
  51 153  1
  99 153  1
 100 153  1
 101 153  1
  48 154  1
  49 154  1
  78 154  1
  93 154  1
  94 154  1
 235 154  1
 244 154  1
  11 155  1
  12 155  1
 123 155  1
 260 155  1
 282 155  1
 283 155  1
  75 156  1
 116 156  1
 128 156  1
 239 156  1
 240 156  1
 244 156  1
  35 157  1
  44 157  1
 139 157  1
 226 157  1
 143 158  1
 145 158  1
 245 158  1
 251 158  1
  12 159  1
  16 159  1
  17 159  1
  31 159  1
  32 159  1
  92 159  1
 180 159  1
 235 159  1
 232 160  1
  12 161  1
  99 161  1
 146 161  1
 168 161  1
 169 161  1
 198 162  1
 242 162  1
 265 162  1
  70 163  1
  71 163  1
 252 163  1
  89 164  1
 155 164  1
 156 164  1
 232 164  1
 256 164  1
 144 165  1
 179 165  1
 190 165  1
  70 166  1
  74 167  1
  75 167  1
 171 167  1
 172 167  1
 183 167  1
   1 168  1
   2 168  1
  69 168  1
 113 168  1
 134 168  1
 135 168  1
 151 168  1
 194 168  1
  33 169  1
  72 169  1
 108 169  1
 158 169  1
 171 169  1
 277 169  1
 278 169  1
  26 170  1
  41 170  1
 179 170  1
 232 170  1
 100 171  1
 101 171  1
 156 171  1
 171 171  1
 264 171  1
  78 172  1
 122 172  1
 134 172  1
 162 172  1
 164 172  1
 175 172  1
 190 172  1
 191 172  1
 246 172  1
  90 173  1
 107 173  1
 151 173  1
 256 173  1
 149 174  1
  75 175  1
 103 175  1
 157 175  1
 181 175  1
 187 175  1
  95 176  1
  96 176  1
  97 176  1
 136 176  1
 201 176  1
 202 176  1
  75 177  1
 140 177  1
 194 177  1
 256 177  1
 257 177  1
 161 178  1
 175 178  1
 261 178  1
 262 178  1
  70 180  1
  72 180  1
 143 180  1
 238 180  1
  38 181  1
  84 181  1
 195 181  1
  67 182  1
  96 182  1
 101 182  1
 164 182  1
 177 182  1
 178 182  1
 243 182  1
 244 182  1
 264 182  1
 265 182  1
  35 183  1
 195 183  1
   7 184  1
   8 184  1
 205 184  1
 224 184  1
  86 185  1
 183 185  1
 218 185  1
 219 185  1
  75 186  1
 238 186  1
 272 186  1
  64 187  1
 192 187  1
 228 187  2
 229 187  1
 136 188  1
 163 188  1
 212 188  1
 216 188  1
 233 188  1
 247 188  1
  30 189  1
 224 189  1
  11 190  1
 165 190  1
 153 191  1
 172 191  1
 173 191  1
 174 191  1
 131 192  1
 248 192  1
  13 193  1
  56 193  1
  60 193  1
 167 193  1
  26 194  1
  70 194  1
 140 194  1
 141 194  1
 222 194  1
 223 194  1
 230 195  1
 172 196  1
 237 196  1
 263 196  1
 153 197  1
 246 197  1
 247 197  1
  24 198  1
  25 198  1
  73 198  1
 131 198  1
 144 198  1
 164 198  1
 170 198  1
 204 198  1
 245 199  1
  70 200  1
  56 201  1
  57 201  1
 139 201  1
 161 201  1
 258 201  1
  19 202  1
 157 202  1
 216 202  1
  38 203  3
  39 203  1
  57 203  1
 149 203  1
 150 203  1
 219 204  1
 223 204  1
  39 205  1
  57 205  1
  66 205  1
 136 205  1
 153 205  1
  70 206  1
 140 206  1
  23 207  1
 136 207  1
 138 207  1
  52 208  1
  62 208  1
 168 208  1
  39 209  1
 144 209  1
 145 209  1
 150 209  1
  51 211  1
 138 211  1
 169 211  1
  38 212  1
  39 212  1
 147 212  1
 248 212  1
  29 213  1
 151 213  1
 165 213  1
 246 213  1
 129 214  1
 141 214  1
 173 214  1
 185 215  1
  34 217  1
  77 217  1
  47 218  1
 134 218  1
 131 219  1
 139 219  1
  47 220  1
  55 220  1
  57 220  1
  68 220  1
  75 220  1
 144 221  1
 177 221  1
 196 221  1
 198 221  1
  59 222  1
 138 222  1
 234 222  1
  43 223  1
  77 223  1
 188 223  1
 193 223  1
  72 224  1
  73 224  1
 142 224  1
  45 225  1
  59 225  1
  85 225  1
  89 225  1
 198 225  1
  62 227  1
 157 227  1
 158 227  1
  84 228  1
 137 228  1
 138 228  1
 139 228  1
  52 229  1
  82 229  1
  67 230  1
  86 230  1
  77 231  1
 166 231  1
  74 232  1
 139 233  1
 167 233  1
  60 234  1
  90 234  1
 157 234  1
 158 234  1
  72 235  1
  73 235  1
 218 235  1
 111 236  1
  68 238  1
  79 238  1
  84 238  1
 113 238  1
 156 238  1
 157 238  1
  70 239  1
 108 239  1
 166 239  1
 167 239  1
 209 239  1
 105 240  1
  96 242  1
 101 242  1
 102 242  1
 161 242  1
 200 243  1
  83 244  1
 145 244  1
 146 244  1
 111 246  1
 112 246  1
 194 247  1
 139 248  1
 140 248  1
 146 248  1
 158 248  1
  99 249  1
 136 249  1
 144 249  1
 102 250  1
 134 250  1
 185 250  1
 108 252  1
 144 252  1
 177 252  1
 111 253  1
 123 256  1


count = 884