 132   1  1
 140   1  1
 119   2  1
 182   3  1
 195   6  1
 197   7  1
  95   8  1
 170   8  1
 140   9  1
 150   9  1
 157   9  1
  88  10  1
 185  10  1
 202  10  1
  85  11  1
  82  12  1
 139  12  1
 206  13  1
  78  14  1
  79  14  1
 114  14  1
 130  14  1
 134  14  1
 117  15  1
  74  16  1
  75  16  1
 183  16  1
 120  18  1
 157  18  1
 148  19  1
  93  20  1
 139  20  1
  64  21  1
  99  21  1
 104  21  1
 177  21  1
 170  22  1
  91  23  1
 100  23  1
 101  23  1
 102  23  1
 121  23  1
 114  24  1
 115  24  1
 108  25  1
 109  25  1
 165  25  1
  83  26  1
  88  26  1
 122  26  1
 149  26  1
 171  26  1
 224  26  1
 118  27  1
  77  28  1
 125  28  1
 145  28  1
 172  28  1
 141  29  1
 167  29  1
 179  29  1
 180  29  1
 159  30  1
  51  31  1
 152  31  1
 118  32  1
 119  32  1
 110  34  1
 121  34  1
 122  34  1
 166  34  1
 167  34  1
 127  35  1
  57  36  1
  82  36  1
 114  36  1
 154  36  1
 223  36  1
 119  37  1
 160  37  1
 226  37  1
  79  38  1
 121  39  1
 141  40  1
 174  40  1
  53  41  1
 149  41  1
 157  41  1
 182  41  1
  80  42  1
 165  42  1
 162  43  1
  80  45  1
 189  45  1
 176  47  1
 225  47  1
 232  47  1
 195  48  1
 197  48  1
  50  49  1
 179  49  1
 124  51  1
 175  51  1
 199  51  1
 250  51  1
 173  52  1
 235  52  1
 204  54  1
 154  55  1
  33  57  1
 237  57  1
 172  58  1
 216  58  1
 200  59  1
 237  59  1
 163  60  1
 236  61  1
 237  61  1
 135  62  1
  26  63  1
  48  63  1
  49  63  1
 161  63  1
  39  64  1
  43  64  1
 114  64  1
 224  64  1
  30  65  1
  15  66  1
  22  66  1
 123  66  1
 124  66  1
 128  66  1
 159  66  1
 236  67  1
 240  67  1
 246  67  1
  47  68  1
  48  68  1
  53  68  1
 133  68  1
 145  68  1
 153  68  1
 232  68  1
  13  69  1
 251  69  1
 253  69  1
  56  70  1
  61  70  1
  75  70  1
 128  70  1
 129  70  1
 157  70  1
  12  71  1
 163  71  1
 244  72  1
  29  73  1
  35  73  1
 249  73  1
 127  74  1
 128  74  1
  10  75  1
  21  75  1
  22  75  1
  60  75  1
 246  76  1
  26  77  1
  41  77  1
  42  77  1
  62  77  1
 125  77  1
 126  77  1
 264  77  1
  69  78  1
  70  78  1
  75  78  1
 215  78  1
 216  78  1
  15  81  1
   6  82  1
   7  82  1
  70  82  1
 122  82  1
 128  82  1
 213  82  1
 233  82  1
  61  83  1
 169  83  1
  63  84  1
  65  84  1
 247  84  1
 257  84  1
  33  85  1
  68  85  1
 163  85  1
 238  85  1
  27  86  1
 176  86  1
 178  86  1
 180  86  1
 233  86  1
 260  86  1
  12  87  1
  69  87  1
 211  87  1
 212  87  1
 270  87  1
 117  88  1
  53  89  1
  75  89  1
 138  89  1
  31  90  1
  32  90  1
  77  90  1
  81  90  1
 204  90  1
 205  90  1
 227  90  1
 243  90  1
 246  90  1
  54  91  1
  55  91  1
  60  91  1
  62  91  1
 165  91  1
  21  92  1
  86  92  1
 239  92  1
  62  93  1
  10  94  1
  67  94  1
  74  94  1
  78  94  1
  90  94  1
 145  94  1
 102  95  1
 228  95  1
 245  95  1
 262  95  1
 275  95  1
 276  95  1
 137  96  1
   3  97  1
   4  97  1
  55  97  1
  60  97  1
 228  97  1
 239  97  1
 248  97  1
  33  98  1
  67  98  1
 163  98  1
 174  98  1
 265  98  1
 266  98  1
 267  98  1
  20  99  1
  88  99  1
 232  99  1
  12 100  1
  13 100  1
  29 100  1
 104 100  1
 249 100  1
 250 100  1
   2 101  1
   3 101  1
  19 101  1
  62 101  1
  63 101  1
 222 101  1
 223 101  1
  52 102  1
 236 102  1
 240 102  1
 257 102  2
  96 103  1
 167 103  1
 224 103  1
 258 104  1
 259 104  1
  26 105  2
  27 105  1
 161 105  1
   1 106  1
   2 106  1
 114 106  1
 208 106  1
 270 106  1
  47 107  1
 252 107  1
 263 107  1
  64 108  1
  71 108  1
 109 108  1
 122 108  1
 213 108  1
  44 109  1
  77 109  1
 160 109  1
 167 109  1
 254 109  1
 105 110  1
 204 110  1
 205 110  1
  24 111  1
  86 111  1
 101 111  1
  41 112  1
 158 112  1
 170 112  1
 209 112  1
 243 112  1
  96 113  1
 118 113  1
 122 113  1
 222 113  1
 226 113  1
 238 113  1
 247 113  1
   1 114  1
  39 114  1
 111 114  1
 125 114  1
 151 114  1
 152 114  1
  32 115  1
 100 115  1
 118 115  1
 127 115  1
 205 115  1
 217 115  1
 222 115  1
  23 116  1
  24 116  1
 157 116  1
 158 116  1
 169 116  1
 173 116  1
 174 116  1
 200 116  1
 280 116  1
 281 116  1
 253 117  1
  91 118  1
  92 118  1
  99 118  1
   6 119  1
 168 119  1
 117 120  1
 132 120  1
 173 120  1
 199 120  1
  72 121  1
  92 121  1
  98 121  1
  99 121  1
 162 121  1
 163 121  1
 227 121  1
 228 121  1
   1 122  1
  78 122  1
 149 122  1
 212 122  1
 215 122  1
 246 122  1
 247 122  1
  66 123  1
  15 125  1
  32 125  1
  72 125  1
 118 125  1
  55 126  1
  88 126  1
  94 126  1
 114 126  1
 201 126  1
  35 127  1
  43 127  1
  96 127  1
 102 127  1
 189 127  1
  71 128  1
 197 128  1
 231 128  1
  37 129  1
 221 129  1
  51 130  1
  62 130  1
  89 130  1
 105 130  1
 208 130  1
 209 130  1
 273 130  1
 276 130  1
  40 131  1
  67 131  1
  46 132  1
 117 132  1
 122 132  1
 126 132  1
 140 132  1
 211 132  1
 217 132  1
  14 133  1
  23 133  1
  41 133  1
 110 133  1
   9 134  1
  10 134  1
 147 134  1
 199 134  1
 231 134  1
 243 134  1
  56 135  1
  58 135  1
 190 135  1
 191 135  1
 202 135  1
 264 135  1
  94 136  1
 123 136  1
 195 136  1
 267 136  1
  40 137  1
 149 137  1
 155 137  1
 269 137  1
   3 138  1
   4 138  1
  16 138  1
  70 138  1
 115 138  1
 233 138  1
 234 138  1
  60 139  1
  62 139  1
  63 139  1
 141 139  1
 219 139  1
 222 139  1
 223 139  1
   8 140  1
   9 140  1
 114 140  1
 194 140  1
 195 140  1
 205 140  1
 206 140  1
 210 140  1
 216 140  1
 161 141  1
  20 142  1
  66 142  1
  67 142  1
  91 142  1
 154 142  1
 155 142  1
  78 143  1
 104 143  1
 105 143  1
 147 143  1
 222 143  1
 223 143  1
 251 143  1
  74 144  1
  75 144  1
 204 144  1
 205 144  1
 265 144  1
 266 144  1
 276 144  1
  20 146  1
 220 146  1
 261 146  1
  27 147  1
  28 147  1
  67 147  1
 158 147  1
 210 147  1
 254 147  1
  12 148  1
 111 148  1
 167 148  1
 102 149  1
 148 149  1
 257 149  1
  94 150  1
 150 150  1
 171 150  1
 207 151  1
  42 152  1
 101 152  1
 252 152  1
  35 153  1
  57 153  1
  94 153  1
 206 153  1
  13 154  1
  39 154  1
  62 154  1
 201 154  1
  19 155  1
  51 155  1
 128 156  1
 200 156  1
  94 157  1
 117 157  1
 165 157  1
 169 157  1
 216 157  1
 251 157  1
 173 158  1
  25 159  1
 145 159  1
 262 159  1
 281 159  1
 282 159  1
 147 160  1
  14 161  1
  10 162  1
 203 162  1
 252 162  1
 179 163  1
 180 163  1
 259 163  1
   5 164  1
   6 164  1
 156 164  1
 204 164  1
 247 164  1
 159 166  1
 160 166  1
 201 166  1
  13 167  1
  14 167  1
 173 167  1
 256 167  1
  50 168  1
 263 168  1
 243 169  1
  47 170  1
 215 170  1
 255 170  1
 268 170  1
   7 171  1
   8 171  1
 181 171  1
 182 171  1
 243 171  1
  43 172  1
  53 172  1
 276 172  1
 277 172  1
 179 173  1
 222 173  1
 251 173  1
  21 174  1
  49 174  1
 174 174  1
 274 175  1
  16 176  1
  54 176  1
 249 176  1
  41 177  1
 226 177  1
 227 177  1
 272 179  1
  19 180  1
 244 180  1
  16 181  1
  23 181  1
  65 181  1
 219 181  1
  28 182  1
  56 182  1
  34 183  1
  35 183  1
  40 183  1
  45 183  1
 143 183  1
 240 183  1
  68 184  1
 132 184  1
  23 185  1
  49 185  1
  51 185  1
 157 185  1
 230 185  1
 236 185  1
 237 185  1
  32 186  1
 147 187  1
 156 187  1
  39 188  1
 168 188  1
  53 189  1
 141 190  1
 232 190  1
  39 191  1
  41 191  1
 138 191  1
  26 192  1
 117 192  1
  29 193  1
  30 193  1
  51 194  1
  34 195  1
  45 195  1
 114 196  1
 175 196  1
 176 196  1
 212 196  1
 236 196  1
 250 196  1
 264 196  1
 265 196  1
 128 198  1
 162 198  1
 212 198  1
 223 199  1
 245 199  1
 248 199  1
 165 200  1
 176 200  1
 212 200  1
  34 201  1
  45 201  1
  51 201  1
 156 201  1
 157 201  1
 178 201  1
 232 201  1
 208 202  1
 238 202  1
 178 203  1
 219 204  1
 252 206  1
  40 207  1
  53 207  1
  54 207  1
 225 207  1
 259 207  1
 260 207  1
 219 208  1
 225 209  1
  52 210  1
 171 210  1
 195 210  1
 199 210  1
 216 210  1
 217 210  1
 258 210  1
 259 210  1
  48 212  1
 193 212  1
 213 212  1
  48 215  1
 216 216  1
 217 216  1
 114 217  1
 115 217  1
 161 217  1
 174 217  1
 182 217  1
 183 217  1
 157 218  1
 205 218  1
 164 219  1
 165 219  1
 211 219  1
  44 220  1
 103 220  1
 183 220  1
 218 220  1
 123 221  1
 166 221  1
 211 221  1
  46 222  1
 159 222  1
 160 222  1
 172 222  1
 177 222  1
 178 222  1
 134 223  1
 154 223  1
 155 223  1
 166 223  1
 211 223  1
 106 225  1
 187 225  1
  75 226  1
 191 226  1
 219 226  1
 127 227  1
 128 227  1
 159 227  1
  55 228  1
  71 228  1
  79 228  1
 139 228  1
 216 228  1
 217 228  1
 106 229  1
 107 229  1
 121 229  1
 122 229  1
 217 230  1
  59 231  1
  71 231  1
  73 231  1
 154 231  1
 127 232  1
 181 232  1
 194 232  1
 102 233  1
 119 234  1
 166 234  1
 173 234  1
 183 234  1
 210 234  1
 211 234  1
 128 236  1
 132 236  1
 134 236  1
 231 236  1
 149 237  1
 157 237  1
 168 237  1
 175 237  1
 195 238  1
 207 238  1
  79 239  1
 136 239  1
 172 239  1
 173 239  1
 227 239  1
  72 240  1
  82 240  1
 141 240  1
 197 240  1
 110 242  1
 124 242  1
 125 242  1
 167 242  1
 223 242  1
  99 243  1
 148 243  1
 151 243  1
 173 243  1
 174 243  1
 219 244  1
  82 245  1
 176 245  1
 182 246  1
 120 248  1
 121 248  1
 209 248  1
 128 249  1
 101 250  1
 178 250  1
 203 251  1
 200 252  1
 117 254  1
 190 255  1
 150 257  1


count = 767