 151   1  1
 158   1  1
 173   2  1
 131   4  1
 195   7  1
 198   8  1
 202   9  1
 112  11  1
 147  12  1
 155  12  1
 130  13  1
 166  13  1
 168  13  1
 138  14  1
 147  14  1
 127  15  1
 158  15  1
 164  15  1
 216  16  1
  84  17  1
 110  17  1
 118  17  1
  81  18  1
 106  18  1
 141  18  1
 219  18  1
  77  19  1
 144  20  1
 146  20  1
 158  20  1
 169  20  1
 170  20  1
  69  21  1
 129  21  1
 153  21  1
 154  21  1
 103  22  1
 108  22  1
 148  23  1
 149  23  1
 154  23  1
 170  23  1
  80  24  1
 160  24  1
  88  25  1
  89  25  1
 100  25  1
 115  25  1
 162  25  1
 163  25  1
 164  25  1
 190  25  1
 229  25  1
  58  26  1
 174  26  1
 178  26  1
 128  28  1
 129  28  1
 155  28  1
 124  29  1
 152  29  1
 183  29  1
 132  30  1
 133  30  1
 237  30  1
 178  32  1
 145  33  1
 169  33  1
 190  33  1
 191  33  1
 128  34  1
 242  34  1
 132  35  1
 164  36  1
  98  37  1
 136  37  1
 137  37  1
 233  37  1
 234  37  1
 247  38  1
 141  39  1
 189  39  1
 198  40  1
 196  41  1
 251  41  1
 154  42  1
 173  42  1
  97  43  1
  98  43  1
 252  43  1
 239  44  1
  80  45  1
 136  46  1
 141  46  1
 160  46  1
  86  47  1
 146  47  1
 156  47  1
 209  47  1
  32  48  1
 162  49  1
 163  49  1
 234  49  1
 257  49  1
  53  50  1
 148  50  1
 227  50  1
  50  51  1
  58  51  1
 141  51  2
 142  51  1
 151  51  1
 241  52  1
 242  52  1
 246  52  1
  61  53  1
 224  54  1
  85  56  1
  86  56  1
  90  56  1
 136  56  1
 210  56  1
 241  56  1
 242  56  1
 248  56  1
 251  56  1
 159  57  1
 164  57  1
  26  58  1
  27  58  1
  48  58  1
  93  59  1
  97  59  1
  22  60  1
  23  60  1
 240  60  1
  13  61  1
 158  61  1
  72  62  1
  73  62  1
 151  62  1
 158  63  1
 100  64  1
 155  64  1
 238  64  1
 242  64  1
 243  64  1
 266  64  1
  25  65  1
 231  65  1
 101  66  1
 148  66  1
 125  67  1
 144  67  1
 172  67  1
 228  68  1
  75  69  1
   8  70  1
   9  70  1
 123  70  1
 132  70  1
 141  70  1
  76  71  1
 107  71  1
 168  71  1
 111  72  1
 134  72  1
 156  72  1
  79  73  1
 150  74  1
 151  74  1
 159  74  1
 164  74  1
 229  74  1
 231  74  1
 232  74  1
   6  75  1
   7  75  1
 268  75  1
 130  77  1
   5  78  1
   6  78  1
  93  78  1
 104  78  1
 110  78  1
 155  78  1
 241  78  1
 220  79  1
  11  80  1
  12  80  1
  84  80  1
  85  80  1
 103  80  1
 104  80  1
 243  80  1
 270  80  1
 271  80  1
 131  82  1
 209  83  1
  11  84  1
  12  84  1
 254  84  1
 227  85  1
 258  85  1
 263  85  1
  40  86  1
 175  86  1
 176  86  1
 206  86  1
 220  86  1
 217  88  2
 256  88  1
 266  88  1
  39  89  1
 179  89  1
 238  89  1
 243  89  1
  35  90  1
 209  90  1
 253  90  1
 209  92  1
 244  92  1
  21  93  1
  29  93  1
  30  93  1
 203  93  1
 226  93  1
 230  93  1
 246  93  1
 192  94  1
 208  94  1
   9  95  1
  84  95  1
  85  95  1
 133  95  1
 134  95  1
 135  95  1
 203  95  1
 204  95  1
 246  95  1
 257  95  1
 140  96  1
   9  97  1
  10  97  1
 131  97  2
 153  97  1
  94  98  1
 178  98  1
 179  98  1
 188  98  1
 229  98  1
 230  98  1
 244  98  1
  19  99  1
  20  99  1
 133  99  1
  88 100  1
  98 100  1
  99 100  1
 109 100  1
 190 100  1
 209 100  1
 261 100  1
 138 101  1
 140 101  1
 170 101  1
 227 101  1
 228 101  1
 136 102  1
 159 102  1
 173 102  1
 204 102  1
 205 102  1
 261 102  1
  15 103  1
  85 103  1
  86 103  1
  98 103  1
 153 103  1
 232 104  1
 263 104  1
   9 105  1
  10 105  1
 149 105  1
 170 106  1
 237 106  1
 144 107  1
 145 107  1
  26 108  1
  27 108  1
 163 108  1
 214 108  1
 261 109  1
 132 111  1
 283 111  1
  26 112  1
  28 112  1
  33 112  1
  34 112  1
 138 112  1
 206 112  1
 145 113  1
 149 113  1
 162 113  1
 181 113  1
  26 114  1
 125 115  1
 162 115  1
  26 116  1
 119 116  1
  76 117  1
 116 117  1
 149 117  1
  90 118  1
  82 119  1
 136 119  1
 147 119  1
  23 120  1
  14 124  1
  17 124  1
  18 124  1
  71 124  1
  72 124  1
 280 124  1
 281 124  1
  26 126  1
 115 126  1
  31 127  1
 247 127  1
 274 127  1
  72 128  1
 260 128  1
  23 129  1
  62 129  1
 216 129  1
 247 129  1
 270 129  1
  34 130  1
  35 130  1
 104 130  1
 115 130  1
 240 130  1
  21 131  1
  49 131  1
  50 131  1
  60 131  1
  61 131  1
  18 132  1
  71 132  1
 130 132  1
 132 132  1
 186 132  1
 187 132  1
 191 132  1
 193 132  1
  56 133  1
  58 133  1
  44 134  1
 216 134  1
 217 134  1
 249 134  1
 254 134  1
  10 135  1
 199 135  1
 208 135  1
 271 135  1
  64 136  1
 133 136  1
 193 136  1
   4 137  1
   5 137  1
  21 137  1
  33 137  1
  56 138  1
  58 138  1
  12 139  1
  13 139  1
  64 139  1
  49 140  1
 220 140  1
 221 140  1
 273 140  1
 130 141  1
 265 141  1
   1 142  1
   7 142  1
  53 142  1
 242 142  1
 212 143  1
 245 143  1
 241 144  1
 267 144  1
 268 144  1
 153 145  1
 154 145  1
 254 146  1
  58 147  1
  59 147  1
 111 147  2
 156 147  1
 262 147  1
  53 148  1
  61 148  2
  89 148  1
 107 148  1
 178 149  1
 188 149  1
   1 150  1
  34 150  1
  41 150  1
  42 150  1
 114 150  1
 252 150  1
 265 150  1
 221 151  1
 258 151  1
  43 153  1
  71 153  1
 189 153  1
 190 153  1
 234 153  1
 235 153  1
 243 153  1
 125 154  1
 254 154  1
 262 154  1
  52 155  1
  59 155  1
  72 155  1
 243 155  1
  47 156  1
  66 156  1
  90 156  1
 133 156  1
 142 156  1
 195 156  1
 196 156  1
 256 156  1
 267 156  1
 138 157  1
 240 157  1
 246 157  1
  95 158  1
 219 158  1
 220 158  1
 252 158  1
   4 159  1
   5 159  1
  15 159  1
 161 159  1
 162 159  1
 255 159  1
 256 159  1
 165 160  1
 263 161  1
   5 162  1
   6 162  1
  26 162  1
 217 162  1
 227 162  1
 231 162  1
 151 163  1
 250 163  1
 260 163  1
 157 165  1
 173 165  1
 208 165  1
 161 166  1
 198 166  1
 203 166  1
  38 167  1
 215 167  1
 223 167  1
 228 167  1
 209 168  1
 252 168  1
   7 169  1
   8 169  1
  21 169  1
 221 169  1
 272 169  1
 273 169  1
  35 170  1
  56 170  1
 219 170  1
 236 170  1
 237 170  1
 238 170  1
 243 170  1
 254 170  1
 255 170  1
 259 170  1
  48 171  1
 248 171  1
 215 172  1
 271 172  1
 272 172  1
  16 174  1
 244 174  1
 248 174  1
 216 175  1
  10 176  1
  11 176  1
  35 176  1
  36 176  1
 232 176  1
  17 177  1
  18 177  1
 269 178  1
 270 178  1
 222 181  1
 226 181  1
  21 182  1
 267 183  1
 268 183  1
 188 185  1
 192 185  1
  24 186  1
  26 187  1
  27 187  1
 234 187  1
 194 188  1
 220 188  1
 240 188  1
 265 188  1
 266 188  1
  33 189  1
 211 189  1
 187 190  1
 194 190  1
 246 192  1
 247 192  1
  61 193  1
  65 195  1
  31 196  1
  32 196  1
  57 196  1
  40 197  1
 207 197  1
 221 197  1
 197 198  1
 198 198  1
  36 199  1
  65 199  1
  66 199  1
 154 199  1
 204 199  1
 205 199  1
 152 200  1
 212 200  1
 213 200  1
  54 201  1
 102 201  1
 103 201  1
 200 201  1
  97 202  1
  99 202  1
 152 202  1
  54 203  1
  95 203  1
  92 204  1
  47 205  1
 199 205  1
 200 205  1
 159 206  1
 217 206  1
 235 206  1
 241 206  1
  60 207  1
 170 207  1
 156 208  1
 158 208  1
 196 209  1
 197 209  1
  45 210  1
 117 210  1
 148 210  1
 153 210  1
  63 211  1
  70 211  1
 233 211  1
 176 212  1
 185 212  1
  40 213  1
  41 213  1
  72 213  1
 187 213  1
 189 213  1
 216 213  1
 143 214  1
  44 215  1
  90 215  1
 161 215  1
 224 216  1
  47 217  1
  78 217  1
 197 217  1
 198 217  1
 230 217  1
 171 218  1
 186 218  1
 217 218  1
  71 220  1
  76 220  1
 151 220  1
 145 221  1
 155 223  1
 235 223  1
  98 224  1
 108 225  1
 210 225  1
 217 225  1
  58 226  1
 144 226  1
 146 226  1
 205 226  1
 206 226  1
 149 227  1
 172 227  1
 219 227  1
  61 228  1
  62 228  1
 207 229  1
 208 229  1
 174 230  1
  70 231  1
 142 231  1
 143 231  1
 101 232  1
 102 232  1
 146 232  1
 147 232  1
 154 232  1
 225 232  1
 180 233  1
 168 234  1
  94 235  1
 141 235  1
 164 235  1
 219 236  1
  93 239  1
  94 239  1
 105 241  1
 135 241  1
 111 242  1
 208 243  1
  88 244  1
  89 244  1
 135 245  1
 149 246  1
 189 250  1
 128 252  1
 184 252  1


count = 653