 153   1  1
 168   1  1
 137   3  1
 197   5  1
 200   6  1
 210  10  1
 100  11  1
  97  12  1
 147  12  1
 147  14  1
 113  16  1
 150  16  1
 152  16  1
  81  17  1
 219  17  1
 152  18  1
 200  18  1
 109  19  1
 206  19  1
 152  20  1
 224  20  1
 105  23  1
 109  23  1
 148  23  1
  99  24  1
  86  25  1
 112  25  1
 113  25  1
  78  27  1
  79  27  1
 234  27  1
  55  29  1
 238  29  1
  53  31  1
 151  32  1
  47  34  1
 120  35  1
  55  36  1
  56  36  1
 117  36  1
 135  36  1
 154  39  1
 133  41  1
 134  41  1
 248  41  1
 251  42  1
 148  43  1
 214  43  1
 218  43  1
 106  44  1
 154  44  1
 254  44  1
 135  45  1
 211  45  1
 212  45  1
  95  46  1
 101  46  1
  59  47  1
 148  50  1
 217  51  1
 248  51  1
 249  51  1
 250  51  1
 137  52  1
 245  52  1
  63  53  1
 150  53  1
 222  53  1
  68  54  1
 131  54  1
 142  54  1
 263  54  1
 151  56  1
 231  56  1
 232  56  1
 239  56  1
 242  56  1
 156  57  1
 265  57  1
 152  62  1
 153  62  1
 269  62  1
  20  63  1
 150  63  1
 140  64  1
 136  65  1
 138  65  1
 158  65  1
 271  67  1
 272  67  1
 135  68  1
 204  68  1
 205  68  1
 179  70  1
 205  70  1
  13  73  1
 130  73  1
 131  73  1
 194  73  1
  30  74  1
  12  75  1
 175  75  1
 181  76  1
 186  76  1
  32  77  1
 208  77  1
 220  77  1
  16  79  1
 251  79  1
  25  80  1
 170  80  1
 216  82  1
 230  82  1
 168  83  1
 169  83  1
 210  83  1
 270  84  1
 174  85  1
 187  85  1
 240  85  1
 251  85  1
 253  85  1
 165  86  1
 179  86  1
 199  86  1
 200  86  1
 232  86  1
 233  86  1
  31  87  1
 104  87  1
 206  87  1
 207  87  1
 165  88  1
 167  88  1
 182  88  1
 227  88  1
 244  88  1
 171  89  1
 177  89  1
 197  89  1
  40  90  1
 256  90  1
 112  91  1
 223  91  1
 269  91  1
 270  91  1
  12  92  1
 250  92  1
  16  93  1
 101  93  1
 171  93  1
 172  93  1
 223  93  1
 123  94  1
 127  94  1
 133  94  1
 157  94  1
 207  94  1
 208  94  1
  23  95  1
  99  95  1
 252  95  1
 116  96  1
 158  96  1
 271  96  1
  15  97  1
  26  97  1
 136  97  1
 138  97  1
 179  97  1
 229  97  1
 254  97  1
   8  98  1
 106  98  1
 129  98  1
 152  98  1
 223  98  1
 241  98  1
 245  98  1
 132  99  1
 236  99  1
 255  99  1
  18 100  1
 140 100  1
 171 100  1
 241 100  1
  44 101  1
  39 102  1
  40 102  1
  91 102  1
 146 102  1
 211 102  1
 215 102  1
 216 102  1
   2 103  1
   3 103  1
   9 103  1
 167 103  1
 169 103  1
 181 103  1
 282 103  1
 283 103  1
  20 104  1
  37 104  1
 207 104  1
 257 104  1
  33 105  1
  54 105  1
 140 105  1
 219 105  1
 247 105  1
   1 106  1
   2 106  1
  93 106  1
 100 106  1
 225 106  1
 251 106  1
 252 106  1
  12 107  1
 113 107  1
 138 107  1
 183 107  1
 195 107  1
 196 107  1
 204 107  1
   9 108  1
 110 108  1
 211 108  1
 106 109  1
 161 109  1
 162 109  1
  25 110  1
 167 110  1
 207 110  1
 208 110  1
  23 111  1
 123 111  1
 126 111  1
   7 112  1
   8 112  1
 104 112  1
   1 113  1
  98 113  1
 135 113  1
  29 114  1
  30 114  1
  62 114  1
  63 114  1
 151 114  1
 152 114  1
 165 114  1
 166 114  1
 209 114  1
  68 115  1
 133 115  1
  74 116  1
 220 116  1
 224 116  1
 244 116  1
 251 116  1
 112 118  1
 113 118  1
 130 118  1
 131 118  1
 147 119  1
 213 119  1
 253 119  1
 271 119  1
 277 119  1
   1 120  1
  36 120  1
  90 120  1
 115 120  1
 132 120  1
 136 120  1
   7 121  1
  18 121  1
  84 121  1
 267 121  1
 268 121  1
 188 122  1
 189 122  1
 190 122  1
  25 123  1
  79 123  1
 254 123  1
 281 123  1
 282 123  1
  36 124  1
 133 124  1
 151 124  1
   3 125  1
   6 125  1
  19 125  1
  20 125  1
  72 125  1
 164 125  1
 109 126  1
 154 126  1
 262 126  1
 197 127  1
 278 127  1
   9 128  1
  15 128  1
  83 128  1
  84 128  1
 152 128  1
 224 128  1
 255 128  1
 257 128  1
 258 128  1
   6 129  1
  11 129  1
  12 129  1
  43 129  1
 164 129  1
 193 129  1
 268 129  1
  34 130  1
  41 130  1
 133 130  1
 140 130  1
 207 130  1
 209 130  1
 103 131  1
 105 131  1
 148 131  1
 273 131  1
  13 132  1
  31 132  2
  73 132  1
  82 132  1
 153 132  1
 197 132  1
 207 132  1
 240 132  1
  39 133  1
  40 133  1
  86 133  1
  88 133  1
 192 133  1
   1 134  1
   2 134  1
 107 134  1
 157 134  1
 129 135  1
 146 135  1
 147 135  1
 203 135  1
 211 135  1
  62 136  1
  43 137  1
  50 137  1
  51 137  1
 137 137  1
 141 137  1
 145 137  1
 207 137  1
   7 138  1
   8 138  1
 105 138  1
 265 138  1
  79 139  1
 100 139  1
 155 139  1
 162 139  1
 190 139  1
 117 140  1
 118 140  1
 185 140  1
 188 140  1
 126 141  1
 127 141  1
 204 141  1
  64 142  1
  65 142  1
 106 142  1
 113 142  1
 209 142  1
 215 142  1
 270 142  1
 238 143  1
 106 144  1
 130 144  1
 139 144  1
 188 144  1
 135 145  1
 136 145  1
 141 145  1
 183 145  1
  30 146  1
 109 146  1
 112 146  1
 230 146  1
  19 147  1
 183 147  1
  53 148  1
  98 148  1
 130 148  1
 151 148  1
 166 148  1
 207 148  1
 220 148  1
 234 148  1
 104 149  1
 192 149  1
 215 149  1
 272 149  1
  48 151  1
 230 151  1
 131 152  1
 134 152  1
 136 152  1
 162 152  1
 235 152  1
  90 153  1
  96 153  1
 203 153  1
 164 154  1
 165 154  1
 188 154  1
 197 154  1
 198 154  1
 214 154  1
   3 155  1
   4 155  1
 156 155  1
 192 155  1
 265 155  1
 113 156  1
 232 156  1
 233 156  1
 120 157  1
 138 157  1
 144 157  1
 155 157  1
 204 157  1
 205 157  1
 210 157  1
 226 157  1
 261 157  1
 124 158  1
 193 158  1
 222 158  1
 145 160  1
 222 160  1
 156 161  1
   5 162  1
   6 162  1
 124 162  1
 149 162  1
 171 162  1
 223 162  1
 228 162  1
  19 163  1
  20 163  1
  26 163  1
 144 163  1
 176 163  1
 197 163  1
 237 163  1
 108 164  1
 109 164  1
 124 164  1
 205 164  1
 136 165  1
 137 165  1
 138 165  1
 158 165  1
 179 165  1
 199 165  1
  16 166  1
  49 166  1
  56 166  1
 167 166  1
 174 166  1
 218 166  1
  29 167  1
  30 167  1
  51 167  1
 241 167  1
 147 168  1
 148 168  1
 177 168  1
 279 168  1
 280 168  1
  17 169  1
  51 169  1
 170 169  1
 198 169  1
 151 170  1
 173 170  1
  56 171  1
  57 171  1
 206 171  1
 209 171  1
 224 172  1
 230 172  1
 238 172  1
 240 172  1
  50 173  1
 141 173  1
 165 173  1
 211 173  1
 212 173  1
  48 174  1
 265 174  1
 187 175  1
  45 176  1
  56 177  1
 152 177  1
 153 177  1
 207 178  1
 192 180  1
  39 182  1
  57 183  1
 160 183  1
 163 185  1
 189 186  1
 271 186  1
  18 188  1
  19 188  1
  95 188  1
  53 189  1
  54 189  1
 144 189  1
  38 190  1
 148 191  1
  30 192  1
  39 192  1
  96 192  1
 134 192  1
 135 192  1
  87 193  1
  39 194  1
  93 194  1
 166 194  1
 168 194  1
 267 194  1
 144 195  1
 146 195  1
  34 196  1
  35 196  1
  37 197  1
  93 197  1
  94 197  1
 149 197  1
 158 197  1
 171 197  1
  37 199  1
 136 199  1
 173 200  1
 225 200  1
 263 200  1
 131 201  1
 151 202  1
 157 202  1
 163 202  1
 210 202  1
 214 202  1
 175 203  1
 261 203  1
  89 204  1
 203 204  1
 110 205  1
 112 205  1
 201 205  1
 179 206  1
 227 206  1
  32 207  1
 104 208  1
 105 208  1
 106 208  1
 114 208  1
 140 208  1
 145 208  1
 209 208  1
 226 208  1
  91 209  1
  92 209  1
 177 209  1
 212 209  1
 214 209  1
 169 210  1
 194 210  1
 226 210  1
 228 212  1
  38 213  1
 145 214  1
 146 214  1
 168 214  1
 169 214  1
 214 216  1
 187 217  1
 166 218  1
 217 218  1
  45 219  1
 122 219  1
 140 220  1
 246 220  1
 117 222  1
 162 223  1
 188 224  1
 189 224  1
  52 225  1
 111 225  1
 116 225  1
 164 225  1
 109 228  1
 175 228  1
  58 229  1
 121 229  1
 122 229  1
 181 229  1
 236 229  1
 172 230  1
 173 230  1
  60 231  1
 144 231  1
 145 231  1
 181 231  1
 189 231  1
 185 232  1
  64 233  1
 177 233  1
 183 234  1
 229 234  1
 106 235  1
  78 236  1
  79 236  1
  85 236  1
  87 237  1
 125 237  1
 145 237  1
 104 238  1
 127 238  1
 174 238  1
 178 238  1
 225 238  1
 141 239  1
 147 239  1
 221 239  1
  72 240  1
 172 240  1
 180 240  1
 191 240  1
 139 242  1
 192 242  1
  87 243  1
 104 243  1
 215 243  1
 135 244  1
 172 244  1
 146 245  1
 177 245  1
 193 247  1
 210 247  1
 128 248  1
 205 249  1
 101 250  1
 106 251  1
 133 251  1
 170 251  1
 176 251  1
 118 254  1


count = 665