 140   1  1
 163   1  1
 126   3  1
 179   4  1
 182   5  1
 117   6  1
 185   6  1
 188   7  1
 193   9  1
 198  11  1
 200  13  1
  95  16  1
 205  16  1
 103  18  1
  90  20  1
  88  21  1
 100  21  1
  87  23  1
 218  25  1
  53  28  1
  81  29  1
 113  29  1
 115  30  1
  68  31  1
  69  31  1
  45  32  1
  46  32  1
 119  33  1
 229  34  1
 110  35  1
 115  35  1
  38  36  1
  41  36  1
  50  36  1
 132  36  1
  46  37  1
  84  37  1
 102  37  1
 110  37  1
  34  38  1
  35  38  1
  59  38  1
  60  38  1
 119  38  1
 120  38  1
 136  39  1
 142  40  1
  44  41  1
  45  41  1
  91  41  1
  59  43  1
  27  45  1
  93  45  1
  95  45  1
 110  45  1
 132  45  1
 121  46  1
 126  47  1
  51  48  1
  80  48  1
  86  48  1
 110  49  1
 131  49  1
 161  49  1
  21  50  1
  71  50  1
  98  50  1
 103  51  1
 134  51  1
 251  52  1
  50  53  1
  51  53  1
  93  53  1
 109  54  1
 156  55  1
  47  56  1
  92  56  1
  87  57  1
  15  58  1
  16  58  1
  22  58  1
  71  59  1
  72  59  1
  26  60  1
  47  60  1
  82  60  1
  83  60  1
  79  61  1
 147  61  1
 148  61  1
  20  62  1
 197  63  1
 261  63  1
  31  64  1
  70  64  1
 143  64  1
 145  64  1
 195  64  1
  22  65  2
  76  65  1
  61  66  1
  70  66  1
  34  67  1
 146  67  1
 198  68  1
  37  69  1
  73  69  1
 146  69  1
 147  71  1
 151  71  1
 215  71  1
 144  72  1
 145  72  1
  16  73  1
 145  74  1
 154  75  1
 156  75  2
 218  75  1
 144  76  1
 145  76  1
 178  76  1
 221  78  1
 272  78  1
  62  79  1
  16  80  1
  17  80  1
  72  80  1
  73  80  1
 142  80  1
 143  80  1
 181  80  1
  65  81  1
  66  81  1
 224  81  1
  69  82  1
 140  82  1
 230  82  1
 274  82  1
 275  82  1
  12  84  1
  13  84  1
 136  87  1
 233  87  1
 276  87  1
 277  87  1
  12  88  1
  13  88  1
 237  88  1
 237  90  1
 131  93  1
   2  95  1
 272  95  1
 273  95  1
 268  96  1
 127  98  1
  60  99  1
  61  99  1
  62  99  1
  71  99  1
   1 100  1
 173 100  1
 250 100  1
 251 100  1
 253 100  1
 262 100  1
 169 101  1
 171 101  1
  66 102  1
  73 103  1
 108 104  1
 116 106  1
 173 106  1
 125 107  1
 134 108  1
 163 108  1
 164 108  1
 176 110  1
  70 112  1
 163 112  1
 181 112  1
 214 113  1
 266 113  1
 207 114  1
 256 114  1
 272 114  1
  78 115  1
 167 115  1
 168 115  1
 184 115  1
 262 115  1
 189 116  1
  56 117  1
  57 117  1
 168 117  1
 196 117  1
 199 117  1
 254 117  1
  72 118  1
 190 118  1
 191 118  1
 204 118  1
 249 118  1
  82 119  1
 200 119  1
 212 120  1
 213 120  1
 214 120  1
 262 120  1
  41 121  1
  60 121  1
  85 121  1
  86 121  1
  98 121  1
 269 121  1
   1 122  1
 106 122  1
 107 122  1
 221 122  1
 222 122  1
 234 122  1
 264 122  1
  45 123  1
  46 123  1
 192 123  1
 207 123  1
  12 124  1
 175 124  1
 204 124  1
  50 125  1
 274 125  1
   3 126  1
  37 126  1
  83 126  1
 104 126  1
 105 126  1
 106 126  1
 170 126  1
 181 126  1
 222 126  1
 255 126  1
   5 127  1
  64 127  1
  90 127  1
 137 127  1
 211 127  1
 263 127  1
 264 127  1
  88 128  1
 115 128  1
 236 128  1
 261 128  1
  39 129  1
  40 129  1
 136 129  1
 154 129  1
 270 129  1
 271 129  1
  12 130  1
  17 130  1
  34 130  1
  49 130  1
 189 130  1
 190 130  1
 207 130  1
 208 130  1
  44 131  1
 105 131  1
 106 131  1
 180 131  1
 265 131  1
 266 131  1
  94 132  1
 160 132  1
 172 132  1
 203 132  1
  22 133  1
  29 133  1
  52 133  1
  92 133  1
  99 133  1
 182 133  1
 235 133  1
 236 133  1
  12 134  1
  18 134  1
  32 134  1
  34 134  1
  40 134  1
 112 134  1
 201 134  1
 202 134  1
 203 134  1
  50 135  1
  52 135  1
  99 135  1
 154 135  1
 166 135  1
 193 135  1
 194 135  1
 208 135  1
 212 135  1
 225 135  1
 281 135  1
 282 135  1
 122 136  1
 203 136  1
 261 136  1
 262 136  1
   8 137  1
  85 137  1
   6 138  1
 177 138  1
 201 138  1
 202 138  1
  14 139  1
  32 139  1
  83 139  1
  92 139  1
 101 139  1
 173 139  1
 187 139  1
 267 139  1
   5 140  1
 198 140  1
 210 140  1
 214 140  1
 222 140  1
 105 142  1
 106 142  1
 115 142  1
 225 142  1
  10 143  1
  53 143  1
 152 143  1
 204 143  1
  77 144  1
  85 144  1
  86 144  1
 202 144  1
  58 145  1
 109 145  1
 263 145  1
   9 146  1
  10 146  1
  50 146  1
 218 146  1
 224 146  1
 225 146  1
  45 147  1
 189 147  1
 208 147  1
  41 148  1
 104 148  1
 162 148  1
 171 149  1
 183 150  1
  58 152  1
  75 152  1
   7 153  1
 166 153  1
 167 153  1
 219 153  1
  53 154  1
  82 154  1
 162 156  1
 169 156  1
 281 156  1
 282 156  1
  79 157  1
  24 159  1
  69 159  1
 218 159  1
 280 159  1
 281 159  1
  30 161  1
  45 161  1
  46 161  1
 166 161  1
 172 161  1
 174 161  1
  42 165  1
 165 165  1
 166 165  1
  25 166  1
  67 167  1
  83 167  1
  72 168  1
  73 168  1
  74 168  1
 277 168  1
 278 168  1
   4 171  1
   5 171  1
  77 171  1
  78 171  1
  83 171  1
  80 174  1
 184 175  1
 185 175  1
  80 176  1
 271 181  1
   6 182  1
   7 182  1
 176 182  1
  95 183  1
 180 183  1
 181 183  1
   7 185  1
   8 185  1
  17 187  1
   8 188  1
   9 188  1
  97 189  1
 173 189  1
 174 189  1
 265 189  1
  16 191  1
  19 192  1
  20 192  1
 156 192  1
  16 193  1
  67 193  1
  82 193  1
  87 193  1
 177 193  1
  20 194  1
 159 194  1
 171 194  1
 172 194  1
 197 194  1
 204 195  1
 260 196  1
 163 197  1
 164 197  1
 168 197  1
 180 197  1
  83 198  1
  84 198  1
  30 199  1
  74 199  1
  25 200  1
  26 200  1
  77 200  1
  12 201  1
  13 201  1
  32 201  1
  18 202  1
  47 202  1
  91 202  1
  92 202  1
 150 202  1
  13 204  1
  14 204  1
  86 204  1
 254 204  1
  38 205  1
  40 205  1
  78 205  1
  92 205  1
  93 205  1
  27 206  1
 148 206  1
 150 206  1
 152 206  1
  21 207  1
  23 207  1
  45 207  1
  93 208  1
  94 208  1
  37 210  1
  38 210  1
 113 210  1
 152 210  1
  35 211  1
  71 211  1
  73 211  1
  89 211  1
 110 211  1
 140 211  1
  18 212  1
  41 212  1
  89 213  1
  90 213  1
  94 214  1
  39 215  1
  34 216  1
 127 216  1
  89 217  1
  90 217  1
 111 218  1
 117 219  1
  50 220  1
 136 220  1
 238 220  1
  27 221  1
  36 221  1
  53 221  1
  57 222  1
  58 222  1
 235 222  1
  48 223  1
  88 223  1
  41 225  1
  42 225  1
  51 225  1
  33 226  1
  86 226  1
 128 226  1
  44 227  1
  56 227  1
 228 227  1
  36 228  1
  69 228  1
  83 228  1
  84 228  1
  63 229  1
 118 229  1
 119 229  1
 123 229  1
  41 231  1
  49 231  1
  54 231  1
  55 231  1
 118 231  1
  57 232  1
  68 232  1
 101 232  1
 126 232  1
 220 232  1
  45 233  1
  59 233  1
  61 233  1
 217 234  1
 104 236  1
 125 236  1
  51 237  1
  64 237  1
  85 238  1
  96 238  1
  96 241  1
 209 241  1
  84 242  1
 104 242  1
 110 242  1
  86 243  1
 198 245  1
 194 247  1
 195 247  1
 100 249  1
 103 250  1
 189 251  1
 109 252  1
 183 252  1
 178 254  1
 175 255  1
 129 256  1


count = 556