 146   1  1
 177   1  1
 129   3  1
 119   6  1
 151   6  1
 141   9  1
 106  10  1
 103  11  1
 146  11  1
 101  12  1
 120  12  1
  95  14  1
  97  14  1
  91  15  1
  93  15  1
 148  16  1
 149  16  1
 120  17  1
 138  17  2
 139  17  1
 209  17  1
 223  17  1
 110  19  1
 124  19  1
 144  19  1
 207  19  1
 225  19  1
  76  20  1
  77  20  1
  97  20  1
 159  20  1
 200  20  1
 204  20  1
 228  21  1
  73  22  1
  92  22  1
 104  22  1
  81  23  1
 120  23  1
 122  23  1
 195  23  1
 145  24  1
 147  24  1
 148  24  1
 160  24  1
  67  25  1
  68  25  1
  97  25  1
 140  25  1
 205  25  1
 206  25  1
  92  26  1
 111  26  1
  75  27  1
  79  27  1
 166  27  1
 194  27  1
 198  27  1
 112  28  1
 122  28  1
 133  29  1
 160  29  1
  57  31  1
 202  31  1
 108  32  1
 134  32  1
 136  32  1
  53  33  1
  98  33  1
 121  34  1
 126  34  1
 207  34  1
  50  35  1
 130  35  1
 131  35  1
 153  36  1
 154  36  1
 164  36  1
 171  36  1
  47  37  1
 108  38  1
 109  38  1
 123  38  1
 164  38  1
 195  38  1
  44  39  1
 109  40  1
 159  40  1
 192  40  1
 144  41  1
 249  41  1
  39  42  1
 127  43  1
 128  43  1
 185  43  1
 186  43  1
  36  44  1
 155  44  1
 191  45  1
  33  46  1
 129  47  1
 110  49  1
 255  49  1
 112  50  1
 113  50  1
 173  50  1
 174  53  1
 119  54  1
 120  54  1
  23  55  1
 260  55  1
 117  56  1
 111  58  2
 112  58  1
 262  59  1
  18  62  1
 264  62  1
 151  64  1
 152  64  1
 266  65  1
 165  66  1
 268  68  1
  12  69  1
 156  69  1
 151  71  1
 152  71  1
 182  72  1
 186  72  1
  10  73  1
 272  73  1
  17  74  1
  21  74  1
  37  74  1
 160  74  1
 161  74  1
 162  79  1
 154  80  1
 178  80  1
 275  80  1
 276  80  1
 142  81  1
 181  82  1
 182  82  1
 140  83  1
   4  84  1
   5  84  1
  11  84  1
 220  85  1
 221  85  1
 277  85  1
 278  85  1
 155  86  1
 156  86  1
 227  86  1
 149  88  1
 165  88  1
 182  88  1
 261  88  1
 278  88  1
 279  88  1
  17  89  1
 154  89  1
   2  90  1
   3  90  1
 161  90  1
 223  90  1
 274  90  1
 230  91  1
 256  91  1
 139  92  1
 177  92  1
 178  92  1
   1  93  1
   2  93  1
 182  93  1
 262  93  1
 270  93  1
 128  94  1
 146  94  1
 169  95  1
 170  95  1
 226  95  1
 133  97  1
 255  97  1
   1  98  1
  17  98  1
 160  98  1
 178  98  1
 150  99  1
 176  99  1
  14 100  1
  80 100  1
  81 100  1
 144 100  1
 158 100  1
 258 100  1
 172 101  1
 139 102  1
  46 103  1
  84 103  1
  89 103  1
 161 103  1
 128 104  1
 163 104  1
  12 105  1
  13 105  1
  50 105  1
 167 105  1
  47 107  1
  67 107  1
  71 107  1
  87 107  1
  89 107  1
  99 107  1
 120 107  1
 144 107  1
  64 108  1
  38 109  1
  61 109  1
  93 109  1
  33 110  1
  79 110  1
 136 110  1
 220 110  1
  41 111  1
  46 111  1
 229 111  1
  20 113  1
 132 113  1
 223 113  1
  54 114  1
  37 115  1
 101 115  1
  44 116  1
  83 116  1
  84 116  1
   1 117  1
  37 117  1
  86 118  1
  87 118  1
 123 118  1
  36 119  1
  37 119  1
  46 119  1
  53 119  1
  10 120  1
 102 120  1
 121 121  1
  50 122  1
 148 122  1
 240 122  1
 262 122  1
 273 122  1
 275 122  1
   2 123  1
   3 123  1
  21 123  1
 229 123  1
 258 123  1
  16 124  1
 142 124  1
 224 124  1
 269 124  1
   5 125  1
  40 125  1
  41 125  1
  58 125  1
  62 125  1
 126 125  1
 186 125  1
 266 125  1
  25 126  1
 105 126  1
 118 126  1
 130 126  1
 139 126  1
 181 126  1
 201 126  1
 262 126  1
 122 127  1
 179 127  1
 239 127  1
  13 128  1
  19 128  1
  63 128  1
  93 128  1
 101 128  1
 175 128  1
 274 129  1
 275 129  1
  32 130  1
  46 130  1
 143 130  1
 137 131  1
 255 131  1
  19 132  1
  25 132  1
  27 132  1
  56 132  1
 123 132  1
 151 132  1
 180 132  1
 230 132  1
  90 133  1
  85 134  1
  98 134  1
 107 134  1
 114 134  1
 115 134  1
 144 134  1
 194 134  1
  11 135  1
  46 135  1
  41 136  1
  16 137  1
  20 137  1
  28 137  1
  31 137  1
  66 137  1
  75 137  1
  95 137  1
 111 137  1
 125 137  1
 126 137  1
 246 137  1
 249 137  1
 251 137  1
   4 138  1
 230 138  1
 231 138  1
  22 139  1
 118 139  1
  38 140  1
  71 140  1
  78 140  1
 234 140  1
   1 141  1
  12 141  1
  82 141  1
  90 141  1
 226 141  1
  26 142  1
  60 142  1
  95 142  1
 123 142  1
 125 142  1
 152 142  1
 131 144  1
 139 144  1
 154 144  1
  79 145  1
  87 145  1
  88 145  1
  24 146  1
  38 146  1
  57 146  1
 232 146  1
  10 147  1
 156 147  1
 158 147  1
 169 147  1
 223 147  1
  26 148  1
 147 148  1
  84 149  1
 156 149  1
  60 150  1
  65 150  1
  99 150  1
 121 150  1
  31 151  1
  46 151  1
  56 151  1
  67 151  1
  79 151  1
 143 151  1
 230 151  1
 232 151  1
 238 151  1
 239 151  1
  38 152  1
  51 152  1
 220 152  1
  95 153  1
 155 153  1
 246 153  1
 247 153  1
 249 153  1
 254 153  1
 225 154  1
 266 154  1
   1 155  1
  13 155  1
 158 155  1
 159 155  1
 212 155  1
   5 156  1
  78 156  1
 142 156  1
 169 156  1
 230 156  1
  87 157  1
 254 157  1
 259 157  1
 263 157  1
 215 158  1
 257 158  1
 273 158  1
  14 159  1
  15 159  1
  71 159  1
  72 159  1
 154 159  1
 164 159  1
 166 159  1
 174 159  1
 234 159  1
 246 159  1
 247 159  1
  86 160  1
 158 160  1
 159 160  1
 177 160  1
 180 160  1
 205 160  1
 167 161  1
 183 161  1
 208 161  1
 220 161  1
 221 161  1
   6 162  1
  82 162  1
 255 162  3
  74 163  1
 220 163  1
 270 163  1
 235 164  1
 156 165  1
 169 165  1
 184 165  1
 221 165  1
 160 166  1
 176 166  1
 221 167  1
 223 167  1
 230 167  1
 275 167  1
 178 169  1
 256 169  1
   2 170  1
   3 170  1
 180 171  1
 181 171  1
 226 171  1
 190 172  1
 281 172  1
 282 172  1
 185 173  1
 186 173  1
  30 174  1
 190 174  1
 191 174  1
 174 175  1
 224 175  1
 229 175  1
   4 176  1
   5 176  1
  26 176  1
  33 176  1
  12 178  1
 279 178  1
 280 178  1
  24 179  1
 254 179  1
 255 179  1
 271 179  1
 188 180  1
 252 180  1
   6 181  1
   7 181  1
 255 181  1
 245 183  1
 246 183  1
 267 183  1
 277 183  1
 278 183  1
  13 184  1
 253 184  1
 269 184  1
 270 184  1
  17 186  1
 167 186  1
 241 186  1
 242 186  1
  21 187  1
 160 187  1
 260 187  1
 168 188  1
 251 188  2
 253 188  1
  21 189  1
 158 189  1
 174 189  1
 274 190  1
  11 191  1
 152 191  1
 178 193  1
 179 193  1
  13 194  1
  19 194  1
  24 194  1
  25 194  1
 163 194  1
 168 194  1
 169 194  1
 153 195  1
 159 195  1
 165 195  1
 151 196  1
 270 196  1
 140 197  1
 143 197  1
 144 197  1
 243 197  1
 258 197  1
 259 197  1
  25 198  1
 173 200  1
 174 200  1
 135 201  1
 144 201  1
 149 201  1
 178 201  1
 204 201  1
 205 201  1
 209 201  1
  20 202  1
 166 202  1
 167 202  1
 181 203  1
 202 203  1
 213 203  1
 170 204  1
 263 204  1
 183 205  1
 184 205  1
 261 207  1
 128 209  1
 142 209  1
 164 209  1
 200 209  1
 201 209  1
 220 209  1
 226 209  1
 169 210  1
 170 210  1
 149 211  1
 227 211  1
 228 211  1
  86 213  1
 148 213  1
 135 214  1
 148 215  1
 162 215  1
 222 216  1
 225 217  1
  38 218  1
 184 218  1
  90 219  1
 143 219  1
 144 219  1
 195 219  1
  45 221  1
 222 221  1
 153 222  1
 155 222  1
 160 222  1
 165 222  1
 166 222  1
  48 223  1
  49 223  1
 183 223  1
 189 223  1
 190 223  1
  92 224  1
  93 224  1
 143 224  1
 148 224  1
 194 224  1
  52 225  1
  93 226  1
 158 226  1
  55 227  1
  93 228  1
  94 228  1
 140 228  1
 141 228  1
  60 230  1
 240 230  1
 150 231  1
 155 231  1
 141 232  1
 236 232  1
  65 233  1
  66 233  1
  87 234  1
  88 234  1
 222 234  1
 233 234  1
  71 236  1
  81 236  1
 168 236  1
 144 237  1
 161 237  1
  74 238  1
 156 238  1
 157 238  1
 228 238  1
  77 240  1
 155 240  1
 177 240  1
  80 242  1
  81 242  1
  96 243  1
 217 243  1
 218 243  1
  88 245  1
 146 245  1
 169 245  1
 171 245  1
 173 245  1
  91 246  1
 179 246  1
 147 247  1
 174 249  1
 146 250  1
 173 251  1
 174 251  1
 154 252  1
 121 253  1
 194 253  1
 145 256  1


count = 642