 160   1  1
 174   1  1
 153   2  1
 192   4  1
 199   6  1
 203   8  1
 120   9  1
 140  12  1
 209  13  1
 102  14  1
 217  16  1
  88  19  1
 106  19  1
 223  20  1
  83  21  1
  78  23  1
  95  23  1
 216  23  1
 228  23  1
  87  25  1
  91  25  1
 107  25  1
 108  25  1
  71  26  1
  67  27  1
  69  27  1
  99  28  1
 100  28  1
 125  28  1
 101  30  1
 203  30  1
 212  30  1
 108  31  1
  54  32  1
 104  32  1
 134  32  1
 135  32  1
 140  33  1
 141  33  1
 209  33  1
 119  34  1
 121  35  1
 135  35  1
 128  36  1
 142  37  1
 156  37  1
 153  38  1
 137  39  1
 128  40  1
  41  41  1
 136  41  1
 152  43  1
  38  44  1
 112  44  1
 123  44  1
 124  44  1
 125  44  1
 154  44  1
 112  46  1
 254  46  1
  35  47  1
 126  47  1
 112  48  1
 141  48  1
 129  49  1
 130  49  1
 241  51  1
 257  51  1
 115  52  1
  28  53  1
 124  53  1
 125  53  1
 136  53  1
 141  53  1
  41  54  1
  50  54  1
  54  54  1
  34  55  1
 150  56  1
 244  56  1
 239  57  1
  37  58  1
  41  58  1
  42  58  1
 118  58  1
 119  58  1
 125  58  1
 126  58  1
  45  60  1
  46  60  1
  68  60  1
 144  60  1
 230  60  1
  62  61  1
 100  62  1
 129  62  1
 151  63  1
  64  64  1
 109  64  1
 117  64  1
 192  64  1
  69  65  1
 269  65  1
  26  66  1
 132  66  1
 144  66  1
 146  66  1
 157  66  1
 182  66  1
 189  66  1
 233  66  2
 235  66  1
  64  67  1
  72  67  1
 130  67  1
 201  67  1
 194  68  1
  12  70  1
 156  70  1
 182  70  1
  71  71  1
  72  71  1
 108  71  1
 109  71  1
 130  71  1
 131  71  1
 132  71  1
 117  72  1
 126  72  1
 156  72  1
 191  72  1
 211  72  1
  17  73  1
 158  73  1
 169  73  1
 115  74  1
 176  74  1
 109  75  1
 188  75  1
 189  75  1
  69  76  1
 132  76  1
 184  76  1
 218  76  1
  18  77  1
  29  77  1
  63  77  1
 159  77  1
 160  77  1
 142  78  1
 143  78  1
 144  78  1
 150  78  1
 155  78  1
 171  78  1
  15  79  1
 133  79  1
 166  79  1
  33  80  1
  37  80  1
 110  80  1
 131  80  1
 201  80  1
 119  81  1
 147  81  1
 149  81  1
 265  81  2
 182  82  1
   6  83  1
  71  83  1
 127  83  1
 186  84  1
 231  84  1
 232  84  1
 149  85  1
 218  85  1
 252  85  1
 256  85  1
 132  86  1
 163  86  1
 207  86  1
 235  86  1
 262  86  1
 243  87  1
 244  87  1
 280  87  1
 281  87  1
   4  88  1
   5  88  1
 167  88  1
 168  88  1
 237  88  1
 249  89  1
 270  89  1
 142  90  1
 185  90  1
 191  90  1
 232  90  1
 275  90  1
 138  91  1
 181  91  1
 187  91  1
  84  92  1
  98  92  1
 122  93  1
 123  93  1
 124  93  1
 127  93  1
 203  93  1
 213  93  1
 230  93  1
 258  93  1
 282  93  1
 283  93  1
 136  94  1
  76  96  1
  80  96  1
 117  96  1
 248  96  1
 249  96  1
 254  96  1
 122  97  1
 123  97  1
 117  98  1
 187  98  1
 196  98  1
 213  98  1
 114  99  1
 185  99  1
 255  99  1
 274  99  1
 275  99  1
 276  99  1
   1 100  1
   2 100  1
 123 101  1
 200 102  1
 201 102  1
   1 103  1
  74 103  1
  75 103  1
 197 104  1
 115 105  1
 119 105  1
 121 105  1
 170 105  1
 182 105  1
 190 105  1
 157 106  1
 162 106  1
 174 106  1
 258 106  1
 119 107  1
 167 107  1
  77 108  1
 267 108  1
 113 109  1
 154 109  1
 186 110  1
 272 110  1
 110 111  1
 111 111  1
 175 111  1
 180 111  1
 261 111  1
  89 112  1
  90 114  1
 160 114  1
 186 114  1
 268 114  1
 113 115  1
 114 115  1
 176 115  1
 275 115  1
 276 115  1
 277 115  1
 154 116  1
 186 117  1
 249 118  1
 251 118  1
 173 119  1
 180 119  1
   1 120  1
  77 120  1
 160 120  1
 185 120  1
 269 120  1
 281 120  1
 282 120  1
   5 121  1
 129 121  2
 120 122  1
 173 122  1
 247 122  1
 248 122  1
  22 123  1
  53 123  1
 129 123  1
 144 123  1
 187 123  1
 235 123  1
 236 123  1
  41 124  1
  57 124  1
 111 124  1
 112 124  1
 113 124  1
 154 124  1
   2 125  1
   3 125  1
  81 125  1
 134 125  1
 180 125  1
 189 125  1
   7 126  1
  92 126  1
 109 126  1
 175 126  1
  18 127  1
  46 127  1
  50 127  1
 157 127  1
 158 127  1
 271 127  1
  35 128  1
  55 128  1
  56 128  1
 131 128  1
 132 128  1
 205 128  1
 214 128  1
 251 128  1
 264 128  1
  23 129  1
  46 129  1
 245 129  1
 246 129  1
 258 129  1
   8 130  1
  40 130  1
 194 130  1
 276 130  1
  54 131  1
 128 131  1
  29 132  1
  38 132  1
  87 132  1
 135 132  1
 190 132  1
 157 133  1
 207 133  1
 212 133  1
   2 134  1
   3 134  1
 196 134  1
 246 134  1
 140 135  1
 174 135  1
 175 135  1
 250 135  1
 277 135  1
 278 135  1
  24 136  1
 179 136  1
 226 136  1
   1 137  1
   2 137  1
  19 137  1
  78 137  1
 186 137  1
 251 137  1
  40 138  1
 110 138  1
 184 138  1
 213 138  1
  44 139  1
  54 139  1
 112 139  1
 152 139  1
 174 139  1
 252 139  1
  24 140  1
  48 140  1
 158 140  1
 159 140  1
 211 140  1
 213 140  1
   1 141  1
   9 141  1
  16 141  1
  27 141  1
  28 141  1
  29 141  1
 107 141  1
 228 141  1
 250 141  1
  70 142  1
  74 142  1
  80 142  1
  29 143  1
  39 143  1
  40 143  1
 201 143  1
 206 143  1
 229 143  1
  24 144  1
  81 144  1
 107 144  1
 159 144  1
 176 144  1
 177 144  1
 194 144  1
 215 144  1
 247 144  1
  13 145  1
 184 145  1
  27 146  1
  45 146  1
  73 146  1
 151 146  1
  19 147  1
  20 147  1
 164 147  1
 165 147  1
 176 147  1
  73 148  1
 100 148  1
 155 148  1
 181 148  1
 187 148  1
 188 148  1
  81 149  1
 103 149  1
 111 149  1
 115 149  1
 208 149  1
   1 150  1
  14 150  1
  26 150  1
 162 150  1
 218 150  1
 219 150  1
  37 151  1
  51 151  1
  67 151  1
  68 151  1
 155 151  1
 156 151  1
 191 151  1
 202 152  1
 244 152  1
  77 153  1
 188 153  1
 205 153  1
 210 153  1
 163 154  1
 219 154  1
 220 154  1
 221 154  1
 239 154  1
 226 155  1
 227 155  1
 242 155  1
  54 156  1
  59 156  1
  60 156  1
 167 156  1
 192 156  1
  26 157  1
 202 157  1
 207 157  1
 211 157  1
 279 157  1
 280 157  1
  20 158  1
  75 158  1
   8 159  1
  72 159  1
 213 159  1
 223 160  1
 239 160  1
 218 161  1
  19 162  1
  20 162  1
 223 162  1
  26 163  1
  27 163  1
  67 163  2
 172 163  1
 191 163  1
 192 163  1
  62 164  1
 136 164  1
 137 164  1
 139 164  1
 178 164  1
 237 164  1
 238 164  1
   3 165  1
   4 165  1
 151 165  1
 152 165  1
 201 165  1
 245 165  1
 187 166  1
 241 166  1
   4 167  1
  25 167  1
 132 167  1
  32 168  1
  55 168  1
 127 168  1
 129 168  1
   4 169  1
   5 169  1
 115 169  1
 190 169  1
  32 170  1
 226 170  1
 228 170  1
 253 170  1
 257 170  1
 136 171  1
 125 172  1
 145 172  1
 146 172  1
 141 173  1
 160 173  1
 247 173  1
   6 174  1
   7 174  1
 117 174  1
 173 174  1
 175 174  1
 242 174  1
  15 175  1
  16 175  1
 179 175  1
 218 175  1
 114 176  1
 123 176  1
 205 176  1
 240 176  1
 272 176  1
 217 177  1
  26 178  1
 160 178  1
 223 178  1
 168 179  1
  15 180  1
  16 180  1
 127 180  1
 270 180  1
 180 181  1
 184 181  1
 219 181  1
  53 182  1
 241 182  1
 268 183  1
 171 186  1
 172 186  1
 240 187  2
  12 188  1
 201 188  1
 202 188  1
 242 189  1
 184 190  1
 218 190  1
 263 190  1
  58 191  1
  62 192  1
 226 193  1
 227 193  1
 241 193  1
 244 193  1
 232 194  1
 260 194  1
 147 197  1
 236 197  1
  63 198  2
 243 198  1
  61 199  1
 139 199  1
  57 201  1
 124 201  1
 215 201  1
 217 201  1
  23 202  1
 136 202  1
 210 202  1
  42 203  1
  43 203  1
  44 203  1
 118 203  1
  34 204  1
  35 204  1
 155 205  1
 160 205  1
 145 206  1
 212 206  1
 213 206  1
  44 207  1
  45 207  1
  49 207  1
 122 207  1
 133 208  1
 141 208  1
 143 208  1
 157 208  1
 212 208  1
 213 208  1
 247 208  1
  63 210  1
 173 211  1
 148 212  1
 244 212  1
 130 213  1
 211 213  1
 212 213  1
  41 214  1
 123 214  1
 198 214  1
  34 215  1
  46 215  1
  56 215  1
 196 215  1
  60 216  1
 113 216  1
 114 216  1
 153 216  1
 241 216  1
  52 217  1
  88 217  1
  37 218  1
 208 218  1
 209 218  1
  45 219  1
  56 219  1
  57 219  1
 112 219  1
 137 219  1
  83 220  1
 142 220  1
 194 220  1
 199 220  1
 228 220  1
 230 220  1
  63 221  1
  67 221  1
 110 221  1
 134 222  1
 144 222  1
 172 222  1
 189 222  1
 228 222  1
  54 223  1
  55 223  1
 169 223  1
 129 224  1
 130 224  1
 184 224  1
 227 224  1
 228 224  1
  79 225  1
  46 226  1
 232 227  1
  61 228  1
  62 228  1
  78 229  1
  79 229  1
 209 229  1
 210 229  1
  51 230  1
  52 230  1
 128 230  1
 129 230  1
 156 230  1
  55 231  1
 175 231  1
  67 232  1
 134 232  1
 130 233  1
 210 233  1
 158 234  1
 159 234  1
 205 234  1
  63 235  1
  64 235  1
  75 235  1
  76 235  1
  96 235  1
 166 235  1
  69 238  1
 145 238  1
 171 238  1
 172 238  1
  81 239  1
 205 239  1
 106 240  1
 117 240  1
 139 240  1
 176 240  1
 177 240  1
 178 240  1
 146 241  1
 147 241  1
 217 241  1
 113 242  1
 102 243  1
 184 243  1
  97 244  1
 112 244  1
 137 244  1
 138 244  1
 212 244  1
  79 245  1
  80 245  1
 173 245  1
 125 246  1
 127 246  1
 178 246  1
  87 247  1
 120 247  1
 109 248  1
 115 248  1
 116 248  1
  94 249  1
 158 249  1
 173 249  1
 201 249  1
 202 249  1
 131 250  1
 139 250  1
 141 250  1
 162 250  1
 196 251  1
 198 251  1
 104 252  1
 110 254  1


count = 739