 135   1  1
 144   1  1
 175   1  1
 124   2  1
 118   4  1
 112   6  1
 109   7  1
 163   7  1
 151   8  1
 198   8  1
 200   8  1
 132   9  1
 122  10  1
  96  11  1
 132  11  1
 205  11  1
 117  12  1
  91  13  1
 124  13  1
 153  13  1
 156  13  1
 208  13  1
 130  14  1
 163  14  1
  85  15  1
 107  15  1
 112  15  1
 113  15  1
 117  15  1
 132  16  1
 124  17  1
 184  17  1
 189  17  1
 198  17  1
 101  18  1
 102  18  1
 114  18  1
 190  19  1
 135  20  1
 136  20  1
 181  20  1
  98  21  1
 122  21  1
 178  21  1
 207  21  1
 219  21  1
 103  22  1
 120  22  1
 199  22  1
 200  22  1
 201  22  1
 186  23  1
  90  24  1
  94  25  1
 227  25  1
  61  26  1
 202  26  1
 203  26  1
  71  27  1
  77  27  1
  78  27  1
 129  27  1
 130  27  1
 138  27  1
 153  27  1
 182  27  1
 111  29  1
 167  29  1
 168  29  1
 120  30  1
  53  31  1
  87  31  1
  96  31  1
 236  31  1
  71  32  1
  78  32  1
 158  32  1
 224  32  1
  49  33  1
  62  33  1
  63  33  1
  92  33  1
 145  33  1
 164  33  1
 238  33  1
 117  34  1
 168  34  1
 201  34  1
 215  34  1
 228  34  1
 105  35  1
 106  35  1
  58  36  1
  75  36  1
 205  36  1
  69  37  1
  95  37  1
 212  37  1
 213  37  1
 233  37  1
  64  38  1
 100  38  1
 102  38  1
 168  38  1
 223  38  1
 224  38  1
 155  39  1
 172  39  1
 229  39  1
 104  40  1
 105  40  1
 201  40  1
 205  40  1
 247  40  1
  68  41  1
 162  41  1
 163  41  1
 132  42  1
  63  43  1
 167  43  1
 171  43  1
 208  43  1
 209  43  1
 162  44  1
 106  45  1
 139  45  1
  67  46  1
 103  47  1
 165  47  1
 112  48  1
 161  48  1
 199  48  1
 200  48  1
  87  49  1
 106  49  1
 108  49  1
 118  49  1
 182  49  1
 204  49  1
 212  49  1
  82  50  1
  83  50  1
  91  51  1
 159  51  1
 185  51  1
 198  51  1
 222  51  1
 224  51  1
 110  52  1
 126  53  1
 160  53  1
 174  53  1
 176  53  1
 196  53  1
 197  53  1
 207  54  1
  91  55  1
 188  55  1
 231  55  1
  36  56  1
 169  56  1
 214  56  2
  22  58  1
 110  58  1
 111  58  1
 125  58  1
 206  58  1
 207  58  1
 168  59  1
 212  59  1
 161  60  1
 173  60  1
 265  60  1
  28  61  1
  67  61  1
 131  61  1
  18  63  1
 156  63  1
 165  64  1
 173  64  1
  23  65  1
  28  65  1
 156  65  1
  71  66  1
 109  66  1
 164  66  1
 267  66  1
 268  66  1
 156  67  1
 229  67  1
  15  68  1
  97  69  1
  98  69  1
 168  69  1
 104  70  1
 135  70  1
 147  70  1
 217  70  1
 269  70  1
 270  70  1
  85  71  1
 226  71  1
  91  72  1
 210  72  1
 149  73  1
 264  73  1
 163  75  1
 164  75  1
 213  75  1
 157  77  1
 162  77  1
 130  79  1
 263  79  1
  20  80  1
  21  80  1
 125  80  1
 126  80  1
 243  80  1
  15  82  1
 130  83  1
 266  83  1
 267  83  1
  15  84  1
 224  84  1
  19  85  1
 134  85  1
 199  85  1
 204  85  1
 235  85  1
 236  85  1
  45  86  1
   6  87  1
   7  87  1
  19  87  1
  26  87  1
  49  87  1
 232  87  1
 271  87  1
  73  88  1
 172  88  1
 179  88  1
 216  88  1
 241  88  1
 230  89  1
   5  90  1
   6  90  1
  45  90  1
  51  90  1
  52  90  1
 163  90  1
 221  90  1
 235  90  1
  58  91  1
 133  91  1
 211  91  1
 226  91  1
 267  91  1
 268  91  1
 272  91  1
 158  92  1
   4  93  1
   5  93  1
  65  93  1
 130  93  1
 196  93  1
 235  93  1
 254  94  1
  49  96  1
  71  96  1
 134  96  1
 185  96  1
 264  96  1
 155  97  1
 159  97  1
 160  97  1
 227  97  1
 248  97  1
 249  97  1
  65  98  1
 165  98  1
 197  98  1
 220  98  1
 221  98  1
 269  98  1
 280  98  1
 281  98  1
 101  99  1
 106  99  1
 184  99  1
 232  99  1
 233  99  1
 244  99  1
 251  99  1
  54 100  1
 165 100  1
 258 100  1
   2 101  1
   3 101  1
 152 101  1
 281 101  1
 282 101  1
  49 102  1
  50 102  1
  51 102  1
  61 102  1
  71 102  1
 147 102  1
 193 102  1
 168 103  1
 173 103  1
 248 103  1
 256 103  1
 272 104  1
 273 104  1
   9 105  1
 262 106  1
  38 107  1
 195 107  1
 196 107  1
 264 107  1
 265 107  1
  15 108  1
 189 108  1
 198 108  1
 199 108  1
   8 109  1
  10 109  1
  32 109  1
  52 109  1
  69 109  1
 179 109  1
 100 111  1
 123 111  1
 260 111  1
  42 112  1
  48 112  1
 159 112  1
  93 113  1
  94 113  1
 170 113  1
  40 114  1
 130 114  1
 153 114  1
 155 114  1
 157 114  1
 251 114  1
 252 114  1
   6 115  1
   7 115  1
  19 115  1
  58 115  1
  68 115  1
 163 115  1
 164 115  1
 244 115  1
 264 115  1
 111 116  1
 129 116  1
 173 116  1
 175 116  1
 228 116  1
  58 117  1
 235 117  1
 268 117  1
  23 118  1
  24 118  1
  51 118  1
 151 118  1
 187 118  1
 188 118  1
 252 118  1
  58 119  1
 154 119  1
 155 119  1
 228 119  1
 229 119  1
 254 119  1
 273 119  1
  27 120  1
 104 120  1
 105 120  1
 270 120  1
 271 120  1
  32 121  1
  34 121  1
  55 121  1
 149 121  1
 172 121  1
 189 121  1
 105 122  1
  62 123  1
  74 123  1
 165 123  1
 251 123  1
 253 123  1
  16 124  1
  40 124  1
  44 124  1
 105 124  1
 120 124  1
 141 124  1
 196 124  1
 229 124  1
  49 125  1
  55 125  1
  82 125  1
 113 125  1
 231 125  1
  20 126  1
 167 126  1
 172 126  1
 262 126  1
  30 127  1
 101 127  1
 177 127  1
 211 127  1
 227 127  1
 258 127  1
 260 127  1
  36 128  1
  48 129  1
  51 129  1
 191 129  1
  91 130  1
  92 130  1
 137 130  1
  16 131  1
  17 131  1
  26 131  1
  70 131  1
 129 131  1
 130 131  1
  44 132  1
 139 132  1
   9 133  1
  36 133  1
 116 133  1
 149 133  1
 178 133  1
 188 133  1
 189 133  1
 230 133  1
 270 133  1
 276 133  1
  42 134  1
  51 134  1
  54 134  1
  92 134  1
 120 135  1
 165 135  1
 166 135  1
  82 136  1
  86 136  1
 134 136  1
 135 136  1
 160 136  1
 260 136  1
 239 137  1
 244 137  1
 278 137  1
 279 137  1
  50 138  1
 205 138  1
 257 138  1
 258 138  1
 113 139  1
 114 139  1
 118 139  1
 144 139  1
 116 140  1
 258 140  1
   1 141  1
  42 141  1
  43 141  1
  46 141  1
  69 141  1
 274 141  1
 116 142  1
 138 142  1
 161 142  1
 240 142  1
 263 142  1
 280 142  1
 281 142  1
 126 143  1
 128 143  1
 159 143  1
 102 144  1
 104 144  1
 106 144  1
   1 145  1
  52 145  1
 131 145  1
 208 145  1
 212 145  1
 272 145  1
 273 145  1
 206 146  1
  23 147  1
  77 147  1
 124 147  1
 125 147  1
 137 147  1
 157 147  1
 270 147  1
  58 148  1
 117 148  1
 228 148  1
 229 148  1
  15 149  1
  26 149  1
  30 149  1
  74 149  1
  75 149  1
 256 149  1
  33 150  1
  34 150  1
  91 150  1
  97 150  1
  75 151  1
 262 151  1
  20 152  1
  41 152  1
  51 152  1
 104 152  1
 142 152  1
  49 153  1
  58 153  1
  63 153  1
  71 153  1
  77 153  1
  98 153  1
 122 153  1
 147 153  1
   2 154  1
   3 154  1
  35 154  1
  58 155  1
 131 155  1
 227 155  1
  27 156  1
  44 156  1
 179 156  1
 229 156  1
 230 156  1
 231 156  1
  49 157  1
  58 157  1
 138 157  1
 173 158  1
  42 159  1
  20 160  1
 234 161  1
 279 161  1
 148 162  1
 149 162  1
 176 162  1
 178 162  1
 229 162  1
 259 162  1
  16 163  1
  39 163  1
  40 163  1
 162 163  1
 167 163  1
 240 163  1
 180 164  1
   5 165  1
   6 165  1
  15 165  1
  31 165  1
 170 165  1
 236 165  1
 256 165  1
 261 165  1
  87 166  1
 158 167  1
 244 167  1
 261 167  1
  30 168  1
  31 168  1
 275 168  1
 276 168  1
  94 169  1
  95 169  1
 231 169  1
 232 169  1
 266 169  1
  38 171  1
  39 171  1
  25 172  1
  92 172  1
  93 172  1
 149 172  1
 154 172  1
 173 172  1
 253 172  1
 254 172  1
  44 173  1
  45 173  1
  55 173  1
 141 173  1
 168 173  1
 229 173  1
 242 173  1
  17 174  1
  18 174  1
  36 174  1
 157 174  1
  34 175  1
  86 175  1
 136 175  1
 140 175  1
  24 176  1
  25 176  1
  42 176  1
 131 176  1
 132 176  1
 180 176  1
 181 176  1
 187 176  1
 196 176  1
 137 177  1
 254 177  1
  89 178  1
 129 178  1
 137 179  1
 138 179  1
 216 179  1
 217 179  1
 242 179  1
 251 179  1
 252 179  1
 261 179  1
  93 180  1
 120 180  1
 132 180  2
 134 180  1
 147 180  1
 148 180  1
 152 180  1
  81 181  1
 189 181  1
 202 181  1
  24 182  1
  30 182  1
  95 182  1
 207 182  1
 213 182  1
 220 182  1
 229 182  1
 245 182  1
 254 183  1
  21 184  1
 235 184  1
 249 184  1
 145 185  1
 185 185  1
 192 185  1
 260 185  1
  14 186  1
 161 186  1
 179 186  1
 190 187  1
 196 187  1
  94 188  1
  95 188  1
 129 188  1
 205 188  1
 221 188  1
 265 188  1
 106 189  1
 118 189  1
 124 189  1
 126 189  1
 217 189  1
  17 190  1
 186 190  1
 203 190  1
 223 190  1
 234 190  1
  60 191  1
  82 192  1
 131 192  1
 135 192  1
 136 192  1
 196 192  1
 188 193  1
 215 193  1
 216 193  1
 262 193  1
 263 193  1
 112 194  1
  98 195  1
 122 195  1
 188 195  1
 118 196  1
 134 196  1
 172 196  1
 176 196  1
 177 196  1
  24 197  1
 141 197  1
 208 197  1
 209 197  1
 214 197  1
 215 197  1
 108 198  1
 139 198  1
 180 198  1
 195 198  1
 235 198  1
 144 199  1
 227 199  1
 115 200  1
 148 200  1
 213 200  1
 214 200  1
 110 201  1
 111 201  1
 164 201  1
 170 201  1
 175 201  1
 239 201  1
 240 201  1
  81 202  1
  97 202  1
 158 202  1
 162 202  1
 223 202  1
 188 203  1
 190 203  1
 234 203  1
 115 204  1
 147 204  1
 154 205  1
 155 205  1
 166 205  1
 175 205  1
 237 205  1
 238 205  1
 257 205  1
  79 206  1
  80 206  1
  95 206  1
 118 206  1
 184 206  1
 215 206  1
 179 207  1
 147 208  1
 183 209  1
 168 210  1
 174 210  1
  77 211  1
  78 211  1
  91 211  1
 114 211  1
 116 211  1
  39 212  1
 100 212  1
 164 212  1
 210 212  1
 239 212  1
 114 213  1
 201 213  1
 232 213  1
  40 214  1
  75 214  1
 180 214  1
 181 214  1
  42 215  1
 113 215  1
 111 216  1
 151 216  1
 158 217  1
 248 217  1
 197 218  1
  87 219  1
 208 219  1
  84 221  1
 231 221  1
 244 221  1
 200 222  1
 209 222  1
  74 223  1
  75 223  1
  80 223  1
  90 223  1
 114 223  1
 173 224  1
 174 224  1
 180 224  1
 239 224  1
 160 225  1
 168 225  1
 117 226  1
 205 226  1
  77 227  1
  93 227  1
 100 227  1
 177 227  1
 207 227  1
 209 227  1
 214 227  1
  56 228  1
  83 228  1
  95 228  1
 168 228  1
 233 228  1
  86 229  1
 176 229  1
 186 229  1
 216 229  1
  58 230  1
 106 230  1
 121 230  1
 180 230  1
 184 230  1
 201 230  1
  72 231  1
  86 231  1
  98 232  1
 195 232  1
 196 232  1
 211 232  1
  78 233  1
  66 234  1
  83 234  1
 117 234  1
 178 234  1
 179 234  1
 224 234  1
 174 235  1
 202 235  1
 204 235  1
 181 237  1
 183 237  1
 197 237  1
 199 237  1
 201 237  1
  95 238  1
 174 239  1
 163 241  1
  87 242  1
 115 242  1
 209 242  1
 134 243  1
 163 243  1
 124 244  1
 205 244  1
 124 246  1
 166 246  1
 117 247  1
 123 248  1
 124 248  1
 132 249  1
 154 249  1
 195 249  1
 108 250  1
 114 252  1
 117 253  1
 120 254  1
 123 255  1
 126 256  1
 130 257  1


count = 865