 149   1  1
 185   2  1
 115   6  1
 173   8  1
 179   8  1
 176  13  1
 178  13  1
 195  14  1
  95  15  1
 125  16  1
 194  16  1
 195  16  1
  80  17  1
  75  19  1
  96  20  1
 105  20  1
 106  20  1
 222  20  1
 101  23  1
 102  23  1
 178  23  1
 195  23  1
 227  23  1
  92  24  1
 229  25  1
  61  26  1
  84  26  1
 103  26  1
 104  26  1
 196  27  1
 197  27  1
  57  28  1
  73  28  1
  92  28  1
 126  28  1
 127  28  1
 236  29  1
  72  30  1
  66  31  1
  82  31  1
  83  31  1
  86  32  1
  87  32  1
 112  32  1
 127  32  1
 183  32  1
  94  34  1
  95  34  1
 127  35  1
 128  35  1
 189  35  1
 217  35  1
  47  36  1
 117  36  1
 184  36  1
  89  37  1
 219  37  1
 160  38  1
 161  38  1
 162  38  1
 164  38  1
 178  38  1
 179  38  1
 183  38  1
  96  39  1
 209  40  1
 171  42  1
 103  43  1
 193  43  1
 194  43  1
 251  44  1
 219  45  1
 220  45  1
 234  45  1
 229  46  1
 164  47  1
 218  47  1
 144  48  1
 145  48  1
 152  48  1
 168  49  1
 223  49  1
 224  49  1
 254  49  1
 147  50  1
 190  52  1
 205  52  1
 105  53  1
 102  54  1
  28  55  1
 122  57  1
 126  57  1
 218  57  1
 139  58  1
 155  58  1
 193  58  1
 214  58  1
 226  58  1
 205  59  1
 161  60  1
 199  60  1
  24  61  1
 150  61  1
 266  61  1
 142  62  1
 159  65  1
 160  65  1
 227  67  1
 228  67  1
 153  69  1
  17  70  1
 239  71  1
 198  72  1
 243  72  1
  61  73  1
 119  74  1
 201  74  1
  14  75  1
 192  75  1
 210  75  1
  62  76  1
  63  76  1
 114  76  1
 203  76  1
 198  78  1
 199  78  1
 259  78  1
 120  80  1
 210  80  1
 249  80  1
 192  81  1
 206  81  1
 232  81  1
 233  81  1
 237  81  1
 254  81  1
 261  82  1
 116  83  1
 158  83  1
 169  83  1
 188  83  1
 189  83  1
 249  83  1
 267  84  1
 173  85  1
 233  85  1
 212  86  1
  66  87  1
  88  87  1
 116  87  1
 117  87  1
 153  87  1
 238  87  1
 280  87  1
 281  87  1
  73  88  1
  82  88  1
 135  88  1
 139  88  1
 144  88  1
 165  88  1
 221  88  1
 222  88  1
 245  88  1
 175  89  1
 268  89  1
  75  90  1
  77  90  1
  79  90  1
 281  90  1
 282  90  1
  85  91  1
 191  91  1
 135  92  1
 238  92  1
 259  92  1
 260  92  1
  68  93  1
  95  93  1
 207  93  1
 205  94  1
 251  94  1
 267  94  1
 273  94  1
 274  94  1
 102  95  1
 237  95  1
 262  95  1
 174  97  1
  72  98  1
 181  98  1
 185  98  1
 204  98  1
 223  98  1
  80  99  1
 167  99  1
 168  99  1
 244  99  1
 253 100  1
 262 100  1
 263 100  1
  47 102  1
 104 103  1
 105 103  1
 169 103  1
  39 104  1
  40 104  1
 157 104  1
 161 104  1
 162 104  1
 256 104  1
 167 106  1
 175 106  1
 155 107  1
 156 107  1
  34 108  1
 106 108  1
 256 108  1
  54 109  1
  58 109  1
  70 109  1
  80 109  1
  88 109  1
 260 109  1
  82 110  1
 156 110  1
 191 110  1
  37 111  1
  45 111  1
  46 111  1
  66 112  1
 172 112  1
 173 112  1
 270 112  1
 271 112  1
  39 113  1
 190 113  1
 191 113  1
 263 113  1
  85 114  1
 111 114  1
 160 114  1
  92 115  1
 119 115  1
 122 115  1
 156 115  1
  45 116  1
  63 116  1
  83 116  1
 102 116  1
 171 116  1
 194 116  1
 268 116  1
  53 117  1
  39 118  1
 169 118  1
 162 119  1
 163 119  1
 191 119  1
 197 119  1
  56 120  1
 189 120  1
 203 120  1
 187 121  1
 195 121  1
 215 121  1
  52 122  1
 148 122  1
   1 123  1
   2 123  1
  46 123  1
  64 123  1
 208 123  1
  84 124  1
 120 124  1
 121 124  1
 174 124  1
 114 125  1
 156 125  1
 279 125  1
 280 125  1
  80 126  1
 151 126  1
 174 126  1
 235 126  1
  64 127  1
 182 127  1
 214 127  1
 250 127  1
 264 127  1
 174 128  1
 175 128  1
 242 128  1
 255 128  1
 257 128  1
 278 128  1
 279 128  1
 156 129  1
 190 129  1
 191 129  1
 259 129  1
 267 129  1
 268 129  1
 187 130  1
 151 131  1
 206 131  1
 207 131  1
 223 131  1
   9 132  1
  12 132  1
  24 132  1
 216 132  1
 277 132  1
 278 132  1
  16 133  1
 111 133  1
 145 133  1
 146 133  1
 169 133  1
 222 133  1
 249 133  1
 268 133  1
 269 133  1
 270 133  1
 150 134  1
 158 134  1
 192 134  1
 193 134  1
 243 134  1
 255 134  1
 265 134  1
  81 135  1
  83 135  1
 201 135  1
 204 135  1
   9 136  1
  11 136  1
  40 136  1
  34 137  1
  80 137  1
 182 137  1
  18 138  1
 113 138  1
  25 139  1
  60 139  1
 157 139  1
 158 139  1
 172 140  1
 235 140  1
   7 141  1
  86 141  1
 106 141  1
   1 142  1
 159 142  1
 184 142  1
 185 142  1
  18 143  1
  19 143  1
  57 143  1
  76 143  1
  77 143  1
 152 143  1
 161 143  1
 266 143  1
 176 144  1
  55 145  1
 171 145  1
 271 145  1
  74 146  1
 107 146  1
  19 147  1
 234 148  1
  97 149  1
  70 150  1
  94 150  1
 184 150  1
 185 150  1
  44 151  1
  76 152  1
 104 152  1
 171 152  1
 179 152  1
 180 152  1
 256 152  1
   1 154  1
   7 154  1
 186 154  1
 187 154  1
 227 154  1
  68 155  1
 277 155  1
 278 155  1
  55 156  1
 227 156  1
 249 156  1
  75 157  1
  76 157  1
 103 157  1
 110 157  1
 111 157  1
 257 157  1
   1 158  1
   2 158  1
  44 158  1
 248 158  1
  57 159  1
  66 159  1
  74 159  1
  87 159  1
  88 159  1
 105 159  1
 134 159  1
 190 159  1
 254 159  1
  63 160  1
 185 160  1
 246 160  1
  84 161  1
 134 161  1
 151 161  1
 180 161  1
  72 163  1
 136 163  1
 137 163  1
 156 163  1
 151 165  1
 152 165  1
 229 165  1
  76 167  1
  77 167  1
 195 167  1
 245 167  1
 246 167  1
  19 168  1
  24 168  1
  81 169  1
  89 170  1
  90 170  1
  35 171  1
 127 171  1
 128 171  1
 154 171  1
 155 171  1
  78 172  1
 184 173  1
  40 174  1
  78 174  1
  80 174  1
 179 174  1
 180 174  1
 274 174  1
 214 175  1
 203 176  1
   6 177  1
   7 177  1
 156 177  1
 272 177  1
 131 178  1
 136 178  1
 141 178  1
 186 178  1
 217 178  1
  84 179  1
  90 179  1
   7 180  1
   8 180  1
 160 180  1
 164 180  1
 168 180  1
 175 180  1
 208 180  1
 209 180  1
 270 180  1
 203 181  1
 204 181  1
 216 181  1
 217 181  1
 184 182  1
 185 182  1
 269 182  1
  61 183  1
  94 183  1
  95 183  1
 167 183  1
 196 183  1
 213 183  1
 214 183  1
  80 184  1
 145 184  1
  37 185  1
 100 185  1
 206 185  1
  69 186  1
  78 186  1
 150 187  1
  35 188  1
 162 188  1
 103 189  1
 150 189  1
 169 189  1
  17 190  1
  61 190  1
  72 190  1
  76 190  1
 115 191  1
 149 193  1
 222 193  1
  31 194  1
 224 194  1
 259 194  1
  56 195  1
 151 195  1
 152 195  1
 202 195  1
 224 196  1
 225 196  1
 229 199  1
 252 200  1
  56 201  1
 198 201  1
 202 203  1
 250 203  1
 136 204  1
 191 205  1
 192 205  1
 202 205  1
 124 206  1
 144 206  1
 166 206  1
 174 207  1
 205 207  1
 206 207  1
 140 209  1
 141 209  1
 120 210  1
 136 210  1
 137 210  1
 211 210  1
 243 210  1
 126 212  1
 148 212  1
 188 212  1
 239 213  1
 121 214  1
 136 214  1
 143 214  1
 180 214  1
 133 215  1
 163 215  1
 164 215  1
 101 216  1
 119 216  1
 140 216  1
 205 216  1
 209 216  1
 158 218  1
 220 218  1
 108 219  1
 115 220  1
 119 220  1
 188 220  1
 216 220  1
 230 220  1
 125 221  1
 126 221  1
 140 221  1
 157 222  1
  34 223  1
 123 223  1
 125 223  1
 196 223  1
 226 223  1
 121 224  1
 143 224  1
 157 224  1
 113 225  1
 118 226  1
 119 226  1
 222 226  1
 155 227  1
 195 227  1
  43 230  1
  44 230  1
 114 230  1
 115 230  1
 197 231  1
 206 231  1
 149 232  1
 202 235  1
 197 236  1
  87 237  1
  96 237  1
  93 238  1
 205 240  1
 111 241  1
 112 241  1
 199 243  1
 200 243  1
 104 244  1
 112 245  1
  93 246  1
  94 246  1
 146 247  1
 189 249  1
 153 251  1
 113 252  1
 116 253  1
 179 254  1


count = 608