 169   1  1
 182   1  1
 191   2  1
 145   3  1
 194   3  1
 157   8  1
 189   8  1
 136   9  1
 162   9  1
 213   9  1
 147  10  1
 197  12  1
  92  13  1
 135  13  1
 150  13  1
 159  13  1
 140  14  1
 182  14  1
 183  14  1
 188  14  1
 189  14  1
 197  14  1
 204  14  1
 205  14  1
 221  14  1
 111  15  1
 106  16  1
 162  16  1
  81  17  1
 153  17  1
 154  17  1
  78  18  1
 162  19  1
 168  20  1
 229  20  1
  88  21  1
  89  21  1
 107  21  1
 154  21  1
 111  22  1
 119  22  1
  63  23  1
  64  23  1
  81  23  1
  82  23  1
 165  24  1
 166  24  1
 170  24  1
 184  24  1
  90  25  1
  72  26  1
  78  27  1
  79  27  1
  88  27  1
  93  27  1
  94  27  1
 120  29  1
  89  30  1
 167  30  1
 168  30  1
 240  30  1
  52  31  1
  66  31  1
  95  32  1
 168  32  1
 193  32  1
 189  33  1
 197  33  1
 207  33  1
  60  34  1
 179  34  1
 200  34  1
  46  35  1
  74  35  1
  75  35  1
 191  35  1
  83  36  1
  87  36  1
 183  36  1
 184  36  1
  42  37  1
  60  37  1
  94  37  1
  95  37  1
 125  37  1
 126  37  1
 162  37  1
 246  37  1
  52  38  1
 157  38  1
  39  39  1
  65  39  1
  89  40  1
  47  41  1
  85  41  1
 121  41  1
 122  41  1
 155  41  1
 183  41  1
 184  41  1
  94  42  1
  86  43  1
 149  43  1
  81  44  1
 122  44  1
 123  44  1
 128  44  1
 129  44  1
  87  45  1
  88  45  1
  72  46  1
  77  46  1
 108  46  1
 148  46  1
 168  46  1
 169  46  1
 184  46  1
  50  47  1
 177  47  1
 245  47  1
  79  48  1
 165  48  1
 166  48  1
 256  48  1
  32  49  1
  73  49  1
  75  50  1
  46  51  1
  56  51  1
  88  51  1
 144  51  1
 172  51  1
  78  54  1
  80  54  1
  46  55  1
 112  55  1
 145  55  1
 164  55  1
  26  56  1
  70  56  1
 125  56  1
 135  56  1
 136  56  1
  53  57  1
  55  57  1
  77  57  1
 108  57  1
 141  57  1
 129  58  1
 158  58  1
 263  58  1
 264  58  1
 148  59  1
 149  59  1
 133  60  1
 243  60  1
 244  60  1
 170  61  1
 171  61  1
  29  62  1
  30  62  1
 108  62  1
 111  63  1
 165  65  1
 239  65  1
  34  66  1
  35  66  1
 103  66  1
 144  67  1
 154  67  1
 263  67  1
 137  69  1
 132  70  1
 241  70  1
 242  70  1
 262  70  1
 150  71  1
 138  72  1
 144  72  1
 158  72  1
 186  72  1
 154  73  1
 194  74  1
 259  74  1
 265  74  1
 241  75  1
 242  75  1
 259  76  1
 274  76  1
   9  77  1
  10  77  1
 120  77  1
 192  77  1
 247  77  1
 263  77  1
 129  78  1
 130  78  1
 184  78  1
 219  78  1
 220  78  1
 255  79  1
 122  80  1
 222  80  1
  14  81  1
 229  81  1
 255  81  1
 267  81  1
 249  82  1
 170  83  1
 171  83  1
 195  84  1
 196  84  1
 260  84  1
 261  84  1
 279  84  1
  22  85  1
 167  85  1
 252  85  1
  12  86  1
 120  86  1
 240  86  1
 258  86  1
 194  87  1
 195  87  1
 209  87  1
   6  88  1
   7  88  1
 114  88  1
 162  88  1
 246  88  1
 247  88  1
 116  90  1
 193  91  1
 194  91  1
 208  91  1
  12  92  1
  43  92  1
  44  92  1
 281  92  1
 282  92  1
 156  93  1
  34  94  1
 126  94  1
  82  95  1
 189  95  1
 190  95  1
 153  97  1
 140  99  1
 187  99  1
 131 100  1
 135 100  1
 138 100  1
 207 100  1
  74 101  1
  77 101  1
  78 101  1
  79 101  1
 147 103  1
 148 103  1
  99 105  1
 115 105  1
 132 106  1
 153 106  1
  83 107  1
 134 107  1
  13 108  1
 206 108  1
   7 109  1
  83 111  1
  22 112  1
  11 113  1
 174 113  1
 144 115  1
   9 116  1
  77 116  1
  53 117  1
 279 117  1
 280 117  1
 171 118  1
 172 118  1
  43 119  1
  90 119  1
  77 120  1
  97 121  1
  99 121  1
  52 122  1
  84 122  1
 107 123  1
 146 123  1
 147 123  1
  66 124  1
  86 124  1
 159 124  1
 187 124  1
 217 124  1
 218 124  1
 272 124  1
   2 125  1
   3 125  1
  35 125  1
  72 125  1
 139 125  1
  23 126  1
 141 126  1
 142 126  1
 269 126  1
   3 127  1
  12 127  1
  29 127  1
  30 127  1
  53 127  1
  64 127  1
  79 127  1
 100 127  1
 110 127  1
 182 127  1
 192 127  1
 279 127  1
 280 127  1
  16 128  1
  40 128  1
  41 128  1
  46 128  1
  58 128  1
  59 128  1
  69 128  1
  90 128  1
  91 128  1
  96 128  1
  98 128  1
 156 128  1
 186 128  1
 218 128  1
 250 128  1
   3 129  1
   4 129  1
  20 129  1
 191 129  1
 213 129  1
 263 129  1
  46 130  1
 239 131  1
  20 132  1
  21 132  1
  32 132  1
 120 132  1
 150 132  1
 171 132  1
 204 132  1
 225 132  1
  52 133  1
  61 133  1
 177 133  1
 186 133  1
 187 133  1
 259 133  1
 265 133  1
  55 134  1
 247 134  1
 268 134  1
  13 135  1
  27 135  1
  35 135  1
  40 135  1
  78 135  1
 166 135  1
  22 136  1
  96 137  1
 215 138  1
 246 138  1
 247 138  1
   1 139  1
  86 139  1
  91 139  1
 273 139  1
 274 139  1
 197 140  1
  26 141  1
 164 141  1
 220 141  1
 222 141  1
 177 142  1
  26 143  1
  27 143  1
  81 143  1
  82 143  1
 167 143  1
 173 143  1
  10 144  1
 219 144  1
 244 144  1
 248 144  1
  91 145  1
  92 145  1
  25 146  1
 178 146  1
 197 146  1
  15 147  1
  16 147  1
  73 147  1
   5 148  1
   6 148  1
 175 148  1
 176 148  1
  32 149  1
 200 149  1
   1 150  1
  75 151  1
  69 152  1
  70 152  1
  81 152  1
  40 153  1
  77 154  1
 176 154  1
   3 155  1
 133 155  1
 281 157  1
 282 157  1
  18 158  1
  26 158  1
  49 158  1
  84 158  1
 250 158  1
   5 159  1
  11 159  1
 242 160  1
 260 160  1
   7 162  1
  44 162  1
  74 162  1
  85 162  1
 254 162  1
 280 162  1
 281 162  1
 142 163  1
 213 163  1
  21 164  1
  41 164  1
  70 164  1
  84 164  1
  85 164  1
 217 164  1
 261 164  1
 146 165  1
 148 165  1
 279 165  1
 280 165  1
  32 166  1
  41 166  1
 151 166  1
 261 166  1
  68 167  1
 154 167  1
 209 167  1
  16 168  1
  17 168  1
 194 168  1
 244 168  1
  11 169  1
  83 169  1
 177 169  1
 268 169  1
  74 170  1
 241 170  1
 253 170  1
 277 170  1
 278 170  1
 163 171  1
 211 171  1
 236 171  1
 255 171  1
  79 172  1
 224 172  1
 234 172  1
 246 172  1
  18 173  1
  19 173  1
 232 173  1
 261 173  1
 180 174  1
 181 174  1
 213 174  1
  73 175  1
 275 175  1
 276 175  1
 257 176  1
 262 176  1
 193 177  1
 241 177  1
 266 177  1
 236 179  1
  14 180  1
  15 180  1
 230 182  1
  54 184  1
  55 184  1
 226 185  1
 248 186  1
 252 186  1
  60 188  1
  61 188  1
 237 188  2
 238 188  1
 260 188  1
  17 189  1
 167 190  1
 168 190  1
 240 190  1
 241 190  1
 247 190  1
 175 191  1
  63 192  1
 172 192  1
  58 193  1
 234 193  1
 235 193  1
 251 193  1
 265 193  1
 181 194  1
 183 194  1
 237 194  1
 239 194  1
  82 195  1
  83 195  1
 231 195  1
 232 195  1
  87 196  1
 192 196  1
  53 197  1
  55 197  1
  78 197  1
 103 197  1
 104 197  1
 114 197  1
 245 197  1
  65 198  1
 247 198  1
 249 198  1
  54 199  1
  55 199  1
  89 199  1
 194 199  1
 195 199  1
  85 200  1
  96 200  1
 171 200  1
  76 201  1
 111 201  1
 169 201  1
 214 201  1
 251 201  1
  71 202  1
  83 202  1
  99 202  1
 210 202  1
 170 203  1
  67 205  1
 105 205  1
 168 205  1
 169 205  1
 170 205  1
  50 206  1
  61 207  1
  62 207  1
  67 207  1
 112 207  1
 113 207  1
 101 209  1
  44 211  1
  72 211  1
 203 212  1
  70 213  1
  97 213  1
 180 213  1
  54 214  1
  71 215  1
  77 215  1
 181 215  1
  63 216  1
 106 216  1
 206 216  1
  85 217  1
  86 217  1
 200 217  1
  60 218  1
  74 218  1
 183 218  1
 254 218  1
  68 219  1
  98 219  1
 102 220  1
 110 222  1
 111 222  1
  66 223  1
  74 223  1
  89 223  1
 126 223  1
 121 224  1
  65 225  1
 134 225  1
 193 225  1
  57 226  1
  77 226  1
  86 226  1
 248 226  1
  81 227  1
 115 227  1
  58 228  1
 108 228  1
 109 228  1
 131 228  1
 143 228  1
  60 229  1
  81 229  1
  71 230  1
  76 230  1
  86 230  1
 120 232  1
 156 232  1
 186 232  1
 187 232  1
  83 233  1
  84 233  1
  92 233  1
  78 234  1
 111 234  1
 116 234  1
 240 234  1
  70 235  1
 130 236  1
 131 236  1
 136 236  1
 195 236  1
  86 238  1
 121 238  1
 143 238  1
  77 239  1
  98 239  1
 107 239  1
 119 239  1
 129 239  1
 233 239  1
  92 241  1
 113 241  1
 135 241  1
 154 241  1
 230 241  1
  87 243  1
 113 243  1
 204 243  1
 227 243  1
  89 244  1
 118 244  1
 142 244  1
 146 244  1
 152 244  1
 133 245  1
 138 245  1
 225 245  1
 208 246  1
 126 247  1
 127 247  1
 105 248  1
 204 248  1
 115 249  1
 140 249  1
 187 250  1
 120 251  1
 150 251  1
 207 252  1
 125 253  1
 199 254  1
 159 257  1


count = 673