 159   1  1
 170   1  1
 176   1  1
 155   2  1
 157   2  1
 152   3  1
 132  10  1
 157  11  1
 146  12  1
 138  14  1
 134  15  1
 161  15  1
 125  16  1
 161  17  1
 161  19  1
 224  19  1
 119  20  1
 227  21  1
 159  22  1
 113  23  1
 230  23  1
 102  26  1
 238  29  1
 107  31  1
  87  33  1
 104  33  1
 105  33  1
  95  36  1
  96  36  1
 105  39  1
 109  39  1
 110  39  1
 112  39  1
 113  39  1
  70  40  1
 248  40  1
 249  40  1
  46  41  1
 110  41  1
  95  44  1
  96  44  1
 109  46  1
 252  46  1
  90  47  1
  91  47  1
  63  48  1
 119  48  1
 126  48  1
  29  49  1
  94  49  1
 101  49  1
 102  49  1
 103  49  1
 123  49  1
 143  50  1
 255  50  1
  59  51  1
  94  51  1
 117  51  1
  51  53  1
  81  53  1
  98  54  1
  92  55  1
 120  55  1
 152  58  1
 120  60  1
 121  60  1
 152  60  1
  86  61  1
 105  61  1
 106  61  1
 135  61  1
 156  62  1
 266  63  1
 147  64  1
  78  65  1
  79  65  1
  85  65  1
  86  65  1
 150  65  1
  20  66  1
 105  66  1
 123  66  1
 131  66  1
 156  66  1
 243  66  1
 246  66  1
  18  67  1
  81  67  1
 121  67  1
 139  67  1
 184  68  1
 108  69  1
 114  69  1
 142  69  1
 192  70  1
 214  70  1
 215  70  1
 240  70  1
 251  71  1
 215  72  1
 152  73  1
  12  74  1
  17  75  1
 257  76  1
 182  77  1
 189  77  1
 190  77  1
 207  77  1
 225  77  1
 227  77  1
 228  77  1
 251  77  1
 234  78  1
   9  79  1
 151  79  1
 266  79  1
  16  80  1
 252  80  1
 146  82  1
 195  82  1
  13  84  1
  19  84  1
 234  84  1
  15  85  1
 188  87  1
 189  87  1
 268  87  1
 141  88  1
 197  88  1
  21  89  1
  22  89  1
 263  89  2
 264  89  1
 140  90  1
 176  90  1
 227  90  1
 194  91  1
 202  91  1
 264  91  1
 136  92  1
 188  92  1
 176  94  1
  17  95  1
   4  96  1
   5  96  1
  69  96  1
  70  96  1
 281  96  1
 282  96  1
  64  99  1
 197  99  1
  75 100  1
  76 100  1
 193 100  1
 191 101  1
 222 101  1
  76 102  1
  63 104  1
  79 109  1
 173 109  1
  33 110  1
  26 112  1
  81 112  1
 165 112  1
 166 112  1
 175 113  1
  84 114  1
 184 114  1
 282 114  1
 283 114  1
   1 115  1
  77 115  1
 115 116  1
  28 117  1
 120 118  1
 176 118  1
 177 118  1
 167 120  1
 176 120  1
 280 121  1
 281 121  1
 194 122  1
 152 123  1
 161 123  1
 186 123  1
   1 124  1
 141 125  1
 208 125  1
 216 125  1
   8 126  1
  27 126  1
  28 126  1
  40 126  1
 211 126  1
  36 127  1
  79 127  1
 128 127  1
 153 127  1
 218 127  1
 224 127  1
 211 128  1
  89 129  1
 228 129  1
 232 129  1
 238 129  1
 273 129  1
 274 129  1
  39 130  1
  24 131  1
  26 131  1
  92 131  1
 249 131  1
 270 131  1
  16 132  1
  17 132  1
  65 132  1
  66 132  1
 140 132  1
 141 132  1
 148 132  1
 208 132  1
 210 132  1
 267 132  1
  77 133  1
  97 133  1
 218 133  1
 220 133  1
  26 134  1
  39 134  1
  41 134  2
 125 134  1
 186 134  1
 212 134  1
 234 134  1
  14 135  1
 117 135  1
 228 135  1
 249 135  1
  21 136  1
  33 136  1
  89 136  1
 175 136  1
 176 136  1
 204 136  1
  79 137  1
  86 137  1
 122 137  1
 268 137  1
 270 137  1
  24 138  1
 114 138  1
 272 138  1
   3 139  1
 156 141  1
 205 141  1
 118 142  1
  24 143  1
  25 143  1
  87 143  1
 170 143  1
   1 144  1
 161 144  1
 187 144  1
 125 145  1
 155 145  1
 191 145  1
 201 145  1
 109 146  1
 194 146  1
 195 146  1
 112 147  1
 113 147  1
  13 148  1
  35 148  1
  84 148  1
 155 148  1
 158 149  1
 124 150  1
 172 150  2
 117 152  1
 120 153  1
  45 154  1
  79 154  1
 162 154  1
 163 154  1
 278 154  1
 279 154  1
 201 156  1
 167 157  1
   1 158  1
  28 158  1
  31 158  1
 194 158  1
  67 159  1
  94 159  1
  46 160  1
   1 163  1
   2 163  1
  67 163  1
 159 163  1
 172 163  1
 249 163  1
 259 163  1
 260 163  1
  73 164  1
  74 164  1
  75 164  1
 166 164  1
  69 165  1
  70 165  1
 181 165  1
 249 165  1
  79 166  1
 198 166  1
  87 167  1
 272 168  1
 273 168  1
 202 169  1
  11 170  1
 172 170  1
 177 170  1
 178 170  1
 178 172  1
   4 173  1
   5 173  1
  13 173  1
  14 173  1
 217 173  1
 220 173  1
 175 174  1
 170 175  1
 209 175  1
 210 175  1
 193 177  1
   6 179  1
   7 179  1
  77 179  1
 174 179  1
 267 182  1
  15 183  1
  16 183  1
 180 183  1
 196 183  1
 170 184  1
  84 185  1
 196 186  1
  10 187  1
  11 187  1
  16 187  1
  58 187  1
  59 187  1
  77 188  1
  78 188  1
 149 188  1
 169 189  1
 262 189  1
  83 191  1
 148 191  1
 166 191  1
 167 191  1
 146 193  1
 236 193  1
 232 194  1
 142 195  1
  83 196  1
  79 197  1
  80 197  1
 142 197  1
 188 198  1
 240 198  1
  27 199  1
  32 199  1
  85 199  1
 230 199  1
 245 199  1
 249 199  1
 144 200  1
 145 200  1
 187 200  1
 225 200  1
  24 201  1
 125 201  1
 126 201  1
  90 203  1
 177 203  1
  80 204  1
 149 204  1
  28 205  1
 147 205  1
 224 205  1
 135 206  1
 253 206  1
  23 207  1
 127 207  1
 147 209  1
 132 211  1
 249 212  1
  50 213  1
 151 213  1
 123 214  1
 248 214  1
 125 215  1
 127 215  1
 127 217  1
 132 218  1
 133 218  1
 246 218  1
 120 220  1
 133 220  1
  36 221  1
  51 221  1
  55 223  1
 112 225  1
 103 226  1
  48 227  1
  84 229  1
 124 230  1
 125 230  1
  78 231  1
 111 231  1
 112 231  1
  99 232  1
 100 232  1
 231 232  1
  78 233  1
 122 234  1
  70 235  1
 100 235  1
 110 235  1
 111 235  1
  83 236  1
 226 236  1
 219 240  1
 216 242  1
 106 243  1
 111 243  1
  88 244  1
 117 244  1
 111 245  1
 117 246  1
  96 247  1
  99 248  1
 124 248  1
 128 249  1
 129 249  1
 144 249  1
 201 249  1
 198 250  1
 145 252  1
 192 252  1
 118 253  1
 120 254  1
 122 254  1
 175 255  1


count = 455