 155   1  1
 161   1  1
 174   1  1
 189   3  1
 192   4  1
 197   6  1
 146   7  1
 107   9  1
 202   9  1
 110  13  1
 152  14  1
  76  17  1
  77  17  1
 216  17  1
  88  18  1
 102  18  1
 152  18  1
 107  19  1
 115  20  1
  80  21  1
 110  21  1
 223  21  1
  86  22  1
  96  22  1
 196  22  1
 197  22  1
 226  23  1
  96  24  1
 113  24  1
 120  24  1
 156  24  1
  66  25  1
  92  25  1
 102  26  1
  88  27  1
 116  27  1
 160  27  1
  79  28  1
  84  28  1
 122  28  1
 164  29  1
 234  29  1
  57  30  1
  90  30  1
  91  30  1
 119  30  1
 199  30  1
 237  31  1
  54  32  1
  55  32  1
 115  33  1
 119  33  1
 140  33  1
  78  35  1
 202  35  1
  50  37  1
  83  37  1
  99  37  1
  93  38  1
 164  38  1
 192  38  1
 193  38  1
 143  39  1
 155  39  1
  43  40  1
  59  40  1
 159  40  1
 146  41  1
 190  41  1
  40  42  1
 159  42  1
 216  43  1
  38  44  1
  52  44  1
  54  44  1
  49  45  1
  34  46  1
  99  46  1
 215  46  1
  55  48  1
  52  52  1
  53  52  1
 107  52  1
  28  53  1
  26  54  1
 216  54  1
 185  55  1
 172  56  1
 218  56  1
  56  57  1
 188  57  1
 191  58  1
 225  58  1
  29  59  1
  31  59  1
 183  59  1
 170  60  1
 171  60  1
 199  60  1
 200  60  1
 216  60  1
 193  61  1
 176  62  1
 205  62  1
 172  63  1
 265  63  1
 266  63  1
 190  65  1
 226  65  1
  21  66  1
 202  66  1
 196  67  1
 198  67  1
 228  67  1
  14  68  1
 196  69  1
 239  70  1
 187  71  1
 188  71  1
 244  72  1
 183  74  1
 246  74  1
 179  75  1
 181  75  1
 195  75  1
 204  75  1
 233  75  1
 234  75  1
 250  75  1
 275  75  1
   8  76  1
  13  76  1
  14  76  1
 189  76  1
 230  76  1
  19  77  1
 237  77  1
 251  77  1
  92  78  1
 256  78  1
 201  79  1
 221  79  1
 225  79  1
  17  80  1
 190  80  1
 195  80  1
 228  80  1
 229  80  1
  90  81  1
 172  81  1
 178  81  1
 182  81  1
  18  82  1
 258  82  1
 267  82  1
 268  82  1
 178  83  1
  82  84  1
 188  84  1
 262  84  1
 278  84  1
 279  84  1
 196  85  1
 271  85  1
 177  86  1
 178  86  1
 182  86  1
 210  86  1
 228  86  1
  27  87  1
 185  87  1
 237  87  1
 238  87  1
 266  88  1
  71  89  1
 198  89  1
 211  89  1
 261  89  1
 216  90  1
 258  90  1
   9  91  1
  10  91  1
   3  92  1
   4  92  1
  36  92  1
 161  92  1
 162  92  1
 163  92  1
 172  92  1
 241  92  1
 255  92  1
 180  93  1
 211  93  1
 220  93  1
  37  94  1
 263  94  1
  18  95  1
  39  95  1
 165  95  1
 166  95  1
 174  95  1
 193  95  1
 196  95  1
 198  95  1
 259  95  1
 269  95  1
 237  96  1
 244  96  1
 142  97  1
 144  97  1
 199  97  1
 203  97  1
  12  98  1
  43  98  1
  19  99  1
 176  99  1
 215  99  1
 248  99  1
 249  99  1
 273  99  1
 274  99  1
  36 100  1
  77 100  1
  89 100  1
  90 100  1
 152 100  1
 153 100  1
 167 100  1
  47 101  1
 244 101  1
 171 102  1
   1 103  1
  67 103  1
 101 103  1
 102 103  1
 163 103  1
   6 104  1
   7 104  1
 139 104  1
 212 104  1
  33 105  1
  78 105  1
  79 105  1
 104 105  1
 132 105  1
 159 105  1
  50 106  1
  64 106  1
 154 106  1
   5 107  1
 128 107  1
 141 107  1
 142 107  1
  30 108  1
 175 108  1
  79 109  1
  80 109  1
 126 109  1
 155 109  1
  27 110  1
  65 110  1
 175 110  1
   6 111  1
  18 111  1
  70 111  1
  75 111  1
  98 111  1
 109 111  1
 117 111  1
 133 111  1
 242 111  1
   1 112  1
 119 114  1
 128 114  1
 153 114  1
   1 115  1
 168 115  1
 222 115  1
 224 115  1
  16 116  1
 211 116  1
 141 117  1
 202 117  1
 203 117  1
 213 117  1
 247 117  1
  83 118  1
 128 119  1
 156 119  1
 157 119  1
 186 119  1
 213 119  1
 123 120  1
 159 120  1
 188 120  1
 189 120  1
  33 121  1
 210 121  1
 211 121  1
 215 121  1
  72 122  1
 148 122  1
 213 122  1
 217 122  1
 218 122  1
 272 122  1
  13 123  1
  25 123  1
  38 123  1
  58 123  1
  96 123  1
 127 123  1
 146 123  1
 166 123  1
 167 123  1
 258 123  1
  31 124  1
 107 124  1
 116 124  1
 227 124  2
  42 125  1
  68 125  1
 253 125  1
 276 125  1
 277 125  1
  46 126  1
 199 126  1
 225 126  1
  70 127  1
 189 127  1
 196 127  1
 201 127  1
  27 128  1
  34 129  1
  35 129  1
  41 129  1
  49 129  1
  77 129  1
 101 129  1
 145 129  1
 201 129  1
 263 129  1
 271 129  1
  32 130  1
  44 130  1
  67 130  1
  93 130  1
 122 130  1
 151 130  1
 219 130  1
 235 130  1
 253 130  1
  12 131  1
  82 131  1
 213 131  1
 227 131  1
 275 131  1
  28 132  1
 231 132  1
 124 133  1
 125 133  1
 247 133  1
 261 133  1
   3 134  1
 193 134  1
 194 134  1
 277 134  1
 278 134  1
   8 135  1
   9 135  1
  20 135  1
  27 135  1
  65 135  1
  87 135  1
 231 135  1
 247 135  1
  56 136  1
 151 136  1
 189 136  1
 236 136  1
 237 136  1
  85 137  1
  86 137  1
  87 137  1
 244 137  1
  79 138  1
 129 138  1
 130 138  1
  14 139  1
 117 139  1
  23 140  1
  51 140  1
 249 140  1
 273 140  1
 274 140  1
 164 141  1
 168 141  1
 225 141  1
 226 141  1
  81 142  1
 110 142  1
 123 142  1
 249 142  1
 280 142  1
 281 142  1
   1 143  1
   7 143  1
  93 143  1
 130 143  1
 151 143  1
 161 143  1
 168 143  1
  14 144  1
  22 144  1
 220 144  1
 241 144  1
 255 144  1
   8 145  1
  68 145  1
  16 146  1
 234 146  1
   1 147  1
  21 147  1
  41 147  1
  51 147  1
  94 147  1
 153 147  1
 174 147  1
 202 147  1
 241 147  1
  26 148  1
  46 148  1
  47 148  1
  74 148  1
  75 148  1
 234 148  1
 255 148  1
  44 149  1
  68 149  1
  87 149  1
 190 149  1
 248 149  1
 155 150  1
 266 150  1
  19 151  1
  28 151  1
 236 151  1
   6 152  1
  14 152  1
  72 152  1
  73 152  1
 232 152  1
  33 153  1
  86 153  1
 164 153  1
 180 153  1
 242 153  1
 250 153  1
  90 154  1
  33 155  1
  75 155  1
  76 155  1
  25 156  1
  83 156  1
 147 156  1
 166 156  1
 196 156  1
 238 156  1
 256 156  1
 123 157  1
 173 157  1
 174 157  1
   1 159  1
 141 159  1
 160 159  1
 115 160  1
 182 160  1
 245 160  1
 146 161  1
 147 161  1
 170 161  1
 282 161  1
 283 161  1
 239 162  1
 240 162  1
 254 162  1
   1 163  1
 113 163  1
 114 163  1
 167 163  1
 168 163  1
 176 163  1
 181 163  1
 199 163  1
 162 164  1
 244 164  1
 245 164  1
 148 165  1
 157 165  1
 258 165  1
 248 166  1
 249 166  1
 250 166  1
 120 167  1
 177 167  1
   7 168  1
 281 168  1
 282 168  1
 179 169  1
 205 169  1
 237 169  1
 231 171  1
 260 172  1
  10 173  1
  11 173  1
 204 173  1
 171 174  1
 175 174  1
 189 174  1
 210 174  1
   2 175  1
   3 175  1
 195 176  1
 199 176  1
 217 176  1
 168 177  1
 185 177  1
 253 177  1
 207 178  1
   3 179  1
   4 179  1
 200 179  1
 249 179  1
 251 179  1
  77 180  1
 213 180  1
 216 180  1
  99 181  1
 114 181  1
 173 181  1
 276 181  1
  98 183  1
 180 183  1
 235 183  1
 116 184  1
 120 184  1
 128 184  1
 134 184  1
 159 184  1
 184 184  1
 274 184  1
  11 185  1
  12 185  1
 152 185  1
 232 185  1
 127 186  1
 147 187  1
 189 187  1
 210 187  1
 211 187  1
 136 188  1
 137 188  1
 206 188  1
 226 188  1
   8 189  1
  94 189  1
 163 189  1
 165 189  1
 146 190  1
 161 190  1
 203 190  1
 269 190  1
  77 191  1
 139 191  2
 141 191  1
 143 191  1
 168 191  1
 170 191  1
 181 191  1
 218 191  1
 219 191  1
 131 192  1
 136 192  1
 124 193  1
 176 194  1
 235 194  1
  76 195  1
  92 195  1
 133 196  1
 141 196  1
 203 196  1
 225 196  1
 226 196  1
 230 196  1
 265 196  1
 189 197  1
 214 197  1
  15 198  1
 196 198  1
 198 198  1
 199 198  1
 234 198  1
 193 199  1
  38 200  1
  60 200  1
  61 200  1
  87 200  1
 153 200  1
 175 201  1
 187 201  1
 188 201  1
 226 201  1
 227 201  1
  42 202  1
 134 202  1
 219 202  1
  33 203  1
  56 203  1
 141 203  1
  30 204  1
  52 204  1
 121 204  1
 122 204  1
 141 205  1
 154 205  1
 205 205  1
  24 206  1
  45 206  1
  58 206  1
  60 206  1
  61 206  1
  65 206  1
 162 206  1
 163 206  1
 225 206  1
 134 207  1
 234 207  1
 235 207  1
 121 208  1
 122 208  1
 139 208  1
 147 208  1
 148 208  1
 212 208  1
 191 209  1
 200 209  1
 201 209  1
 229 209  1
  97 210  1
 125 210  1
 158 210  1
  87 211  1
 128 212  1
 135 212  1
 100 213  1
 156 213  1
 189 213  1
  32 214  1
  33 214  1
  43 214  1
  70 214  1
 232 214  1
  54 215  1
  75 215  1
 207 215  1
  38 216  1
 148 216  1
 185 216  1
 187 216  1
 221 216  1
 144 217  1
 155 217  1
  95 218  1
  96 218  1
 150 218  1
 176 218  1
 182 218  1
 203 218  1
 210 218  1
  52 219  1
 102 219  1
 242 219  1
  46 220  1
  90 220  1
 153 220  1
 205 220  1
  94 221  1
 114 221  1
 136 221  1
 137 221  1
 138 221  1
 141 222  1
 186 222  1
  97 223  1
 115 223  1
 116 223  1
  51 224  1
  70 224  1
  83 224  1
 143 224  1
  78 225  1
  89 225  1
  90 225  1
 118 225  1
 122 225  1
 149 225  1
 217 225  1
 218 225  1
 190 226  1
 191 226  1
 192 226  1
 231 226  1
  55 227  1
  56 227  1
  69 227  1
  76 227  1
 155 228  1
 156 228  1
 228 228  1
  71 229  1
  82 233  1
 118 233  1
 127 233  1
 197 233  1
 202 233  1
 122 234  1
 123 234  1
 220 234  1
  69 235  1
  70 235  1
 198 235  1
 205 236  1
  75 237  1
 199 237  1
 200 239  1
 213 239  1
  89 241  1
 207 241  1
 153 242  1
 154 242  1
 136 243  1
 141 243  1
 203 243  1
 204 243  1
  92 244  1
  93 244  1
  98 245  1
 121 245  1
 126 245  1
 150 245  1
 200 246  1
 146 247  1
 105 248  1
 193 250  1
 140 251  1
 152 254  1
 156 255  1
 178 255  1
 159 256  1


count = 759