 138   3  1
 153   3  1
 131   5  1
 128   6  1
 157   8  1
 120   9  1
 209  10  1
 148  11  1
 117  12  1
 134  12  1
 113  13  1
 114  13  1
 148  13  1
 216  14  1
 150  15  1
 135  16  1
 113  21  1
 118  21  1
  98  24  1
 150  25  1
 151  25  1
  96  26  1
  89  30  1
  87  31  1
 237  32  1
  83  35  1
  84  35  1
 153  35  1
 154  35  1
 170  35  1
  81  36  1
 161  36  1
 169  40  1
  86  41  1
 164  41  1
 179  42  1
 164  43  1
 177  43  1
  95  45  1
 105  45  1
 110  45  1
  73  46  1
 136  46  1
 153  46  1
 174  46  1
 187  46  1
  81  47  1
  85  47  1
 138  47  1
 159  47  1
 207  47  1
 148  48  1
 215  48  1
  70  50  1
 123  50  1
  97  51  1
 108  51  1
 146  51  1
 139  52  1
 218  52  1
 219  52  1
 226  52  1
 230  52  1
 141  55  1
  52  56  1
 186  58  1
 252  58  1
 192  59  1
 130  60  1
 201  60  1
 226  60  1
  45  61  1
  68  61  1
  69  61  1
 169  61  1
 175  61  1
 194  61  1
 196  61  1
 263  61  1
  53  62  1
 137  63  1
 194  63  1
 208  65  1
 258  65  1
 266  65  1
  74  66  1
 185  66  1
 186  66  1
 223  66  1
 235  66  1
  78  67  1
  79  67  1
 142  67  1
 143  67  1
 219  67  1
 221  67  1
 225  67  1
 231  67  1
  49  68  1
  50  68  1
 214  68  1
 257  68  1
 258  68  1
  77  70  1
 208  70  1
 176  71  1
 177  71  1
 248  71  1
 270  71  1
 131  72  1
 144  72  1
 188  72  1
 251  72  1
  43  73  1
 253  74  1
 255  74  1
 256  74  1
 199  75  1
 272  75  1
 273  75  1
 197  76  1
 167  77  1
  35  78  1
 174  78  1
 159  80  1
  83  82  1
 164  82  1
 165  82  1
 166  82  1
 173  83  1
 174  83  1
  25  84  1
 253  84  2
 255  84  1
 188  85  1
 277  85  1
 278  85  1
  21  86  1
  22  86  1
  82  86  1
  83  86  1
 156  86  1
 169  86  1
  46  89  1
  26  90  1
  33  90  1
 174  90  1
 175  90  1
 182  90  1
  78  91  1
 187  91  1
 215  91  1
 216  91  1
 217  91  1
 279  91  1
 280  91  1
 231  92  1
 232  92  1
 183  93  1
  44  94  1
  45  94  1
 187  94  1
 280  94  1
 281  94  1
 215  95  1
 216  95  1
 177  96  1
 205  96  1
 206  96  1
  12  97  1
 166  98  1
  37  99  1
 169 100  1
 170 100  1
 186 100  1
 281 100  1
 282 100  1
  34 101  1
  35 101  1
 225 101  2
 226 101  1
   6 102  1
 186 102  1
  65 103  1
  74 103  1
 233 103  1
 237 103  1
 238 103  1
   1 104  1
  74 105  1
 204 105  1
 208 105  1
 232 105  1
 233 105  1
 250 105  1
   1 106  1
   7 106  1
 167 106  1
 168 106  1
 187 106  1
 245 106  1
  22 107  1
 239 108  1
  76 109  1
 163 109  1
 197 109  1
 225 109  1
  71 110  1
 231 110  1
 160 112  1
 107 113  1
 226 113  1
 249 113  1
  83 114  1
  84 114  1
 104 114  1
 115 115  1
 168 115  1
 169 115  1
 180 115  1
  88 116  1
  98 116  1
 164 116  1
   1 117  1
 194 117  1
 258 117  1
 161 118  1
   1 119  1
 168 119  1
 174 119  1
  15 120  1
 119 120  1
 185 120  1
 186 120  1
 260 120  1
 261 120  1
 151 121  1
 169 121  1
 214 121  1
  25 122  1
 120 122  1
 146 122  1
 231 122  1
 129 123  1
 142 123  1
 220 123  1
 225 123  1
 235 123  1
  12 124  1
  18 124  1
  91 124  1
  96 124  1
 116 124  1
 118 124  1
 216 124  1
 134 125  1
 176 125  1
 210 126  1
 215 126  1
 272 126  1
 273 126  1
 274 126  1
  23 127  1
  27 127  1
 177 127  1
 178 127  1
 250 127  1
  20 128  1
  34 128  1
 157 128  1
 219 128  1
 240 128  1
 248 128  1
  92 129  1
 132 129  1
 139 129  1
 177 129  1
 178 129  1
  31 130  1
 147 130  1
 154 130  1
 234 130  1
 245 130  1
 258 130  1
  99 131  1
 208 131  1
  12 132  1
  14 132  1
  21 132  1
  26 132  1
  27 132  1
 114 132  1
 252 132  1
 273 132  1
 274 132  1
  89 133  1
 161 134  1
 162 134  1
 202 134  1
  17 135  1
  18 135  1
 167 135  1
 194 135  1
 151 136  1
 234 136  1
 236 136  1
 242 136  1
  20 137  1
  21 137  1
  24 137  1
  40 137  1
 137 137  1
 272 137  1
  10 139  1
 128 139  1
 157 139  1
 243 139  1
  93 140  1
  95 140  1
 201 140  1
 250 140  1
  80 141  1
 116 141  1
 253 141  1
  11 142  1
 193 142  1
  13 143  1
 159 143  1
 204 143  1
  37 144  1
 143 144  1
 144 144  1
 260 144  1
 262 144  1
  16 145  1
 173 146  1
 121 147  1
  85 148  1
 129 148  1
 131 148  1
 157 148  1
 174 148  1
 175 148  1
  96 149  1
 116 149  1
 265 149  1
 266 149  1
  93 150  1
 142 151  1
  15 153  1
  89 153  1
  90 153  1
 144 153  1
 156 153  1
  71 154  1
  72 154  1
  81 154  1
  83 154  1
  85 154  1
 149 155  1
  11 156  1
 262 156  1
  34 157  1
  74 157  1
 175 158  1
  79 159  1
  85 159  1
  12 160  1
  75 160  1
 147 160  1
 148 160  1
 153 161  1
 178 161  1
 180 161  1
 279 161  1
 280 161  1
   8 162  1
   9 162  1
  10 162  1
  68 162  1
  70 162  1
  36 163  1
  86 164  1
  87 164  1
 174 164  1
 175 164  1
 278 164  1
 279 164  1
   4 165  1
   5 165  1
  10 166  1
  11 166  1
  40 166  1
 196 167  1
 210 167  1
  87 168  1
 241 169  1
 199 170  1
 200 170  1
 276 170  1
 277 170  1
 170 173  1
 174 173  1
 192 173  1
 199 174  1
  37 175  1
 178 175  1
 181 176  1
 185 176  1
 264 176  1
 265 176  1
 260 177  1
 267 177  1
   8 178  1
   9 178  1
 193 178  1
 273 178  1
 239 179  1
 240 179  1
 210 180  1
  31 181  1
 206 181  1
  18 184  1
 259 184  1
 265 184  1
  29 186  1
  40 186  1
 140 187  1
 153 187  1
  13 188  1
  29 188  1
 157 188  1
  34 189  1
 145 189  1
  37 190  1
 157 190  1
 157 192  1
  32 193  1
  33 193  1
  39 194  1
  40 194  1
 141 194  1
 142 194  1
 144 194  1
 150 194  1
  21 195  1
  23 196  1
  47 196  1
  48 196  1
 138 196  1
 139 196  1
 162 197  1
 167 197  1
  24 198  1
 169 198  1
 159 200  1
 163 201  1
  29 202  1
  40 202  1
  47 202  1
 266 203  1
  31 204  1
  51 207  1
  59 207  1
  38 208  1
  46 208  1
 107 208  1
 164 208  1
 165 208  1
 166 208  1
  42 211  1
 236 212  1
 244 212  1
  46 213  1
 160 213  1
 246 213  1
  70 214  1
  71 214  1
 162 214  1
 259 214  1
 258 216  1
  51 217  1
  52 217  1
 105 218  1
 106 218  1
 110 218  1
 111 218  1
 122 218  1
 236 219  1
 256 219  1
  84 221  1
  91 221  1
 253 221  1
  77 222  1
 103 222  1
  69 223  1
  70 223  1
 235 223  1
 252 223  1
 241 224  1
 243 224  1
 244 224  1
  82 225  1
  67 227  1
 107 227  1
 108 227  1
  73 228  1
  76 229  1
 101 229  1
 102 229  1
 176 230  1
 211 230  1
 119 231  1
 120 231  1
 235 231  1
 101 232  1
 157 232  1
 173 232  1
 106 233  1
 122 234  1
 172 234  1
 173 234  1
 241 234  1
  93 235  1
 115 235  1
  97 236  1
 155 236  1
 192 236  1
 196 236  1
 197 236  1
 209 236  1
 238 237  1
 123 238  1
 169 238  1
 155 240  1
 175 240  1
 220 240  1
 119 241  1
 158 243  1
 160 243  1
 211 243  1
 197 244  1
 216 244  1
 158 245  1
 131 246  1
 191 246  1
 196 246  1
 198 246  1
 219 246  1
 157 248  1
 136 250  1
 192 250  1
 196 250  1
 168 251  1
 161 253  1
 165 254  1
 211 254  1
 178 256  1


count = 558