 139   1  1
 145   1  1
 166   1  1
 176   1  1
 136   2  1
 126   5  1
 124   6  1
 114  11  1
 205  12  1
 156  14  1
 157  14  1
 190  14  1
 209  14  1
 108  15  1
 122  15  1
 124  15  1
 188  16  1
 195  16  1
 193  17  1
 213  17  1
 161  18  1
 218  21  1
 127  23  1
  84  24  1
 188  24  1
 189  24  1
  82  26  1
 188  27  1
  78  28  1
 122  29  1
 229  29  1
  72  31  1
  69  32  1
 116  33  1
 133  33  1
 104  34  1
 111  34  1
 192  34  1
  78  35  1
 109  35  1
 101  37  1
 137  38  1
 138  38  1
 100  39  1
 101  39  1
 104  39  1
 105  39  1
 143  40  1
 107  41  1
 245  41  1
  35  42  1
 115  42  1
 147  43  1
 138  44  1
 124  45  1
  79  46  1
  80  46  1
  98  46  1
 150  46  1
 176  47  1
  92  50  1
 108  50  1
 118  50  1
 153  50  1
  91  52  1
 171  52  1
 255  52  1
 146  53  1
 171  54  1
 155  55  1
 175  56  1
  87  57  1
 149  57  1
  83  58  1
 183  59  1
 260  60  1
 261  60  1
 179  61  1
  14  64  1
 146  65  1
 147  65  1
 264  65  1
 181  66  1
 149  67  1
 178  69  1
 267  69  1
 102  70  1
 150  73  1
 151  73  1
 214  73  1
 100  74  1
 176  74  1
 177  74  1
 271  75  1
 272  75  1
 219  76  1
 146  77  1
 187  77  1
 192  78  1
 193  78  1
 221  78  1
 273  78  1
 274  78  1
   7  79  1
   8  79  1
 176  80  1
 177  80  1
 186  80  1
 229  82  1
 138  83  1
  12  84  1
  13  84  1
 132  84  1
  13  87  1
  14  87  1
 131  87  1
 189  88  1
 208  88  1
 278  88  1
 279  88  1
 178  89  2
 179  89  1
 180  89  1
 189  90  1
 190  90  1
 200  90  1
 219  90  1
 241  90  1
  71  91  1
  76  91  1
 243  91  1
 101  92  2
 102  92  1
 103  92  1
 125  92  1
 126  92  1
 178  93  1
 179  93  1
 190  93  1
 191  93  1
 196  93  1
 280  93  1
 281  93  1
  69  94  1
  70  94  1
 224  95  1
 225  95  1
  65  97  1
 178  98  1
 230  98  1
 239  98  1
 242  98  1
 282  98  1
 283  98  1
 113  99  1
 191  99  1
   3 100  1
   4 100  1
  64 100  1
 104 100  1
 119 100  1
 197 100  1
 110 101  1
 180 101  1
  64 102  1
 265 102  1
 110 103  1
 115 104  1
 116 104  1
 196 104  1
 111 105  1
 171 107  1
 262 108  1
 110 109  1
 269 110  1
 182 111  1
 259 111  1
 260 111  1
  76 112  1
 173 112  1
 168 113  1
 184 113  1
 110 114  1
  77 115  1
 112 116  1
 209 116  1
 114 117  1
 187 117  1
  83 118  1
 160 118  1
 118 119  1
 170 120  1
 259 120  1
  97 121  1
 103 121  1
 168 121  1
 183 121  1
 191 121  1
 196 121  1
  86 122  1
  99 122  1
 100 122  1
 112 122  1
 165 123  1
  18 124  1
  28 124  1
 109 124  1
 116 124  1
 279 124  1
 280 124  1
  14 125  1
  45 125  1
 104 125  1
 138 125  1
 202 125  1
 101 126  1
 123 126  1
 198 126  1
  31 127  1
  39 127  1
  52 127  1
 134 127  1
 165 127  1
 166 127  1
 189 127  1
 274 127  1
   6 128  1
  35 128  1
 160 128  1
 218 128  1
  51 129  1
  84 129  1
 233 129  1
 247 129  1
 248 129  1
 266 129  1
  11 130  1
  16 130  1
 192 130  1
 198 130  1
 206 130  1
 245 130  1
 262 131  1
 128 132  1
 136 132  1
 158 132  1
 165 132  1
 260 132  1
  91 133  1
 206 133  1
 232 133  1
 233 133  1
 251 133  1
  11 134  1
  39 134  1
 197 134  1
 210 134  1
 239 134  1
  25 135  1
  26 135  1
 122 135  1
 123 135  1
 149 135  1
 259 135  1
 278 135  1
 279 135  1
  33 136  1
  35 136  1
 161 136  1
 166 136  1
 192 136  1
 193 136  1
 261 136  1
 263 136  1
 156 137  1
 235 137  1
 163 138  1
 171 138  1
 268 139  1
   2 140  1
  77 141  1
  82 141  1
 172 141  1
 173 141  1
 193 141  1
 106 143  1
 111 143  1
 112 143  1
   8 144  1
   9 144  1
 101 144  1
 181 144  1
 271 144  1
 274 145  1
  78 146  1
 279 146  1
 280 146  1
 168 148  1
 180 148  1
 181 148  1
 280 149  1
 281 149  1
  73 152  1
  99 152  1
 100 152  1
 115 153  1
  68 154  1
  95 154  1
  96 154  1
 111 154  1
   3 155  1
   4 155  1
 177 155  1
 178 155  1
  78 157  1
  79 157  1
  91 158  1
  93 158  1
 179 158  1
 186 158  1
  65 159  1
  81 159  1
 184 160  1
 194 160  1
 122 162  1
  64 164  1
  65 164  1
 183 164  1
 184 164  1
  74 165  1
 118 165  1
 119 165  1
   5 166  1
   6 166  1
 102 166  1
 104 166  1
  65 168  1
  74 169  1
 112 169  1
  69 170  1
 180 170  1
  78 171  1
 175 171  1
 177 172  1
  80 173  1
  81 173  1
 131 173  1
 206 173  1
 207 173  1
  74 174  1
 172 174  1
  69 175  1
  70 175  1
 210 175  1
 133 176  1
 193 176  1
 275 176  1
  85 177  1
 218 180  1
 219 180  1
 188 181  1
 193 181  1
 145 183  1
 176 183  1
 183 183  1
 217 184  1
  64 185  1
 268 185  1
  69 186  1
 176 188  1
 177 188  1
  57 189  1
  61 189  1
 182 191  1
  12 192  1
 266 192  1
 267 192  1
  69 193  1
 174 193  1
 175 193  1
 184 193  1
  69 195  1
 169 195  1
 170 195  1
  91 196  1
 158 196  1
 162 197  2
 265 197  1
 266 197  1
  16 198  1
  70 199  1
  74 199  1
 159 200  1
 164 201  1
  27 202  1
  31 202  1
  93 203  1
  94 203  1
 263 203  1
  82 204  1
  86 204  1
 163 204  1
 164 204  1
  32 205  1
  37 205  1
 104 206  1
 145 206  1
 155 206  1
  24 207  1
 141 207  1
 159 208  1
  97 209  1
  98 209  1
  38 210  1
 117 210  1
 127 210  1
 144 210  1
  34 211  1
 113 211  1
 138 211  1
 139 211  1
 148 211  1
 157 212  1
 142 214  1
 153 214  1
 154 214  1
 115 215  1
  86 216  1
  96 216  1
  35 217  1
 125 217  1
 126 217  1
 140 217  1
  81 219  1
  96 220  1
 245 220  1
  39 221  1
  82 221  1
 242 222  1
  40 223  1
  41 223  1
  93 223  1
 126 223  1
 152 223  1
  44 224  1
 240 224  1
 155 225  1
  82 226  1
  93 226  1
 106 226  1
 107 226  1
 122 226  1
 123 226  1
 154 227  1
  93 228  1
 131 228  1
 154 229  1
 101 230  1
 115 231  1
 120 231  1
 140 231  1
 150 231  1
 159 231  1
 107 232  1
 148 232  1
 109 236  1
 145 236  1
  90 237  1
  92 237  1
 138 237  1
 139 237  1
 113 239  1
 115 239  1
 221 239  1
 123 240  1
 132 241  1
 142 242  1
 108 243  1
 109 243  1
 215 243  1
 139 244  1
 175 244  1
 132 246  1
 182 246  1
 211 246  1
 136 247  1
 189 247  1
 209 248  1
 120 249  1
 204 249  1
 177 251  1
 191 252  1
 131 253  1
 179 255  1
 143 256  1


count = 495