 151   1  1
 183   1  1
 134   3  1
 208   4  1
 126   5  1
 123   6  1
 190   6  1
 214   6  1
 217   7  1
 149   8  1
 195   8  1
 220   8  1
 169  10  1
 170  10  1
 110  11  1
 111  11  1
 145  11  1
 141  12  1
 154  12  1
 226  12  1
 134  13  1
 135  13  1
 159  13  1
 169  13  1
 100  15  1
 174  15  1
 175  15  1
 231  15  1
 195  16  1
 196  16  1
 220  16  1
  90  17  1
 147  17  1
 165  17  1
 234  17  1
 224  18  1
 144  19  1
 196  19  1
 197  19  1
 211  19  1
 212  19  1
 221  19  1
 103  20  1
 183  20  1
 219  20  1
 240  20  1
 113  21  1
 112  23  1
 140  23  1
 160  23  1
 203  23  1
 204  23  1
 217  23  1
  85  24  1
 152  24  1
  91  25  1
  96  25  1
  97  25  1
 129  25  1
 181  25  1
 210  25  1
 234  25  1
 246  25  1
 250  27  1
  78  28  1
  81  28  1
  84  28  1
  85  28  1
 196  28  1
 197  28  1
 240  28  1
 241  28  1
 113  29  1
 135  29  1
 160  29  1
 165  29  1
 166  29  1
 209  29  1
 153  30  1
 170  30  1
 175  30  1
 229  30  1
 161  31  1
 181  31  1
 182  31  1
 157  32  1
 246  32  1
  70  33  1
 165  33  1
 196  33  1
 116  34  1
 168  34  1
 192  34  1
  62  35  1
  72  35  1
  76  35  1
 128  35  1
 107  36  1
 118  36  1
 123  36  1
 221  36  1
 100  37  1
 194  37  1
  63  38  1
  67  38  1
  68  38  1
  79  38  1
  89  38  1
 130  38  1
 157  38  1
 158  38  1
 262  38  1
 175  39  1
  57  40  1
  84  40  1
  92  40  1
 194  40  1
 158  41  1
  84  42  1
 117  42  1
 131  42  1
 163  43  1
 241  43  2
 242  43  2
 243  43  1
 118  45  1
 120  45  1
 178  45  1
 182  45  1
  36  46  1
 269  46  1
  94  48  2
 241  48  1
  70  49  1
 116  49  2
 128  49  1
 129  49  1
 254  49  1
 255  49  1
  92  50  1
 208  50  1
  60  51  1
  61  51  1
 239  51  1
  93  52  1
 234  52  1
 272  52  1
 273  52  1
  61  53  1
 256  53  1
 257  53  1
  93  54  1
  94  54  1
 208  54  1
 210  54  1
 212  54  1
  65  55  1
  75  55  1
 120  55  1
 121  55  1
 240  55  1
 241  55  1
 259  56  1
 260  56  1
  25  57  1
 225  57  1
  88  58  1
  89  58  1
 130  58  1
 131  58  1
  83  60  1
 126  60  1
 207  60  1
 277  61  1
 109  62  1
 210  62  1
 234  64  1
  52  65  1
 109  65  1
 123  65  1
  24  67  1
  25  67  1
  59  67  1
 114  67  1
 230  69  1
 280  69  1
 281  69  1
  34  71  1
  35  71  1
  58  71  1
  27  72  1
  28  72  1
  40  72  1
  95  72  1
  96  72  1
 271  72  1
 272  72  1
 229  73  1
 230  73  1
  60  74  1
  64  74  1
 238  75  1
 246  75  1
 257  75  1
  71  76  1
  77  76  1
  14  77  1
  15  77  1
  35  77  1
  36  77  1
  27  78  1
 235  78  1
 265  78  1
  30  79  1
 230  79  1
 267  79  1
 246  81  1
  15  82  1
 264  82  1
   6  83  1
   7  83  1
  17  84  1
 186  84  1
 226  84  1
 227  84  1
 233  84  1
 234  84  1
 277  84  1
  13  85  1
 178  85  1
 246  85  1
 185  86  1
 186  86  1
 253  86  1
 259  86  1
  28  88  1
 175  88  1
 181  88  1
  14  89  1
 145  90  1
  21  91  1
 149  91  1
 161  91  1
 255  91  1
 151  92  1
  13  93  1
 265  94  1
  10  95  1
 271  95  1
  36  96  1
 128  96  1
 262  96  1
  15  97  1
 276  97  1
 277  97  1
  22  99  1
 109  99  1
 122  99  1
 198  99  1
 199  99  1
 216  99  1
 217  99  1
  36 100  1
  37 100  1
  75 100  1
 114 100  1
 207 100  1
 259 100  1
   2 102  1
   3 102  1
 202 102  1
 206 102  1
 244 102  1
 221 103  1
 225 103  1
   9 104  1
  78 104  1
 151 104  1
 132 105  1
 226 105  1
 227 105  1
  55 106  1
  56 106  1
  78 106  1
  95 106  1
 196 106  1
 197 106  1
 267 106  1
  86 107  1
 128 107  1
 165 107  1
 221 107  1
 250 107  1
 270 107  1
  25 108  1
  26 108  1
  48 108  1
  88 108  1
 161 108  1
 162 108  1
  74 109  1
 124 109  1
 136 109  1
 137 109  1
  14 110  1
 118 110  1
 145 110  1
 159 110  1
 189 110  1
 190 110  1
 192 110  1
 230 110  1
   8 111  1
 140 112  1
   1 114  1
   6 114  1
   7 114  1
  13 114  1
  14 114  1
  65 114  1
  72 114  1
  76 114  1
 115 114  1
 116 114  1
 258 114  1
  39 115  1
  79 115  1
 128 115  1
 137 115  1
 222 115  1
 223 115  1
 232 115  1
 238 115  1
  79 117  1
 143 117  1
   1 118  1
  92 118  1
   6 119  1
  36 119  1
  46 119  1
  59 119  1
  60 119  1
  65 119  1
 147 119  1
 265 119  1
  68 120  1
 223 120  1
  20 121  1
  21 121  1
 228 121  1
   2 122  1
  41 122  1
 114 122  1
  17 124  1
 102 124  1
 112 124  1
 114 124  1
 150 124  1
  39 125  1
  65 125  1
 110 125  1
 273 125  1
 282 125  1
 283 125  1
  96 126  1
 265 126  1
 266 126  1
  33 127  1
  76 127  1
 228 127  1
 238 127  1
 273 127  1
   6 128  1
   7 128  1
  20 128  1
  92 128  1
 150 128  1
 151 128  1
 158 128  1
  82 129  1
 119 129  1
 277 129  1
  39 130  1
  72 130  1
  98 130  1
  99 130  1
 112 130  1
 114 130  1
 217 130  1
 235 130  1
 246 130  1
  43 131  1
  47 131  1
  77 131  1
 121 131  1
 272 131  1
 274 131  1
   7 132  1
  94 132  1
 161 132  1
 165 132  1
 175 132  1
 176 132  1
 265 132  1
  24 133  1
  30 133  1
  34 133  1
  52 133  1
 124 133  1
 125 133  1
  65 134  1
  81 134  1
  87 134  1
 185 134  1
 221 134  1
 233 134  1
  10 136  1
  67 136  1
 216 136  1
 223 136  1
 230 136  1
  72 137  1
 131 137  1
 133 137  1
 135 137  1
 158 137  1
 268 137  1
 269 137  1
  22 138  1
  31 138  1
  76 138  1
 184 138  1
 189 138  1
 201 138  1
  11 139  1
  34 139  1
  49 139  1
  50 139  1
  94 139  1
 158 139  1
 177 139  1
 206 139  1
 228 139  1
 243 139  1
 244 139  1
  54 140  1
 129 140  1
 152 140  1
 153 140  1
 255 140  1
 274 140  1
  60 141  1
  61 141  1
 249 141  1
 280 141  1
 281 141  1
 177 142  1
 184 142  1
 266 142  1
 159 143  1
 166 143  1
 171 143  1
 182 143  1
 236 144  1
  33 145  1
 272 145  1
 154 146  1
 251 146  1
   7 147  1
   9 147  1
 125 147  1
 191 147  1
 122 148  1
 123 148  1
 239 148  1
 271 148  1
 189 149  1
  15 150  1
  16 150  1
 111 150  1
 112 150  1
 261 150  1
 266 150  1
 235 151  1
 263 151  1
 264 151  1
 250 152  1
 253 152  1
   2 153  1
   3 153  1
 189 153  1
 248 153  1
 117 154  1
 186 154  1
  15 155  1
  23 156  1
 182 156  1
 183 156  1
  26 157  1
 204 157  1
 226 157  1
 229 157  1
 250 157  1
 263 157  1
 242 158  1
  11 159  1
  12 159  1
  29 159  1
 270 159  1
 221 160  1
 240 161  1
 241 161  1
  36 162  1
  45 162  1
 139 162  1
  13 163  1
  32 163  1
  46 164  1
 210 164  1
 225 164  1
 226 164  1
 248 164  1
 145 165  1
 146 165  1
 186 165  1
 193 165  1
 228 165  1
 234 165  1
 153 166  1
 202 166  1
  39 167  1
  56 167  1
  58 167  1
 103 167  1
 165 167  1
  12 168  1
  34 168  1
  41 168  1
  43 168  1
 171 168  1
 172 168  1
 175 168  1
 206 168  1
 264 168  1
  45 169  1
 179 169  1
 250 169  1
 262 169  1
 258 170  1
 260 170  1
  13 171  1
  31 171  1
  50 171  1
  53 171  1
  54 171  1
  70 171  1
 167 171  1
 171 171  1
 180 171  1
 185 171  1
 221 172  1
 228 172  1
 236 172  1
  56 173  1
 218 173  1
 219 173  1
 243 173  1
  36 174  1
  34 175  1
 239 175  1
 246 175  1
  18 176  1
  29 176  1
  30 176  1
  48 176  1
  67 176  1
 254 176  1
  54 177  1
  95 177  1
 230 177  1
 233 177  1
 234 177  1
  50 178  1
 101 178  1
  12 179  1
  34 179  1
 226 179  1
 242 179  1
 249 179  1
  30 181  1
  86 182  1
 224 182  1
 251 182  1
 252 182  1
 258 182  1
 207 183  1
  31 185  1
  81 185  1
 263 185  1
 180 186  1
 222 186  1
 223 186  1
  86 187  1
  87 187  1
 215 187  1
 270 187  1
 271 187  1
  32 188  1
 122 188  1
 180 188  1
 109 189  1
 111 189  1
 171 189  1
  74 190  1
  76 190  1
  81 190  1
 200 190  1
  32 191  1
 220 191  2
 112 192  1
 257 192  1
 262 192  1
 263 192  1
 264 192  1
  23 193  1
 177 193  1
 199 195  1
 213 195  1
 214 195  1
 268 195  1
 269 195  1
 119 197  1
 205 197  1
 209 197  1
 183 198  1
 122 199  1
 173 199  1
 214 199  1
  30 200  1
 110 200  1
 241 200  1
 243 200  1
 245 200  1
 171 201  1
 116 203  1
 176 203  1
 240 203  1
 219 204  1
 223 204  1
  35 205  1
 230 205  1
 112 206  1
 180 206  1
 181 206  1
 185 206  1
 234 206  1
  74 208  1
  75 208  1
 120 208  1
 121 208  1
 176 208  1
 177 208  1
 240 208  1
 103 209  1
 104 209  1
 115 209  1
 154 209  1
 155 209  1
  74 210  1
 107 210  1
 217 210  1
 224 211  1
 107 212  1
  69 213  1
 112 213  1
 158 213  1
 161 214  1
  47 215  1
  99 215  1
 247 215  1
  93 216  1
 215 216  1
 224 216  1
 238 216  1
 239 216  1
 116 217  2
  68 218  1
 217 218  1
 221 218  1
 243 219  1
  54 220  1
 148 220  1
 170 220  1
 171 220  1
  99 221  1
 249 221  1
 117 222  1
 118 222  1
 161 222  1
  60 223  1
  81 223  1
 207 223  1
 208 223  1
  86 224  1
 114 224  1
 148 224  1
 149 224  1
 161 224  1
 104 225  1
 128 225  1
  78 226  1
 168 226  1
 244 226  1
 100 227  1
 156 227  1
 212 227  1
 213 227  1
 139 228  1
 161 228  1
 165 228  1
  70 229  1
 111 229  1
 170 229  1
 215 229  1
 209 230  1
 125 231  1
 110 232  1
 135 232  1
 214 232  1
  79 234  1
  80 234  1
 107 234  1
 108 234  1
 122 234  1
 135 234  1
 158 234  1
 159 234  1
 169 234  1
 170 234  1
 151 235  1
 197 235  1
 212 235  1
 108 236  1
 175 236  1
 176 236  1
 207 236  1
 100 237  1
 232 237  1
  89 238  1
 130 238  1
 156 238  1
 186 238  1
 187 238  1
 210 238  1
 143 239  1
 144 239  1
 230 239  1
 168 241  1
 169 241  1
 174 241  1
 175 241  1
 129 242  1
 130 242  1
 155 242  1
 225 242  1
 120 243  1
 191 243  1
 211 243  1
 135 244  1
 139 245  1
 206 245  1
 114 246  1
 173 246  1
 174 246  1
 117 247  1
 139 247  1
 120 248  1
 150 248  1
 155 249  1
 171 249  1
 211 249  1
 181 250  1
 134 251  1
 202 252  1
 139 253  1
 199 253  1
 150 255  1
 191 255  1
 155 256  1


count = 789