 140   1  1
 159   1  1
 176   4  1
 115   5  1
 158   7  1
 159   7  1
 196   8  1
 164  10  1
  94  11  1
 206  13  1
  89  19  1
 216  20  1
  89  21  1
 185  21  1
 109  22  1
  62  24  1
  64  24  1
 101  24  1
 103  24  1
 105  24  1
 191  24  1
  58  26  1
 122  27  1
 126  27  1
  72  28  1
 102  28  1
 109  28  1
 110  28  1
 130  28  1
 168  28  1
 169  28  1
 184  28  1
 207  28  1
 229  28  1
 184  30  1
 121  31  1
 122  31  1
 193  31  1
 194  31  1
  50  32  1
 167  32  1
 188  32  1
 181  33  1
 211  33  1
 173  34  1
 133  35  1
 166  35  1
 167  35  1
 176  35  1
 221  35  1
 238  35  1
 239  35  1
 170  36  1
 225  36  1
  41  37  1
 109  37  1
 220  37  1
 244  38  1
 177  39  1
 199  39  1
 200  39  1
 166  40  1
 135  41  1
 136  41  1
 139  41  1
 140  41  1
 225  41  1
 162  42  1
 179  42  1
 180  42  1
  33  43  1
 110  43  1
 156  43  1
 154  44  1
 158  44  1
 160  44  1
 112  45  1
 113  45  1
 131  45  1
 135  45  1
 220  46  1
 242  46  1
 243  46  1
 145  47  1
 213  48  1
 214  48  1
 175  49  1
 177  50  1
 179  50  1
 161  51  1
 258  51  1
 159  53  1
 242  53  1
  30  54  1
  31  54  1
 208  54  1
 209  54  1
 240  54  1
 176  55  1
 177  55  1
 252  55  1
 179  56  1
 262  56  1
  17  57  1
 145  57  1
 158  57  1
 165  57  1
  33  59  1
  35  59  1
 142  59  1
 250  59  1
 251  59  1
 240  60  1
 241  60  1
 244  60  1
 245  60  1
 139  61  1
 145  61  1
 163  61  1
 247  61  1
  40  63  1
  41  63  1
 139  63  1
 235  63  1
 247  63  1
  33  65  1
  34  65  1
 246  65  1
 247  65  1
 225  66  1
  43  67  1
  34  68  1
 139  68  1
 162  68  1
 154  69  1
 179  69  1
 139  70  1
  39  72  1
 200  72  1
 111  73  1
 112  73  1
 119  73  1
 151  73  1
 188  73  1
 189  73  1
 193  73  1
 204  73  1
 277  73  1
 102  75  1
 182  75  1
 184  75  1
  16  76  1
  42  76  1
 272  76  1
   5  77  1
 198  77  1
 199  77  1
 204  77  1
 269  77  1
 270  77  1
  99  78  1
 149  78  1
 150  78  1
 188  79  1
 189  79  1
 250  79  1
 264  79  1
 265  79  1
 279  79  1
 280  79  1
  11  80  1
  17  80  1
  85  80  1
 147  80  1
 183  80  1
 244  80  1
  93  81  1
 109  81  1
 260  81  1
 111  82  1
  91  84  1
 183  84  1
 204  84  1
  84  85  1
 143  85  1
 200  85  1
 119  86  1
 157  87  1
 139  88  1
 153  88  1
 210  88  1
 281  89  1
 282  89  1
 258  90  1
   1  92  1
  88  92  1
 151  92  1
 191  92  1
 282  93  1
 283  93  1
  96  94  1
 209  94  1
 275  94  1
 129  95  1
 135  95  1
 143  95  1
   7  96  1
 104  96  1
 105  96  1
 149  96  1
 139  98  1
 200  98  1
 189  99  1
 190  99  1
  39 100  1
  40 100  1
 101 100  1
 103 100  1
  34 101  1
  70 101  1
  71 101  1
  42 102  1
 187 102  1
 274 102  1
   7 103  1
  73 103  1
  98 103  1
 181 103  1
  26 104  1
  95 104  1
 143 104  1
 260 104  1
  30 105  1
 178 105  1
 249 105  1
 250 105  1
  24 106  1
 174 106  1
 190 106  1
 191 106  1
 130 107  1
   1 109  1
 129 109  1
 181 109  1
 186 109  1
 208 109  1
  25 110  1
  47 110  1
 213 110  1
  77 111  1
  78 111  1
 249 111  1
   1 112  1
   2 112  1
  23 112  1
 218 112  1
 277 112  1
 255 113  1
  47 114  1
  48 114  1
 166 114  1
 184 114  1
 189 114  1
  28 115  1
  29 115  1
 176 115  1
 206 115  1
 216 116  1
 200 117  1
  37 118  1
  44 118  1
 200 119  1
  35 120  1
  85 120  1
  86 120  1
   3 121  1
   4 121  1
  31 121  1
 161 121  1
 280 121  1
 112 122  1
 172 122  1
 173 122  1
 184 122  1
 198 123  1
 199 123  1
 178 124  1
 260 124  1
 265 124  1
 114 125  1
 115 125  1
 116 125  1
 205 125  1
 109 126  1
 203 126  1
 211 126  1
 247 126  1
 248 126  1
  90 127  1
 187 127  1
 196 127  1
 274 127  1
  55 128  1
 148 128  1
 160 128  1
 174 128  1
 180 128  1
 140 129  1
 270 129  1
 115 130  1
 124 130  1
 125 130  1
 217 130  1
  29 131  1
 208 131  1
 224 131  1
 231 131  1
 233 131  1
 275 131  1
  20 132  1
 128 132  1
 189 132  1
 215 132  1
 246 132  1
  11 133  1
  18 133  1
  35 133  1
 158 133  1
 160 133  1
 230 133  1
 259 133  1
   6 134  1
   7 134  1
  46 134  1
  48 134  1
 116 134  1
 121 134  1
 220 134  1
 221 134  1
 136 135  1
 153 135  1
 154 135  1
 234 135  1
 279 135  1
  28 136  1
  29 136  1
  33 136  1
  46 136  1
 103 136  1
 105 136  1
 169 136  1
 204 136  1
 228 136  1
  21 137  1
 111 137  1
 199 137  1
  12 138  1
  18 138  1
  46 138  1
 114 138  1
 117 138  1
 187 138  1
 261 138  1
 156 139  1
 195 139  1
  54 140  1
 159 140  1
 184 140  1
 214 140  1
 233 140  1
 278 140  1
 279 140  1
   7 141  1
 162 141  1
 163 141  1
 164 141  1
 258 141  1
 272 141  1
 101 142  1
 107 142  1
 109 142  1
 204 142  1
  46 143  1
 277 143  1
 278 143  1
  85 144  1
  86 144  1
   9 145  1
 197 145  1
 168 146  1
 179 146  1
 192 146  1
 219 146  1
  45 147  1
 261 147  1
 268 147  1
   1 148  1
 249 148  1
 242 149  1
  10 150  1
 277 150  1
 278 150  1
  17 151  1
  22 151  1
 171 151  1
 219 151  1
 220 151  1
  12 152  1
 186 153  1
 268 153  1
 250 154  1
 262 154  1
  46 155  1
  47 155  1
  68 155  2
  70 155  1
  77 155  1
 217 155  1
 219 155  1
 264 155  1
  24 156  1
 171 156  1
 172 156  1
 258 156  1
 259 156  1
  26 157  1
  27 157  1
 212 157  1
  42 158  1
  75 158  1
 180 158  1
 234 158  1
 235 158  1
 176 159  1
 185 159  1
 203 159  1
 231 159  1
 248 159  1
 249 159  1
 264 159  1
 265 159  1
   1 160  1
 210 160  1
 140 161  1
 188 161  1
 189 161  1
 244 161  1
 137 162  1
 148 162  1
 150 162  1
 229 162  1
 262 162  1
 178 163  1
 179 163  1
 192 163  1
 209 164  1
 222 164  1
 224 164  1
 258 164  1
 186 165  1
 205 165  1
 136 166  1
 137 166  1
 236 166  1
 198 167  1
   7 168  1
  69 168  1
  70 168  1
 215 168  1
 216 168  1
 228 168  1
 223 169  1
 200 171  1
 209 171  1
 220 171  1
 252 171  1
   8 172  1
 142 172  1
 143 172  1
 145 172  1
 256 172  1
 137 173  1
 138 173  1
 226 173  1
 233 173  1
 149 174  1
 198 174  1
  86 176  1
 247 176  1
  66 177  1
  82 178  1
 141 178  1
 241 178  1
   4 179  1
   5 179  1
  59 179  1
  91 179  1
  92 179  1
 182 179  1
 233 179  1
 254 179  1
 255 179  1
  69 180  1
  82 180  1
  60 181  1
 147 181  1
 197 181  1
  98 182  1
 255 182  1
 147 183  1
 180 183  1
 223 183  1
 151 184  1
 210 184  1
 258 184  1
 259 184  1
  68 185  1
 178 185  1
 224 185  1
 225 185  1
 229 185  1
  57 186  1
 102 186  1
 151 186  1
 156 186  1
 198 186  1
 236 186  1
 248 186  1
   7 187  1
   8 187  1
  61 187  1
  62 187  1
 219 187  1
 221 187  1
 210 188  1
 211 188  1
 162 189  1
 167 189  1
 168 189  1
 200 189  1
 259 189  1
  63 190  1
  66 190  1
 251 190  1
 252 190  1
 270 190  1
 271 190  1
  56 191  1
 145 191  1
 146 191  1
 175 191  1
 221 191  1
 261 191  1
 204 192  1
 227 192  1
  78 193  1
 162 193  1
 238 193  1
 149 194  1
 158 194  1
  59 195  1
  78 195  1
 268 195  1
 269 195  1
  49 196  1
 137 196  1
 139 196  1
 241 196  1
  49 198  1
 244 198  1
 245 198  1
  57 199  1
  72 199  1
 151 199  1
 190 199  1
 235 200  1
  80 201  1
 203 201  1
 214 201  1
 230 201  1
 237 201  1
  75 202  1
 197 202  1
 242 202  1
 244 203  1
  57 204  1
 211 204  1
  50 205  1
  93 205  1
 152 205  1
 153 205  1
  85 207  1
  87 207  1
  93 207  1
 152 207  1
  59 208  1
  61 208  1
  81 209  1
 151 209  1
 152 209  1
 212 209  1
 219 209  1
  27 212  1
 149 212  1
  76 213  1
  77 213  1
 129 213  1
 112 214  1
 150 215  1
 202 215  1
 245 215  1
 107 216  1
 175 216  1
  34 217  1
 119 217  1
 151 217  1
 152 217  1
 165 217  1
 166 217  1
 167 217  1
 205 217  1
 243 217  1
 117 218  1
 163 218  1
 107 221  1
 108 221  1
 187 221  1
 133 222  1
 206 222  1
 207 222  1
  42 223  1
 113 223  1
 123 223  1
 188 223  1
 126 225  1
 231 225  1
  48 227  1
 110 228  1
 173 228  1
 174 228  1
 211 228  1
 100 229  1
 106 229  1
 213 229  1
 215 229  1
  54 230  1
  57 231  1
  88 231  1
 181 231  1
 213 231  1
  60 232  1
 188 232  1
  95 233  1
  96 233  1
 106 233  1
 221 234  1
  87 235  1
 187 235  1
 188 235  1
  74 237  1
  96 237  1
 101 237  1
 179 239  1
  77 240  1
 174 240  1
 170 241  1
 147 242  1
  86 243  1
 176 243  1
 204 243  1
 184 244  1
 188 244  1
  88 245  1
  93 246  1
 199 246  1
 100 248  1
 120 248  1
 191 249  1
 108 250  1
 139 250  1
 140 250  1
 145 250  1
 149 250  1
 188 250  1
 153 252  1
 122 255  1
 126 256  1
 166 257  1


count = 688