 159   1  1
 169   1  1
 125   2  1
 178   3  1
 157   6  1
 188   6  1
 102   7  1
 153   7  1
  99   8  1
 139   8  1
  96   9  1
 139  10  1
 142  11  1
 144  11  1
 181  11  1
 200  11  1
 102  12  1
 103  12  1
 113  12  1
 114  12  1
 146  13  1
 147  13  1
 154  13  1
 207  13  1
 120  14  1
 125  14  1
 130  14  1
 190  14  1
  80  15  1
 159  16  1
 183  16  1
  76  17  1
  77  17  1
 119  17  1
 141  17  1
 143  17  1
 145  17  1
 110  18  1
 100  19  1
 101  19  1
 180  19  1
 216  19  1
  69  20  1
 150  20  1
  67  22  1
 136  22  1
 144  22  1
 145  22  1
 179  22  1
 180  22  1
 102  23  1
 103  23  1
 142  23  1
  78  24  1
 149  24  1
  94  25  1
  60  26  1
  73  26  1
 110  26  1
 113  26  1
 230  27  1
  73  28  1
  95  28  1
  96  28  1
 143  28  1
 149  29  1
 150  29  1
 141  30  1
 223  30  1
  83  31  1
 110  31  1
 136  32  1
 154  32  1
  97  33  1
  98  33  1
 226  34  1
 227  34  1
 228  34  1
  84  35  1
 138  36  1
 182  36  1
 183  36  1
  98  37  1
  99  37  1
 154  37  1
 136  39  1
 145  40  1
 244  40  1
  38  41  1
 117  41  1
 132  41  1
 134  41  1
 160  41  1
 164  41  1
 110  42  1
 111  42  1
 116  43  1
 180  43  1
 130  44  1
 131  44  1
 176  44  1
 178  44  1
  33  45  1
 118  45  1
 150  47  1
 198  47  1
 203  48  1
 226  48  1
  29  49  1
 174  50  1
 175  50  1
 221  50  1
 164  51  1
 166  51  1
 168  51  1
 162  52  1
 229  52  1
 240  52  1
 241  52  1
 146  53  1
 170  53  1
 178  53  1
 143  55  1
 178  55  1
 250  55  1
  96  56  1
 135  56  1
 156  56  1
 206  56  1
 207  56  1
 217  56  1
 248  56  1
 104  57  1
 241  57  1
 263  57  1
 159  58  1
 139  59  1
 141  59  1
 150  59  1
 162  59  1
  51  60  1
  90  61  1
  91  61  1
 214  61  1
 243  61  1
 144  62  1
 145  62  1
 219  62  1
 231  62  1
  17  64  1
 180  64  1
  32  65  1
  90  65  1
 161  65  1
 162  65  1
 234  65  1
  37  67  1
  48  67  1
  62  67  1
  84  67  1
 125  67  1
 214  67  1
 159  68  1
  14  69  1
 154  69  1
  65  70  1
  73  70  1
 195  70  1
  82  71  1
 112  71  1
 133  71  1
 191  72  1
 202  72  1
 261  72  1
 263  72  1
  19  73  1
  41  73  1
  42  73  1
 118  73  1
 152  74  1
 186  74  1
 204  74  1
 263  74  1
  24  75  1
 183  75  1
 237  76  1
 263  76  1
 142  77  1
 177  77  1
  17  78  1
  18  78  1
  47  78  1
 236  78  1
  54  79  1
 219  79  1
 259  79  1
 140  80  1
 165  80  1
 170  80  1
 199  81  1
 220  81  1
 222  81  1
 226  81  1
 276  82  1
 277  82  1
  45  83  1
  46  83  1
 161  83  1
  26  84  1
 192  84  1
 214  85  1
 264  85  1
 271  85  1
 277  85  1
 278  85  1
  19  86  1
 171  86  1
 187  86  1
  12  87  1
  45  87  1
  27  88  1
  41  88  1
  22  89  1
 156  89  1
 184  89  1
 198  89  1
 262  89  1
 263  89  1
 203  90  1
 204  90  1
 218  90  1
 235  90  1
 272  90  1
 110  91  1
 172  91  1
 222  91  1
 264  91  1
 266  91  1
  68  92  1
 106  92  1
 254  92  1
 268  92  1
  10  93  1
  11  93  1
 147  93  1
 168  93  1
 279  93  1
 280  93  1
  80  94  1
 176  94  1
 251  94  1
 260  94  1
 157  95  1
 159  95  1
 197  95  1
 198  95  1
 224  95  1
 246  95  1
 110  96  1
 242  96  1
 268  96  1
  77  97  1
 154  97  1
  81  98  1
  82  98  1
 143  98  1
 168  98  1
 191  98  1
 268  98  1
 273  99  1
 111 100  1
 149 100  1
 150 100  1
  87 101  1
 106 101  1
 222 101  1
 224 101  1
   9 102  1
 101 102  1
 121 102  1
 123 102  1
  69 103  1
 129 103  1
   2 104  1
   3 104  1
 145 104  1
 189 104  1
 190 104  1
 106 105  1
 279 105  1
 280 105  1
  84 106  1
  85 106  1
 123 106  1
 124 106  1
 237 106  1
 271 106  1
 272 106  1
  55 107  1
 152 107  1
  32 109  1
  33 109  1
  68 109  1
 131 109  1
   8 110  1
  11 110  1
  52 110  1
  87 110  1
 160 110  1
  65 111  1
  94 111  1
 138 111  1
 146 111  1
 238 111  1
  13 112  1
  14 112  1
 187 112  1
 188 112  1
  68 113  1
 128 113  1
 230 113  1
  44 114  1
  49 114  1
  95 114  1
 106 114  1
 138 114  1
 149 114  1
 159 114  1
 160 114  1
  26 115  1
 118 115  1
 122 115  1
 154 115  1
 155 115  1
  16 116  1
 144 116  1
 213 116  1
 214 116  1
 264 116  1
  27 117  1
  28 117  1
 140 117  1
 239 117  1
 277 117  1
 278 117  1
  45 119  3
  81 119  1
 271 119  1
  43 120  1
  47 120  1
 108 120  1
 136 120  1
  83 121  1
  98 121  1
  99 121  1
 193 121  1
 197 121  1
 223 121  1
 224 121  1
 244 121  1
 246 121  1
   6 122  1
  48 122  1
  64 122  1
  71 122  1
  87 122  1
  88 122  1
 101 122  1
 109 122  1
 115 122  1
 156 122  1
  38 123  1
  75 123  1
 123 123  1
 230 123  1
 244 123  1
  13 124  1
  31 124  1
  60 124  1
  61 124  1
 198 124  1
 217 124  1
  43 125  1
 170 125  1
  45 126  1
  47 126  1
 196 126  1
 227 126  1
 248 126  1
 122 127  1
 127 127  1
 242 127  1
 243 127  1
 264 127  1
 265 127  1
  18 128  1
  54 128  1
 240 128  1
  10 129  1
 164 129  1
 257 129  1
  27 130  1
  46 130  1
  47 130  1
 188 130  1
 206 130  1
 210 131  1
 245 131  1
  37 132  1
  58 132  1
  59 132  1
  64 132  1
 202 132  1
 228 132  1
 273 132  1
   7 133  1
   8 133  1
  53 133  1
  68 133  1
  69 133  1
  79 133  1
 151 133  1
 152 133  1
 212 133  1
 219 133  1
   5 134  1
 145 134  1
 176 134  1
 217 134  1
  40 135  1
  55 135  1
 185 135  1
  50 136  1
 104 136  2
 153 136  1
 241 136  1
  63 137  1
  82 137  1
 191 137  1
 208 137  1
  57 138  1
  58 138  1
  67 138  1
  68 138  1
  90 138  1
 104 138  1
 105 138  1
 143 138  1
 156 138  1
 217 138  1
 218 138  1
 100 139  1
 186 139  1
 281 139  1
 282 139  1
   1 140  1
  10 140  1
  16 140  1
  26 140  1
 143 140  1
 164 140  2
 174 140  1
 175 140  1
 226 140  1
 213 141  1
 214 141  1
 275 141  1
 191 142  1
 269 142  1
 276 143  1
   7 144  1
   8 144  1
  25 144  1
  52 144  1
 152 144  1
 153 144  1
 258 144  1
 265 144  1
  21 145  1
 156 145  1
 277 145  1
   1 146  1
 251 146  1
 252 146  1
 246 147  1
 272 147  1
 235 148  1
   6 149  1
   7 149  1
  54 149  1
 262 149  1
  57 150  1
 218 151  1
 219 151  1
 252 151  1
  49 152  1
  52 152  1
 183 153  1
 196 153  1
 264 153  1
 149 154  1
 274 154  1
 114 155  1
 194 156  1
 275 157  1
 251 158  1
 269 159  1
 271 159  1
 107 160  1
 112 160  1
 193 161  1
 259 161  1
 274 161  1
 282 161  1
 283 161  1
 108 162  1
 266 162  1
 193 163  1
 260 163  1
 108 164  1
 202 165  1
 276 165  1
 110 166  1
 111 166  1
 260 166  1
 118 167  1
 252 167  1
 281 167  1
 282 167  1
  10 168  1
 208 168  1
 186 169  1
 203 170  1
 196 171  1
 197 171  1
  44 172  1
 143 173  1
 182 173  1
 183 173  1
 250 173  1
 127 174  1
 152 174  1
 247 174  1
 159 175  1
 179 175  1
   7 176  1
   8 176  1
 161 176  1
 163 176  1
 187 176  1
 200 176  1
 201 176  1
 179 177  1
 183 177  1
  37 178  1
 195 178  1
 213 178  1
 224 178  1
 235 178  1
 236 178  1
  32 179  1
 179 179  1
 189 179  1
 190 179  1
 216 179  1
 220 179  1
  22 180  1
 130 180  1
 131 180  1
  16 181  1
 118 181  1
 119 181  1
 168 181  1
 227 181  1
  28 182  1
 232 182  1
 230 183  1
 239 183  1
 274 183  1
 130 184  1
 131 184  1
  51 185  1
 223 185  1
 127 186  1
  25 187  1
 239 187  1
 127 188  1
 136 188  1
 272 188  1
 273 188  1
 116 189  1
  22 190  1
 232 194  1
 268 196  1
 234 197  1
 243 198  1
 239 200  1
 264 201  1
  54 206  1
  55 206  1
  67 206  1
 244 206  1
 238 207  1
  98 208  1
 121 208  1
 123 208  1
 248 208  1
  26 209  1
  57 212  1
  62 213  1
  96 213  1
 129 213  1
 121 214  1
 223 214  1
 243 214  1
 244 214  1
  97 215  1
  98 215  1
 240 215  1
  41 216  1
 128 216  1
 228 216  1
  50 217  1
  52 217  1
  57 217  1
  61 217  1
  48 218  1
 130 218  1
 139 218  1
 151 218  1
 218 218  1
 136 219  1
 145 219  1
 228 220  1
  96 221  1
  59 223  1
  60 223  1
 134 223  1
 144 224  1
 146 224  1
 189 224  1
  42 225  1
 160 225  1
 193 225  1
 207 225  1
 208 225  1
  53 226  1
  95 226  1
 132 226  1
 223 227  1
 229 227  1
 103 229  1
 143 229  1
 144 229  1
  50 231  1
  96 231  1
 128 231  1
 190 231  1
  58 232  1
 208 232  1
 225 232  1
  95 234  1
 198 234  1
 212 234  1
 105 235  1
 106 235  1
 126 235  1
 133 235  1
 229 235  1
  95 236  1
  99 236  1
 116 236  1
 117 236  1
 199 236  1
  75 237  1
 122 237  1
 138 237  1
 139 237  1
 163 237  1
  94 238  1
  69 239  1
 120 239  1
 210 239  1
 211 239  1
  94 240  1
 203 240  1
 205 240  1
  80 241  1
 199 241  1
  61 242  1
  62 242  1
 145 242  1
 217 242  1
 211 244  1
  70 245  1
 100 245  1
 101 245  1
 156 245  1
  73 246  1
 103 246  1
 114 246  1
 115 246  1
 171 246  1
 124 247  1
  85 248  1
 198 248  1
 113 249  1
 172 249  1
  92 250  1
 119 250  1
  95 251  1
 190 251  1
 129 252  1
 134 253  1
 174 254  1
 163 256  1
 167 256  1


count = 717