 125   6  1
 126   6  1
 194   7  1
 115  11  1
 116  11  1
 126  13  1
 110  14  1
 213  14  1
 116  17  1
 129  17  1
 130  19  1
 139  19  1
 206  20  1
  91  22  1
  93  22  1
 117  22  1
 142  22  1
 210  22  1
 212  22  1
 124  23  1
 177  23  1
 229  24  1
 230  24  1
 121  25  1
 215  26  1
 233  26  1
  76  27  1
 218  28  1
  69  29  1
 117  30  1
 118  30  1
  64  31  1
  81  31  1
  93  31  1
 123  31  1
  61  32  1
  89  32  1
 171  32  1
 242  33  1
 243  33  1
  54  35  1
  55  35  1
 176  35  1
 244  36  1
 245  36  1
 213  38  2
 171  39  1
 172  39  1
  45  40  1
  82  41  1
  92  41  1
 120  41  1
 153  41  1
  98  42  1
 126  42  1
 136  43  1
 138  43  1
 153  43  1
 250  43  1
 173  44  1
  86  45  1
 145  45  1
 153  45  1
 177  46  1
 178  46  1
 216  46  1
 217  46  1
 252  46  1
  80  47  1
 101  47  1
 102  47  1
  33  49  1
  88  49  1
 217  49  1
 186  50  1
 127  51  1
 132  51  1
 133  51  1
 141  51  1
 163  51  1
  94  52  1
  95  52  1
  89  53  1
 222  53  1
 225  53  1
 100  54  1
 144  54  1
 220  54  1
 262  54  1
 263  54  1
 232  55  1
 147  56  1
 150  56  1
 214  56  1
 227  56  1
 237  56  1
  22  59  1
 154  59  1
 156  59  1
 158  59  1
 199  60  1
 267  61  1
 164  62  1
  18  63  1
 198  63  1
 211  64  1
 207  65  1
 162  66  1
 269  66  1
 270  66  1
 157  67  1
 158  67  1
 189  68  1
 219  68  1
 220  68  1
 270  69  1
 271  69  1
 204  70  1
 159  71  1
 199  71  1
 151  72  2
 222  72  1
  16  73  1
  17  73  1
 194  73  1
 195  73  1
 225  73  1
  10  75  1
  11  75  1
 152  76  1
 187  77  1
 214  78  1
 226  79  1
  15  81  1
 268  81  1
 192  82  1
 206  82  2
 209  82  1
 213  82  1
 276  82  1
 277  82  1
 222  83  1
   6  84  1
   7  84  1
 173  84  1
 175  84  1
  14  85  1
 135  85  1
 193  85  1
 194  85  1
 278  85  1
 279  85  1
 124  86  1
 169  86  1
 171  86  1
 214  86  1
 215  86  1
 268  86  1
 269  86  1
 231  87  1
 218  88  1
 126  89  1
   4  91  1
   5  91  1
 127  91  1
 130  92  1
 177  92  1
 270  94  1
  69  95  1
 267  95  1
  67  96  1
 178  96  1
  78  97  1
  80  97  1
 182  98  1
 183  98  1
 276  99  1
   2 100  1
   3 100  1
  83 101  1
 271 101  1
 183 102  1
 184 102  1
  77 103  1
 271 104  1
 276 104  1
  86 105  1
 177 105  1
 187 108  1
 188 108  1
 175 109  1
 173 110  1
 281 111  1
 282 111  1
 110 112  1
  93 113  1
 104 114  1
 183 114  1
 118 115  1
 193 116  1
 122 117  1
 186 117  1
 189 117  1
 125 119  1
 204 119  1
 158 120  1
 166 120  1
 231 120  1
 233 120  1
  93 121  1
 174 121  1
 209 121  1
 278 121  1
 104 122  1
 154 122  1
   6 123  1
  98 123  1
 188 123  1
 189 123  1
 224 123  1
 230 123  1
 145 124  1
 176 124  1
   8 125  1
  41 125  1
  47 125  1
  65 125  1
 123 125  1
 218 125  1
  53 126  1
  70 126  1
 164 126  1
 112 127  1
 244 127  1
  62 128  1
 169 128  1
 237 128  1
 254 128  1
 259 128  1
 270 128  1
 271 128  1
  13 129  1
 102 129  1
  42 130  1
  50 130  1
  68 130  1
 124 130  1
 180 130  1
 261 130  1
 266 130  1
 277 130  1
 278 130  1
  20 131  1
  21 131  1
  73 131  1
  15 132  1
 165 132  1
 194 132  1
 223 132  1
 240 132  1
 249 132  1
  27 133  1
  28 133  1
 127 133  1
 128 133  1
 137 133  1
 149 133  1
 159 133  1
 160 133  1
 234 133  1
  35 134  1
 100 134  1
 117 134  1
 217 134  1
 267 134  1
 125 135  1
 176 135  1
 235 135  1
   1 136  1
 189 136  1
  73 137  1
 159 137  1
 168 137  1
 210 137  1
 212 137  1
 239 137  1
  67 138  1
  93 138  1
 185 138  1
 272 138  1
   5 139  1
   6 139  1
 162 139  1
 194 139  1
  88 141  1
 183 141  1
 204 141  1
 225 141  1
 233 141  1
 117 142  1
  78 143  1
  88 143  1
 107 143  1
 163 144  1
 114 145  1
 193 145  1
 194 145  1
 232 145  1
   8 146  1
  62 147  1
  80 147  1
 216 147  1
 223 148  1
   6 149  1
  87 150  1
 183 150  1
  44 151  1
  45 151  1
   1 152  1
 242 153  1
  17 154  1
  78 154  1
  79 154  1
  83 154  1
 176 154  1
 193 154  1
 181 155  1
 217 155  1
 239 155  1
 240 155  1
  45 156  1
  51 156  1
  54 156  1
 193 156  1
 202 156  1
  75 157  1
  81 158  1
  21 159  1
  79 160  1
  80 160  1
  81 160  1
 240 160  1
  75 161  1
 187 161  1
   6 162  1
  21 162  1
 183 162  1
 184 162  1
 254 162  1
 255 162  1
 208 163  1
 209 163  1
 261 163  1
 267 163  1
  25 164  1
  29 164  1
 181 164  1
 188 165  1
 246 166  1
 273 166  1
 274 166  1
  12 167  1
 259 167  1
  12 169  1
 185 169  1
 187 169  1
  17 170  1
 180 170  1
 181 170  1
 258 170  1
   4 171  1
   5 171  1
 255 171  1
  14 172  1
  15 172  1
 180 172  1
 206 173  1
 135 174  1
 182 174  1
 189 174  1
 227 174  1
 251 175  1
 196 176  1
 198 176  1
 241 176  1
 269 176  1
  73 177  1
 142 178  1
 196 178  1
 219 178  1
  13 179  1
  14 179  1
  45 179  1
 207 179  1
  67 180  1
  83 180  1
  84 180  1
 185 180  1
 266 180  1
  14 181  1
 155 181  1
 202 181  1
  62 182  1
 144 182  1
 222 182  1
 223 182  1
   9 183  1
  10 183  1
  47 183  1
  48 183  1
 176 183  1
  41 184  1
  16 185  1
 156 185  1
 202 185  1
 204 185  1
 206 185  1
 236 185  1
  41 186  1
  49 186  1
  63 186  1
 264 186  1
 156 187  1
 197 187  1
 198 187  1
  61 188  1
 132 188  1
 171 188  1
 220 188  1
  35 189  1
  36 189  1
 110 189  1
 167 189  1
 175 189  1
 208 189  1
  45 190  1
 134 190  1
 199 190  1
 262 190  1
 123 191  1
 138 191  1
 234 191  1
  65 192  1
  66 192  1
 134 192  1
 179 192  1
 180 192  1
 160 193  1
  33 194  1
 121 194  1
 128 194  1
 133 194  1
 141 194  1
  13 195  1
  60 195  1
  64 195  1
 169 195  1
 112 197  1
  34 198  1
 228 198  1
  47 199  1
  51 199  1
 122 199  1
 148 199  1
 149 199  1
 106 200  1
 167 200  1
 115 201  2
 116 201  1
 128 201  1
  31 202  1
 162 202  1
 112 203  1
 131 203  1
 146 203  1
 209 203  2
 210 203  1
 254 203  1
 137 204  1
 138 204  1
  31 205  1
 194 205  1
 201 205  1
 212 205  1
 120 206  1
 122 206  1
 223 206  1
 225 206  1
 108 207  1
 109 207  1
 160 207  1
 252 207  1
  53 209  1
 190 209  1
 109 210  1
 110 210  1
 157 210  1
 203 213  1
 159 214  1
  58 215  1
 160 216  1
 161 216  1
  38 218  1
  79 219  1
  94 221  1
 191 221  1
 238 221  1
  43 222  1
  44 222  1
  77 222  1
  47 223  1
  96 223  1
 149 223  1
 212 224  1
  51 225  1
 148 225  1
 144 226  1
 190 227  1
 212 228  1
 219 228  1
 220 228  1
 100 229  1
 101 229  1
 208 229  1
 209 229  1
  95 230  1
  96 230  1
 114 230  1
 194 230  1
 195 230  1
 209 231  1
 146 232  1
  63 233  1
  76 234  1
  94 234  1
  98 234  1
 139 234  2
 140 234  1
 210 234  1
  65 235  1
 115 236  1
 220 236  1
  82 237  1
  98 237  1
 144 237  1
 197 237  1
 216 238  1
 217 238  1
 120 239  1
 138 241  1
 198 241  1
 212 241  1
  83 243  1
 130 243  1
 205 244  1
 206 244  1
  91 245  1
 111 245  1
  94 246  1
 125 246  1
 119 247  1
 146 247  1
 103 248  1
 142 248  1
 197 248  1
 105 249  1
 107 249  1
 195 249  1
 110 250  1
 147 251  1
 179 254  1
 176 255  1


count = 572