 154   1  1
 182   1  1
 200   4  1
 162   5  1
 167   5  1
 203   5  1
 150   7  1
 209   7  1
 181   8  1
 120   9  1
 145   9  1
 146   9  1
 139  10  1
 140  10  1
 193  10  1
 111  11  1
 146  11  1
 192  12  1
 193  12  1
 131  13  1
 184  13  1
 126  14  1
 219  14  1
  85  15  1
 132  15  1
 153  16  1
 162  16  1
 163  16  1
  81  17  1
  82  17  1
  98  17  1
 168  17  1
 181  17  1
 187  17  1
 226  17  1
 138  18  1
  76  20  1
 104  20  1
 105  20  1
 155  20  1
 158  20  1
  84  21  1
  85  21  1
  99  21  1
 100  21  1
 147  21  1
 183  21  1
 184  21  1
 185  21  1
 197  21  1
  73  22  1
 107  22  1
 108  22  1
 114  22  1
 116  22  1
 133  22  1
 236  22  1
 109  25  1
 187  25  1
  67  26  1
 125  26  1
 100  27  1
 128  27  1
 133  27  1
 134  27  1
 186  27  1
 103  28  1
 112  28  1
 113  28  1
 164  28  1
 162  29  1
 195  29  1
 206  29  1
 153  30  1
 154  30  1
 183  30  1
  57  31  1
 106  31  1
 119  31  1
 120  31  1
 135  31  1
 136  31  1
  78  34  1
  79  34  1
 110  34  1
 111  34  1
 201  34  1
 229  34  1
 120  35  1
 121  35  1
 130  35  1
 131  35  1
 197  35  1
 153  36  1
  49  37  1
  95  37  1
 191  37  1
 110  38  1
 111  38  1
 204  38  1
  99  39  1
 201  39  1
 140  40  1
 188  40  1
 254  40  1
 136  41  1
  80  42  1
  81  42  1
  83  42  1
  84  42  1
  96  42  1
 117  42  1
 118  42  1
 121  42  1
 122  42  1
 224  43  1
 152  44  1
  95  47  1
  96  47  1
 175  47  1
 183  47  1
  89  48  1
 135  48  1
 136  48  1
 177  49  1
 234  49  1
  85  50  1
 232  50  1
  44  51  1
  82  51  1
  87  52  1
 123  52  1
 124  52  1
 181  52  1
 231  52  1
 232  52  1
  94  53  1
 226  53  1
 228  53  1
  49  55  1
  89  55  1
 223  56  1
 267  56  1
 120  57  1
  26  59  1
  39  59  1
 102  60  1
 100  62  1
  82  64  1
 226  64  1
  30  67  1
  98  67  1
  99  67  1
 228  68  1
  25  69  1
 273  69  1
 274  69  1
  96  70  1
  34  71  1
 224  71  1
 267  71  1
  88  72  1
 274  72  1
 275  72  1
  15  73  1
 263  74  1
 225  75  1
 226  75  1
 275  75  1
 276  75  1
  13  76  1
  22  76  1
  23  76  1
  27  78  1
 246  79  1
 264  79  1
 250  80  1
 267  80  1
 269  80  1
  18  81  1
  19  81  1
 224  81  1
 244  81  1
  10  82  1
  11  82  1
  39  82  1
 258  82  1
  50  83  1
  59  83  1
 257  84  1
  59  85  1
 184  85  1
 185  85  1
 225  85  1
  27  86  1
 239  86  1
 251  86  1
  29  87  1
  33  87  1
 192  87  1
  48  88  1
  57  88  1
  64  88  1
  53  90  1
 165  90  1
 184  90  1
 192  91  1
 281  91  1
 282  91  1
  50  93  1
  38  94  1
 157  94  1
 159  94  1
 146  96  1
 186  96  1
  17  98  1
  31  98  1
  32  98  1
 272  99  1
 274  99  1
   3 100  1
   4 100  1
 101 100  1
 184 100  1
 173 101  1
 177 102  1
 163 103  1
 182 103  1
 213 103  1
 115 104  1
 116 104  1
  61 105  1
 118 105  1
 126 105  1
 163 105  1
 272 105  1
 273 105  1
 222 106  1
 108 107  1
 109 107  1
 145 107  1
 169 107  1
 170 107  1
 174 107  1
 128 108  1
 163 108  1
 224 109  1
  67 110  1
  68 110  1
 106 110  1
 232 110  1
 111 111  1
 133 111  1
 135 111  1
 171 111  1
  67 112  1
 280 112  1
 281 112  1
   1 113  1
 145 113  1
 156 113  1
 269 113  1
  68 114  1
 140 114  1
 175 114  1
 178 114  1
 179 114  1
 180 114  1
 265 114  1
 267 114  1
 271 114  1
  64 115  1
 144 115  1
 154 115  1
 187 115  1
 164 117  1
  18 118  1
 115 118  1
 121 118  1
 162 118  1
 180 118  1
 181 118  1
 241 119  1
 242 119  1
  22 120  1
  61 120  1
 109 120  1
 184 120  1
 272 121  1
   1 122  1
 179 122  1
 248 122  1
  46 123  1
 176 123  1
 250 123  1
  13 124  1
  14 124  1
  27 124  1
 160 124  1
 266 124  1
  21 125  1
  41 125  1
  42 125  1
 176 125  1
 208 125  1
 246 125  1
  79 126  1
 115 126  1
 124 126  1
 130 126  1
 186 126  1
 220 126  1
 244 126  1
  40 127  1
 126 127  1
 183 127  1
  64 128  1
  65 128  1
   8 129  1
  46 129  1
  47 129  1
  19 130  1
 201 130  1
 245 130  1
  58 131  1
 155 131  1
 176 131  1
 178 131  1
 179 131  1
 182 131  1
 199 131  1
  32 132  1
 100 132  1
 143 132  1
 271 132  1
 112 133  1
 147 133  1
 162 133  1
 274 133  1
   8 134  1
  34 134  1
 101 135  1
 145 135  1
 118 136  1
 126 137  1
 130 137  1
 168 137  1
  38 138  1
  39 138  1
  59 138  1
  34 139  1
 150 139  1
 154 139  1
 129 142  1
 101 143  1
 117 143  1
 229 143  1
 143 144  1
 149 144  1
 150 144  1
 165 144  1
  33 145  1
 112 145  1
 131 145  1
 141 145  1
 169 145  1
 170 145  1
 107 147  1
 153 147  1
 228 148  1
 229 148  1
 113 149  1
 271 149  1
  33 150  1
 106 150  1
 118 150  1
 139 150  1
 140 150  1
 162 150  1
 151 151  1
 220 151  1
 270 151  1
  37 152  1
  47 152  1
 170 152  1
 176 152  1
 235 152  1
 251 152  1
 111 154  1
 213 154  1
 257 154  1
 140 155  1
 151 155  1
 152 155  1
 177 155  1
 233 155  1
 249 155  1
 263 156  1
 180 157  1
 249 157  1
 251 157  1
 236 158  1
 240 158  1
 169 159  1
 184 159  1
 185 159  1
 123 160  1
 188 161  1
 246 161  1
 247 161  1
  33 162  1
 137 162  1
 177 162  1
 178 162  1
 231 162  1
 158 164  1
   6 165  1
   7 165  1
  36 165  1
 264 165  1
 177 166  1
 178 166  1
  29 167  1
 162 167  1
 192 167  1
 188 168  1
 189 168  1
 263 168  1
  13 169  1
  32 169  1
 235 169  1
 242 169  1
 268 169  1
  24 171  1
 226 171  1
 230 171  1
 176 172  1
  16 173  1
 231 173  1
 232 173  1
   9 174  1
  10 174  1
  33 175  1
 248 175  1
 249 175  1
  23 176  1
  21 177  1
 233 177  1
 261 177  1
  11 178  1
  12 178  1
  29 178  1
 245 180  1
 246 180  1
  22 181  1
 262 182  1
  52 184  1
  25 185  1
  26 185  1
 226 185  1
 265 185  1
 266 185  1
 273 188  1
 274 188  1
  49 190  1
  53 190  1
  22 191  1
  46 192  3
  47 192  2
  48 192  1
 271 193  1
 123 194  1
 129 195  1
  52 196  1
 235 196  1
 125 197  1
 126 197  1
  94 198  1
 103 198  1
 114 198  1
 268 198  1
 126 199  1
 228 199  1
 114 200  1
 135 200  1
 129 201  1
 233 201  1
 240 201  1
  54 202  1
  55 202  1
 105 203  1
 106 203  1
  51 204  1
 123 204  1
 222 204  1
 223 204  1
 264 204  1
  92 205  1
  93 205  1
 131 206  1
 141 206  1
 235 206  1
 263 206  1
  38 207  1
 112 207  1
 143 207  1
 240 207  1
  90 208  1
 110 208  1
 122 209  1
 115 210  1
 261 210  1
  42 211  1
 192 211  1
 241 211  1
  51 212  1
  90 212  1
 111 212  1
 131 212  1
 227 213  1
 238 213  1
 122 214  1
 180 214  1
 206 214  1
 236 214  1
 246 214  1
  84 215  1
  86 215  1
 127 215  1
 137 215  1
 139 215  1
 256 215  1
 204 216  1
  48 217  1
  96 217  1
 131 217  1
 234 217  1
 127 218  1
 223 218  1
 241 218  1
 119 219  1
 120 219  1
 141 219  1
 191 219  1
 226 219  1
 130 220  1
 131 220  1
 236 220  1
  53 221  1
  91 221  1
  92 221  1
 112 221  1
 177 221  1
 179 221  1
 102 222  1
 103 222  1
 108 222  1
 182 222  1
  56 223  1
 118 223  1
 177 223  1
 128 224  1
 129 224  1
 157 224  1
 187 224  1
 204 225  1
 245 225  1
 174 226  1
 175 226  1
 133 227  1
 134 227  1
 153 227  1
 200 227  1
 227 227  1
  95 228  1
  96 228  1
 160 228  1
 161 228  1
  77 229  1
  81 229  1
 115 229  1
  66 230  1
  75 231  1
  76 231  1
 127 231  1
 177 231  1
 211 231  1
 213 231  1
  89 232  1
  90 232  1
 148 232  1
 182 232  1
 198 232  1
 199 232  1
 222 232  1
 226 232  1
  81 233  1
 114 233  1
 209 233  1
  72 234  1
 119 234  1
 132 234  1
 133 234  1
 164 234  1
 109 235  1
 192 235  1
  75 236  1
  88 236  1
 130 237  1
  94 238  1
 137 238  1
 229 238  1
 154 239  1
  83 240  1
 164 241  1
 196 241  1
 223 242  1
 126 243  1
 127 243  1
 156 243  1
 177 243  1
 131 244  1
 144 244  1
 193 244  1
 104 245  1
 191 246  1
 192 246  1
 200 246  1
 203 246  1
 166 247  1
 170 247  1
 171 247  1
 212 247  1
 213 247  1
 124 248  1
 139 248  1
 155 248  1
 156 248  1
 166 250  1
 169 250  1
 170 250  1
 180 250  1
 181 250  1
 174 251  1
 154 252  1
 160 252  1
 195 253  1
 192 254  1


count = 648