 141   1  1
 145   1  1
 163   1  1
 174   2  1
 124   4  1
 183   5  1
 191   7  1
 110   8  1
 163   9  1
 135  10  1
 150  10  1
 126  11  1
 160  13  1
 162  13  1
 186  14  1
 124  15  1
 125  15  1
 209  15  1
 129  17  1
 155  18  1
 146  19  1
 186  19  1
 187  19  1
 123  20  1
 157  20  1
 158  20  1
 120  21  1
  67  22  1
 221  22  1
 149  23  1
 150  23  1
  64  24  1
 108  24  1
 182  24  1
 184  24  1
 227  25  1
  78  26  1
 113  26  1
 127  26  1
 128  26  1
 159  26  1
 160  26  1
  59  27  1
  60  27  1
 229  27  1
 214  28  1
 107  29  1
 160  29  1
  55  30  1
 122  30  1
 235  30  1
  51  32  1
 212  32  1
 213  32  1
  65  33  1
 188  33  1
 210  33  1
 123  34  1
 241  35  1
 181  36  1
 182  36  1
 125  37  1
  44  38  1
 101  38  1
 103  38  1
 153  40  1
  41  41  1
 113  41  1
 202  41  1
 107  42  1
 197  42  1
 198  42  1
  37  43  1
  84  43  1
  77  45  1
  79  45  1
 121  45  1
 122  45  1
 138  45  1
 163  45  1
  62  46  1
  72  46  1
 109  46  1
 126  46  1
 127  46  1
 130  46  1
 132  46  1
 181  46  1
 182  46  1
 144  47  1
  76  48  1
  82  48  1
  83  48  1
 173  48  1
 169  49  1
 170  49  1
 180  49  1
 197  49  1
 111  50  1
  30  51  1
  68  51  1
 147  51  1
 206  51  1
 111  52  1
 137  52  1
 141  52  1
 193  52  1
 194  52  1
 248  52  1
 149  53  1
 150  53  1
  77  54  1
 229  54  1
  81  55  1
 154  55  1
 213  55  1
 217  55  1
 135  56  1
 136  56  1
 139  56  1
 157  56  1
  25  57  1
  81  57  1
 250  57  1
 144  58  1
 145  58  1
 263  58  1
 120  59  1
 158  59  1
 221  59  1
 222  59  1
 245  59  1
 246  59  1
 124  61  1
  21  62  1
 146  62  1
 243  62  1
 115  63  1
 116  63  1
 124  63  1
  63  64  1
 150  64  1
 266  64  1
 119  65  1
 223  65  1
  40  66  1
 252  66  1
  18  67  1
  45  67  1
 197  67  1
 238  67  1
 239  67  1
  40  68  1
 133  68  1
 188  68  1
 222  68  1
 121  69  1
 126  69  1
 137  69  1
 142  69  1
 143  69  1
 213  69  1
 115  70  1
 181  70  1
 182  70  1
 235  71  1
  66  72  1
 155  72  1
 159  72  1
 201  72  1
  49  73  1
 230  73  1
 264  73  1
  57  74  1
 203  74  1
 208  74  1
 258  74  1
  12  76  1
  69  76  1
 184  76  1
 189  76  1
  40  77  1
  11  78  1
  38  78  1
  48  78  1
  49  78  1
  53  78  1
 207  78  1
 189  80  1
 190  80  1
  37  81  1
  38  81  1
 199  81  1
   9  82  1
 176  83  1
 177  83  1
 182  83  1
 192  83  1
 257  83  1
 264  83  1
  40  84  1
 102  84  1
 207  84  1
  27  85  1
  37  85  1
 119  85  1
 127  85  1
 223  85  1
  33  86  1
   6  87  1
   7  87  1
  95  87  1
 193  87  1
  89  88  1
 227  88  1
 266  88  1
  41  89  1
 114  89  1
 134  89  1
 144  89  1
 162  89  1
 163  89  1
 164  89  1
 191  89  1
 256  89  1
  28  90  1
 104  90  1
 105  90  1
 155  90  1
 156  90  1
  33  91  1
  86  91  1
  87  91  1
 124  91  1
 134  91  1
 231  91  1
  31  92  1
 128  92  1
  24  93  1
 153  93  1
 202  93  1
 267  93  1
 268  93  1
 171  94  1
 231  94  1
 280  94  1
 281  94  1
 119  95  1
 270  95  1
  12  96  1
  95  96  1
  96  96  1
 109  96  1
 163  96  1
 185  96  1
 186  96  1
  23  98  1
  24  98  1
 160  98  1
 161  98  1
 188  98  1
 193  98  1
  91  99  1
  93  99  1
 133  99  1
 241  99  1
 270  99  1
 271  99  1
  64 100  1
  65 100  1
  66 100  1
  87 101  1
   2 102  1
   3 102  1
  54 102  1
  57 102  1
 113 102  1
 120 102  1
 127 102  1
 157 102  1
 230 102  1
 231 102  1
 236 102  1
 254 102  1
  23 103  1
  94 103  1
 166 103  1
 272 103  1
 273 103  1
  19 104  1
  20 104  1
 208 104  1
 250 104  1
 251 104  1
 259 104  1
  58 105  1
  59 105  1
  94 105  1
 112 105  1
 165 105  1
 246 105  1
 256 105  1
  61 106  1
  67 106  1
 155 106  1
 234 106  1
  96 107  1
  98 107  1
  10 108  1
  15 108  1
  16 108  1
  43 108  1
  61 108  1
 103 108  1
 152 108  1
 231 108  1
 232 108  1
 269 108  1
 270 108  1
  22 109  1
  27 109  1
 163 109  1
 226 109  1
   1 110  1
  93 110  1
  18 111  1
 146 111  1
 147 111  1
 218 111  1
 228 111  1
 252 111  1
 253 111  1
 240 112  1
 241 112  1
 245 112  1
  73 113  1
  89 113  1
  98 113  1
 120 113  1
 218 113  1
  26 114  1
 212 114  1
  68 115  1
 112 115  1
 113 115  1
 143 115  1
 185 115  1
 254 115  1
   8 116  1
  60 116  1
 104 116  1
 105 116  1
 139 116  1
 182 116  1
 275 116  1
  22 117  1
  29 117  1
 171 117  1
 178 117  1
 235 117  1
   1 118  1
  65 118  1
  76 118  1
 106 118  1
 110 118  1
 156 118  1
 137 119  1
 239 120  1
  79 121  1
  80 121  1
 152 121  1
 153 121  1
  29 122  1
  87 122  1
  22 123  1
  43 123  1
  44 123  1
  84 123  1
 126 123  1
 176 123  1
  11 124  1
  12 124  1
 150 124  1
 211 124  1
 236 124  1
 272 124  1
  33 125  1
  40 125  1
 144 125  1
 145 125  1
 206 125  1
 279 125  1
 154 126  1
 232 126  1
 241 126  1
 213 127  1
 217 127  1
 223 127  1
 227 127  1
  31 128  1
  46 128  1
  47 128  1
  67 128  1
  71 128  1
 204 128  1
  36 129  1
 139 129  1
   1 130  1
  49 130  1
  59 130  1
  60 130  1
 153 130  1
 178 130  1
 188 130  1
 190 130  1
 234 130  1
  13 131  1
  20 131  1
  53 131  1
 143 131  1
 166 131  1
 275 131  1
   7 132  1
 217 132  1
 222 132  1
 268 132  1
  31 133  1
  32 133  1
  61 133  1
  65 133  1
  67 133  1
 167 133  1
  42 134  1
  69 134  1
 128 134  1
 129 134  1
 249 134  1
  26 135  1
 167 135  1
 171 135  1
 174 135  1
 235 135  1
  42 136  1
 125 136  1
 131 136  1
 132 136  1
 191 136  1
  46 137  1
 139 137  1
 154 137  1
 182 137  1
 111 138  1
 254 138  1
  12 139  1
 145 139  1
 265 139  1
   9 140  1
  20 140  1
  39 140  1
 107 140  1
 114 140  1
 125 140  1
 156 140  1
 240 140  1
 241 140  1
  30 141  1
  66 141  1
  67 141  1
  75 141  1
  76 141  1
 150 141  1
 176 141  1
 181 141  1
 192 141  1
 157 143  1
 159 143  1
 160 143  1
  81 144  1
 139 144  1
 235 144  1
 236 144  1
   1 145  1
  95 145  1
 101 145  1
 135 145  1
 188 145  1
 230 145  1
 166 146  1
 266 146  1
  65 147  1
  70 147  1
 179 147  1
 180 147  1
 252 147  1
 116 148  1
 120 148  1
 130 148  1
 143 148  1
 144 148  1
  14 149  1
  20 149  1
 114 149  1
  46 150  1
  47 150  1
 111 150  1
 245 150  1
 246 150  1
  99 151  1
 135 151  1
 236 151  1
 237 151  1
   1 152  1
   2 152  1
  51 152  1
  87 152  1
 239 152  1
  32 153  1
 253 153  1
 254 153  1
  53 154  1
 117 154  1
 198 154  1
 229 154  1
 245 154  1
 246 154  1
  32 155  1
  61 155  1
 128 155  1
 146 155  1
 151 155  1
 153 155  1
 242 155  1
   2 157  1
   3 157  1
 185 157  1
 186 157  1
 258 157  1
 264 157  1
  84 158  1
 233 158  1
 273 158  1
 274 158  1
 100 159  1
 144 159  1
 224 159  1
 257 159  1
 258 159  1
   3 160  1
   4 160  1
  33 160  1
 130 160  1
 147 160  1
 238 160  1
 246 160  1
 155 161  1
 189 161  1
 195 161  1
 196 161  1
 243 161  1
 222 162  1
 251 162  1
 272 162  1
 273 162  1
  96 163  1
 133 163  1
 134 163  1
 198 163  1
 230 163  1
  20 164  1
  24 164  1
 221 164  1
 222 164  1
  15 165  1
   5 166  1
   6 166  1
  32 166  1
 170 167  1
 171 167  1
 270 167  1
 271 167  1
  98 168  1
 104 168  1
 134 168  1
 186 168  1
 221 168  1
 101 169  1
 146 169  1
 253 169  1
 254 169  1
  29 170  1
 205 170  1
 229 170  1
 269 170  1
 270 170  1
  18 171  1
  37 171  1
 160 171  1
 191 171  1
 232 172  1
 226 173  1
 246 173  1
 247 173  1
 268 173  1
 269 173  1
  39 174  1
  43 174  1
  47 174  1
 206 174  1
 208 174  1
 243 175  1
  10 176  1
 203 176  1
 231 176  1
 240 176  1
 189 177  1
 193 177  1
 215 177  1
 150 178  1
 203 178  1
  37 179  1
  41 179  1
 254 179  1
  57 180  1
 168 180  1
 180 180  1
 238 180  1
 239 180  1
 243 180  1
 252 180  1
 193 181  1
 197 181  1
  32 182  1
  49 182  1
  63 182  1
 156 182  1
 185 182  1
 264 182  1
 171 183  1
 190 183  1
  16 184  1
 252 184  3
 254 184  1
  47 185  1
  48 185  1
  89 185  1
  90 185  1
 160 185  1
 161 185  1
 174 185  1
 175 185  1
  32 186  1
  78 186  1
 181 186  1
 191 186  1
 197 186  1
 203 187  1
 205 187  2
 261 187  1
  18 188  1
 139 188  1
 145 188  1
 193 188  1
  91 189  1
  92 189  1
 137 189  1
 202 189  1
 250 189  1
 209 190  1
  98 191  1
 156 191  1
 203 191  1
 259 191  1
 227 192  1
 229 192  1
 236 192  1
 138 193  1
 203 193  1
 208 193  1
  61 194  1
 161 194  1
  81 195  1
  82 195  1
  89 195  1
  99 195  2
  23 196  1
 129 196  1
 130 196  1
 197 196  1
 217 196  1
 225 196  1
  64 197  1
  68 197  1
  89 197  1
 147 198  1
 148 198  1
 149 198  1
  58 199  1
  62 199  1
  70 199  1
  80 199  1
  90 199  1
 161 199  1
 211 199  1
 232 199  1
 233 199  1
 253 199  1
  26 200  1
  78 200  1
  94 200  1
 128 200  1
 115 201  1
 158 201  1
 159 201  1
 195 201  1
 196 201  1
  51 202  1
 120 202  1
 134 202  1
 251 202  1
  77 203  1
 140 203  1
 195 203  1
 234 203  1
  60 204  1
 250 204  1
  55 205  1
  57 205  1
 156 205  1
 195 205  1
 196 205  1
  97 206  1
 127 207  1
 128 207  1
  98 208  1
 118 208  1
 119 208  1
 149 208  1
 184 208  1
 215 208  1
 216 208  1
  58 209  1
 133 209  1
  98 210  1
 201 210  1
 122 211  1
 168 211  1
 152 212  1
 153 212  1
 165 212  1
 180 212  1
 207 212  1
 208 212  1
 122 213  2
 133 213  1
 134 213  1
 191 213  1
 192 213  1
 216 213  1
 100 214  1
 101 214  1
 199 214  1
 209 214  1
 175 216  1
  53 217  1
  44 218  1
 192 218  1
 224 219  1
 194 220  1
 195 220  1
 236 220  1
 153 221  1
 101 222  1
 170 222  1
 171 222  1
 202 222  1
 168 223  1
 216 223  1
  99 224  1
 156 224  1
 130 225  1
 196 225  1
 105 227  1
 227 227  1
 130 228  1
 131 228  1
 198 228  1
 199 228  1
 207 228  1
  98 229  1
 166 229  1
 167 229  1
 168 229  1
 113 230  1
 159 230  1
 119 232  1
 153 232  1
 201 232  1
 220 232  1
  62 233  1
 101 233  1
 123 233  1
 129 234  1
  96 235  1
 149 235  1
 153 236  1
 160 236  1
 215 236  1
  71 237  1
 158 237  1
  74 239  1
 158 239  1
 211 239  1
 152 240  1
  76 241  1
  95 242  1
 122 242  1
 123 242  1
  79 243  1
  80 243  1
 114 243  1
 138 243  1
 153 246  1
  87 247  1
  88 247  1
 141 247  1
 142 247  1
 149 247  1
 160 247  1
 162 247  1
 193 248  1
  93 249  1
 145 250  1
 137 251  1
 138 251  1
 101 252  1
 133 252  1
 169 254  1
 166 255  1
 120 256  1
 160 256  1


count = 840