 149   1  1
 184   1  1
 131   3  1
 154   5  1
 124   6  1
 211   6  1
 120   7  1
 213   7  1
  94  10  1
 160  10  1
 200  10  1
  91  11  1
 196  14  1
 197  14  1
 223  14  1
  82  15  1
 109  15  1
  93  16  1
 100  16  1
 228  16  1
 152  17  1
 153  17  1
  95  18  1
  99  18  1
  87  19  1
 163  19  1
 164  19  1
 213  20  1
 219  20  1
 147  22  1
 148  22  1
 152  22  1
 237  22  1
  95  23  1
 154  23  1
 159  23  1
  69  25  1
  88  25  1
  91  25  1
  95  25  1
  80  26  1
 210  26  1
 154  27  1
 229  27  1
 154  29  1
  77  30  1
  79  30  1
 149  31  1
 203  31  1
 250  31  1
  58  32  1
  59  32  1
 158  32  1
 166  32  1
 186  33  1
 202  35  1
 254  35  1
 222  37  1
 185  38  1
 180  39  1
 177  41  1
 188  41  1
  48  42  1
 183  44  1
 220  45  1
  43  46  1
 188  47  1
 177  50  1
 218  50  1
 186  51  1
 187  51  1
 228  51  1
 267  51  1
 268  51  1
  36  52  1
  46  53  1
  47  53  1
  76  53  1
  72  54  1
 184  54  1
 230  54  1
  68  55  1
  68  57  1
 271  57  1
  43  58  1
  70  60  1
 182  60  1
  36  61  1
  38  62  1
  70  62  1
 182  65  1
  21  66  1
 179  66  1
  36  67  1
  37  67  1
 123  69  1
 125  69  1
 138  69  1
  24  71  1
  73  71  1
 266  71  1
  28  72  1
  37  72  1
 135  72  1
 164  72  1
 261  72  1
  75  73  1
 121  73  1
 174  73  1
 263  73  1
  20  75  1
 116  75  1
 259  75  1
  13  76  1
  27  76  1
 116  77  1
 122  77  1
 193  77  1
  33  78  1
 257  78  1
 186  79  1
 211  79  1
 241  79  1
  82  80  1
  35  81  1
 218  81  1
 231  81  1
  88  82  1
 183  82  1
 236  82  1
 257  82  1
 278  82  1
 279  82  1
   9  83  1
  10  83  1
  35  83  1
 188  83  1
  88  84  1
 191  84  1
 262  86  1
 176  87  1
 266  87  1
 267  87  1
 268  87  1
 193  88  1
 280  88  1
 281  88  1
 108  89  1
 112  89  1
 152  90  1
 172  90  1
 117  91  1
 201  91  1
  65  92  1
 263  92  1
  10  93  1
   4  94  1
   5  94  1
  17  94  1
 106  94  1
  26  95  1
 127  95  1
 174  95  1
 189  95  1
 271  96  1
  65  97  1
 188  97  1
 195  97  1
   3  98  1
   4  98  1
 200  98  1
 276  98  1
  25  99  1
 152  99  1
 165  99  1
 166  99  1
 182  99  1
 183  99  1
 144 101  1
 171 101  1
  49 102  1
  50 102  1
  51 102  1
  59 102  1
  72 102  1
  73 102  1
  47 103  1
 141 103  1
 160 103  1
  67 104  1
  75 104  1
  11 105  1
  16 105  1
  56 105  1
  97 105  1
 122 105  1
  45 106  1
  67 106  1
 100 106  1
 146 106  1
 156 106  1
 109 108  1
 141 108  1
  60 109  1
  74 109  1
 126 109  1
   9 110  1
  16 110  1
 181 111  1
  57 112  1
 100 112  1
 281 112  1
 282 112  1
  49 113  1
  50 113  1
 247 113  1
   9 114  1
  55 115  1
  95 115  1
 139 115  1
 104 116  1
 126 116  1
 129 116  1
 131 116  1
 239 116  1
 240 116  1
 280 116  1
 281 116  1
  12 117  1
 107 117  1
 237 117  1
 247 117  1
  14 118  1
 119 119  1
 178 119  1
 237 119  1
  17 120  1
  48 120  1
 123 120  1
 173 120  1
 268 120  1
 269 120  1
   8 121  1
   9 121  1
  41 121  1
 272 121  1
 181 122  1
 199 122  1
 202 122  1
  30 124  1
  31 124  1
  44 124  1
 134 124  1
 173 124  1
 234 124  1
 271 124  1
  11 125  1
  48 125  1
 106 125  1
 108 125  1
 110 125  1
 123 125  1
 188 125  1
 241 125  1
   7 126  1
   8 126  1
 145 126  1
 206 126  1
 230 126  1
  37 127  1
  25 128  1
  32 128  1
  39 128  1
 184 128  1
 200 128  1
 104 129  1
 196 129  1
  13 130  1
  24 130  1
  98 130  1
  99 130  1
 100 130  1
 135 130  1
 202 130  1
 261 130  1
 188 131  1
 208 131  1
 223 131  1
 265 131  1
 266 131  1
 124 132  1
 125 132  1
 220 132  1
 268 132  1
 269 132  1
 183 133  1
 184 133  1
  10 134  1
  94 134  1
 121 134  1
 149 134  1
 152 134  1
 264 134  1
 159 135  1
 161 136  1
 162 136  1
 258 136  1
 259 136  1
  57 137  1
  91 137  1
  92 137  1
 182 137  1
  64 138  1
 251 138  1
   9 139  1
  10 139  1
 264 139  1
  64 140  1
   1 141  1
  92 143  1
 100 143  1
 101 143  1
 132 143  1
 136 143  1
 196 143  1
  12 144  1
  61 144  1
  63 144  1
 203 144  1
 204 144  1
 223 144  1
 200 145  1
  70 146  1
 123 146  1
 130 146  1
 172 146  1
 103 147  1
 108 147  1
 139 147  1
 168 147  1
 113 148  1
  76 149  1
  77 149  1
 147 149  1
 158 149  1
 223 149  1
 212 150  1
 153 151  1
 216 151  1
   1 152  1
  94 152  1
  95 152  1
 176 152  1
 180 152  1
  16 154  1
  18 154  1
  62 154  1
 134 154  1
 204 154  1
  52 155  1
  95 156  1
 237 156  1
 115 157  1
 186 157  1
 187 157  1
 231 157  1
  29 158  1
 167 158  1
  17 159  1
 121 159  1
 142 159  1
 148 159  1
 191 159  1
 239 159  1
 241 159  1
 243 159  1
 150 160  1
 158 160  1
 230 160  1
  15 161  1
  98 162  1
 225 162  2
   5 163  1
  29 163  1
 163 163  1
 243 163  1
 187 164  1
  31 165  1
 225 166  1
  88 167  1
  89 167  1
  13 168  1
 118 169  1
 112 170  1
 113 170  1
  66 171  1
 118 171  1
 177 172  1
 179 172  1
 187 172  1
 188 172  1
 237 172  1
  33 173  1
  36 173  1
  44 173  1
  45 173  1
  93 173  1
 196 173  1
 102 174  1
 103 174  1
  29 175  1
 116 175  1
 215 175  1
 230 175  1
  51 176  1
  71 176  1
 185 176  1
 228 176  1
 228 178  1
  50 179  1
 219 180  1
  26 181  1
  27 181  1
  54 181  1
 114 181  1
 193 181  1
 194 181  1
 198 181  1
 199 181  1
 105 182  1
 245 182  1
 188 183  1
 111 184  1
 197 185  1
 198 185  1
 188 186  1
 246 186  1
 247 186  1
  26 188  1
 251 189  1
  82 191  1
 240 191  1
 244 192  1
 269 192  1
 180 193  1
  92 194  1
  93 194  1
  35 195  1
 175 195  1
  77 197  1
 265 198  1
  90 199  1
 165 200  1
 171 200  1
 172 200  1
  68 202  1
  44 204  1
 164 204  1
 165 204  1
  66 205  1
  67 205  1
 185 206  1
 186 206  1
 262 206  1
  82 207  1
  90 207  1
 173 207  1
 175 207  1
  97 208  1
  99 208  1
 116 209  1
 123 209  1
  74 211  1
 169 211  1
 258 211  1
  99 212  1
  70 213  1
  72 213  1
 156 213  1
 157 213  1
 162 213  1
 163 213  1
  53 214  1
  70 215  1
  81 215  1
 115 215  1
 119 215  1
 175 215  1
 161 217  1
 162 217  1
 174 217  1
 105 218  1
 113 218  1
 184 218  1
 117 219  1
 122 219  1
 168 219  1
  75 220  1
  79 220  1
  88 220  1
  92 220  1
  82 221  1
 102 222  1
 140 222  1
 159 222  1
 175 222  1
 176 222  1
 177 222  1
 179 222  1
 138 224  1
 149 224  1
  83 227  1
  89 227  1
  90 227  1
 161 227  1
 162 227  1
 173 227  1
 174 227  1
 120 229  1
 152 229  1
 241 229  1
 183 230  1
 184 230  1
 104 231  1
 105 231  1
  80 232  1
  81 232  1
 139 233  1
 140 233  1
 145 233  1
 146 233  1
 177 233  1
 178 233  1
 182 233  1
 183 233  1
 153 234  1
 154 234  1
  75 235  1
 157 235  1
 233 235  1
  77 237  1
  96 237  1
 103 237  1
 171 237  1
 149 238  1
 193 238  1
  80 239  1
  81 239  1
 173 240  1
 140 241  1
 152 241  1
 173 242  1
 192 242  1
 143 243  1
 144 243  1
 148 243  1
 172 244  1
 173 244  1
 221 244  1
 154 245  1
 142 246  1
 138 248  1
 150 248  1
 214 248  1
 118 249  1
 121 249  1
 155 249  1
 171 249  1
 129 251  1
 195 254  1
 146 255  1
 186 256  1


count = 572