 142   1  1
 169   1  1
 135   2  1
 177   2  1
 129   4  1
 158   5  1
 190   5  1
 151   6  1
 118   8  1
 112  10  1
 200  10  1
 125  12  1
 114  16  1
 132  16  1
 208  16  1
 123  17  1
 125  18  1
 126  18  1
 212  18  1
 130  20  1
  89  21  1
  90  21  1
 216  21  1
 135  22  1
 140  22  1
  93  26  1
  78  27  1
  90  28  1
 216  29  1
 141  30  1
 227  30  1
  82  32  1
  80  33  1
 107  33  1
 112  33  1
  70  36  1
 102  36  1
 124  36  1
  76  37  1
  77  37  1
  67  41  1
  79  41  1
  80  41  1
  96  41  1
  73  42  1
  74  42  1
 138  43  1
  83  45  1
  93  45  1
 120  45  1
  31  46  1
 103  46  1
 127  46  1
 138  47  1
  89  48  1
 133  48  1
 111  49  1
 142  49  1
  23  50  1
  24  50  1
  46  51  1
  79  51  1
  96  51  1
 134  51  1
 138  51  1
  22  52  1
  85  52  1
 108  52  1
 145  52  1
 146  52  1
  65  53  1
  19  55  1
 140  55  1
  90  56  1
 100  56  1
 144  56  1
  36  57  1
  37  57  1
  67  57  1
  79  57  1
  84  57  1
  16  58  1
  33  58  1
  98  58  1
 132  58  1
  70  59  1
  77  59  1
  88  59  1
  95  59  1
  43  61  1
 172  61  1
 174  61  1
 166  63  1
 167  63  1
  32  64  1
  33  64  1
  46  64  1
  47  64  1
 188  64  1
 190  64  1
 225  64  1
 169  65  1
 176  65  1
 177  65  1
  78  66  1
  91  66  1
 266  66  1
 242  67  1
 196  68  1
 197  68  1
 236  68  1
  13  69  1
  14  69  1
  32  69  1
 200  69  1
  29  70  1
  40  70  1
  46  70  1
 227  70  1
 228  70  1
 183  72  1
 209  72  1
 269  72  1
 270  72  1
  26  73  1
 189  73  1
 176  74  1
  24  75  1
 271  75  1
 272  75  1
   8  76  1
 195  76  1
 217  76  1
 244  76  1
  17  77  1
  18  77  1
  51  77  1
 227  77  1
 201  78  1
 224  79  1
 203  81  1
 207  81  1
 242  82  1
 243  82  1
 154  83  1
 203  83  1
 222  83  1
 187  85  1
 211  86  1
 220  86  1
 158  87  1
 224  87  1
 278  87  1
 250  88  1
  40  89  1
 206  89  1
 207  89  1
  54  90  1
 164  91  1
 156  92  1
 157  92  1
 267  92  1
 188  93  1
 193  93  1
 161  95  1
 183  95  1
 236  95  1
 270  96  1
 271  96  1
 272  96  1
 181  97  1
 192  97  2
 230  97  1
 231  97  1
 232  97  1
 167  98  1
 168  98  1
 175  98  1
 196  99  1
 232  99  1
 250  99  1
 163 101  1
 164 101  1
 182 101  1
 183 101  1
 198 101  1
 240 102  1
 245 102  1
 262 102  1
 182 103  1
 242 105  1
 160 106  1
 161 106  1
 201 106  1
 232 106  1
 204 107  1
  14 108  1
  15 108  1
 206 110  1
 207 110  1
 242 112  1
 244 112  1
 249 112  1
 165 113  1
 223 114  2
 224 114  1
 225 114  1
 167 115  1
 168 115  1
  75 116  1
 207 116  1
 233 116  1
 234 116  1
  14 117  1
  15 117  1
 161 117  1
 162 117  1
 244 117  1
 245 117  1
 190 118  1
  45 119  1
  46 119  1
 229 119  1
  31 120  1
  32 120  1
  33 120  1
  78 120  1
 222 120  1
 223 120  1
 233 120  1
 280 120  1
  17 121  1
  26 121  1
 244 121  1
  21 122  1
  22 122  1
  37 122  1
  38 122  1
  84 122  1
 220 122  1
 233 122  1
  46 123  1
  80 123  1
  82 123  1
 206 123  1
  44 124  1
 113 124  1
 143 124  1
  34 125  1
  36 125  1
 101 125  1
 163 125  1
 240 125  1
  78 126  1
 109 126  1
 159 126  1
 172 126  1
 185 126  1
 189 126  1
 208 126  1
 213 126  1
 214 126  1
 229 126  1
   2 127  1
  25 127  1
  52 127  1
  99 127  1
  16 128  1
  46 128  2
  69 128  1
  73 128  1
  86 128  1
 218 128  1
 255 128  1
   4 129  1
   5 129  1
  19 129  1
  42 129  1
 245 129  1
 247 129  1
  25 130  1
  33 130  1
  80 130  1
  85 130  1
 241 130  1
 255 130  4
  19 131  1
 269 131  1
  29 132  1
 251 132  1
  19 133  1
  66 133  1
  72 133  1
 109 133  1
 110 133  1
 172 133  1
 215 133  1
 216 133  1
 227 133  1
 261 133  1
  34 134  1
  40 134  1
  41 134  1
  55 134  1
  99 134  1
 100 134  1
 114 134  1
 158 134  1
 207 134  1
 210 134  1
 211 134  1
 223 134  1
 225 134  1
  11 135  1
  77 135  1
  90 135  1
 117 135  1
 152 135  1
 275 135  1
 276 135  1
  73 136  1
 135 136  1
 187 136  1
 188 136  1
 189 136  1
   9 137  1
 254 137  1
   5 138  1
   6 138  1
  14 138  1
  15 138  1
 207 138  1
 276 138  1
 277 138  1
  17 139  1
  22 139  1
 198 139  1
  65 140  1
  75 140  1
 160 140  1
 184 140  1
 185 140  1
 240 140  1
 241 140  1
   3 141  1
 258 141  1
 170 142  1
 182 142  1
 191 142  1
 243 142  1
 247 143  1
 107 144  1
 159 144  1
  20 145  1
  89 145  1
  93 145  1
 110 145  1
 178 145  1
 179 145  1
 252 145  1
 254 145  1
 266 145  1
  23 146  1
 271 146  1
   1 147  1
  81 147  1
 179 147  1
 249 147  1
 163 148  1
 164 148  1
   7 149  1
 179 149  1
 183 149  1
 184 149  1
 248 149  1
 249 149  1
 177 150  1
 253 150  1
 280 151  1
  27 153  1
 175 153  1
 185 153  1
   1 154  1
 113 155  1
 167 155  1
   9 156  1
 109 156  1
 186 158  1
   2 159  1
 173 162  1
 160 163  1
 168 163  1
   6 164  1
 109 164  1
 178 164  1
 179 164  1
 120 165  1
 121 165  1
 158 165  1
 172 168  1
 158 169  1
 164 169  1
 113 170  1
 115 170  1
 119 170  1
 120 170  1
 180 170  1
 175 171  1
 116 172  1
 117 172  1
 270 172  1
 202 173  1
 181 174  1
 194 174  1
   9 175  1
  10 175  1
 263 175  1
 265 175  1
 277 175  1
 278 175  1
 276 177  1
 267 178  1
 176 179  1
 192 179  1
 209 179  1
 248 179  1
 218 180  1
 249 181  1
   8 183  1
  77 183  1
  78 183  1
 176 183  1
 218 184  1
 254 185  1
 255 185  1
  32 186  1
  33 186  1
  72 186  1
 258 186  1
 260 187  1
  77 188  1
  82 188  1
 185 188  1
 186 188  1
 268 188  1
 171 189  1
 207 190  1
  31 191  1
  27 192  1
  78 192  1
 265 192  1
  73 193  1
  84 193  1
  22 194  1
  37 194  1
  78 194  1
  74 195  1
 171 195  1
  20 196  1
 167 196  1
 196 196  1
 263 196  1
  40 197  1
 173 198  1
 183 198  1
  14 199  1
  28 200  1
  72 200  1
  31 201  1
 259 202  1
  40 203  1
  81 205  1
  98 205  1
 111 205  1
 101 206  1
 102 206  1
  44 207  1
  86 207  1
  87 207  1
 142 207  1
  24 208  1
 126 208  1
 139 208  1
 254 208  1
  35 209  1
  74 209  1
 106 209  1
  83 210  1
 102 210  1
  44 211  1
 132 211  1
 171 213  1
  71 214  1
 158 214  1
 159 214  1
 165 214  1
 248 214  1
  88 215  1
  89 215  1
 155 217  1
 181 217  1
  91 218  1
 115 218  1
 124 218  1
 143 218  1
 189 218  1
 246 218  1
  58 219  1
 176 219  1
 244 219  1
  35 220  1
  56 220  1
 137 220  1
  85 223  1
 232 226  1
  84 229  1
  78 231  1
  85 236  1
 102 237  1
 103 237  1
  99 241  1
 110 241  1
 102 242  1
 211 244  1
 205 247  1
 117 248  1
 185 255  1


count = 527