 148   1  1
 156   1  1
 140   2  1
 170   2  1
 173   3  1
 127   6  1
 122   8  1
 190   8  1
 145  10  1
 111  12  1
 113  12  1
 140  12  1
 104  13  1
 205  13  1
 101  14  1
 145  14  1
 139  15  1
 140  15  1
  96  16  1
 124  16  1
 125  16  1
  92  18  1
 197  18  1
  69  20  1
  84  20  1
 113  20  1
 117  20  1
 118  20  1
  65  21  1
  67  21  1
 125  22  1
 194  22  1
  59  23  1
 110  23  1
 120  23  1
 148  23  1
 149  23  1
 222  23  1
  95  24  1
  71  25  1
  72  25  1
  88  25  1
 102  25  1
 103  25  1
 129  25  1
  53  26  1
  54  26  1
  78  27  1
 124  27  1
 138  28  1
 191  31  1
 192  31  1
 128  32  1
 129  32  1
  88  33  1
 119  34  1
 139  34  1
 234  34  1
  43  35  1
 133  35  1
 134  35  1
 109  36  1
 105  37  1
 122  37  1
  35  38  1
  36  38  1
 124  41  1
 125  41  1
 139  42  1
 150  46  1
 113  48  1
 127  48  1
 132  48  1
 143  48  1
  32  49  1
 117  49  1
  23  50  1
 148  52  1
 126  53  1
  27  54  1
 159  55  1
 259  58  1
  92  59  1
 141  59  1
  43  61  1
 137  63  1
 141  63  1
  46  64  1
  86  64  1
 264  65  1
  14  67  1
  15  67  1
  19  67  1
  20  67  1
  40  67  1
  89  67  1
 144  67  1
  89  70  1
 148  70  1
 191  70  1
 195  70  1
 183  71  1
  89  72  1
 187  72  1
 269  72  1
  21  74  1
  22  74  1
 149  75  1
 194  75  1
 195  75  1
 208  75  1
  21  76  1
  22  76  1
 216  77  1
  19  78  1
 147  79  1
 217  79  1
 181  80  1
 202  81  1
  13  82  1
 227  82  1
 274  83  1
 275  83  1
 136  84  1
 140  86  1
 187  86  1
 275  86  1
 276  86  1
   5  87  1
   6  87  1
  34  87  1
 168  87  1
  31  89  1
 171  89  1
 253  89  1
  40  90  1
 245  90  1
 141  91  1
 229  91  1
 230  91  1
  22  93  1
  29  93  1
 243  93  1
 222  94  1
 227  94  1
  75  95  1
 236  97  1
  73  98  1
 209  98  1
 210  98  1
  19  99  1
  79  99  1
  80  99  1
 178  99  1
 233  99  1
 252 101  1
 253 101  1
  81 103  1
  82 103  1
 169 103  1
   1 104  1
 228 104  1
  16 105  1
 246 105  1
 252 105  1
 253 105  1
 250 106  1
  84 107  1
 168 108  1
 173 108  1
  14 110  1
  76 110  1
 179 110  1
 224 110  1
  10 111  1
  21 111  1
  90 112  1
  91 112  1
 173 112  1
 228 112  1
 170 113  1
 186 113  1
  79 114  1
 221 114  1
   1 115  1
   7 115  1
  17 116  1
  37 116  1
 117 116  1
 165 116  1
 166 116  1
 226 116  1
 227 116  1
   1 117  1
 189 117  1
 224 117  1
   9 118  1
 160 118  1
 119 119  1
 120 119  1
 274 119  1
 156 121  1
 192 121  1
 193 121  1
  16 122  1
  17 122  1
  26 122  1
  27 122  1
  43 122  1
  46 122  1
 166 122  1
 171 122  1
 177 122  1
 212 122  1
  54 123  1
  58 123  1
 119 123  1
 160 123  1
 168 123  1
 208 123  1
  49 124  1
 187 124  1
 204 124  1
 218 124  1
 219 124  1
 268 124  1
  70 125  1
  87 125  1
 160 125  1
 162 125  1
  11 126  1
  68 126  1
 151 126  1
 271 126  1
 157 127  1
 167 127  1
 176 127  1
 200 127  1
 201 127  1
 274 127  1
  43 128  1
  47 128  1
  66 128  1
  98 128  1
 123 128  1
 171 128  1
 228 128  1
 266 128  1
 267 128  1
  17 129  1
  59 129  1
 131 129  1
 162 129  1
 163 129  1
 206 129  1
 231 129  1
 232 129  1
  70 130  1
 139 130  1
 208 130  1
 261 130  1
  10 131  1
  53 131  1
 150 131  1
 191 131  1
  42 132  1
  45 132  1
  48 132  1
 170 132  1
 171 132  1
 176 132  1
 213 132  1
 281 132  1
 282 132  1
 140 133  2
 225 133  1
 227 133  1
 253 133  2
 255 133  1
  15 134  1
  36 134  1
 131 134  1
 164 134  1
  40 135  1
  52 135  1
  55 135  1
 133 135  1
 135 135  1
 146 135  1
 187 135  1
 149 136  1
 158 136  1
 208 136  1
 116 137  1
 179 137  1
 181 137  1
 183 137  1
 161 138  1
 202 138  1
  84 139  1
  10 140  1
 154 141  1
 155 141  1
 165 141  1
 184 141  1
 188 141  1
   3 143  1
   4 143  1
   9 144  1
 229 144  1
 116 145  1
 231 146  1
 112 147  1
 113 147  1
 236 148  1
  95 149  1
 240 149  1
  90 151  1
  91 151  1
 172 151  1
 173 151  1
 182 152  1
 183 152  1
  76 153  1
  87 153  1
   9 154  1
   3 155  1
   4 155  1
  87 155  1
 168 155  1
 174 155  1
 179 155  1
 180 155  1
  77 157  1
 232 157  1
 168 158  1
 281 158  1
 282 158  1
  76 159  1
 187 159  1
 193 159  1
 231 159  1
 177 160  1
 247 160  1
 226 161  1
 178 162  1
  73 164  1
  74 164  1
 178 164  1
 182 164  1
 205 164  1
 170 166  1
 234 166  1
 171 168  1
 195 169  1
 171 170  1
 186 170  1
 191 170  1
 202 170  1
 204 171  1
 184 172  1
 224 172  1
  12 173  1
  13 173  1
   6 174  1
   7 174  1
 180 177  1
 215 177  1
 216 177  1
 190 178  1
 191 178  1
  28 179  1
  30 179  1
 173 179  1
 188 179  1
 273 179  1
 199 181  1
 200 181  1
  20 182  1
  30 183  1
  26 184  1
  27 184  1
 181 184  1
 182 186  1
 189 186  1
 196 186  1
 202 186  1
 221 187  1
  21 188  1
 211 188  1
 225 188  1
 268 188  1
 220 190  1
  19 192  1
  20 192  1
  33 194  1
 210 194  1
 211 194  1
 232 194  1
 264 194  1
  30 196  1
 233 197  1
 153 198  1
 216 198  1
 260 199  1
  25 200  1
 122 201  1
 186 201  1
  19 202  1
 156 202  1
  38 203  1
 121 203  1
  29 204  1
  45 204  1
 191 204  1
 225 204  1
 226 204  1
 242 204  1
 256 204  1
 115 205  1
 133 205  1
 146 205  1
 147 205  1
 199 206  1
 209 206  1
 144 207  1
 155 208  1
  36 210  1
  37 210  1
  42 210  1
 122 210  1
 120 211  1
 227 211  1
 228 211  1
 150 212  1
 151 212  1
 145 214  1
  42 217  1
 131 218  1
 132 218  1
 102 219  1
  64 220  1
 140 220  1
 232 220  1
  38 221  1
  60 221  1
  64 222  1
 146 222  1
 148 222  1
  98 223  1
  99 223  1
 133 223  1
 136 223  1
  56 224  1
  64 224  1
 235 224  1
  80 225  1
 140 225  1
 141 225  1
  44 226  1
  97 226  1
  98 226  1
 232 227  1
  55 228  1
  56 228  1
  61 228  1
  62 228  1
 179 229  1
 149 230  1
  81 231  1
  95 231  1
  96 231  1
 179 231  1
  61 232  1
 171 232  1
 226 232  1
  78 233  1
  99 234  1
 224 234  1
  71 235  1
  83 235  1
 177 235  1
 180 235  1
 182 235  1
  75 236  1
  97 237  1
 177 237  1
 219 237  1
  93 238  1
  83 239  1
  72 240  1
 177 241  1
 104 242  1
 181 242  1
 179 243  1
 114 244  1
 121 244  1
 202 244  1
  94 245  1
 125 245  1
 129 245  1
 143 245  1
  97 246  1
 196 246  1
 118 247  1
 142 247  1
 193 247  1
 124 249  1
 136 250  1
 137 250  1
 115 251  1
 125 254  1
 133 256  1
 154 257  1


count = 514