 125   1  1
 155   1  1
 114   2  1
 109   4  1
 104   6  1
  98   9  1
 116   9  1
 182   9  1
 183   9  1
 156  10  1
 164  10  1
 186  10  1
  94  11  1
 109  13  1
 171  14  1
 172  14  1
 102  16  1
 106  16  1
 128  17  1
 134  17  1
 201  17  1
 112  18  1
 113  18  1
 172  18  1
  99  19  1
 127  19  1
 148  19  1
 181  19  1
 113  20  1
 119  20  1
 153  20  1
 158  20  1
 168  20  1
  72  21  1
 134  21  1
  66  22  1
 113  22  1
 211  22  1
 132  23  1
 147  23  1
 148  23  1
  90  25  1
  92  25  1
  99  25  1
 159  25  1
  58  26  1
  59  26  1
 217  26  1
 110  27  1
 114  27  1
 116  27  1
 145  28  1
 154  28  1
 102  29  1
 131  30  1
 132  30  1
 163  30  1
  51  31  1
 151  32  1
  48  33  1
 111  33  1
 117  33  1
 130  33  1
 104  34  1
 230  36  1
 129  37  1
 130  37  1
 176  38  1
 218  39  1
 134  40  1
 127  41  1
 166  42  1
 167  42  1
 174  42  1
 107  43  1
 122  43  1
 223  43  1
 237  43  1
 118  44  1
 208  44  1
 110  45  1
 217  45  1
 114  46  1
 115  46  1
 169  46  1
 134  47  1
 181  47  1
  91  49  1
  95  49  1
 193  49  1
 194  49  1
  28  50  1
 136  50  1
 137  50  1
 180  50  1
 157  52  1
 158  52  1
 245  52  1
 182  54  1
 183  54  1
 187  56  1
 157  57  1
 158  57  1
 140  58  1
 218  58  1
  20  59  1
 144  59  1
 254  59  1
 157  61  1
  17  62  1
 216  62  1
 217  62  1
 144  63  1
 256  63  1
 219  66  1
 260  71  1
 212  73  1
 214  73  1
 218  73  1
 219  73  1
  75  75  1
 206  75  1
 218  77  1
  72  80  1
 206  81  1
 190  82  1
 191  82  1
 201  82  1
 214  82  1
 257  82  1
 270  82  1
 190  84  1
 198  85  1
 234  85  1
  11  86  1
  12  86  1
 148  86  1
 149  86  1
 220  86  1
   5  87  1
   6  87  1
 193  87  1
 236  87  1
 247  87  1
 260  87  1
 261  87  1
 156  88  1
 157  90  1
 166  90  1
 224  90  1
  12  91  1
 144  91  1
 162  91  1
 246  91  1
  10  92  1
  33  92  1
  68  92  1
  69  92  1
 193  92  1
 194  92  1
 220  92  1
 274  93  1
 275  93  1
  26  94  1
  61  94  1
 259  94  1
  14  95  1
  15  95  1
 101  95  1
 161  95  1
 191  95  1
 240  95  1
  18  96  1
  41  96  1
 262  96  1
 105  97  1
 156  97  1
 219  97  1
 166  98  1
  65  99  1
  75  99  1
 137  99  1
  23 100  1
 154 100  1
 155 100  1
 240 100  1
  15 101  1
  34 101  1
 227 101  1
  11 102  1
  42 102  1
  53 102  1
 100 102  1
 102 102  1
 106 102  1
 162 102  1
 231 102  1
 258 102  1
 277 102  1
 278 102  1
   1 103  1
   2 103  1
  48 103  1
  49 103  1
  50 103  1
  74 103  1
 110 103  1
 131 104  1
  74 105  1
 110 105  1
 121 105  1
 127 105  1
 156 105  1
 131 106  1
 114 107  1
 116 107  1
 146 107  1
 191 107  1
  48 108  1
  53 108  1
  77 108  1
  82 108  1
 131 108  1
 132 108  1
 139 108  1
 152 109  1
 153 109  1
 257 109  1
  40 110  1
 111 110  1
 148 110  1
 177 110  2
 179 110  1
 117 111  1
 118 111  1
 261 111  1
  46 112  1
  51 112  1
  53 112  1
 266 112  1
 137 114  1
 139 114  1
  55 116  1
 115 117  1
 118 118  1
 188 118  1
 189 118  1
 266 118  1
 193 119  1
 198 120  1
 199 120  1
 201 121  1
   7 122  1
  53 122  1
  58 122  1
  41 123  1
  51 123  1
 201 123  1
 277 123  1
 278 123  1
  11 124  1
  47 124  1
  62 124  1
  70 124  1
  30 125  1
  31 125  1
  43 125  1
 177 125  1
  19 126  1
  74 126  1
  75 126  1
  84 126  1
 190 126  1
  40 127  1
  59 127  1
  67 127  1
 122 127  1
 199 127  1
 246 127  1
  35 128  1
  37 128  1
 125 128  1
 174 128  1
  16 129  1
  30 130  1
 127 130  1
 218 130  1
 222 130  1
 273 130  1
  26 131  1
  74 131  1
  78 131  1
 108 131  1
 114 131  1
 204 131  1
 205 131  1
   6 132  1
  28 132  1
  69 132  1
 103 132  1
 209 132  1
  37 133  1
  95 133  1
 198 133  1
 199 133  1
 214 133  1
 254 133  1
 272 133  1
  14 134  1
  28 134  1
  29 134  1
  45 134  1
  64 134  1
  65 134  1
  67 134  1
 248 134  1
 260 134  1
  94 135  1
 124 135  1
 131 135  1
 151 135  1
 218 135  1
 272 135  1
  65 136  1
  76 136  1
  83 136  1
  90 136  1
 175 136  1
 204 136  1
 209 136  1
 213 136  1
 274 136  1
   7 137  1
  69 137  1
 120 137  1
  65 138  1
 129 138  1
 245 138  1
  50 139  1
 155 139  1
 270 139  1
  15 140  1
  16 140  1
 175 140  1
 176 140  1
 261 140  1
  23 141  2
  38 141  1
 106 141  1
 119 141  1
 243 141  1
 264 142  1
   1 143  1
  24 143  1
  41 143  1
 115 143  1
 116 143  1
 128 143  1
  13 144  1
  46 144  1
  47 144  1
 174 144  1
 175 144  1
  26 145  1
  27 145  1
  55 145  1
 183 145  1
 113 146  1
  48 147  1
  49 147  1
  59 147  1
 101 147  1
 138 147  1
 146 147  1
 179 147  1
 180 147  1
 231 147  1
   1 148  1
  38 148  1
  39 148  1
 107 148  1
 150 148  1
 197 148  1
  11 149  1
 228 149  1
 229 149  1
  82 150  1
  91 150  1
  98 150  1
  26 151  1
  43 151  1
  49 151  1
 202 151  1
 229 151  1
  16 152  1
  17 152  1
  77 152  1
  78 152  1
 162 152  1
 198 152  1
 256 152  1
   1 153  1
   2 153  1
  47 153  1
  62 153  1
  63 153  1
 117 153  1
 118 153  1
 141 153  1
 142 153  1
 229 153  1
 234 153  1
 106 154  1
 107 154  1
 250 154  1
 193 155  1
 194 155  1
 225 155  1
  18 156  1
  43 158  1
  98 158  1
 235 158  1
  23 159  1
  32 159  1
  33 159  1
 193 159  1
 194 159  1
 231 160  1
 245 160  1
 246 160  1
 124 161  1
  48 162  1
 171 162  1
 242 162  1
 244 162  1
  42 163  1
 176 163  1
 240 163  1
 135 164  1
 282 164  1
 283 164  1
 127 165  1
 146 165  1
 177 165  1
 178 165  1
 233 165  1
 273 165  1
 274 165  1
   9 166  1
  48 166  1
 149 166  1
 266 166  1
  45 167  1
 141 167  1
 151 167  1
 230 167  1
  38 168  1
  39 168  1
  45 169  1
 144 169  1
 145 169  1
 198 169  1
 264 169  1
 150 170  1
  10 171  1
  33 171  1
  45 171  1
  46 171  1
 154 171  1
 181 171  1
 202 171  1
 259 171  1
  29 173  1
  37 173  1
  38 173  1
 280 173  1
 281 173  1
  44 175  1
  45 175  1
 265 175  1
 267 175  1
 183 176  1
   6 177  1
  24 177  1
 182 178  1
 235 178  1
  28 179  1
 206 179  1
 255 179  1
  32 180  1
 156 180  1
 157 180  1
 169 180  1
 190 180  1
 191 180  1
  15 181  1
  41 181  1
  42 181  1
 259 182  1
 262 182  1
 277 182  1
 158 183  1
 160 183  1
 163 183  1
 240 183  1
 236 184  1
 237 184  1
  37 185  1
 189 185  1
 255 185  1
 265 185  1
  16 186  1
  17 186  1
  23 186  1
  22 188  1
  23 188  1
 120 188  1
 209 188  1
 224 188  1
 215 189  1
 123 190  1
 232 190  1
  21 191  1
 127 191  1
 147 191  1
 155 191  1
 208 191  1
 257 191  1
 258 191  1
  13 192  1
  95 192  1
  97 192  1
  25 193  1
  32 193  1
 141 193  1
  40 194  1
  45 194  1
  94 194  1
 258 194  1
  33 195  1
 146 195  1
 147 195  1
 159 195  1
 163 195  1
 215 195  1
 229 195  1
  37 196  1
  50 196  1
 101 196  1
 193 196  1
  91 197  1
 136 198  1
 137 198  1
 195 198  1
 253 198  1
  44 199  1
 160 200  1
 161 200  1
 148 201  1
 169 201  1
 219 201  1
 136 202  1
 215 202  1
 240 203  1
 241 203  1
 252 203  1
 145 204  1
 160 204  1
 192 204  1
 193 204  1
 194 204  1
 199 204  1
 224 205  1
 225 205  1
 244 205  1
 163 206  1
 189 206  1
 254 206  1
 168 207  1
  35 208  1
  36 208  1
  40 208  1
  49 208  1
  92 208  1
  93 208  1
 141 208  1
 154 208  1
 157 208  1
 196 208  1
 197 208  1
 221 208  1
 246 209  1
  41 210  1
 201 210  1
  47 211  1
  84 211  1
 257 211  1
  38 212  1
  39 212  1
  88 212  1
  47 213  1
 207 213  1
 245 213  1
 191 214  1
 151 215  1
 152 215  1
 168 215  1
 169 215  1
 184 215  1
 194 215  1
 196 215  1
 100 216  1
 101 216  1
 113 216  1
 139 216  1
 140 216  1
 243 216  1
 105 217  1
  46 218  1
 118 218  1
 150 218  1
  38 219  1
  54 219  1
  71 219  1
 159 219  1
 160 219  1
 205 219  1
 206 219  1
  82 220  1
 146 220  1
 179 220  1
  49 222  1
  70 222  1
  82 222  1
 166 222  1
 248 222  1
  53 223  1
  63 224  1
 149 224  1
 150 224  1
  58 225  1
 244 225  1
  56 226  1
 198 226  1
 208 226  1
  80 227  1
  84 227  1
 125 227  1
 133 227  1
 134 227  1
 121 228  1
 163 228  1
 164 228  1
  49 229  1
  50 229  1
  78 229  1
 148 229  1
 149 229  1
 215 229  1
 236 231  1
  59 232  1
 119 232  1
 160 232  1
  77 233  1
  78 233  1
  93 234  1
 117 234  1
 119 234  1
 232 234  1
  84 235  1
 122 236  1
 133 236  1
  71 237  1
 135 238  1
 225 238  1
  92 239  1
  93 239  1
  79 240  1
 116 240  1
 122 241  1
 219 241  1
  82 242  1
 212 244  1
 116 245  1
 121 245  1
 207 246  1
  96 247  1
  99 248  1
 203 248  1
 204 248  1
 121 249  1
 105 250  1
 135 250  1
 129 251  1
 189 252  1
 114 253  1
 184 253  1
 117 254  1
 179 254  1
 130 257  1


count = 700