 154   1  1
 164   1  1
 168   1  1
 177   3  1
 131   4  1
 161   7  1
 184   7  1
 166   8  1
 117   9  1
 171   9  1
 114  10  1
 173  11  1
 175  11  1
 194  11  1
 111  12  1
 201  13  1
 104  15  1
 106  15  1
 204  15  1
 183  16  1
 184  16  1
  96  17  1
 114  17  1
 109  19  1
 110  19  1
 184  20  1
 185  20  1
 112  21  1
 113  21  1
 117  21  1
 118  21  1
  99  22  1
 104  22  1
 129  22  1
 213  22  1
  83  23  1
 114  23  1
 217  24  1
 206  25  1
 207  25  1
 124  26  2
 125  26  1
 126  26  1
 183  26  1
 184  26  1
 121  27  1
 180  29  1
 226  29  1
 117  31  1
 135  31  1
 217  31  1
  71  33  1
 179  33  1
 217  33  1
 221  33  1
  55  35  1
 136  35  1
 137  35  1
 234  35  1
 212  36  1
  66  37  1
  67  37  1
  71  37  1
  91  38  1
  49  39  1
 239  39  1
 132  41  1
 133  41  1
 135  41  1
 137  41  1
 142  41  1
 211  41  1
 212  41  1
 243  42  1
  41  44  1
 110  44  1
 151  44  1
  92  45  1
  93  45  1
  89  46  1
 120  46  1
 134  46  1
 137  46  1
 154  46  1
 208  46  1
 144  48  1
 208  48  1
 120  50  1
 136  50  1
 110  51  1
 127  51  1
 243  51  1
 107  52  1
 108  52  1
 141  52  1
  86  53  1
 129  53  1
 144  54  1
 145  54  1
 152  55  1
  82  56  1
 161  56  1
 245  56  1
 246  56  1
  38  58  1
  82  58  1
 127  59  1
 149  60  1
 153  60  1
 105  61  1
 106  61  1
  81  62  1
 163  62  1
  45  63  1
  55  63  1
  89  63  1
  83  64  1
 244  64  1
  87  65  1
  48  67  1
  49  67  1
  60  67  1
  90  69  1
 247  69  1
 115  70  1
 142  70  1
 183  70  1
 199  70  1
  14  71  1
  86  71  1
 145  71  1
 187  71  1
 152  72  1
 183  72  1
 205  72  1
 207  72  1
 195  73  1
 244  73  1
 155  74  1
 176  74  1
 177  74  1
 178  74  1
 182  74  1
 191  74  1
 270  74  1
 271  74  1
  64  76  1
 106  77  1
 185  77  1
 200  77  1
 208  77  1
  71  78  1
 171  78  1
  67  79  1
 151  79  1
 192  79  1
 215  79  1
 176  80  1
 273  80  1
 274  80  1
  96  81  1
 100  82  1
 102  82  1
 142  82  1
 180  82  1
 182  82  1
 194  82  1
 198  82  1
 140  83  1
 219  83  1
 228  84  1
 103  85  1
 189  85  1
 231  85  1
   7  86  1
   8  86  1
 235  86  1
 244  86  1
 245  86  1
 261  86  1
 140  87  1
 141  87  1
 221  87  1
 252  87  1
 108  88  1
 109  88  1
  94  89  1
  99  89  1
 103  89  1
 236  89  1
  12  90  1
  13  90  1
  15  91  1
 158  91  1
 159  91  1
 239  91  1
 240  91  1
 106  92  1
 140  92  1
 215  92  1
 220  92  1
 226  92  1
  15  93  1
 181  93  1
 182  93  1
 235  93  1
 121  94  1
 257  94  1
 258  94  1
   3  95  1
   4  95  1
 156  95  1
 157  95  1
 279  95  1
 280  95  1
 104  96  1
 187  96  1
 226  96  1
 100  97  1
 234  97  1
   2  98  1
   3  98  1
 159  98  1
 238  98  1
 273 100  1
 225 101  1
 249 101  1
 252 101  1
 254 101  1
  77 102  1
 244 102  1
 192 103  1
 184 104  1
 185 104  1
 221 104  1
 228 104  1
 229 104  1
  73 105  1
 216 105  1
 275 105  1
 237 106  1
  79 107  1
 221 108  1
  75 109  1
 217 109  1
 227 109  1
 178 110  1
 179 110  1
 185 110  1
 237 110  1
 226 111  1
 187 112  1
 268 112  2
 270 112  1
 233 113  1
 273 114  1
 175 115  1
  89 116  1
 169 116  1
 180 116  1
 273 116  1
 116 117  1
 165 117  1
 192 117  1
  61 118  1
  62 118  1
 102 118  1
 185 118  1
 196 119  1
 214 119  2
 215 119  1
 120 120  1
 161 120  1
  20 122  1
  54 122  1
 203 122  1
  25 123  1
  45 123  1
 158 123  1
 171 123  1
 180 123  1
 206 123  1
 273 123  1
 185 124  1
 271 124  1
 210 125  1
 247 125  1
 279 125  1
   2 126  1
  12 126  1
  62 126  1
 115 126  1
 120 126  1
 164 126  1
  64 127  1
 127 127  1
 169 127  1
 225 127  1
 233 127  1
  18 128  1
  30 128  1
  54 128  1
  67 128  1
  68 128  1
 175 128  1
  43 129  1
 271 129  1
 272 129  1
 277 129  1
  54 130  1
 175 130  1
  23 131  1
  28 131  1
  46 131  1
  47 131  1
 126 131  1
 173 131  1
 212 131  1
 215 131  1
  32 132  1
  33 132  1
  63 132  1
 186 132  1
 187 132  1
 191 132  1
  52 133  1
 164 133  1
 168 133  1
 277 133  1
  54 134  1
  14 135  1
  18 135  1
 119 135  1
 185 135  1
 209 135  1
 210 135  1
 123 136  1
 129 136  1
   9 137  1
 171 138  1
 183 138  1
   4 139  1
  87 139  1
 178 139  1
 202 139  1
  15 140  1
  26 140  1
  69 140  1
 126 140  1
 280 140  1
 281 140  1
  87 141  1
 167 141  1
 195 142  1
 214 142  1
 123 143  1
 185 143  1
 193 143  1
 210 143  1
 211 143  1
   8 144  1
   9 144  1
 174 144  1
 181 144  1
 249 144  1
 261 145  1
 265 145  1
  94 146  1
 191 147  1
 211 147  1
 282 147  1
 283 147  1
  91 148  1
  92 148  1
 197 148  1
 199 148  1
  82 149  1
 257 150  1
 196 151  1
 190 152  1
 222 152  1
 261 152  1
  79 153  1
 183 153  1
 184 153  1
 202 153  1
 249 153  1
 250 153  1
 255 153  1
 188 155  1
 246 156  1
 255 156  1
 222 157  1
  75 158  1
 189 158  1
 238 158  1
 183 159  1
 224 159  1
 147 160  1
 230 160  1
 246 160  1
 260 160  1
  75 162  1
  76 162  1
 180 162  1
 188 162  1
 260 162  1
 258 163  1
 191 164  1
 239 164  1
 245 165  1
 142 167  1
 252 167  1
 253 167  1
 138 170  1
 139 170  1
 263 170  1
 277 173  1
 278 173  1
 194 175  1
 196 175  1
 198 175  1
 142 176  1
 235 176  1
 267 176  1
 268 176  1
 180 177  1
 181 177  1
 199 177  1
 200 177  1
 205 177  1
 206 177  1
 148 178  1
 255 178  1
 267 178  1
 275 178  1
 276 178  1
 250 179  1
 188 181  1
 189 181  1
 190 181  1
 206 181  1
 267 181  1
  70 182  1
  81 182  1
 257 182  1
 258 182  1
 186 183  1
 250 183  1
  70 184  1
  29 185  1
 197 185  1
  89 186  1
  90 186  1
 106 186  1
 201 186  1
  18 187  1
  72 187  1
 115 187  1
 187 187  1
 194 187  1
 205 187  1
 249 187  1
  23 188  1
  29 189  1
 157 189  1
 189 189  1
  82 190  1
  92 190  1
 210 190  1
  78 191  1
  80 191  1
 130 191  1
 163 191  1
  15 192  1
  70 193  1
  71 193  1
  86 193  1
 166 193  1
  22 194  1
  23 194  1
  72 195  1
 133 195  1
 268 195  1
  64 196  1
 109 197  1
 162 197  1
  19 198  1
  97 198  1
 156 198  1
 112 199  1
 154 200  1
 158 200  1
  97 201  1
 165 201  1
 157 204  1
 163 204  1
 110 206  1
 100 207  1
 108 207  1
 147 208  1
 105 209  1
 132 209  1
 142 209  1
 120 210  1
 129 210  1
 153 210  1
 101 212  1
  35 213  1
 103 213  1
  37 215  1
 200 215  1
 179 216  1
  64 217  1
 187 217  1
  78 218  1
 190 218  1
  44 219  1
  75 219  1
 204 219  1
 183 220  1
  58 221  1
 146 221  1
 195 221  1
 205 221  1
 139 222  1
 189 222  1
  76 223  1
  96 224  1
  97 224  1
 138 224  1
 139 224  1
  53 225  1
 184 225  1
 192 225  1
  92 226  1
 135 226  1
  80 227  1
  81 227  1
 200 227  1
 191 228  1
 237 228  1
  96 229  1
 134 229  1
  94 230  1
 192 230  1
 235 230  1
  87 231  1
 132 231  1
 133 231  1
 134 231  1
 187 232  1
 231 232  1
 153 233  1
 200 233  1
  82 234  1
  83 234  1
 149 234  1
 205 234  1
 226 235  1
 106 236  1
  92 237  1
 121 237  1
  79 238  1
 105 238  1
 187 238  1
  82 239  1
  85 240  1
 103 240  1
 104 240  1
 119 240  1
  88 241  1
 107 241  1
 108 241  1
 119 243  1
 144 243  1
 148 243  1
 181 243  1
 188 244  1
 213 245  1
 102 246  1
 104 246  1
 166 246  1
 168 246  1
 125 247  1
 148 247  1
 157 247  1
 192 247  1
 111 248  1
 182 248  1
 117 249  1
 142 249  1
 202 249  1
 120 250  1
 146 250  1
 199 250  1
 154 251  1
 155 251  1
 161 251  1
 131 255  1


count = 600