 162   1  1
 168   1  1
 182   1  1
 193   2  1
 146   3  1
 210   9  1
 120  10  1
 213  10  1
 117  11  1
 102  16  1
  93  19  1
 124  19  1
 128  20  1
 119  22  1
 229  22  1
  96  23  1
 123  23  1
 114  24  1
  90  27  1
 115  28  1
  85  29  1
  86  29  1
 123  29  1
  76  30  1
  82  31  1
 120  32  1
 138  33  1
 139  33  1
  52  34  1
  53  34  1
 125  34  1
 115  35  1
 116  35  1
  77  36  1
  78  36  1
  46  37  1
 125  37  1
 134  39  1
 136  39  1
 108  40  1
  34  41  1
 112  41  1
 124  41  1
 136  41  1
 248  42  1
  85  43  1
  86  43  1
 113  44  1
  80  45  1
  81  45  1
 127  47  1
  26  49  1
  86  49  1
 106  50  1
  22  51  1
  23  51  1
 141  51  1
 142  51  1
 145  52  1
  87  53  1
 128  55  1
  17  57  1
  81  57  1
 100  57  1
 101  57  1
  86  58  1
  87  58  1
 104  59  1
 110  60  1
 149  60  1
 150  60  1
  22  61  1
  74  61  1
  75  61  1
  25  62  1
 142  62  1
 177  62  1
 178  62  1
 203  62  1
  84  63  1
 101  63  1
 102  63  1
 187  63  1
 205  64  1
  11  66  1
 177  66  1
 189  66  1
 207  66  1
 208  66  1
 201  67  1
 194  68  1
  15  69  1
 104  69  1
 184  69  1
 269  69  1
 270  69  1
   8  70  1
  69  70  1
 190  70  1
 177  71  1
 209  71  1
 180  74  1
 185  74  1
   6  75  1
   7  75  1
  12  75  1
 272  75  1
 194  76  1
 267  77  1
 263  78  1
  14  79  1
 188  80  1
 189  80  1
 262  80  1
 260  81  1
 276  81  1
   3  82  1
   4  82  1
  90  82  1
  87  83  1
   8  84  1
  14  84  1
  81  84  1
 105  84  1
 109  84  1
 229  84  1
  16  85  1
 184  85  1
 185  85  1
 222  85  1
 121  86  1
 213  86  1
 116  87  1
 202  88  1
 226  88  1
   1  89  1
   2  89  1
 105  89  1
 210  89  1
 232  89  1
 233  89  1
 279  90  1
 280  90  1
 205  91  1
  84  92  1
 109  92  1
  70  93  1
 114  93  1
 238  93  1
 214  94  1
 215  94  1
 280  94  1
 281  94  1
  85  95  1
  90  95  1
  92  95  1
 219  95  1
 231  95  1
 232  95  1
   1  96  1
  67  96  1
 174  96  1
 175  96  1
 234  96  1
  96  97  1
 105  97  1
 106  97  1
 202  97  1
  67  98  1
 109  98  1
 173  98  1
 281  98  1
 282  98  1
 212  99  1
 123 100  1
   5 102  1
  39 103  1
  44 103  1
 126 103  1
 206 103  1
   5 105  1
   6 105  1
  16 105  1
  35 105  1
  47 105  1
 169 105  1
  14 107  1
  47 107  1
 206 107  1
  32 108  1
 123 108  1
 166 108  1
 180 109  1
 117 111  1
 118 111  1
 182 111  1
 187 111  1
  17 112  1
  49 112  1
  13 113  1
  26 113  1
 214 113  1
  27 115  1
  31 115  1
  80 115  1
 126 115  1
 196 115  1
 197 115  1
 162 116  1
 168 116  1
 122 117  1
 198 117  1
 200 117  1
  53 118  1
  82 118  1
 129 118  1
 117 119  1
 158 120  1
   1 121  1
 167 121  1
 168 121  1
 123 122  1
 131 122  1
 196 122  1
 197 122  1
 231 122  1
 235 122  1
 242 122  1
   8 123  1
 201 123  1
 202 123  1
 213 123  1
 272 123  1
 273 123  1
 274 123  1
  60 124  1
 146 124  1
 199 124  1
 191 125  1
 192 125  1
  19 126  1
 219 126  1
 229 126  1
  46 127  1
  52 127  1
 147 128  1
 198 128  1
 199 128  1
 256 128  1
 263 128  1
 152 129  1
 192 129  1
 214 129  1
 215 129  1
  93 130  1
 122 130  1
 127 130  1
 234 130  1
 116 131  1
 156 131  1
 242 131  1
  89 132  1
  90 132  1
 247 132  1
 248 132  1
 269 132  1
 275 132  1
  35 133  1
 128 133  1
 168 133  1
 195 133  1
 209 133  1
  22 134  1
  29 134  1
 259 134  1
 266 134  1
  12 135  1
  34 135  1
 120 135  1
 121 135  1
 206 135  1
 216 135  1
   7 136  1
  21 136  1
 126 136  1
 222 136  1
 188 137  1
 196 137  1
   1 138  1
   6 138  1
   7 138  1
 214 138  1
  84 139  1
 122 139  1
 159 139  1
 169 139  1
 193 139  1
 252 139  1
 253 139  1
 221 140  1
 222 140  1
 162 141  1
 247 141  1
 191 142  1
 204 142  1
 205 142  1
 221 142  1
 265 142  1
 159 143  1
 164 143  1
 118 144  1
 189 144  1
 204 144  1
 221 144  1
 222 144  1
 247 144  1
 268 144  1
  96 145  1
 261 145  1
 160 146  1
 189 147  1
 216 147  1
 249 147  1
 250 147  1
  76 149  1
 100 149  1
 121 149  1
 122 149  1
 177 149  1
 207 149  1
 244 149  1
 256 149  1
 258 149  1
  92 150  1
 113 150  1
 264 150  1
  96 151  1
 104 151  1
   1 152  1
  87 152  1
 176 153  1
 203 153  1
  74 154  1
 169 155  1
 170 155  1
 181 155  1
 254 155  1
 255 155  1
 265 155  1
  68 156  1
  69 156  1
  90 156  1
  73 158  1
 176 158  1
  89 159  1
 278 160  1
 279 160  1
  68 161  1
 186 162  1
 243 162  1
 176 163  1
 177 163  1
  74 164  1
 210 164  1
 196 167  1
   8 168  1
 188 168  1
  26 169  1
 175 169  1
  19 170  1
  21 170  1
 276 170  1
 277 170  1
   3 171  1
   4 171  1
  12 171  1
  29 171  1
 170 171  1
  19 172  1
  12 174  1
 196 174  1
 200 175  1
  17 177  1
  18 177  1
 198 177  1
  23 180  1
 273 180  1
 274 180  1
   9 182  1
  17 183  1
 197 184  1
 198 184  1
 188 185  1
  11 186  1
  19 189  1
  16 195  1
  25 195  1
 264 197  1
  29 199  1
  53 199  1
  57 199  1
 140 200  1
 136 201  1
 175 202  1
  24 203  1
 150 203  1
 169 203  1
 167 206  1
 258 206  1
  29 207  1
 153 208  1
 155 208  1
  56 210  1
 153 210  1
 171 211  1
 226 211  1
  50 212  1
  51 212  1
 218 212  1
 222 212  1
  39 213  1
 232 213  1
  55 214  1
 151 214  1
 222 214  1
 167 215  1
 176 216  1
 222 216  1
 223 216  1
  54 218  1
 144 218  1
 148 218  1
 149 218  1
 163 218  1
 164 218  1
 223 218  1
  44 219  1
 251 219  1
  46 220  1
 166 220  1
 188 220  1
 220 221  1
  57 222  1
 176 223  1
 177 223  1
 225 224  1
 107 225  1
  56 227  1
 207 227  1
  86 228  1
 102 228  1
 235 228  1
 107 229  1
 186 229  1
  61 230  1
  62 230  1
 230 231  1
  67 232  1
  88 232  1
 207 232  1
  70 233  1
  81 233  1
 104 233  1
 201 233  1
  88 234  1
  89 234  1
  89 236  1
 145 236  2
 146 236  1
 192 236  1
 221 236  1
 233 236  1
  96 237  1
  81 238  1
 101 238  1
 199 238  1
 214 238  1
 215 238  1
 162 240  1
  84 241  1
 101 244  1
 161 244  1
 221 244  1
 167 246  1
 202 246  1
 164 249  1
 215 249  1
 157 250  1
 208 250  1
 130 251  1
 163 251  1
 164 251  1
 133 252  1
 202 252  1
 136 253  1
 194 254  1
 141 255  1
 145 256  1


count = 498