 148   1  1
 157   1  1
 167   1  1
 123   3  1
 178   3  1
 117   5  1
 184   5  1
 112   6  1
 107   7  1
 193  10  1
 194  10  1
  97  11  1
 122  12  1
  92  13  1
 119  14  1
 121  14  1
 107  15  1
 112  15  1
  84  16  1
 120  16  1
 121  16  1
 116  17  1
 108  18  1
 125  18  1
 212  19  1
 213  19  1
 119  21  1
 216  21  1
 111  23  1
 116  23  1
  64  24  1
 138  24  1
 139  24  1
  88  25  1
 116  25  1
  81  26  1
  59  27  1
 115  27  1
 116  27  1
  73  28  1
 142  28  1
  57  29  1
  85  29  1
  86  29  1
 123  29  1
 124  29  1
 137  29  1
 148  29  1
  53  31  1
 124  31  1
 137  31  1
  68  32  1
  76  32  1
 128  32  1
  86  33  1
 125  33  1
  82  34  1
 139  34  1
 140  34  1
  78  35  1
  88  35  1
  89  35  1
 123  35  1
  97  36  1
  98  36  1
 114  36  1
 150  36  1
 202  36  1
 208  36  1
 239  36  1
  89  37  1
 110  38  1
  84  39  1
  89  39  1
  90  39  1
  41  40  1
 101  40  1
 134  41  1
 246  41  1
  38  42  1
 142  42  1
 151  42  1
 118  43  1
 119  43  1
  37  44  1
  81  44  1
 146  44  1
 147  44  1
 170  44  1
 206  44  1
 132  45  1
 136  45  1
 143  45  1
 252  45  1
  76  46  1
 173  46  1
 178  46  1
 202  46  1
 254  46  1
 118  47  1
 119  47  1
  90  48  1
  97  48  1
 255  48  1
 168  49  1
 213  49  1
  96  50  1
 130  50  1
 143  50  1
 183  50  1
  76  51  1
  78  51  1
 111  51  1
 117  51  1
 159  51  1
 206  51  1
  98  52  1
  99  52  1
 183  52  1
 101  53  1
 202  53  1
 249  53  1
 157  54  1
 119  55  1
 132  55  1
 245  55  1
 115  56  1
 130  56  1
 141  56  1
 261  56  1
 106  57  1
 109  57  1
  81  58  1
 123  58  1
 243  58  1
  85  59  1
  92  59  1
 117  59  1
 247  59  1
 254  59  1
  22  60  1
 102  60  1
 152  60  1
 123  61  1
 237  62  1
  20  63  1
  75  63  1
  76  63  1
 121  63  1
 139  63  1
 140  63  1
 155  63  1
 156  63  1
 247  63  1
 248  63  1
 256  63  1
 258  63  1
 116  64  1
 117  64  1
  44  65  1
  18  66  1
  88  66  1
 122  66  1
 267  66  1
  30  67  1
  31  67  1
  47  67  1
  73  67  1
  96  67  1
 113  68  1
 123  68  1
 132  68  1
 140  68  1
 252  68  1
 257  68  1
  83  70  1
 117  70  1
 119  70  1
 128  70  1
 144  70  1
 215  70  1
 247  70  1
 248  70  1
  15  71  1
 156  71  1
 255  71  1
 104  72  1
 128  72  1
 146  72  1
 175  72  1
 192  72  1
 201  72  1
 210  72  1
  78  73  1
  87  73  1
 152  73  1
 180  73  1
 215  73  1
 216  73  1
  70  74  1
 205  74  1
 253  74  1
  12  75  1
 183  75  1
  21  76  1
  91  76  1
 119  76  1
 128  76  1
  17  77  1
 117  77  1
 212  77  1
 213  77  1
 218  77  1
  95  78  1
 114  78  1
 161  78  1
 166  78  1
 187  78  1
  84  79  1
  89  79  1
 201  79  1
 218  79  1
 166  80  1
 194  80  1
 210  80  1
  80  81  1
 140  81  1
 253  81  1
   8  82  1
   9  82  1
 165  82  1
 166  82  1
 225  82  1
 258  82  1
 134  83  1
 186  84  1
  47  85  1
 149  85  1
 191  85  1
 217  85  1
 218  85  1
 132  86  1
 229  86  1
 230  86  1
  43  87  1
 128  87  1
   6  88  1
   7  88  1
  89  88  1
 108  88  1
 155  88  1
 211  88  1
  98  89  1
  99  89  1
 104  89  1
 150  89  1
 171  89  1
  37  90  1
 125  90  1
 110  91  1
 119  91  1
 149  91  1
 190  91  1
 191  91  1
 207  91  1
 274  91  1
 233  92  1
 249  92  1
 250  92  1
  42  93  1
  43  93  1
  99  93  1
 106  93  1
 207  93  1
  93  94  1
 212  94  1
 213  94  1
 235  94  1
 274  94  1
 275  94  1
 141  95  1
 207  95  1
 238  95  1
  36  96  2
  37  96  1
 137  96  1
 138  96  1
  11  97  1
  48  97  1
  81  97  1
 244  97  1
 250  97  1
 254  97  1
  90  98  1
 174  98  1
 182  98  1
 183  98  1
 190  98  1
 241  98  1
  18  99  1
 217  99  1
  47 100  1
  78 100  1
 127 100  1
 178 100  1
 179 100  1
 270 100  1
  55 101  1
 248 101  1
 249 101  1
 257 101  1
   8 102  1
  15 102  1
  16 102  1
 281 102  1
 282 102  1
 232 103  1
 269 103  1
  37 104  1
  45 104  1
  57 104  1
  61 104  1
 255 105  1
 272 105  1
  63 106  1
 129 106  1
 130 106  1
 231 106  1
 279 106  1
 218 107  1
 227 107  1
 239 107  1
 252 107  1
   1 108  1
  33 108  1
  89 108  1
  90 108  1
  25 109  1
  92 109  1
 167 109  1
 172 109  1
 173 109  1
 227 109  1
 277 109  1
  70 110  1
 178 110  1
 179 110  1
 244 110  1
  15 111  1
  21 111  1
  62 111  1
  92 111  1
 163 111  1
 187 111  1
 191 111  1
 215 111  1
 230 111  1
 231 111  1
  17 113  1
  22 113  1
  29 113  1
 224 113  1
 225 113  1
 258 113  1
  70 114  1
  71 114  1
 110 114  1
 215 115  1
 254 115  1
 260 115  1
 269 115  1
  62 116  1
  96 116  1
  98 116  1
  86 117  1
 113 117  1
 162 117  1
 177 117  1
 232 117  1
 254 117  1
  95 118  1
 219 118  1
 249 118  1
 250 118  1
 162 119  1
 168 119  1
 256 119  1
  71 120  1
 164 120  1
  38 121  1
 110 121  1
   1 122  1
  45 122  1
  98 122  1
  99 122  1
 154 122  1
 158 122  1
 187 122  1
 228 122  1
 229 122  1
 249 122  1
 252 122  2
 253 122  1
 254 122  1
  35 123  1
  93 123  1
 174 123  1
 263 123  1
 271 123  1
 103 124  1
 104 124  1
 171 124  1
 183 124  1
 163 125  1
 268 125  1
  40 126  1
  45 126  1
  59 126  1
  64 126  1
 158 126  1
 159 126  1
 183 126  1
 184 126  1
 263 126  1
 264 126  1
  17 127  1
 155 127  1
 194 127  1
 195 127  1
 204 127  1
 205 127  1
 212 127  1
 213 127  1
  10 128  1
 148 128  1
 149 128  1
 225 128  1
 248 128  1
 257 128  1
  36 129  1
  78 129  1
  84 129  1
  90 129  1
  59 130  1
 160 130  1
 201 130  1
 224 130  1
  32 131  1
  42 131  1
  43 131  1
 116 132  1
 210 133  1
  71 134  1
  81 134  1
 258 134  1
  25 135  1
  30 135  1
  61 135  1
 148 135  1
 149 135  1
   1 136  1
  67 136  1
 176 136  1
 180 136  1
 219 136  1
 221 136  1
 162 137  1
 194 137  1
 248 137  1
 172 138  1
 260 138  1
 274 138  1
   7 139  1
   9 139  1
  86 139  1
 175 139  1
 190 139  1
 226 139  1
 243 139  1
 244 139  1
 245 139  1
 168 140  1
  91 141  1
 157 141  1
 158 141  1
 181 141  1
 230 141  1
  12 142  1
 113 142  1
 161 142  1
 197 142  1
 237 142  1
  19 143  1
  47 143  1
  61 143  1
  62 143  1
 173 143  1
 216 143  1
 225 143  1
 226 143  1
 278 143  1
   1 144  1
 221 144  1
 237 144  1
 242 144  1
  10 145  1
 190 145  1
 240 146  1
  50 147  1
  51 147  1
 179 147  1
 197 147  1
  20 148  1
  41 148  1
 217 148  1
 221 148  1
 253 148  1
   7 149  1
   8 149  1
  32 149  1
  53 149  1
  62 149  1
  85 149  1
  86 149  1
 193 149  1
 194 149  1
  96 150  1
  97 150  1
 116 150  1
 185 150  1
  18 151  1
  86 151  1
 124 151  1
 181 151  1
 183 151  1
  34 152  1
  35 152  1
  39 152  1
  99 152  1
 241 152  1
 247 152  1
 273 152  1
  10 153  1
 237 153  1
 254 153  1
 256 153  1
 262 153  1
 179 154  1
 185 154  1
 113 155  1
 118 155  1
 124 155  1
 170 155  1
 171 155  1
 234 155  1
 252 155  1
 253 155  1
 266 155  1
  19 156  1
 100 156  1
 101 156  1
 176 156  1
 177 156  1
   9 157  1
 173 157  1
 234 157  1
  29 158  1
 169 158  1
 128 159  1
 235 159  1
 262 159  1
  32 160  1
 272 160  1
 275 160  1
  97 161  1
  98 161  1
 135 161  1
 234 161  1
 235 161  1
 253 161  1
 254 161  1
  14 162  1
  23 162  1
 170 162  1
 184 162  1
 185 162  1
  19 163  1
 191 163  1
   2 164  1
   3 164  1
   8 164  1
   9 164  1
  23 164  1
 166 164  1
 241 164  1
 242 164  1
 246 164  1
 270 164  1
  29 165  1
 260 165  1
 138 166  1
 226 166  1
 111 167  1
 120 167  1
  16 168  1
  17 168  1
 225 168  1
 280 168  1
 281 168  1
   9 169  1
 148 169  1
 192 169  1
  45 170  1
 131 170  1
 133 170  1
 166 170  1
 168 170  1
 200 170  1
 270 170  1
 271 170  1
  52 171  1
 255 171  1
 256 171  1
   4 172  1
   5 172  1
 204 172  1
  51 173  1
 264 173  1
 265 173  1
 133 174  1
 208 174  1
 254 174  1
   5 175  1
   6 175  1
  51 175  1
  52 175  1
 144 175  1
 145 175  1
  45 176  1
 149 176  1
 151 176  1
 159 176  1
 248 176  1
 261 176  2
 168 177  1
 251 177  1
 252 177  1
 164 178  1
 171 178  1
 101 179  1
 180 179  1
 181 179  1
 213 179  1
 217 179  1
 246 179  1
  31 180  1
  32 180  1
  88 180  1
  47 181  1
  52 181  1
  92 181  1
 199 181  1
 149 182  1
 169 182  1
 170 182  1
 211 182  1
  41 183  1
  42 183  1
  43 183  1
  87 183  1
 143 183  1
 180 183  1
 181 183  1
 166 184  1
 186 184  1
 202 184  1
 123 185  1
 147 185  1
 148 185  1
 259 185  1
  36 186  1
  37 186  1
 108 186  1
 118 186  1
 129 186  1
 275 186  1
  96 187  1
 138 187  1
 140 187  1
 144 187  1
 145 187  1
  60 188  1
 133 188  1
  35 189  1
  46 189  1
 273 189  1
  12 190  1
 148 190  1
 154 191  1
  31 192  1
  32 192  1
  58 192  1
 149 192  1
 260 192  1
 271 192  1
  14 193  1
  32 194  1
  44 194  1
  45 194  1
  96 194  1
 224 194  1
  16 196  1
  30 196  1
  38 196  1
  51 196  1
 235 196  1
 256 196  1
 257 196  1
  88 197  1
 267 197  1
  77 199  1
 237 199  1
 245 200  1
  74 202  1
  75 202  1
 136 202  1
  21 203  1
 263 203  1
 140 204  1
 144 204  1
  72 208  1
  67 209  1
  68 209  1
  80 209  1
  81 209  1
 113 209  1
  96 210  1
 142 210  1
 143 210  1
 100 211  1
 169 211  1
 214 211  1
 102 212  1
 125 212  1
  76 213  1
  79 213  1
  80 213  1
  93 213  1
 133 213  1
 253 213  1
 159 214  1
  64 215  1
  65 215  1
  66 215  1
 172 215  1
 220 216  1
  37 217  1
 120 217  1
 121 217  1
 204 217  1
 248 217  1
 125 218  1
 127 218  1
  69 219  1
  74 219  1
 244 219  1
 245 219  1
  85 220  1
 109 220  1
 110 220  1
  43 221  1
  80 221  1
 133 222  1
  69 223  1
  74 223  1
 105 223  1
 131 223  1
  46 224  1
  47 224  1
 112 224  1
 113 224  1
 114 224  1
 124 225  1
 235 226  1
  76 227  1
  78 227  1
 106 227  1
  80 228  1
 106 229  1
 112 229  1
  84 230  1
 228 230  1
 104 231  1
 156 231  1
 158 231  1
 152 232  1
 226 232  1
 115 233  1
 116 233  1
 123 233  1
  65 234  1
 222 234  1
  70 235  1
 128 235  1
 132 235  1
 149 235  1
 150 235  1
 109 236  1
 124 236  1
 113 237  1
 119 237  1
 118 239  1
 119 239  1
 209 240  1
  96 241  1
  99 242  1
 112 242  1
 121 242  1
 102 243  1
 203 243  1
 137 246  1
 200 246  1
 133 247  1
 114 248  1
 181 253  1
 135 254  1
 142 255  1
 168 256  1
 154 257  1


count = 829