 158   1  1
 167   1  1
 172   1  1
 175   2  1
 107   4  1
 144   8  1
  93   9  1
 122   9  1
 138   9  1
 188   9  1
 127  10  1
 128  10  1
  88  11  1
 120  11  1
 122  11  1
 191  11  1
 109  12  1
 125  12  1
 126  12  1
  84  13  1
 140  14  1
 132  16  1
 133  16  1
 199  16  1
  99  17  1
 110  17  1
 202  18  1
  77  19  1
  93  19  1
  71  20  1
 139  20  1
 141  20  2
 143  20  1
  86  21  1
 112  21  1
 113  21  1
  95  22  1
  66  23  1
 136  23  1
  96  24  1
  90  25  1
 136  25  1
 106  26  1
 107  26  1
  56  27  1
  57  27  1
 130  27  1
 136  27  1
 137  27  1
 141  27  1
 142  27  1
 211  27  1
 212  27  1
 147  28  1
 148  28  1
 153  28  1
  62  29  1
  73  29  1
  74  29  1
 217  29  1
  94  30  1
 151  30  1
 181  30  1
  49  31  1
 157  31  1
 178  31  1
 141  32  1
 199  32  1
 201  32  1
 115  33  1
 133  33  1
 152  33  1
 153  33  1
 208  33  1
  55  34  1
 119  34  1
 184  34  1
 199  34  1
  98  35  1
 160  35  1
 195  35  1
 210  35  1
 111  36  1
 149  36  1
 139  37  1
 145  37  1
 121  38  1
  99  39  1
 100  39  1
  76  40  1
 165  40  1
 166  40  1
 195  40  1
 196  40  1
 143  41  1
 110  42  1
 148  42  1
 151  43  1
  77  44  1
  81  44  1
 117  44  1
 143  44  1
 186  44  1
  58  45  1
 234  45  1
 235  45  1
 153  47  1
 181  47  1
 182  47  1
  75  48  1
 146  48  1
 192  48  1
 193  48  1
  57  50  1
  58  50  1
 100  50  1
 118  50  1
 237  50  1
 120  51  1
  93  52  1
  94  52  1
 150  52  1
  52  53  1
  53  53  1
  24  54  1
  38  54  1
  75  54  1
  58  55  1
 120  55  1
 121  55  1
 209  55  1
  64  56  1
 158  56  1
 100  57  1
 155  57  1
 156  57  1
 161  57  1
 162  57  1
  38  58  1
  21  59  1
  50  60  1
 121  60  1
 122  60  1
  57  61  1
 117  61  1
 126  61  1
 208  61  1
 209  61  1
  28  62  1
  41  62  1
 155  62  1
 157  62  1
 159  62  1
 175  62  1
  57  63  1
 108  63  1
 112  63  1
 114  63  1
 122  63  1
 190  63  1
 191  63  1
  27  64  1
 105  64  1
 134  64  1
 206  64  1
 207  64  1
  24  66  1
 125  66  1
 143  66  1
 174  66  1
 197  66  1
 203  66  1
  31  67  1
  32  67  1
  47  67  1
  48  67  1
  62  67  1
  64  67  1
 101  67  1
 147  67  1
 178  67  1
 242  67  1
  16  68  1
  17  68  1
  44  68  1
 114  68  1
 106  69  1
 108  69  1
 137  70  1
 139  70  1
 239  70  1
 108  71  1
 148  71  1
  14  72  1
  38  72  1
  68  72  1
 115  72  1
 116  72  2
  81  73  1
 248  73  1
  71  74  1
 123  74  1
 244  74  1
 255  74  1
  49  75  1
  50  75  1
  51  75  1
  57  76  1
  58  76  1
  78  77  1
  79  77  1
 241  77  1
  10  79  1
 120  79  1
 128  79  1
 129  79  1
 150  80  1
 168  80  1
 125  81  1
 129  81  1
 164  81  1
 210  81  1
 213  82  1
 152  83  1
  56  84  1
 104  84  1
 220  84  1
 264  84  1
  28  85  1
  29  85  1
  18  86  1
  19  86  1
 106  86  1
 123  86  1
 124  86  1
 125  86  1
   6  87  1
   7  87  1
 230  88  1
 231  88  1
  25  89  1
  32  89  1
 131  89  1
 180  89  1
 191  89  1
 227  89  1
 152  90  1
 187  90  1
 233  90  1
 113  91  1
 211  91  1
 226  91  1
 227  91  1
 237  91  1
  26  92  1
 161  93  1
 122  94  1
 123  94  1
 158  94  1
 171  94  1
 178  94  1
 180  94  1
 225  94  1
 272  94  1
 143  95  1
 189  95  1
 190  95  1
 169  96  1
 220  96  1
 138  97  1
 140  97  1
 212  97  1
 233  97  1
  42  98  1
 136  98  1
 152  98  1
 153  98  1
  28  99  1
 125  99  1
 129  99  1
 182  99  1
 167 100  1
 116 101  1
 186 101  1
 244 101  1
 266 101  1
 122 102  1
 238 102  1
  26 103  1
  54 103  1
 110 103  1
 118 103  1
 142 103  1
 166 103  1
 177 103  1
  31 104  1
 182 104  1
 246 104  1
 158 105  1
 264 105  1
 138 106  1
 160 106  1
 162 106  1
 232 106  1
 251 106  1
  27 107  1
  56 107  1
  57 107  1
 123 107  1
 124 107  1
 125 107  1
 129 107  1
 154 108  1
  13 109  1
  48 109  1
  49 109  1
 135 109  1
 242 109  1
 253 109  1
 276 109  1
 277 109  1
 147 110  1
 149 110  1
 264 110  1
 144 111  1
 187 111  1
 193 111  1
 194 111  1
 237 111  1
  29 112  1
  33 112  1
  59 112  1
  97 112  1
 116 112  1
 122 112  1
 128 112  1
 130 112  1
 233 112  1
   1 113  1
 139 113  1
 226 113  1
 262 113  1
  54 114  1
  64 114  1
 178 114  1
 180 114  1
 222 114  1
  60 115  1
 196 115  1
 229 115  1
   7 116  1
   9 116  1
 221 116  1
  56 117  1
 132 117  1
 143 117  1
 196 117  1
 276 117  1
 277 117  1
  17 118  1
  99 118  1
 100 118  1
 221 118  1
 267 118  1
  10 119  1
  53 119  1
  54 119  1
  72 119  1
  79 119  1
 103 119  1
  13 120  1
 138 120  1
 226 120  1
 231 120  1
  65 121  1
 177 121  1
 201 121  1
 275 121  1
 276 121  1
   6 122  1
   7 122  1
 128 122  1
  51 123  1
 174 123  1
 233 123  1
  14 124  1
  17 124  1
  73 124  1
  81 124  1
  82 124  1
 114 124  1
 172 124  1
 274 124  1
 275 124  1
  11 125  1
 145 125  1
 150 125  1
 246 125  1
   1 126  1
  87 126  1
  88 126  1
 135 126  1
 136 126  1
 172 126  1
 253 126  1
 255 126  1
   8 127  1
  63 127  1
  73 127  1
 215 127  1
 216 127  1
  30 128  1
 133 128  1
 134 128  1
 140 128  1
 142 128  1
 172 128  1
 179 128  1
 244 128  1
   1 129  1
  59 129  1
  84 129  1
 220 129  1
 269 129  1
  66 130  1
  68 130  1
  94 130  1
 150 130  1
 205 130  1
 214 130  1
 232 130  1
 233 130  1
 266 130  1
 267 130  1
  19 131  1
  53 131  1
 238 131  1
 248 131  1
  12 132  1
 136 132  1
 158 132  1
 205 132  1
 244 132  1
 257 132  1
   4 133  1
   5 133  1
  38 133  1
  46 133  1
  60 133  1
  61 133  1
 129 133  1
 156 133  1
 171 133  1
 261 133  1
  26 134  1
  34 134  1
  91 134  1
 205 134  1
 206 134  1
 224 134  1
  21 135  1
  56 135  1
  57 135  1
  59 135  1
 143 135  1
 144 135  1
 247 135  1
 261 135  1
  32 136  1
  53 136  1
 152 136  1
 231 136  1
 255 136  1
  46 137  1
  87 137  1
 243 137  1
  28 138  1
 144 138  1
 227 138  1
 258 138  1
 264 138  1
 210 139  1
 211 139  1
   4 140  1
   5 140  1
  11 140  1
  54 140  1
  60 140  1
 238 140  1
  21 141  1
  50 141  1
  85 141  1
  86 141  1
 107 141  1
 109 141  1
 120 141  1
 149 141  1
 151 141  1
 236 141  1
  54 142  1
  97 142  1
  99 142  1
 113 142  1
 147 142  1
 273 142  1
 209 143  1
 226 143  1
 122 144  1
 128 144  1
 245 144  1
  11 145  1
  12 145  1
  52 145  1
  75 145  1
  92 145  1
  93 145  1
 239 145  1
 133 146  1
 187 146  1
 216 146  1
 217 146  1
 271 146  1
  16 147  1
  65 147  1
 191 147  1
 246 147  1
  77 149  1
  78 149  1
  88 149  1
 210 149  1
 211 149  1
 275 149  1
  19 150  1
  31 150  1
  32 150  1
  83 150  1
  84 150  1
 218 150  1
 227 150  1
 272 150  1
 251 151  1
 268 151  1
  11 152  1
  24 152  1
  37 152  1
 189 152  1
 190 152  1
 211 152  1
 229 152  1
 231 152  1
 233 152  1
 163 153  1
 246 153  1
  42 154  1
  75 154  1
  80 154  1
 128 154  1
 147 154  1
 201 154  1
  49 155  1
 218 155  1
 255 155  1
  44 156  1
  45 156  1
 168 156  1
 174 156  1
 193 156  1
 253 156  1
 267 156  1
  25 157  1
  29 157  1
 196 157  1
 246 157  1
  32 158  1
 101 158  1
 164 158  1
 240 158  1
 133 159  1
 244 159  1
  14 160  1
 142 160  1
 156 160  1
 171 160  1
 176 160  1
 177 160  1
 222 160  1
 228 160  1
 236 160  1
 238 160  1
   5 161  1
   6 161  1
  98 161  1
 125 161  1
 197 161  1
 202 161  1
 218 161  1
 161 162  1
 231 162  1
  24 163  1
  34 163  1
  38 163  1
  95 163  1
 101 163  1
 102 163  1
 149 163  1
 270 163  1
  42 164  1
 154 164  1
 174 164  1
 177 164  1
 178 164  1
 247 164  1
 170 165  1
 242 165  1
  13 166  1
  45 166  1
  90 166  1
 117 166  1
 118 166  1
 142 166  2
  24 167  1
 158 167  1
 162 167  1
  20 168  1
 109 168  1
 132 168  1
 146 168  1
 148 168  1
 237 168  1
  47 169  1
 101 169  1
 138 169  1
 139 169  1
 182 169  1
 183 169  1
 200 169  1
 126 170  1
 178 170  1
  15 171  1
  73 171  1
 202 171  1
 208 171  1
  58 172  1
 231 172  1
 255 172  1
 281 172  1
 282 172  1
 168 173  1
 188 173  1
 239 174  1
 251 174  1
 252 174  1
  73 175  1
  78 175  1
  81 175  1
 233 175  1
 235 175  1
 251 176  1
  33 177  1
  37 177  1
  38 177  1
 178 177  1
 188 177  1
 174 178  1
 212 178  1
 244 178  1
 246 178  1
  11 179  1
  12 179  1
  60 179  1
 278 179  1
  63 180  1
  64 180  1
 183 180  1
 215 180  1
 216 180  1
  81 181  1
 230 181  1
  31 182  1
  56 182  1
  66 182  1
 185 182  1
 238 182  1
  40 183  1
 159 183  1
  24 184  1
  35 184  1
 237 184  1
 247 185  1
  71 188  1
 152 188  1
 243 188  1
  31 189  1
  81 189  1
  83 189  1
 133 189  1
 166 189  1
 235 189  1
  38 190  1
  50 190  1
  51 190  1
  63 190  1
 121 190  1
 129 190  1
 175 191  1
 235 191  1
 136 192  1
 171 192  1
 118 193  1
  51 194  1
  85 194  1
 166 194  1
 242 194  1
  38 195  1
  47 195  1
  80 195  1
 205 196  1
 245 196  1
 247 196  1
  60 197  1
  78 197  1
 202 197  1
 224 197  1
  21 198  1
  43 199  1
  82 199  1
 196 199  1
 226 199  1
  88 200  1
  89 200  1
 153 200  1
  23 201  1
  39 201  1
 269 201  1
  77 202  1
  88 202  1
 130 203  1
  87 204  1
 267 204  1
  44 205  1
  91 205  1
  96 205  1
  97 205  1
 217 205  1
 218 205  1
 152 206  1
 153 206  1
 205 206  1
 251 206  1
 265 207  1
  43 208  1
  48 209  1
  78 209  1
  79 209  1
  90 209  1
 105 209  1
 149 209  1
 192 209  1
  44 211  1
  83 211  1
  84 211  1
 143 211  1
 144 211  1
 151 211  1
 221 211  1
 100 212  1
 155 212  1
 156 212  1
 193 212  1
 194 212  1
 204 212  1
 244 212  1
  88 213  1
 176 213  1
 140 214  1
  88 215  1
  90 215  1
  92 215  1
 133 215  1
 232 215  1
  75 216  1
 146 216  1
 246 216  1
  83 217  1
 171 217  1
 209 217  1
 210 217  1
 228 217  1
 242 217  1
  43 219  1
  80 219  1
 102 219  1
 196 219  1
 197 219  1
 222 219  1
 223 219  1
 189 220  1
 190 220  1
  56 221  1
  60 221  1
 103 221  1
 162 221  1
 231 221  1
 233 222  1
  72 223  1
  96 223  1
 180 223  1
 201 223  1
 101 224  1
 145 224  1
 171 224  1
  75 225  1
 180 225  1
 223 225  1
 228 225  1
 167 226  1
  53 227  1
 233 227  1
  67 228  1
 167 228  1
 175 228  1
 182 228  1
 184 228  1
 186 228  1
 191 228  1
 201 228  1
 202 228  1
  57 229  1
 103 229  1
 104 229  1
 150 229  1
 220 229  1
 227 229  1
 233 230  1
 199 231  1
 186 233  1
 187 233  1
  64 234  1
  73 234  1
  77 234  1
 102 234  1
 150 234  1
 195 234  1
 201 234  1
 224 234  1
  82 235  1
 203 235  1
 195 236  1
 206 236  1
 235 236  1
  69 237  1
  90 237  1
 198 237  1
 188 238  1
 193 238  1
  92 240  1
 100 240  1
 207 240  1
  79 241  1
 201 241  1
 202 241  1
 186 242  1
 219 242  1
 216 244  1
  91 245  1
 141 248  1
 210 248  1
 145 250  1
 140 252  1
 119 253  1
 176 255  1
 128 256  1
 157 256  1


count = 873