 170   1  1
 176   1  1
 135   4  1
 130   6  1
 164   7  1
 148   8  1
 149   8  1
 159   8  1
 123   9  1
 153   9  1
 154   9  1
 181   9  1
 118  10  1
 158  12  1
 174  12  1
 189  12  1
 195  12  1
 128  13  1
 156  13  1
 212  14  1
 215  16  1
 152  17  1
 162  17  1
 123  18  1
 124  18  1
 127  18  1
 156  18  1
 218  18  1
 219  18  1
 105  19  1
 107  19  1
 115  19  1
 179  19  1
  88  20  1
 162  21  1
 164  21  1
 226  21  1
  83  23  1
 108  23  1
 113  23  1
 178  23  2
 168  24  1
 172  24  1
 180  24  1
  89  25  1
  90  25  1
  95  25  1
  96  25  1
 116  25  1
 109  26  1
 241  27  1
 116  28  1
 179  28  1
 180  28  1
  58  29  1
  74  29  1
  90  29  1
  91  29  1
 177  29  1
 110  30  1
 114  30  1
  74  31  1
  75  31  1
 156  31  1
 177  31  1
  67  32  1
  85  32  1
  86  32  1
 104  32  1
  53  33  1
  99  33  1
 139  33  1
 174  34  1
 175  34  1
 221  34  1
  65  35  1
 110  35  1
 158  35  1
 180  35  1
  57  36  1
 141  36  1
 249  36  1
  48  38  1
  91  38  1
  64  39  1
  69  39  1
  70  39  1
  89  39  1
  93  39  1
  44  40  1
 220  40  1
 108  41  1
 143  41  1
  50  42  1
 141  42  1
  81  43  1
 150  44  1
 217  45  1
  63  46  1
  88  46  1
  89  46  1
  46  47  1
  47  47  1
  48  47  1
  57  48  1
  76  48  1
  77  48  1
  66  49  1
  67  49  1
  73  49  1
 183  49  1
 252  51  1
  54  53  1
  68  53  1
  82  54  1
  61  55  1
 253  55  1
  67  56  1
 267  57  1
  84  58  1
 247  58  1
  56  59  1
 257  59  1
  36  60  1
 237  60  1
  83  62  1
  52  63  1
  67  63  1
 183  63  1
 184  63  1
 249  63  1
  19  64  1
 234  64  1
  41  65  1
  46  66  1
 230  67  1
 231  67  1
 244  68  1
  66  69  1
 165  69  1
 166  69  1
  42  70  1
  43  70  1
  60  70  1
  61  70  1
  57  71  1
  69  71  1
  12  72  1
 160  73  1
 166  73  1
 127  74  1
 176  74  1
 243  74  1
  18  76  1
  21  76  1
 177  76  1
 147  77  1
 103  78  1
 177  78  1
 258  78  1
 239  79  1
  15  80  1
  94  80  1
 186  80  1
 199  80  1
 234  80  1
 260  80  1
 105  81  1
 264  81  1
 269  81  1
  15  83  1
 133  83  1
 250  83  1
 248  84  1
  90  85  1
 178  85  1
  11  86  1
  12  86  1
 242  87  1
 173  89  1
 226  89  1
 231  89  1
 254  89  1
 255  89  1
  95  90  1
   4  91  1
   5  91  1
 101  91  1
  91  92  1
 124  92  1
 222  93  1
 281  93  1
 282  93  1
 115  94  1
 217  94  1
   3  95  1
   4  95  1
  85  95  1
  86  95  1
 219  95  1
 219  97  1
 193  98  1
 246  98  1
  63  99  1
  88  99  1
   2 100  1
   3 100  1
   7 100  1
   8 100  1
  76 100  1
  78 100  1
 156 101  1
 152 102  1
  93 103  1
  94 103  1
 138 103  1
   7 104  1
   8 104  1
  81 104  1
 143 104  1
 148 104  1
 245 104  1
  88 105  1
 134 106  1
 242 106  1
 186 107  1
 101 108  1
  81 109  1
 137 109  1
 183 109  1
 141 110  1
 142 110  1
  38 111  1
  47 111  1
  86 111  1
   5 112  1
   6 112  1
  40 112  1
 181 113  1
   1 114  1
  92 114  1
  96 114  1
 162 114  1
  46 115  1
  47 115  1
 104 116  1
 178 116  1
 201 116  1
 202 116  1
 227 116  1
 211 117  1
 231 117  1
   1 118  1
   7 118  1
 150 118  1
 162 118  1
  39 119  1
  91 119  1
 230 119  1
  42 120  1
 106 120  1
 136 120  1
 197 120  1
 198 120  1
 213 120  1
 214 120  1
 225 121  1
   1 122  1
   2 122  1
   7 122  1
  82 122  1
  95 123  1
  96 123  1
 171 123  1
 237 123  1
 241 123  1
 273 123  1
  21 124  1
  40 125  1
 108 126  1
 157 126  1
 158 126  1
 167 126  1
 198 126  1
 224 126  1
 230 126  1
  11 127  1
  18 127  1
 193 127  1
 194 127  1
 208 127  1
 271 127  1
 272 127  1
  43 128  1
  66 128  1
  67 128  1
 164 128  1
 216 128  1
  13 131  1
  14 131  1
  47 131  1
  48 131  1
  64 131  1
 157 131  1
 196 131  1
 198 131  1
  31 132  1
  79 132  1
  86 132  1
 101 132  1
 212 132  1
 213 132  1
 135 133  1
 273 133  1
  29 135  1
  30 135  1
  97 136  1
 174 136  1
 143 138  1
 144 138  1
 264 138  1
   7 139  1
   8 139  1
 150 139  1
 255 139  1
 261 139  1
  43 140  1
  44 140  1
  95 140  1
   1 141  1
 140 141  1
 178 141  1
  89 142  1
 147 143  1
 258 143  1
   5 144  1
  84 146  1
 252 146  1
 257 146  1
 258 146  1
 181 147  1
  84 148  1
 267 148  1
  88 149  1
 170 149  1
 101 150  1
 163 150  1
 257 150  1
 258 150  1
 116 151  1
 251 151  1
   1 152  1
  99 152  1
 134 152  1
 156 152  1
 157 152  1
  82 153  1
  95 154  1
 104 154  1
 160 154  1
 141 155  1
 169 155  1
  79 157  1
  98 157  1
 169 157  1
 256 157  1
  89 158  1
 154 158  1
 165 158  1
  86 160  1
  18 161  1
  19 161  1
  80 161  1
 194 161  1
   2 163  1
   3 163  1
   7 163  1
  15 164  1
  79 164  1
 265 165  1
 266 165  1
 277 165  1
 278 165  1
  95 166  1
  96 166  1
 105 166  1
 168 167  1
  12 168  1
  13 168  1
  23 168  1
  92 168  1
   5 169  1
 171 169  1
 266 170  1
  77 171  1
  78 171  1
 201 171  1
 202 171  1
  27 173  1
  88 173  1
 265 175  1
 266 175  1
  28 176  1
 181 176  1
 183 176  1
 262 176  1
 201 178  1
 273 179  1
 274 179  1
 260 181  1
 249 182  1
 272 182  1
 273 182  1
 172 183  1
 238 183  1
 166 184  1
 167 184  1
  13 186  1
 176 187  1
 270 190  1
 271 190  1
 235 191  1
 244 191  1
 246 191  1
 182 192  1
 269 193  1
 270 193  1
 225 194  1
 226 194  1
 241 195  1
 243 195  1
 166 197  1
 210 198  1
 222 199  1
 255 199  1
 156 200  1
 257 200  1
 163 201  1
 169 201  1
 170 201  1
 242 201  1
 236 202  1
 237 202  1
 154 203  1
 212 203  1
 213 203  1
 230 203  1
 264 203  1
 166 204  1
 168 204  1
 178 204  1
 246 204  1
 248 204  1
 154 205  1
 182 205  1
 154 207  1
 186 207  1
 187 207  1
 104 208  1
 109 208  1
 206 208  1
 228 208  1
 167 209  1
  79 210  1
 156 211  1
 204 211  1
  84 212  1
 128 212  1
 129 212  1
 197 212  1
  39 213  1
  48 214  1
  51 215  1
  96 215  1
 136 215  1
 171 216  1
 235 216  1
  86 217  1
  96 217  1
 170 218  1
  86 219  1
  93 219  1
 118 219  1
 127 219  1
 135 219  1
 136 219  1
 249 219  1
  73 220  1
  79 220  1
  99 220  1
 104 220  1
 112 221  1
 235 221  1
  92 222  1
  93 222  1
  70 223  1
 198 223  1
  53 224  1
  79 224  1
  80 224  1
 119 224  1
 136 224  1
 111 225  1
 242 225  1
  56 226  1
 109 226  1
 139 226  1
 191 227  1
  70 228  1
  78 228  1
  79 228  1
  91 228  1
  92 228  1
 127 228  1
 134 228  1
  61 229  1
 138 230  1
  89 231  1
  97 231  1
 194 231  1
  75 232  1
  76 232  1
 101 232  1
  83 233  1
 130 234  1
 198 234  1
 194 235  1
  72 236  1
  93 236  1
  87 237  1
 129 237  1
 126 239  1
 193 239  1
 123 240  1
 216 243  1
 121 244  1
 126 247  1
 113 248  1
 123 251  1
 152 252  1
 158 252  1
 196 252  1
 191 254  1
 138 256  1
 183 256  1


count = 545