 133   1  1
 135   1  1
 136   1  1
 155   1  1
 174   1  1
 177   1  1
 185   1  1
 116   5  1
 113   6  1
 152   7  1
 132   8  1
 162   9  1
 145  10  1
 154  11  1
 160  11  1
 119  12  1
 146  12  1
 205  12  1
 117  13  1
 157  13  1
 158  13  1
 199  13  1
 200  13  1
 114  14  1
 133  14  1
 134  14  1
 163  14  1
 221  14  1
 111  15  1
 169  16  1
 198  16  1
 199  16  1
 226  16  1
 101  17  1
 169  19  1
 170  19  1
 178  19  1
 231  19  1
  75  20  1
 113  20  1
 114  20  1
 198  21  1
 215  21  1
 222  21  1
  71  22  1
  97  22  1
 162  22  1
 163  22  1
 206  22  1
 207  22  1
 138  23  1
 222  23  1
 214  24  1
 215  24  1
 180  25  1
 181  25  1
 206  26  1
 207  26  1
 212  27  1
  85  28  1
 105  28  1
 106  28  1
 151  28  1
 156  28  1
  96  29  1
  97  29  1
 244  29  1
 139  30  1
 217  30  1
 219  30  1
 106  31  1
 147  31  1
 153  31  1
 225  31  1
 226  31  1
 102  32  1
 141  32  1
 142  32  1
 173  32  1
 174  32  1
 109  33  1
 113  33  1
 148  33  1
 238  33  1
  46  34  1
  92  34  1
 230  34  1
  70  35  1
  71  35  1
  99  35  1
 148  35  1
 174  35  1
 175  35  1
 101  36  1
 102  36  1
 115  36  1
 142  36  1
 231  36  1
 148  37  1
 243  37  1
 175  38  1
 176  38  1
  92  40  1
  93  40  1
 150  40  1
 151  40  1
 104  41  1
 105  41  1
 156  41  1
 157  41  1
 241  41  1
 111  42  1
 112  42  1
  93  43  1
  94  43  1
 182  44  1
 234  44  1
 113  45  1
 114  45  1
 239  45  1
  54  46  1
  86  46  1
 144  46  2
 145  46  1
 151  46  1
 152  46  1
 157  46  1
 158  46  1
  63  47  1
  64  47  1
  89  48  1
 146  48  1
 147  48  1
  50  49  1
 236  49  1
  93  50  1
  58  51  1
 152  51  1
 120  52  1
 121  52  1
 148  52  1
 149  52  1
 179  52  1
 187  52  1
 156  53  1
  56  54  1
 111  54  1
  49  55  1
 162  55  1
 163  55  1
 178  55  1
 269  55  1
 112  57  1
 113  57  1
 115  58  1
 271  60  1
  53  61  1
  36  62  1
  40  62  1
 107  62  1
 113  62  1
  58  63  1
  31  64  1
  45  64  1
 114  64  1
  15  65  1
  29  65  1
  61  68  1
 254  68  1
 265  68  1
 266  68  1
 248  69  1
 249  69  1
  64  70  1
  68  70  1
 265  71  1
  20  72  1
  70  72  1
 245  72  1
 270  72  1
 256  73  1
 251  75  1
 252  75  1
 265  75  1
 239  76  1
 243  76  1
 278  76  1
 279  76  1
  18  77  1
  19  77  1
  68  78  1
  13  80  1
 245  80  1
 237  81  1
 261  82  1
 254  83  1
  41  85  1
  42  85  1
  30  86  1
 281  86  1
 282  86  1
  40  88  1
  36  90  1
 188  91  1
  12  94  1
 194  94  1
 187  95  1
 183  96  1
 172  97  1
 177  97  1
   7  98  1
 255  98  1
 261  98  1
   1  99  1
 188  99  1
  15 100  1
 193 100  1
 176 101  1
 168 102  1
 159 103  1
 160 103  1
 266 103  1
 254 104  1
   8 105  1
 156 105  1
 157 105  1
 182 106  1
 187 106  1
 257 106  1
  29 107  1
  33 107  1
 110 108  1
 140 108  1
 261 108  1
 262 108  1
 124 109  1
 136 109  1
  27 110  1
  28 110  1
 267 112  1
 170 113  1
 265 113  1
   6 115  1
 168 115  1
 169 115  1
  24 116  1
 261 116  1
 270 116  1
  24 118  1
 165 119  1
 276 119  1
   1 120  1
   6 120  1
  20 120  1
 260 120  1
 261 120  1
 267 120  1
 150 121  1
 151 121  1
 274 121  1
  16 122  1
  80 122  1
  86 123  1
 151 123  1
 262 124  1
  88 125  1
  89 125  1
  51 126  1
  77 126  1
   8 127  1
   9 127  1
  61 127  1
 151 127  1
   2 128  1
 267 128  1
 268 128  1
 277 128  1
  62 129  1
 223 129  1
 270 129  1
  82 130  1
 140 130  1
 141 130  1
 148 131  1
  73 132  1
 225 132  1
 226 132  1
 274 132  1
 137 133  1
 138 133  1
  53 134  1
 154 134  1
 244 134  1
   8 136  1
   9 136  1
  22 136  1
  47 138  1
  79 138  1
  80 138  1
 169 138  1
 175 138  1
 176 138  1
  36 139  1
  37 139  1
  95 139  1
 163 139  1
 231 139  1
 245 139  1
  61 140  1
  86 140  1
 174 140  1
 175 140  1
 217 140  2
 218 140  1
  20 141  1
  47 141  1
  69 141  1
  39 142  1
 132 142  1
 142 142  1
 198 142  1
  74 143  1
 138 143  1
 145 143  1
 154 143  1
  84 144  1
  85 144  1
 107 144  1
 123 144  1
 150 144  1
 152 144  1
 201 144  1
  69 145  1
  81 145  1
 163 145  1
 177 145  1
 209 145  1
 213 145  1
 219 145  1
 231 145  1
 232 145  1
  22 146  1
 159 146  1
  44 147  1
 134 147  1
 180 147  1
  28 148  1
  84 148  1
 169 148  1
 188 148  1
 238 148  1
  11 149  1
 120 149  1
 192 150  1
 194 150  1
 259 150  1
 270 150  1
  89 151  1
 129 151  1
 130 151  1
 131 151  1
 231 151  1
 253 151  1
 254 151  1
 236 152  1
  92 153  1
 131 153  1
 262 153  1
  10 154  1
  11 154  1
  16 154  1
   5 155  1
   6 155  1
 125 155  1
 237 155  1
 252 155  1
  96 157  1
  97 157  1
  99 158  1
 101 158  1
 212 159  1
 213 159  1
 234 159  1
 245 159  1
 249 159  1
  99 160  1
 236 160  1
 239 161  1
 240 161  1
 185 162  1
 274 162  1
 275 162  1
 104 163  1
 181 163  1
  33 164  1
 108 164  1
   8 165  1
  13 165  1
  16 165  1
 207 165  1
 224 165  1
  24 166  1
  25 166  1
  30 166  1
 211 166  1
  18 167  1
  99 167  1
 232 167  1
 267 167  1
 108 168  1
 221 168  1
 103 169  1
 272 169  1
 273 169  1
  25 170  1
  26 170  1
  37 170  1
 205 170  1
 235 170  1
 239 170  1
 240 170  1
 248 170  1
 257 170  1
  18 171  1
 264 171  1
 191 172  1
 234 172  1
 208 173  1
 229 173  1
 246 173  1
 192 174  1
  99 175  1
 100 175  1
 250 175  1
  22 176  1
  23 176  1
  51 176  1
 240 176  1
 234 177  1
 190 178  1
 191 178  1
 263 178  1
 241 179  1
 247 179  1
 196 180  1
 225 180  1
  65 181  1
  66 181  1
  28 182  1
  48 182  1
  53 182  1
 211 182  1
  42 184  1
  64 184  1
 244 185  1
 246 185  1
 251 185  1
 224 186  1
 236 186  1
  45 187  1
  64 187  1
 218 188  1
 239 188  1
  50 189  1
 244 189  1
  66 190  1
  49 192  1
 224 192  1
 246 192  1
 247 192  1
 248 192  1
 229 193  1
 263 193  1
 222 194  1
 136 195  1
 229 195  1
  48 196  1
  49 196  1
  89 196  1
  33 197  1
 130 197  1
 135 197  1
 151 197  1
 244 197  1
 229 198  1
 230 198  1
 212 199  1
 213 199  1
 236 199  1
 260 199  1
 136 200  1
 249 200  1
 250 200  1
 124 201  1
 219 201  1
 243 201  1
 266 203  1
 249 204  1
  43 205  1
  44 205  1
 123 205  1
 124 205  1
 137 205  1
 139 205  1
  47 207  1
 185 208  1
 191 208  2
 232 208  1
 233 208  1
  50 209  1
 168 209  1
 222 209  1
 229 210  1
 262 210  1
 201 211  1
 205 211  1
 157 212  1
 192 212  1
 238 212  1
 239 212  1
  65 213  1
  71 213  1
 127 213  1
 128 213  1
 132 213  1
 210 213  1
 219 213  1
 220 213  1
 138 214  1
 182 214  1
 172 215  1
 232 215  1
 197 217  1
 161 218  1
 162 218  1
 152 220  1
 153 220  1
 158 221  1
 165 221  1
 166 221  1
 207 221  1
 225 221  1
 226 221  1
 202 222  1
 229 222  1
 235 224  1
 178 225  1
 192 225  1
  84 226  1
 164 226  1
 208 226  1
 161 227  1
 162 227  1
 167 229  1
 168 229  1
 149 230  1
 150 230  1
 175 231  1
 215 231  1
  77 232  1
 187 232  1
 188 232  1
 209 233  1
  80 234  1
  81 234  1
  84 235  1
 156 235  1
 232 235  1
 147 237  1
 224 237  1
  89 238  1
 115 238  1
 226 238  1
 130 240  1
 185 240  1
  95 241  1
  97 241  1
 215 242  1
 140 244  1
 226 244  1
 186 245  1
 187 245  1
 224 246  1
 132 247  1
 145 248  1
 146 248  1
 139 250  1
 218 250  1
 144 252  1
 187 252  1
 208 253  1
 210 253  1
 150 254  1
 205 254  1
 154 255  1
 170 256  1
 193 257  1


count = 597