 188   2  1
 190   3  1
 147   4  1
 129   8  1
 127   9  1
 207  10  1
 208  10  1
 211  11  1
 112  13  1
 219  17  1
  81  18  1
  95  18  1
 115  18  1
 117  18  1
  91  19  1
  93  19  1
 223  19  1
  61  21  1
  62  21  1
  98  23  1
  57  24  1
 116  25  1
 229  25  1
 230  25  1
  53  27  1
 116  27  1
  97  28  1
  98  28  1
 103  29  1
 108  29  1
  48  30  1
 239  30  1
 240  30  1
 118  32  1
  40  33  1
 131  33  1
 245  33  1
 249  35  1
  81  41  1
 123  43  1
 140  44  1
 141  44  1
  81  45  1
  98  45  1
  99  45  1
 117  45  1
 256  45  1
 257  45  1
  33  46  1
 109  47  1
  84  48  1
  87  48  1
  88  48  1
 105  48  1
  33  49  1
 140  49  1
 141  49  1
  83  50  1
 112  50  1
 116  50  1
 144  50  1
 145  50  1
 103  51  1
  20  52  1
  82  52  1
  83  52  1
 135  52  1
 148  52  1
 149  52  1
 150  52  1
 186  52  1
 190  52  1
 100  53  1
 103  53  1
 260  53  1
  28  54  1
  81  54  1
  86  55  1
 157  56  1
 193  56  1
 194  56  1
 151  58  2
 152  58  1
  14  60  1
  78  60  1
  79  60  1
 185  60  1
 194  60  1
  21  61  1
 265  61  1
 153  63  1
 154  63  1
 166  63  1
 207  63  1
  83  64  1
 159  64  1
 161  65  1
 188  65  1
 189  65  1
 193  65  1
  11  66  1
  77  66  1
 211  66  1
 198  67  1
  17  68  1
 175  69  1
 166  70  1
 180  70  1
 190  70  1
  15  71  1
 224  71  1
 199  72  1
 192  73  1
   7  74  1
   8  74  1
  13  74  1
  14  74  1
 196  75  1
 212  76  1
 233  77  1
 275  77  1
 276  77  1
  12  78  1
 203  79  1
 183  80  1
 223  80  1
  19  81  1
 226  81  1
 188  82  1
 239  85  1
 279  85  1
 280  85  1
  19  86  1
  20  86  1
 191  86  1
 196  86  1
 163  88  1
 268  88  1
 160  89  1
 161  89  1
 172  89  1
 240  89  1
 177  90  1
 268  90  1
  65  91  1
  72  91  1
  78  91  1
 159  91  1
 160  91  1
 236  91  1
 154  92  1
 177  92  1
 201  92  1
 202  92  1
 165  93  1
 266  93  1
  71  95  1
 154  95  1
  78  96  1
 261  96  1
 168  97  1
 199  98  1
 260  98  1
   6  99  1
 167  99  1
 168  99  1
 257  99  1
 198 100  1
 199 100  1
 252 100  1
 271 100  1
 272 100  1
  79 101  1
 262 101  1
  19 102  1
 173 102  1
 266 103  1
 179 104  1
   7 105  1
  20 105  1
 174 106  1
 176 106  1
 168 107  1
 199 107  1
  23 108  1
  25 109  1
 115 109  1
 209 110  1
 210 110  1
 263 110  1
  26 111  1
   8 112  1
  92 112  1
 102 112  1
 104 112  1
 263 112  1
 281 112  1
 282 112  1
 179 113  1
 194 113  1
   8 114  1
  10 114  1
 186 114  1
 270 114  1
 162 115  1
 169 115  1
 198 115  1
 280 115  1
 281 115  1
  26 116  1
  85 116  1
 264 116  1
   2 117  1
   3 117  1
 116 117  1
 159 117  1
 160 117  1
 178 117  1
 179 117  1
  31 118  1
  37 118  1
  54 118  1
 108 118  1
 109 118  1
 234 118  1
 250 118  1
  49 119  1
  89 119  1
 105 119  1
 208 119  1
  96 120  1
 159 120  1
 183 120  1
 214 120  1
 242 120  1
 254 120  1
 275 120  1
  46 121  1
 111 121  1
 134 121  1
 247 121  1
  10 122  1
  59 122  1
 118 122  1
  27 123  1
 154 123  1
 199 123  1
 200 123  1
  62 124  1
 106 124  1
  46 125  1
  92 125  1
 157 125  1
 172 125  1
 188 125  1
 254 125  1
  10 126  1
  40 126  1
 264 126  1
   5 127  1
   6 127  1
  24 127  1
  25 127  1
  50 127  1
  56 127  1
 106 127  1
 188 127  1
 270 127  1
  44 128  1
  60 128  1
  61 128  1
 113 128  1
  29 129  1
 216 129  1
 157 130  1
 190 130  1
 196 130  1
 210 130  1
 272 130  1
 185 131  1
 213 131  1
  11 132  1
  26 132  1
 169 132  1
 170 132  1
 278 132  1
 279 132  1
 153 133  1
   1 134  1
 110 134  1
 119 135  1
 209 135  1
 206 136  1
   4 137  1
   6 137  1
 158 137  1
  85 138  1
 204 138  1
 196 139  1
 111 140  1
 159 140  1
 160 140  1
 168 140  1
 169 140  1
 193 140  1
 199 140  1
 101 141  1
 176 141  1
  88 142  1
 157 142  1
 172 142  1
 181 142  1
 188 142  1
 164 143  1
 104 144  1
 107 144  1
  82 145  1
   5 146  1
 168 146  1
 179 147  1
 180 147  1
 172 148  1
 188 148  1
   5 149  1
   6 149  1
 174 150  1
 166 151  1
  72 152  1
  73 152  1
  74 152  1
 174 152  1
 184 152  1
 152 153  1
   1 154  1
  70 154  1
 173 154  1
 174 154  1
 190 154  1
 166 155  1
 187 155  1
 173 156  1
  12 157  1
  13 157  1
 236 157  1
 237 157  1
  76 158  1
 172 158  1
 173 158  1
   1 160  1
   2 160  1
  77 161  1
  78 161  1
  79 161  1
 153 161  1
 232 161  1
 161 162  1
 186 162  1
  13 164  1
 275 164  1
 276 164  1
  68 165  1
 185 167  1
   3 169  1
   4 169  1
  85 169  1
 179 169  1
 193 169  1
 225 169  1
 198 170  1
 271 170  1
 222 171  1
   4 172  1
   5 172  1
 208 173  1
 217 173  1
 187 174  1
 175 175  1
 176 175  1
 190 177  1
 222 177  1
 174 178  1
 195 178  1
   6 179  1
   7 179  1
  12 179  1
  13 179  1
 185 181  1
 217 181  1
 194 182  1
  66 184  1
 182 185  1
 183 185  1
 193 185  1
 194 185  1
 208 185  1
 211 185  1
 203 186  1
 261 186  1
 187 188  1
 191 188  1
   9 189  1
  10 189  1
  73 189  1
 125 189  1
 170 190  1
  16 191  1
  17 191  1
 196 191  1
 258 191  1
 165 193  1
 188 193  1
 192 193  1
  75 194  1
  76 194  1
 183 195  1
 185 195  1
  72 196  1
  77 197  1
 166 197  1
 177 197  1
 178 197  1
  84 199  1
  17 200  1
 139 202  1
 148 202  1
  99 203  1
 112 203  1
 114 203  1
 120 203  1
  74 204  1
  75 206  1
  88 206  1
 138 206  1
  97 207  1
 239 207  1
  21 208  1
 132 208  1
 148 208  1
  78 209  1
  79 209  1
 235 209  1
 109 210  1
 110 210  1
 146 210  1
 147 210  1
 148 210  1
 233 210  1
  79 212  1
  80 212  1
  89 212  1
  90 212  1
 102 212  1
 108 212  1
 131 212  1
 231 213  1
  89 216  1
  90 216  1
  30 217  1
  81 217  1
  82 217  1
  35 219  1
  37 219  1
  95 219  1
 101 219  1
 117 220  1
  41 221  1
 101 221  1
  43 223  1
  48 226  1
  81 226  1
  52 229  1
  75 229  1
 113 232  1
 117 232  1
 118 232  1
 213 232  1
 122 233  1
  80 234  1
  81 234  1
 150 234  1
 126 235  1
 205 237  1
  99 238  1
 112 238  1
  90 239  1
  91 239  1
 103 239  1
 148 239  1
 201 239  1
 106 240  1
 116 240  1
 118 240  1
 199 240  1
  95 241  1
 123 242  1
  97 243  1
 110 243  1
 115 244  1
 191 245  1
 119 247  1
 120 247  1
 185 247  1
 108 249  1
 181 249  1
 144 251  1
 145 251  1
 119 252  1
 126 254  1
 167 254  1


count = 509