  87   1  1
  95   1  1
 144   1  1
 156   1  1
 188   1  1
 189   1  1
 195   1  1
 165   2  1
  84   3  1
 191   3  1
 202   3  1
  90   4  1
  80   5  1
 106   5  1
 196   5  1
 204   5  1
  75   7  1
 200   7  1
  83   8  1
 143   8  1
 144   8  1
 160   8  1
 181   8  1
 208   8  1
 124   9  1
 125   9  1
 129   9  1
  92  10  1
 118  10  1
 135  10  1
 101  11  1
 140  11  1
 191  11  1
 211  11  1
 147  12  1
 156  12  1
 133  13  1
 217  13  1
  67  14  1
 106  14  1
 198  15  1
  58  16  1
 116  16  1
 117  16  1
 221  16  1
 144  17  1
 160  17  1
 176  17  1
 158  18  1
 189  18  1
 191  18  1
 216  18  1
  50  19  1
  52  19  1
 148  19  1
 193  19  1
 227  20  1
  57  21  1
  80  21  1
  87  21  1
  88  21  1
  97  21  1
 116  21  1
 222  21  1
  76  22  1
 157  22  1
 180  22  1
  42  23  1
  72  23  1
  74  23  1
 151  23  1
 188  23  1
 225  23  1
 172  24  1
 201  24  1
  66  25  1
  93  25  1
 151  25  1
 228  25  1
 178  26  1
 211  26  1
 212  26  1
  44  27  1
  63  27  1
 103  27  1
 104  27  1
 215  27  1
  35  28  1
  76  28  1
 172  28  1
 218  28  1
  41  29  1
 144  29  1
 239  29  1
 225  30  1
 233  30  1
  30  31  1
  38  31  1
  95  31  1
 150  31  1
 151  31  1
 177  31  1
 209  32  1
 237  32  1
  35  33  1
  74  33  1
  75  33  1
  86  33  1
 101  33  1
 102  33  1
 145  33  1
 204  33  1
 138  34  1
 154  34  1
 184  34  1
 197  34  1
  32  35  1
 146  35  1
 214  35  1
  66  36  1
  70  36  1
  87  36  1
  88  36  1
 152  36  1
 166  36  2
 167  36  1
 190  36  1
  95  37  1
 208  37  1
 241  37  1
 171  38  1
 198  38  1
 234  38  1
  46  39  1
  65  39  1
  72  39  1
  78  39  1
 111  39  1
 177  39  1
  19  40  1
 193  40  1
 194  40  1
 252  40  1
  88  41  1
 135  41  1
 152  41  1
 182  41  1
 143  42  1
 167  42  1
 168  42  1
  17  43  1
  22  43  1
  90  43  1
 148  43  1
 149  43  1
  47  44  1
  48  44  1
  68  45  1
  69  45  1
  20  46  1
  38  46  1
  75  46  1
  77  46  1
 156  46  1
 202  46  1
  14  47  1
  44  48  1
  83  50  1
 180  50  1
 187  50  1
 195  50  1
  17  51  1
  72  51  1
  14  52  1
 149  52  1
 197  52  1
 202  52  1
 265  53  1
  13  54  1
  28  54  1
  67  54  1
  68  54  1
 161  54  1
 201  54  1
   8  55  1
  71  55  1
  96  55  1
 163  55  1
 189  56  1
 238  56  1
 262  56  1
  77  57  1
  11  58  1
 168  58  1
 183  58  1
 202  58  1
 204  58  1
 131  59  1
 187  59  1
   4  60  1
  74  60  1
  22  61  1
 102  61  1
 172  61  1
 240  61  1
 245  61  1
 125  62  1
 127  62  1
 129  62  1
 175  62  1
 208  62  1
   7  63  1
  29  63  1
 214  63  1
 248  63  1
  19  64  1
  34  64  1
 189  64  1
 234  64  1
 239  64  1
 135  65  1
 136  65  1
 180  65  1
  52  66  1
  53  66  1
  86  66  1
  90  66  1
 131  66  1
  33  68  1
 147  68  1
 187  68  1
   3  69  1
  30  69  1
 127  69  1
 176  69  1
 122  70  1
 123  70  1
 193  70  1
 233  70  1
  13  71  1
  56  71  1
 218  71  1
  28  72  1
  29  72  1
 123  72  1
 135  72  1
   1  73  1
  21  73  1
 162  73  1
 260  73  1
 278  73  1
  62  74  1
 123  74  1
 168  74  1
 218  74  1
 238  74  1
 256  74  1
 132  75  1
 147  75  1
  73  76  1
  74  76  1
 185  76  1
 191  76  1
 197  76  1
 203  76  1
 204  76  1
  32  77  1
  33  77  1
 222  77  1
 230  77  1
 148  78  1
 150  78  1
 151  78  1
 237  78  1
 251  78  1
 155  79  1
 179  79  1
 180  79  1
 215  80  1
 259  80  1
 261  80  1
 263  80  1
 271  80  1
 188  81  1
 194  81  1
 207  81  1
 283  81  1
  36  82  1
 199  82  1
 201  82  1
 227  82  1
 228  82  1
  49  83  1
 147  83  1
 265  83  1
 266  83  1
 267  83  1
 115  84  1
 148  85  1
 186  85  1
 244  85  1
 121  86  1
 126  86  1
 159  86  1
 192  86  1
 230  86  1
 274  86  1
 275  86  1
  50  87  1
  51  87  1
 113  87  1
 156  88  1
 201  88  1
 217  88  1
 255  88  1
 223  89  1
 233  89  1
 258  89  1
 260  89  1
 262  89  1
 269  89  1
  18  90  1
 104  90  1
 121  90  1
 125  90  1
 159  90  1
 160  90  1
 207  90  1
 217  90  1
 174  91  1
 150  92  1
 168  92  1
 203  92  1
 212  92  1
 101  93  1
 103  93  1
 110  93  1
 187  93  1
 272  93  1
 273  93  1
  19  94  1
  38  94  1
  39  94  1
 118  94  1
 155  94  1
 221  94  1
 258  94  1
 259  94  1
 147  95  1
 254  95  1
  44  96  1
  46  96  1
  99  96  1
 143  96  1
 249  96  1
 279  96  1
 280  96  1
 104  97  1
 164  97  1
 166  97  1
 233  97  1
  19  98  1
  20  98  1
  24  98  1
  47  98  1
 110  98  1
 138  98  1
 139  98  1
 187  98  1
 209  98  1
 262  99  1
 104 100  1
 138 100  1
 222 100  1
 247 100  1
  26 101  1
 112 101  1
 149 101  1
 275 101  1
   3 102  1
   4 102  1
 159 102  1
 161 102  1
  36 103  1
 147 103  1
 148 103  1
 235 103  1
 275 103  1
 276 103  1
  31 104  1
  32 104  1
 222 104  1
 246 104  1
  95 105  1
  99 105  1
 101 105  2
 103 105  1
 127 105  1
 128 105  1
 157 105  1
 269 105  1
 108 106  1
 204 106  1
 236 106  1
  92 108  1
 134 108  1
 135 108  1
 148 108  1
 149 108  1
 202 108  1
 225 108  1
 175 109  1
 192 109  1
 233 109  1
  13 110  1
  19 110  1
 209 110  1
 225 110  1
 240 110  1
 155 111  1
 116 112  1
 148 112  1
 149 112  1
 159 112  1
 225 112  1
 274 112  1
  91 113  1
  92 113  1
 186 113  1
 213 113  1
 170 114  1
 218 114  1
 227 114  1
   8 115  1
  12 115  1
 108 115  1
 109 115  1
 114 115  1
 240 115  1
 241 115  1
 157 116  1
  26 118  1
 121 118  1
 169 118  1
 170 118  1
 215 118  1
 246 118  1
  83 119  1
  84 119  1
 250 119  1
 123 120  2
 132 120  2
 207 120  1
 273 120  1
   9 121  1
  10 121  1
  18 121  1
 101 121  1
 108 121  1
 227 121  1
  15 122  1
  16 122  1
  59 122  1
 111 122  1
 241 122  1
  13 123  1
  91 123  1
  98 123  1
 214 123  1
 231 123  1
 257 123  1
 121 124  1
 128 124  1
 181 124  1
 199 124  1
  51 125  1
 111 125  1
 235 125  1
 167 126  1
 171 126  1
 208 126  1
 264 126  1
 267 126  1
   5 127  1
   6 127  1
  51 127  1
 158 127  1
 159 127  1
 203 127  1
 214 127  1
   1 128  1
  59 128  1
 113 128  1
 130 128  1
 132 128  1
 149 128  1
 156 128  1
 270 128  1
   7 129  1
  51 129  1
  63 129  1
  92 129  1
 118 129  1
 127 129  1
 102 130  1
  57 131  1
  58 131  1
  72 131  1
 204 131  1
 268 131  1
 269 131  1
   5 132  1
   6 132  1
  15 132  1
 113 132  1
 212 132  1
 277 132  1
 103 133  1
 131 133  1
 137 133  1
 157 133  1
 173 133  1
 197 133  1
 214 133  1
 222 133  1
   1 134  1
  48 134  1
  50 134  1
 113 134  1
 155 134  1
 193 134  1
  93 135  1
 120 135  1
 273 135  1
 112 136  1
 113 136  1
 127 136  1
 133 136  1
  13 137  1
 172 137  1
 242 137  1
 272 137  1
 273 137  1
 281 137  1
   1 138  1
   2 138  1
   9 138  1
  49 138  1
 195 138  1
 202 138  1
 235 138  1
 151 139  1
 167 140  1
 244 140  1
  18 141  1
  19 141  1
  72 141  1
 121 141  1
 132 141  1
 151 141  1
 269 141  1
 277 141  1
  45 142  1
  46 142  1
  58 142  1
  66 142  1
  75 142  1
 235 142  1
   2 143  1
   3 143  1
  62 143  1
 116 143  1
 198 143  1
 204 143  1
 223 143  1
  79 144  1
 142 144  1
 262 144  1
 108 145  1
 125 145  1
 130 145  1
 131 145  1
 158 145  1
 197 145  1
 228 145  1
  17 146  1
  42 146  1
 257 146  1
 258 146  1
 106 147  1
 146 147  1
 171 147  1
 188 147  1
 189 147  1
 223 147  1
 249 147  1
 274 147  1
 275 147  1
  10 148  1
  48 148  1
 164 148  1
 175 148  1
 176 148  1
 182 148  1
  13 149  1
  72 149  1
 125 149  1
 147 149  1
 236 149  1
 240 149  1
 255 149  1
 112 150  1
  42 151  1
 159 151  1
 179 151  1
 188 151  1
 244 151  1
 274 151  1
 281 151  1
 282 151  1
 113 152  1
 146 152  1
 220 152  1
 234 152  1
 250 152  1
 251 152  1
 258 152  1
 260 152  1
  21 153  1
  72 153  1
 127 153  1
 227 153  1
 273 153  1
 274 153  1
  31 154  1
  35 154  1
  40 154  1
 108 155  1
 109 155  1
 157 155  1
 166 155  1
 176 155  1
 149 156  1
 150 156  1
 159 156  1
 241 156  1
 245 156  1
 269 156  1
  28 157  1
 104 157  1
 169 157  1
 216 157  1
 129 158  1
 189 158  2
 206 158  1
 233 158  1
 244 158  1
  77 159  1
  79 159  1
 140 159  1
 154 159  1
 216 159  1
 249 159  1
 256 159  1
 145 160  1
 159 160  1
 160 160  1
 183 160  1
 108 161  1
 109 161  1
 207 161  1
 211 161  1
 212 161  1
 213 161  1
 230 161  1
 254 161  1
 255 161  1
 256 161  1
 225 162  1
  98 163  1
 242 163  1
 260 164  1
 110 165  1
 278 165  1
 279 165  1
 233 166  1
 270 166  1
 155 167  1
 179 167  1
 220 167  1
 221 167  1
 263 167  1
 264 167  1
  98 168  1
  65 169  1
  88 169  1
 207 169  1
 259 169  1
 123 170  1
 158 170  1
 195 170  1
 271 170  1
  90 171  1
 167 171  1
 210 171  1
 212 171  1
 218 171  1
 219 171  1
 229 171  1
   1 172  1
  12 172  1
  13 172  1
  70 172  1
 180 172  1
 238 172  1
 264 172  1
  68 173  1
 222 174  1
 260 174  1
 268 174  1
 166 175  1
 229 175  1
 126 176  1
 203 176  1
 209 176  1
  60 177  1
 117 177  1
 118 177  1
 119 177  1
 201 177  1
 216 177  1
 267 177  1
  67 178  1
 171 178  1
 175 178  1
 179 178  1
 222 178  1
 262 178  1
 264 178  1
   1 179  1
  18 179  1
 201 179  2
  90 180  1
 182 180  1
 226 180  1
  59 181  1
  97 181  1
 135 181  1
   1 182  1
   2 182  1
 147 182  1
 239 182  1
 245 182  1
  99 183  1
 171 183  1
 102 184  1
 222 185  1
 233 185  1
 102 186  1
 245 186  1
 146 187  1
 174 188  1
  23 189  1
 150 189  1
  11 190  1
  12 190  1
 128 190  1
 155 190  1
 207 190  1
 237 190  1
 264 190  1
 265 190  1
 252 191  1
   8 192  1
 155 192  1
 164 192  1
 211 192  1
 249 192  1
 258 192  1
 183 193  1
  13 194  1
  26 194  1
 125 194  1
 155 194  1
 179 194  1
 191 194  1
 263 194  1
 158 195  1
 189 195  1
 240 195  1
 185 196  1
 260 196  1
 119 197  1
 210 197  1
 235 197  1
 240 197  1
 103 198  1
 104 198  1
 170 198  1
 172 198  1
 229 198  1
 118 199  1
 119 199  1
 157 199  1
 213 199  1
 241 199  1
 242 199  1
  19 200  1
  33 200  1
 104 200  1
 146 200  1
 150 201  1
 195 201  1
 104 202  1
 141 202  1
 160 202  1
 222 202  1
 116 203  1
 242 203  1
  37 204  1
 120 204  1
 152 204  1
 154 204  1
 209 204  1
 235 204  1
 125 205  1
 126 205  1
 145 205  1
 194 205  1
 225 205  1
 149 206  1
 150 206  1
 189 206  1
 215 206  1
 230 206  1
 240 207  1
  18 208  1
 115 208  1
 157 208  1
 122 209  1
 123 209  1
 166 209  1
 171 209  1
 208 209  1
 227 209  1
 236 209  1
 105 210  1
 163 210  1
  28 211  1
 240 211  1
 108 212  1
 113 212  1
 195 212  1
 198 212  1
 119 213  1
 245 213  1
 246 213  1
  31 214  1
 130 214  1
 187 214  1
  47 215  1
 115 215  1
  86 216  1
 157 216  1
 115 217  1
 161 217  1
 236 217  1
 237 217  1
 243 217  1
  86 218  1
 142 218  1
  63 219  1
 147 219  1
 171 219  1
 173 219  1
 142 220  1
  56 221  1
 140 221  1
 145 221  1
 197 221  1
 201 221  1
 232 221  1
 233 221  1
  67 222  1
 102 222  1
 127 222  2
  98 223  1
 192 223  1
 203 223  1
 228 223  1
 229 223  1
  81 224  1
 121 224  1
 165 224  1
 167 224  1
 212 224  1
  37 225  1
 136 225  2
 137 225  1
  88 226  1
  92 226  1
 102 226  1
 122 226  1
 123 226  1
 213 226  1
 214 226  1
 220 226  1
  69 227  1
  79 227  1
  80 227  1
 110 227  1
  71 228  1
  96 228  1
  97 228  1
 146 228  1
 147 228  1
 162 228  1
 167 228  1
 219 228  1
  74 230  1
  75 230  1
 108 230  1
 167 230  1
  52 231  1
  53 231  1
  84 231  1
  85 231  1
 122 231  1
 207 231  1
 213 231  1
  78 232  1
 204 232  1
 147 233  1
 151 233  1
 155 233  1
 156 233  1
  57 234  1
  62 234  1
 105 234  1
 106 234  1
 169 234  1
  65 235  1
 129 235  1
 136 235  1
 159 235  1
 164 235  1
 174 235  1
 219 235  1
  52 236  1
  92 236  1
 149 236  1
 150 236  1
  98 237  1
  61 238  1
 173 238  1
  84 239  1
  85 239  1
 105 239  1
 121 239  1
 169 239  1
 170 239  1
 207 239  1
  66 240  1
 191 240  1
  75 241  1
  90 242  1
  91 242  1
 129 242  1
 183 242  1
 150 243  1
 155 243  1
 180 244  1
 181 244  1
  73 245  1
  98 245  1
 134 245  1
 150 245  1
 169 245  1
 173 245  1
  77 246  1
 177 246  1
 194 246  1
 195 246  1
 179 248  1
 157 249  1
  90 250  1
 109 250  1
 135 250  1
 144 250  1
 168 250  1
 174 250  1
 187 250  1
 159 252  1
 184 252  1
  88 253  1
  93 253  1
 115 253  1
  98 254  1
 118 254  1
 179 254  1
 174 255  1
 124 256  1
 170 256  1
 172 256  1
  95 257  1
 101 258  1
 102 258  1


count = 1007