 176   1  1
 180   1  1
 197   2  1
 142   3  1
 138   4  1
 140   4  1
 135   5  1
 132   6  1
 174   6  1
 125   8  1
 166   8  1
 193   8  1
 199   8  1
 121   9  1
 123   9  1
 224   9  1
 115  10  1
 142  10  1
 161  10  1
 178  10  1
 167  11  1
 103  12  1
 216  12  1
 231  13  1
 222  14  1
 142  15  1
 143  15  1
 178  15  1
 179  15  1
 199  15  1
 200  15  1
  93  16  1
 122  17  1
 173  17  1
 200  17  1
  92  18  1
 131  18  1
 143  18  1
 220  18  1
 221  18  1
 237  18  1
 100  19  1
 200  19  1
 201  19  1
 174  20  1
 124  21  1
 152  21  1
 213  21  1
 218  21  1
 133  22  1
  77  23  1
 126  23  1
 127  23  1
 170  24  1
  93  25  1
 127  25  1
 128  25  1
 136  25  1
 172  25  1
 201  25  1
  73  26  1
 197  26  1
 247  26  1
 175  27  1
  67  28  1
  68  28  1
 198  28  1
 177  29  1
  98  31  1
 105  31  1
 182  31  1
 253  31  1
  62  32  1
 134  32  1
 135  32  1
 143  32  1
 180  34  1
  54  37  1
  64  37  1
 259  37  1
 137  38  1
 196  38  1
 225  38  1
  49  40  1
 142  40  1
 143  40  1
 103  41  1
 104  41  1
 151  41  1
 254  42  1
 263  42  1
  77  43  1
  78  43  1
 143  43  1
 144  43  1
 104  44  1
 105  44  1
 223  44  1
  43  45  1
 150  45  1
 194  46  1
 241  47  1
 155  49  1
 156  49  1
 235  50  1
  64  51  1
 259  51  1
 269  51  1
  44  52  1
  45  52  1
  62  52  1
  79  52  1
 221  52  1
 227  52  1
 256  52  1
 156  54  1
 225  54  1
 248  54  1
 104  55  1
 233  55  1
 246  55  1
  98  56  1
 106  56  1
 107  56  1
 109  56  1
 272  56  1
  37  58  1
  45  58  1
  73  58  1
 268  58  1
  41  59  1
  80  59  1
 239  59  1
  71  61  1
 229  61  1
  67  62  1
 110  62  1
  40  63  1
  41  63  1
 226  63  1
 235  63  1
 246  63  1
  98  64  1
  99  64  1
 106  64  1
  34  65  1
 235  65  1
  49  67  1
  50  67  1
 223  67  1
 232  67  1
 265  67  1
 241  69  1
 262  69  1
 221  72  1
  22  73  1
 277  73  1
 278  73  1
  48  74  1
 223  74  1
  14  75  1
 256  75  1
  33  76  1
  34  76  1
  38  77  1
 159  77  1
 248  78  1
 254  78  1
  12  80  1
 156  80  1
 125  81  1
 132  81  1
 152  82  1
 257  82  1
 121  84  1
 144  84  1
 280  84  1
 281  84  1
 252  85  1
 256  86  1
  30  87  1
  31  87  1
  38  87  1
 220  87  1
 149  88  1
 121  89  1
 127  89  1
 137  89  1
 190  89  1
  38  91  1
 116  91  1
 215  91  1
 237  91  1
 244  91  1
 186  92  1
 211  92  1
 220  92  1
 229  92  1
 250  92  1
 253  93  1
 115  94  1
 186  94  1
   4  95  1
  12  95  1
 264  95  1
 239  96  1
 183  97  1
 178  98  1
 246  98  1
 134  99  1
 174  99  1
 249 100  1
 254 100  1
 129 101  1
   7 102  1
   8 102  1
 146 102  1
 136 103  1
 256 103  1
   1 104  1
 246 104  1
 248 104  1
 148 105  1
 237 105  1
 257 105  1
 267 105  1
 164 106  1
 240 106  1
 259 106  1
 131 108  1
 133 108  1
 246 108  1
 169 109  1
 170 109  1
 251 109  1
 269 109  1
 270 109  1
 145 110  1
 236 110  1
  61 111  1
 153 111  1
   5 112  1
   7 113  1
 243 113  1
 265 113  1
 266 113  1
 271 113  1
 272 113  1
   1 114  1
 251 114  1
 246 115  1
   1 117  1
   2 117  1
 265 117  1
 266 117  1
  34 118  1
 257 118  1
 272 119  1
 274 119  1
  14 120  1
  39 120  1
  40 120  1
 257 120  1
 264 120  1
  19 121  1
  32 121  1
  59 121  1
  91 121  1
   4 122  1
  54 122  1
  61 122  1
  67 122  1
  98 122  1
 258 122  1
  69 123  1
   5 124  1
   6 124  1
  71 124  1
 103 124  1
 265 124  1
 107 126  1
  40 127  1
  94 127  1
 222 127  2
 223 127  1
 224 127  1
 232 127  1
  50 128  1
 112 128  1
 113 128  1
  66 129  1
  67 129  1
  81 129  1
  21 130  1
  95 130  1
 111 130  1
 204 130  1
  11 131  1
  76 131  1
  86 131  1
 252 131  1
  69 132  1
  84 132  1
 222 133  1
 223 133  1
 252 133  1
  35 134  1
 210 134  1
 211 134  1
  14 135  1
  45 135  1
  65 135  1
 250 135  1
 257 135  1
   5 137  1
  47 137  1
  48 137  1
 273 138  1
 256 139  1
 133 141  1
 134 141  1
 262 141  1
 263 141  1
   8 142  1
 115 142  1
 279 142  1
 280 142  1
  50 143  1
 126 143  1
  50 145  1
   8 146  1
   9 146  1
  57 146  1
 207 146  1
 208 146  1
 209 146  1
 270 146  1
 229 147  1
 274 147  1
 245 148  1
 247 148  1
 257 148  1
 229 149  1
 215 150  1
 223 150  1
 239 150  1
 240 150  1
 230 151  1
 252 151  1
 272 151  1
 198 152  1
 210 153  1
 225 153  1
 260 154  1
 273 154  1
 240 155  1
 241 155  1
   2 156  1
   3 156  1
  23 156  1
  29 156  1
 197 156  1
 198 156  1
 234 156  1
 231 157  1
   3 158  1
 228 158  1
 250 158  1
 210 159  1
   3 160  1
   4 160  1
  13 160  1
  28 160  1
 260 160  1
 261 160  1
  23 163  1
  30 163  1
  31 163  1
  41 163  1
 258 163  1
 273 163  1
  45 164  1
 213 164  1
  19 165  1
   5 166  1
   6 166  1
 211 166  1
 245 166  1
 271 166  1
 278 166  1
 279 166  1
  35 167  1
  42 168  1
   6 169  1
   7 169  1
  39 170  1
 247 170  1
 270 171  1
 271 171  1
   7 172  1
   8 172  1
 261 172  1
 262 172  1
  17 174  1
  18 174  1
  49 174  1
 271 174  1
  53 175  1
 262 175  1
  15 176  1
 257 176  1
 258 176  1
  41 178  1
 241 178  1
 265 178  1
  23 180  1
  63 180  1
  54 181  1
 258 181  1
  18 182  1
  90 182  1
 104 182  1
  26 183  1
  55 183  1
 225 183  1
 249 183  1
 255 183  1
  60 184  1
  87 184  1
 264 184  1
 268 184  1
  13 185  1
  45 186  1
 236 186  1
  86 187  1
 107 188  1
 251 188  1
 252 188  1
  94 189  1
  95 189  1
 238 189  1
 256 189  1
 262 189  1
  54 190  1
 109 190  1
  50 191  1
  52 191  1
  88 192  1
 100 192  1
 101 192  1
 245 192  1
  27 193  1
  64 194  1
 248 194  1
  20 195  1
  33 195  1
 109 195  1
 151 195  1
 249 196  1
  48 197  1
 251 198  1
 260 198  1
 261 198  1
 154 199  1
  41 200  1
  43 200  1
  25 201  1
  31 201  1
  32 201  1
  86 202  1
 108 202  1
 109 202  1
 148 202  1
 149 202  1
  82 203  1
 146 204  1
 263 204  1
  29 205  1
  79 205  1
  80 205  1
 133 205  1
 134 205  1
 137 206  1
  83 208  1
  33 210  1
  34 210  1
  92 210  1
  81 211  1
 143 211  1
 240 211  1
 110 212  1
 111 212  1
 138 213  1
  59 214  1
 104 214  1
 111 214  1
 238 214  1
 250 214  1
  75 215  1
  76 215  1
  98 215  1
 127 215  1
 133 215  1
 216 215  1
 217 215  1
 220 215  1
  59 216  1
 105 216  1
  74 217  1
 243 217  1
  56 218  1
 220 218  1
 244 219  1
  45 220  1
 103 220  1
 104 220  1
  94 221  1
  48 222  1
 123 222  1
 131 222  1
 132 222  1
  60 223  1
 115 223  1
 116 223  1
  92 224  1
 101 224  1
  66 225  1
  72 225  1
 219 225  1
  54 226  1
  78 226  1
 121 226  1
 122 226  1
 244 226  1
  98 227  1
 105 227  1
 113 227  1
  57 228  1
  88 228  1
  60 230  1
  61 230  1
  71 230  1
 231 230  1
 185 231  1
  64 232  1
 190 232  1
 113 233  1
 207 233  1
 236 233  1
  67 234  1
 107 234  1
 211 235  1
 212 235  1
 226 235  1
 111 236  1
 118 236  1
 125 236  1
 205 236  1
  78 238  1
  95 238  1
 205 238  1
 206 238  1
 143 239  1
 228 239  1
  83 240  1
 145 240  1
 213 241  1
 147 242  1
 148 242  1
 205 242  1
 206 242  1
 223 242  1
 113 243  1
 189 243  1
 181 244  1
 119 245  1
 120 245  1
 205 245  1
 104 247  1
 149 247  1
 213 247  1
 171 248  1
 176 248  1
 177 248  1
 208 249  1
 185 250  1
 205 250  1
 125 251  1
 170 252  1
 184 252  1
 197 254  1
 151 256  1
 182 258  1


count = 593