 147   3  1
 182   3  1
 143   4  1
 124   5  1
 167   6  1
 193   6  1
 200   8  1
 157   9  1
 134  10  1
 169  10  1
 104  11  1
 140  11  1
 207  11  1
 101  12  1
 152  12  1
 172  12  1
 160  13  1
 161  13  1
 209  13  1
 146  14  1
 199  15  1
 214  16  1
 176  17  1
 177  17  1
 193  17  1
 194  17  1
  87  18  1
 101  18  1
 162  18  1
 120  19  1
 132  19  1
 133  19  1
 137  19  1
 154  19  1
 155  19  1
 164  19  1
 220  19  1
 114  20  1
  91  21  1
  92  21  1
 133  22  1
 150  23  1
 151  23  1
 197  23  1
 198  23  1
 113  24  1
 226  24  1
 143  26  1
 158  26  1
 151  27  1
  95  28  1
  96  28  1
 194  28  1
  60  29  1
  78  29  1
  85  29  1
  89  29  1
 165  29  1
 166  29  1
 189  30  1
 147  31  1
 149  31  1
 178  31  1
  91  32  1
  92  32  1
 193  32  1
 178  33  1
 179  33  1
  77  34  1
  78  34  1
 189  34  1
 100  36  1
 101  36  1
  43  37  1
  82  37  1
  83  37  1
  76  38  1
  77  38  1
  93  38  1
  94  38  1
 172  38  1
 167  41  1
 101  42  1
 102  42  1
 155  42  1
  98  43  1
 245  43  1
 171  45  1
 172  45  1
  32  46  1
 116  46  1
 157  47  1
 118  48  1
  28  49  1
  37  49  1
 121  52  1
 122  52  1
 229  52  1
 234  53  1
  43  54  1
  31  55  1
  81  55  1
  82  55  1
  28  56  1
 222  57  1
 238  57  1
  28  58  1
 161  58  1
 215  58  1
  28  60  1
 164  60  1
  16  61  1
  37  61  1
 119  61  1
  47  62  1
  14  64  1
  42  64  1
  21  66  1
  83  66  1
  12  67  1
 260  67  1
  78  68  1
 115  68  1
 116  68  1
 214  68  1
  90  70  1
 218  70  1
 113  71  1
 262  71  1
  18  72  1
  24  72  1
  80  72  1
 110  73  1
 264  74  1
   8  75  1
   9  75  1
  28  75  1
  29  75  1
 243  80  1
 267  80  1
 268  80  1
  18  81  1
 238  82  1
   5  83  1
 187  83  1
  13  84  1
  23  84  1
 175  84  1
 236  84  1
  38  85  1
  39  85  1
  40  85  1
 246  85  1
 170  86  1
  24  89  1
 163  90  1
 222  90  1
  24  91  1
 243  91  1
  23  93  1
  24  93  1
 158  93  1
 220  93  1
 221  93  1
 231  94  1
 232  94  1
 233  94  1
  19  95  1
 187  95  1
 252  95  1
 253  95  1
 155  96  1
  49  97  1
 147  98  1
 234  98  1
 235  98  1
 276  98  1
 277  98  1
  78  99  1
 143  99  1
 244  99  1
 250  99  1
 251  99  1
  17 100  1
 185 100  1
 186 100  1
  73 101  1
 246 101  1
  65 102  1
  55 103  1
  46 104  1
  90 104  1
  91 104  1
  67 105  1
  17 106  1
  96 106  1
  15 107  1
  51 107  1
  68 107  1
   1 108  1
   6 109  1
   7 109  1
 123 109  1
 124 109  1
 125 109  1
  71 110  1
 121 110  1
 233 110  1
  15 111  1
 172 111  1
 272 111  1
  32 112  1
  33 112  1
  73 112  1
 152 112  1
 153 112  1
  79 113  1
 235 114  1
 236 114  1
 268 114  1
 269 114  1
 213 115  1
   1 116  1
  48 116  1
 145 116  1
 158 116  1
 219 116  1
 220 116  1
  26 117  1
 210 117  1
 263 119  1
  81 120  1
  82 120  1
   9 121  1
  32 121  1
  33 121  1
  48 121  1
 260 121  1
  22 122  1
  26 122  1
  39 122  1
  73 122  1
  55 123  1
 141 123  1
   3 124  1
  42 124  1
 240 124  1
  90 125  1
  91 125  1
  22 126  1
 137 126  1
 211 126  1
 219 126  1
 274 126  1
  12 127  1
  31 127  1
  32 127  1
  58 127  1
  60 127  1
 122 128  1
 252 128  1
  10 130  1
  11 130  1
  36 130  1
 214 131  1
 215 131  1
   5 132  1
   6 132  1
  61 132  1
  64 132  1
  69 132  1
  39 133  1
  46 133  1
 102 133  1
  92 134  1
 218 134  2
   3 135  1
 280 135  1
 281 135  1
 242 136  1
  73 137  1
  74 137  1
 156 137  1
 158 137  1
 262 137  1
 254 138  1
 125 139  1
 164 139  1
 165 139  1
 166 139  1
   1 140  1
 135 140  2
 137 140  1
 247 140  1
 248 140  1
   8 141  1
   9 141  1
  59 141  1
  60 141  1
 167 141  1
 172 141  1
 175 141  1
   5 142  1
   6 142  1
  31 142  1
  32 142  1
  75 142  1
 141 142  1
 130 143  1
 216 143  1
  53 144  1
 255 144  1
 256 144  1
 241 145  1
 269 145  1
  55 146  1
  77 146  1
  26 147  1
  30 147  1
 137 147  1
 138 147  1
   6 148  1
 141 148  1
  76 149  1
 271 149  1
 224 150  1
 236 150  1
 258 150  1
 273 150  1
 277 150  1
 107 151  1
 148 151  1
 149 151  1
 100 152  1
 120 152  1
   1 153  1
 124 153  1
 231 153  1
 248 153  1
   6 154  1
   7 154  1
  98 154  1
 158 154  1
 255 154  1
 133 155  1
 139 155  1
 246 155  1
 247 155  1
 265 156  1
 191 157  1
  97 158  1
 250 158  1
  75 159  1
  94 159  1
  92 160  1
 133 160  1
 197 162  1
 265 162  1
  86 163  1
 202 164  1
  74 165  1
 250 165  1
 257 165  1
   8 166  1
  80 166  1
 157 166  1
 281 166  1
 282 166  1
  24 168  1
 165 168  1
 197 168  1
 232 168  1
 233 168  1
  31 169  1
 168 169  1
 195 169  1
 201 169  1
 202 169  1
 172 170  1
  21 171  1
 264 171  1
 261 172  1
  14 173  1
  15 173  1
 239 173  1
 240 173  1
 258 173  1
 273 173  1
  29 174  1
 195 174  1
 243 174  1
 236 175  1
 237 175  1
   5 176  1
   6 176  1
 180 177  1
  28 178  1
  40 178  1
 239 179  1
 257 179  1
 245 180  1
   7 181  1
   8 181  1
 269 181  1
 273 182  1
  18 184  1
  25 184  1
   9 186  1
  10 186  1
  16 187  1
  80 187  1
 271 187  1
 272 187  1
  10 189  1
  11 189  1
  95 189  1
  92 190  1
 269 190  1
  83 191  1
 118 191  1
  75 192  1
 268 192  1
  56 195  1
  57 195  1
 113 195  1
  79 196  1
  52 198  1
  56 199  1
  57 199  1
  41 201  1
 263 202  1
  40 203  1
  41 203  1
  22 204  1
 110 205  1
  38 206  1
 260 206  1
 110 207  1
  90 208  1
 109 209  1
 110 209  1
  38 210  1
  33 211  1
 256 212  1
  46 213  1
 199 215  1
  40 216  1
  42 218  1
  85 218  1
  91 218  1
  92 218  1
  52 219  1
 112 220  1
 116 220  1
 192 220  1
  90 222  1
  91 222  1
  83 223  1
 105 226  1
  53 227  1
  54 227  1
  64 230  1
 138 230  1
 186 230  1
 187 230  1
  69 232  1
 107 232  1
 137 232  1
 138 232  1
 194 232  1
 195 232  1
  72 233  1
  91 233  1
  99 233  1
 147 233  1
 151 233  1
  84 234  1
 105 235  1
 231 235  1
  93 236  1
  97 236  1
 193 239  1
 194 239  1
 224 239  1
  87 240  1
 104 241  1
 105 241  1
 221 241  1
 143 242  1
 180 245  1
 181 245  1
 102 246  1
 103 246  1
 213 247  1
 112 248  1
 153 248  1
 189 248  1
 132 250  1
 206 250  1
 178 251  1
 179 251  1
 158 252  1
 127 253  1
 128 253  1
 133 255  1
 137 256  1
 168 257  1


count = 507