 155   1  1
 170   1  1
 146   2  1
 142   3  1
 187   4  1
 130   7  1
 206  10  1
 115  12  1
 112  13  1
 105  17  1
  97  21  1
 109  23  1
 229  24  1
  87  25  1
 233  28  1
 112  29  1
 107  32  1
 122  32  1
 179  32  1
  73  33  1
 176  35  1
  67  36  1
  81  36  1
 105  36  1
  87  38  1
 123  40  1
  52  42  1
 176  43  1
 177  43  1
 128  44  1
  47  45  1
 160  46  1
 105  47  1
 106  47  1
 137  47  1
 130  48  1
 157  49  1
 171  50  1
 101  51  1
 139  51  1
 166  51  1
 118  52  1
 144  52  1
 145  52  1
 106  53  1
 177  53  1
  84  55  1
  85  55  1
  92  55  1
  94  55  1
  97  55  1
 138  55  1
  97  57  1
 101  57  1
 102  57  1
 142  58  1
 143  58  1
  71  59  1
  98  59  1
  28  60  1
 106  61  1
 107  61  1
  73  62  1
 175  63  1
 176  63  1
  87  64  1
  88  64  1
  81  66  1
  82  66  1
  74  67  1
 106  67  1
 107  67  1
 177  67  1
 178  67  1
  80  69  1
  81  69  1
 199  69  1
 255  69  1
  76  71  1
 151  71  1
 270  71  1
  72  72  1
  74  72  1
 156  72  1
 189  72  1
 201  72  1
 185  73  1
 206  73  1
 251  74  1
  89  76  1
 180  76  1
 193  76  1
 195  76  1
 197  76  1
 253  76  1
 213  77  1
 215  77  1
  72  78  1
  96  78  1
 156  78  1
 192  78  1
 218  78  1
 258  78  1
 267  79  1
 188  80  1
 258  80  1
 274  80  1
 275  80  1
  76  81  1
 222  81  1
 223  81  1
 194  82  1
  13  83  1
  14  83  1
 223  83  1
 254  84  1
 250  85  1
 252  85  1
   6  86  1
   7  86  1
 202  86  1
  17  87  1
  18  87  1
 176  87  1
 250  87  1
 190  88  1
 218  88  1
 222  88  1
 262  90  1
 257  91  1
  14  92  1
  15  92  1
  16  92  1
 252  92  1
 277  93  1
 129  94  1
 175  95  1
 176  95  1
   2  96  1
   3  96  1
 127  96  1
 129  96  1
  21  97  1
 258  97  1
  17  98  1
 249  98  1
 267 100  1
  74 101  1
 239 102  1
  74 103  1
 243 104  1
  74 105  1
 256 105  1
   1 107  1
  83 107  1
  84 107  1
 271 107  1
  78 108  1
  79 108  1
  80 108  1
 260 110  1
  45 111  1
 177 111  1
 272 111  1
 181 113  1
 189 113  1
 274 113  1
 275 113  1
 276 113  1
 193 114  1
  56 115  1
  57 115  1
 202 115  1
 239 115  1
  44 116  1
 181 116  1
 182 116  1
 204 117  1
 239 117  1
  51 118  1
  96 118  1
  27 119  1
  28 119  1
  63 119  1
  87 119  1
 108 119  1
 193 119  1
 237 120  1
  91 121  1
 266 121  1
  68 122  1
  69 122  1
  78 123  1
 123 123  1
 198 123  1
 205 123  1
 280 123  1
 281 123  1
  82 124  1
 268 124  1
 270 124  1
   7 126  1
 160 126  1
 200 126  1
   1 127  1
  31 127  1
  46 127  1
  99 127  1
 128 127  1
 165 127  1
 166 127  1
 196 127  1
 214 127  1
  22 128  1
 131 128  1
 150 128  1
  13 129  1
  14 129  1
 235 129  1
  22 130  1
 123 130  1
 141 130  1
 168 130  1
 232 130  1
 227 131  1
 271 131  1
 274 131  1
   3 132  1
   4 132  1
 203 132  1
 210 132  1
 251 132  1
  40 133  1
  41 133  1
 258 133  1
 279 133  1
  12 134  1
  13 134  1
  45 134  1
  64 134  1
 132 134  1
 153 134  1
 160 134  1
  54 135  1
  55 135  1
 180 135  1
 213 135  1
 214 135  1
 239 135  1
   3 136  1
   4 136  1
 110 136  1
 119 136  1
 121 136  1
 202 136  1
 205 136  1
 281 136  1
 282 136  1
   9 137  1
 171 137  1
 262 137  1
 269 137  1
  60 138  1
   1 139  1
  47 139  1
 126 139  1
 142 139  1
 160 139  1
  34 140  1
 177 140  1
 178 140  1
 210 140  1
   1 141  1
   8 141  1
  29 141  1
  30 141  1
  67 141  1
 202 141  1
  24 142  1
  54 142  1
 176 143  1
  54 144  1
  44 145  1
  46 145  1
  90 145  1
 115 145  1
 168 145  1
 276 145  1
  30 146  1
  31 146  1
  38 146  1
  88 146  1
 189 146  1
 175 147  1
 176 147  1
  27 148  1
  57 148  1
  58 148  1
  87 148  1
  94 148  1
 189 148  1
  33 150  1
  22 151  1
  50 152  1
 181 152  1
   1 153  1
  21 153  1
  89 154  1
  20 155  1
  21 155  1
  52 155  1
  30 156  1
 131 159  1
 132 159  1
  36 160  1
  83 161  1
  84 161  1
 137 161  1
   2 162  1
   3 162  1
 123 162  1
 140 162  1
  74 163  1
 239 163  1
 243 163  1
 245 163  1
 117 164  1
 237 164  1
  81 165  1
  82 165  1
 149 166  1
 188 166  1
 236 166  1
  74 167  1
 129 167  1
 193 168  1
 261 168  1
   4 170  1
   5 170  1
 233 170  1
 241 170  1
 157 171  1
 260 171  1
  74 172  1
 140 172  1
 183 172  1
 195 172  1
   5 173  1
   6 173  1
 136 173  1
 236 173  1
 142 174  1
 136 175  1
  27 176  1
 201 176  1
 169 177  1
 221 177  1
 223 177  1
 146 178  1
 189 178  1
 191 178  1
 250 178  1
 251 178  1
 277 178  1
 278 178  1
  20 179  1
 137 179  1
 169 179  1
 217 179  1
 230 179  1
  17 180  1
 171 180  1
 189 180  1
  12 181  1
 227 181  1
 136 182  1
 189 182  1
  21 183  1
 174 183  1
 175 183  1
 176 183  1
 218 183  1
 216 184  1
   9 185  1
  10 185  1
  15 186  1
 245 186  1
 246 186  1
 251 186  1
 252 186  1
 222 188  1
 223 188  1
 271 189  1
  11 190  1
 225 191  1
 126 192  1
 225 193  1
 226 193  1
 227 193  1
 226 197  1
 266 197  1
 210 198  1
 212 198  1
 214 198  1
 204 199  1
 204 201  1
 219 201  1
 157 203  1
 204 203  1
 225 203  1
 236 203  1
 262 203  1
 252 204  1
 242 205  1
 227 207  1
 243 207  1
 220 209  1
 132 210  1
 245 210  1
 246 210  1
 247 210  1
 143 211  1
 210 211  1
 211 211  1
 148 212  1
 198 212  1
 202 212  1
 254 212  1
 129 213  1
 124 214  1
 196 214  1
  36 217  1
 228 217  1
 229 217  1
  99 218  1
 141 218  1
 195 218  1
 196 218  1
  40 219  1
 129 220  1
 247 220  1
 195 222  1
 196 222  1
 205 222  1
 211 222  1
 106 225  1
 107 225  1
 215 225  1
 121 226  1
 196 229  1
 197 229  1
 211 229  1
  71 231  1
 126 231  1
  60 232  1
 104 232  1
 105 232  1
 217 234  1
 177 235  1
 183 235  1
 232 235  1
  76 236  1
 156 236  1
 162 236  1
  69 237  1
 117 237  1
  94 238  1
 225 239  1
  87 240  1
 147 240  1
 222 241  1
 172 242  1
  97 243  1
 185 243  1
 186 243  1
 192 244  1
  87 245  1
  91 246  1
 178 246  1
  94 247  1
 127 247  1
 183 247  1
  99 249  1
 138 249  1
 146 251  1
 147 251  1
 113 253  1
 196 255  1


count = 488