 157   1  1
 160   1  1
 141   3  1
 188   3  1
 155   6  1
 156   6  1
 164   6  1
 182   6  1
 145   7  1
 201   7  1
 176   9  1
 114  10  1
 167  10  1
 172  10  1
 192  10  1
 211  11  1
 161  12  1
 162  12  1
 213  12  1
 181  14  1
 182  14  1
 148  15  1
 218  15  1
 207  16  1
  94  18  1
  95  18  1
 155  19  1
 214  19  1
 144  20  1
 145  20  1
 162  20  1
 167  20  1
 227  20  1
 228  20  1
 168  22  1
  83  23  1
 190  23  1
 191  23  1
 206  23  1
 212  23  1
 233  23  1
  81  24  1
 218  25  1
 223  25  1
  74  27  1
  75  27  1
 217  27  1
 223  27  1
 225  27  1
 227  28  1
 228  28  1
 168  29  1
 172  29  1
 153  30  1
 187  30  1
 188  30  1
  66  31  1
 131  31  1
 165  31  1
 211  31  1
 214  31  1
 173  32  1
  62  33  1
  63  33  1
  81  33  1
  82  33  1
 135  33  1
 146  33  1
  90  34  1
  91  34  1
 158  34  1
 188  34  1
 203  34  1
 204  34  1
 130  35  1
 131  35  1
 180  35  1
 139  36  1
 201  36  1
 235  36  1
  58  37  1
  84  37  1
 126  37  1
 113  38  1
 114  38  1
 164  38  1
 133  39  1
 144  39  1
 192  39  1
 203  39  1
 241  39  1
 166  40  1
 167  40  1
 210  40  1
 252  40  1
 184  41  1
 185  41  1
 158  42  1
  51  43  1
 245  43  1
 115  45  1
 124  45  1
 138  45  1
  45  46  1
 126  46  1
 127  46  1
 128  46  1
 118  47  1
 175  47  1
 184  47  1
 185  47  1
 206  47  1
 212  47  1
  93  48  1
  94  48  1
 236  48  1
  53  49  1
  67  49  1
  71  49  1
 232  49  1
  86  50  1
 101  50  1
 107  50  1
 121  50  1
 148  50  1
 154  50  1
 162  50  1
 191  50  1
  95  51  1
  96  51  1
 253  51  1
  46  52  1
  47  52  1
 128  52  1
 145  52  1
  55  53  1
  56  53  1
 124  53  1
 165  53  1
 230  53  1
 231  53  1
 240  53  1
  77  54  1
 108  54  1
 204  54  1
  49  55  1
  50  55  1
 113  55  1
 114  55  1
 185  55  1
  81  56  1
  85  57  1
 159  57  1
 185  57  1
 186  57  1
 266  57  1
 172  58  1
 173  58  1
 177  58  1
 217  58  1
 218  58  1
 259  58  1
  49  59  1
 202  59  1
 211  59  1
 248  59  1
  77  60  1
  83  60  1
 108  60  1
 124  60  1
 126  60  1
 147  60  1
 134  61  1
 268  61  1
 163  62  1
 164  62  1
 182  62  1
 191  62  1
 257  62  1
 255  63  1
  42  64  1
 245  64  1
 246  64  1
  76  65  1
  77  65  1
 173  65  1
 175  65  1
 250  66  1
  40  67  1
  61  67  1
 107  67  1
 229  67  1
 244  67  1
 271  67  1
 272  67  1
  34  68  1
 162  68  1
 101  69  2
 102  69  1
 103  69  1
 178  69  1
 243  69  1
 263  69  1
 265  69  1
  23  70  1
  66  70  1
  67  70  1
 111  70  1
 140  70  1
 141  70  1
 159  70  1
  74  71  1
 227  71  1
  21  72  1
  66  72  1
 174  72  1
 177  72  1
 237  72  1
 274  72  1
  29  73  1
  34  73  1
  35  73  1
  59  73  1
 222  73  1
 168  74  1
 260  74  1
 261  74  1
 227  75  1
  18  76  1
  71  76  1
 117  76  1
 243  76  1
 244  76  1
 276  76  1
  48  77  1
  49  77  1
 257  77  1
  23  78  1
 244  78  1
  16  80  1
  17  80  1
  46  80  1
  47  80  1
 111  80  1
 246  80  1
 250  80  1
 229  81  1
 237  81  1
  29  82  1
  30  82  1
 226  82  1
 256  83  1
 257  83  1
  43  84  1
  44  84  1
 261  85  1
 269  85  1
 270  85  1
 247  86  1
 220  87  1
 232  87  1
 261  87  1
 242  88  1
 218  89  1
 261  89  1
 266  90  1
  18  91  1
 247  91  1
  10  92  1
 215  92  1
 273  92  1
 202  93  1
 268  93  1
 220  94  1
 221  94  1
 194  95  1
  19  96  1
  73  96  1
 202  97  1
 259  97  1
 263  98  1
  22  99  1
  23  99  1
  78 100  1
  79 100  1
 240 100  1
 266 100  1
 147 101  1
 148 101  1
 149 101  1
 205 101  1
   5 103  1
   6 103  1
  23 103  1
 252 103  1
  14 104  1
 208 104  1
 210 104  1
 267 104  1
  16 105  1
   4 106  1
   5 106  1
 112 107  1
 271 107  1
 272 107  1
 273 107  1
 205 108  1
 225 108  1
   3 109  1
   4 109  1
  18 109  1
  25 109  1
 150 109  1
 151 109  1
 176 109  1
 177 109  1
 212 109  1
 217 109  1
 268 109  1
 179 110  1
 226 111  1
 109 112  1
 209 112  1
 105 113  1
  12 114  1
 117 114  1
 125 114  1
 224 114  1
 250 114  1
  82 115  1
 110 115  1
 168 115  1
 218 115  1
 219 115  1
 261 115  1
 264 115  1
  29 116  1
  45 116  1
  67 116  1
  77 116  1
  78 116  1
  91 116  1
 103 116  1
 161 116  1
 186 116  1
 273 116  1
 274 116  1
  85 117  1
  89 117  1
 150 117  1
 216 117  1
  58 118  1
 117 118  1
 118 118  1
 192 118  1
 253 118  1
  24 119  1
  48 119  1
 112 119  1
 268 119  1
   9 120  1
  67 120  1
  75 120  1
 107 120  1
 120 120  1
 121 120  1
 134 120  1
 167 120  1
 217 120  1
 259 120  1
  27 121  1
  59 122  1
  95 122  1
  96 122  1
 199 122  1
 200 122  1
 213 122  1
 232 122  1
 133 123  1
 153 123  1
   4 124  1
   5 124  1
  29 124  1
  62 124  1
  65 124  1
 135 124  1
 215 124  2
  71 125  1
  72 125  1
 119 125  1
 161 125  1
 193 125  1
 197 125  1
 266 125  1
  16 126  1
  29 126  1
  89 126  1
 252 126  1
  85 127  1
  93 127  1
 114 127  1
 119 127  1
 157 127  1
  49 128  1
 243 128  1
 267 128  1
  36 129  1
 120 129  1
   7 130  1
  66 130  1
  18 131  1
  69 131  1
  70 131  1
 271 131  1
 274 131  1
  47 132  1
   1 134  1
  14 134  1
  15 134  1
 131 134  1
 125 135  1
 238 136  1
 240 136  1
   1 139  1
   7 140  1
   8 140  1
 124 140  1
 124 142  1
 127 146  1
 282 146  1
 283 146  1
 146 150  1
   2 151  1
 149 152  1
 163 152  1
 170 152  1
 182 155  1
 186 155  1
   4 156  1
   5 156  1
  36 156  1
 165 158  1
 178 159  1
  38 160  1
  35 161  1
 243 162  1
   6 163  1
   7 163  1
  39 163  1
 160 163  1
 161 163  1
 260 164  1
  42 165  1
  49 165  1
  50 165  1
 282 165  1
 283 165  1
 243 166  1
  27 167  1
  49 167  1
 251 168  1
 259 168  1
 260 168  1
  48 169  1
 256 169  1
  10 170  1
  15 170  1
  20 170  1
  41 170  1
  42 170  1
  27 171  1
 254 172  1
 273 177  1
 255 179  1
 260 180  1
 261 180  1
 251 182  1
  29 183  1
  40 183  1
 246 183  1
 261 184  1
 240 188  1
 241 188  1
  19 189  1
  28 189  1
 253 189  1
 261 189  1
 264 189  1
  38 190  1
 252 191  1
  77 192  1
 266 192  1
 268 192  1
  41 193  2
  68 193  1
 240 193  1
 274 193  1
 275 193  1
 237 195  1
  40 198  1
  74 198  1
  76 199  1
  78 199  1
 248 199  1
  67 200  1
  68 200  1
  80 200  1
 237 200  1
 245 202  1
 253 203  1
  66 204  1
  67 204  1
  35 206  1
 260 206  1
 124 207  1
 125 207  1
 220 207  1
 268 207  1
 225 209  1
 266 210  1
  65 211  1
 125 211  1
 253 211  1
 254 211  1
 255 211  1
  60 213  1
  67 213  1
 114 213  1
 219 215  1
 261 216  1
  47 218  1
  58 218  1
 214 218  1
  49 220  1
 136 221  1
 140 221  1
 187 222  1
  69 223  1
  70 223  1
 135 223  1
 136 223  1
 140 223  1
 177 223  1
 191 223  1
 166 224  1
 140 225  1
 141 225  1
 142 225  1
 144 225  1
 132 226  1
  57 227  1
  69 227  1
  70 227  1
 110 227  1
 186 227  1
 209 227  1
 220 228  1
 233 229  1
 238 229  1
 183 230  1
 196 230  1
 205 230  1
  65 231  1
 207 232  1
 220 232  1
  68 233  1
  69 233  1
 211 233  1
 217 233  1
 233 233  1
  72 234  1
 108 234  1
 109 234  1
 143 234  1
 169 234  1
 119 235  1
 139 235  1
  76 236  1
 117 236  1
 125 236  1
 239 236  1
 103 237  1
 188 237  1
 189 237  1
 235 237  1
 236 237  1
 100 239  1
 137 239  1
 138 239  1
 169 239  1
 231 240  1
 110 241  1
 164 242  1
 192 243  1
 193 243  1
 133 244  1
 103 245  1
 107 246  1
 120 246  1
 124 246  1
 185 246  1
 186 246  1
 126 247  1
 144 247  1
 161 247  1
 162 247  1
 109 248  1
 135 248  1
 191 248  1
 184 249  1
 185 249  1
 208 249  1
 210 249  1
 205 250  1
 170 251  1
 183 252  1
 159 253  1
 160 253  1
 132 254  1
 157 258  1
 163 258  1


count = 621