 147   1  1
 150   1  1
 171   2  1
 125   5  1
 122   6  1
 103   9  1
 142   9  1
 156   9  1
 191   9  1
 168  10  1
 169  10  1
  94  11  1
 198  11  1
 152  12  1
 171  12  1
 172  12  1
 137  13  1
 114  15  1
 136  15  1
 137  15  1
 188  15  1
 132  16  1
 101  17  1
 158  17  1
 121  18  1
  66  19  1
 123  19  1
 216  19  1
  95  20  1
  96  20  1
 135  20  1
 136  20  1
 189  20  1
 190  20  1
 191  20  1
 192  20  1
 103  21  1
 124  22  1
 147  22  1
 219  22  1
 220  22  1
  59  23  1
  60  23  1
 120  23  1
 129  23  1
 173  23  1
 174  23  1
 106  24  1
 144  24  1
 193  24  1
 194  24  1
 223  24  1
 212  25  1
  67  27  1
 195  27  1
  61  28  1
  62  28  1
 165  28  1
 166  28  1
 172  28  1
 216  28  1
 229  28  1
 101  29  1
 107  29  1
 108  29  1
  52  30  1
  53  30  1
 148  30  1
 154  30  1
 210  30  1
 211  30  1
  83  31  1
  97  31  1
  98  31  1
 102  31  1
 144  31  1
  82  33  1
  57  34  1
  58  34  1
 157  35  1
 192  35  1
 208  35  1
 223  35  1
  75  36  1
  76  36  1
 183  36  1
 164  37  1
 178  38  1
  78  39  1
  82  39  1
  83  39  1
  84  39  1
 216  40  1
 219  40  1
 221  40  1
  78  41  1
 110  42  1
 207  42  1
 216  42  1
 107  43  1
 164  43  1
 165  43  1
 210  43  1
  70  44  1
  75  44  1
  76  44  1
 205  44  1
  54  45  1
 201  45  1
  73  46  1
 112  46  1
 123  46  1
 163  46  1
 164  46  1
 210  46  1
 211  46  1
 224  46  1
  58  47  1
  90  48  1
  58  49  1
  68  49  1
  74  49  1
 126  49  1
 159  49  1
  64  50  1
  32  51  1
 126  51  1
 158  52  1
 159  52  1
 214  52  1
 215  52  1
  59  53  1
  93  53  1
 126  53  1
  76  54  1
 163  54  1
 243  54  1
 244  54  1
 245  54  1
  68  56  1
 104  56  1
 101  57  1
 150  57  1
 156  57  1
  26  58  1
  67  58  1
 249  58  1
 127  59  1
  48  60  1
  67  60  1
  93  60  1
 218  60  1
 247  60  1
  99  61  1
 103  61  1
 150  61  1
 236  61  1
 248  62  1
  23  63  1
  67  63  1
  68  63  1
  95  63  1
 156  63  1
 142  64  1
 154  64  1
 249  64  1
 250  64  1
  48  65  1
  49  65  1
 254  65  1
 148  66  1
 149  66  1
 150  66  1
 249  66  1
 262  66  1
 263  66  1
  55  67  1
  19  68  1
  30  68  1
 230  68  1
 231  68  1
 249  68  1
 251  68  1
  57  70  1
 151  70  1
 249  70  1
  39  71  1
  59  72  1
 144  72  1
 146  72  1
 225  72  1
 253  72  1
  66  73  1
 246  73  1
 255  73  1
 266  73  1
  15  74  1
  32  74  1
 191  74  1
 192  74  1
  23  76  1
 140  76  1
 141  76  1
 194  76  1
 251  76  1
 268  76  1
  40  77  1
  62  77  1
  64  77  1
  13  78  1
 240  78  1
 232  79  1
 248  80  1
  40  81  1
 219  81  1
  26  82  1
  46  82  1
 258  82  1
  56  83  1
  57  83  1
 270  83  1
 271  83  1
   9  85  1
  10  85  1
  16  86  1
  17  86  1
 228  86  1
 263  86  1
  99  87  1
 102  88  1
 166  88  1
 201  88  1
 255  88  1
 152  89  1
 174  89  1
 250  89  1
 194  90  1
 195  90  1
 201  90  1
 118  91  1
 226  91  1
 227  91  1
 245  91  1
  14  92  1
 169  92  1
 170  92  1
 254  92  1
 263  92  1
 132  93  1
 154  93  1
 155  93  1
 159  93  1
 230  93  1
 261  93  1
 100  94  1
 102  94  1
 218  94  1
 251  94  1
 252  94  1
  93  95  1
 146  95  1
 183  95  1
 189  95  1
 213  95  1
 214  95  1
 275  95  1
 276  95  1
  36  96  1
  91  96  1
 232  96  1
 233  96  1
 239  96  1
  13  97  1
 155  97  1
 260  97  1
  20  98  1
 200  98  1
 204  98  1
 219  98  1
 220  98  1
  30  99  1
 145  99  1
 161  99  1
 252  99  1
 267  99  1
 268  99  1
  36 100  1
 141 100  1
 175 100  1
 196 100  1
 230 100  1
 264 100  1
  22 101  1
 220 101  1
 224 101  1
 246 101  1
 247 101  1
 266 101  1
 141 102  1
 155 102  1
 173 102  1
 179 102  2
  31 103  1
 114 103  1
 116 103  1
 126 103  1
 166 103  1
  27 104  1
 129 104  1
 130 104  1
 131 104  1
 239 104  1
 250 105  1
 257 105  1
 260 105  1
   4 106  1
   5 106  1
  99 106  1
 100 106  1
 131 106  1
 136 106  1
 140 106  1
 161 106  1
 198 106  1
 205 106  1
 107 107  1
 146 107  1
 262 107  1
 224 108  1
 156 109  1
 227 109  1
 255 109  1
 256 109  1
  66 110  1
  68 110  1
 132 110  1
 151 110  1
  11 111  1
 233 111  1
 234 111  1
 250 111  1
 254 111  1
  66 112  1
 205 112  1
 206 112  1
 248 113  1
 130 114  1
 135 114  1
 136 114  1
 239 114  1
  14 115  1
 124 115  1
 233 115  1
 136 116  1
 195 116  1
 230 116  1
 172 117  1
   1 118  1
  21 118  1
 136 118  1
 142 118  1
 146 118  1
 191 119  1
 192 119  1
  21 120  1
 148 120  1
 237 120  1
  67 121  1
  96 121  1
  97 121  1
 152 121  1
 205 121  1
 244 121  1
  83 122  1
   7 123  1
   1 124  1
  15 124  1
 125 124  1
 271 124  1
 272 124  1
 273 124  1
  84 125  1
 137 125  1
 138 125  1
 148 125  1
 152 125  1
 198 125  1
 244 125  1
  35 126  1
  45 126  1
 142 126  1
 172 126  1
 173 126  1
 181 126  1
  97 127  1
 146 127  1
 159 127  1
 190 127  1
 191 127  1
 255 127  1
 278 127  1
 279 127  1
   9 128  1
  92 128  1
 164 128  1
 208 128  1
 216 128  1
 238 128  1
 242 128  1
  24 129  1
  26 129  1
  28 129  1
 170 129  1
 196 129  1
 244 129  1
  80 130  1
 246 130  1
 251 130  1
  40 131  1
 154 131  1
  50 132  1
  85 132  1
  89 132  1
  98 132  1
  99 132  1
 203 132  1
   6 133  1
  53 133  1
 181 133  1
 201 133  1
 218 133  1
 223 133  1
 256 133  1
  21 134  1
 162 134  1
 206 134  1
 250 134  1
  59 135  1
  79 135  1
 178 135  1
 212 135  1
  21 136  1
 142 136  1
 154 136  1
 164 136  1
 165 136  1
 166 136  1
 271 136  1
  15 137  1
 148 137  1
 150 137  1
 191 137  1
 207 137  1
 208 137  1
 273 137  1
   9 138  1
  37 138  1
 225 138  1
  64 139  1
 197 139  1
 198 139  1
  53 140  1
  58 140  1
  81 140  1
  82 140  1
  62 141  1
 169 141  1
 170 141  1
 280 141  1
 281 141  1
  12 142  1
  10 143  1
  14 143  1
  16 143  1
  46 143  1
 176 143  1
  24 144  1
  89 144  1
  39 145  1
 108 145  1
 176 145  1
 106 146  4
 211 146  1
 230 146  1
 231 146  1
  38 147  1
  39 147  1
 103 147  1
 226 147  1
  11 148  1
 133 148  1
 152 148  1
 153 148  1
  13 149  1
 271 149  1
  22 150  1
  30 150  1
 155 150  1
 156 150  1
  34 151  1
  68 151  1
 105 151  1
 106 151  1
 107 151  1
 210 151  1
 211 151  1
  19 152  1
  43 152  1
 119 152  1
 127 152  1
 132 152  1
 161 152  1
 255 152  1
 274 152  1
   4 153  1
   5 153  1
  45 153  1
  46 153  1
  63 153  1
  64 153  1
 102 153  1
 145 153  1
 198 153  1
 218 153  1
 268 153  1
  50 154  1
  97 154  1
 184 154  1
 249 154  1
 250 154  1
  13 155  1
  15 155  1
 117 155  1
 118 155  1
 186 155  1
 188 155  1
 196 155  1
 236 155  1
 109 156  1
 129 156  1
 153 156  1
 222 156  1
 228 156  1
 230 156  1
 245 156  1
 263 156  1
  58 158  1
 103 158  1
 125 158  1
 141 158  1
 144 158  1
 160 158  1
 163 158  1
 186 159  1
 242 159  1
 251 159  1
 170 160  1
 255 160  1
  98 161  1
 172 162  1
 180 162  1
 200 162  1
 268 162  1
  17 163  1
 115 163  1
 234 163  1
 250 163  1
 181 164  1
 186 164  1
 239 164  1
 245 164  1
 253 164  1
 268 164  1
 198 165  1
 255 165  1
  45 166  1
  50 166  1
 116 166  1
 261 166  1
 262 166  1
 268 166  1
  36 167  1
  97 167  1
 194 167  1
 271 167  1
 272 167  1
  27 168  1
 228 168  1
 258 169  1
  99 170  1
 100 170  1
 262 170  1
 236 171  1
 237 171  1
 241 171  1
 280 171  1
 281 171  1
  72 172  1
 191 172  1
 272 172  1
  37 173  1
  44 173  1
 107 173  1
 171 173  1
 243 173  1
 270 173  1
  23 174  1
  72 174  1
 102 174  1
 116 174  1
  21 175  1
 270 175  1
 260 177  1
 270 177  1
  62 178  1
 247 178  1
  23 179  1
  85 179  1
 240 179  1
  14 180  1
 209 180  1
 257 180  1
  58 182  1
  92 182  1
 210 182  1
  84 184  1
  54 185  1
  98 185  1
  18 186  1
 211 186  1
 217 187  1
 218 187  1
  44 188  1
  46 188  1
 242 188  1
  97 189  1
  98 189  1
 207 189  1
  52 190  1
 212 190  1
  96 191  1
 218 191  1
 258 191  1
 264 192  1
  58 193  1
  59 193  1
  89 193  1
  90 193  1
 254 193  1
  84 194  1
  85 194  1
  94 195  1
 254 195  1
  26 196  1
  44 196  1
  70 196  1
  71 196  1
 218 196  1
 220 197  1
 243 197  1
 254 197  1
  65 198  1
 247 198  1
 248 198  1
  86 199  1
 220 199  1
 232 199  1
 211 200  1
  74 201  1
 270 201  1
 271 201  1
  79 202  1
 250 202  1
 251 202  1
 232 203  1
 250 204  1
 216 206  1
  65 207  1
 232 207  1
 233 207  1
  56 209  1
  69 209  1
  70 209  1
 267 209  1
 268 209  1
  42 210  1
 149 210  1
  61 211  1
  62 211  1
  70 211  1
 214 211  1
 139 212  1
 144 212  1
 227 212  1
  70 213  1
  71 213  1
 123 213  1
 229 213  1
  63 215  1
  64 215  1
 109 215  1
 110 215  1
 120 216  1
 134 216  1
  70 217  1
 131 217  1
 230 217  1
 231 217  1
 236 217  1
 237 217  1
 143 218  1
 241 218  1
 262 218  1
  65 219  1
  66 219  1
 214 219  1
 227 219  1
 241 220  1
 214 221  1
 154 222  1
 110 223  1
 111 223  1
 204 223  1
 141 224  1
 142 224  1
 196 224  1
 220 224  1
 236 224  1
 241 224  1
  73 226  1
 108 226  1
 114 226  1
 115 226  1
 154 226  1
 241 226  1
  64 227  1
 195 227  1
  78 228  1
 102 229  1
 220 229  1
 106 230  1
 152 230  1
 154 230  1
 158 231  1
 162 231  1
 218 231  1
  79 232  1
 176 232  1
 177 232  1
 183 232  1
 103 233  1
 104 233  1
  98 234  1
  99 234  1
  73 235  1
 119 235  1
 120 235  1
 109 236  1
 141 236  1
 172 236  1
 224 236  1
  96 237  1
  97 237  1
 106 237  1
 166 237  1
 139 238  1
 168 238  1
 200 238  1
 243 238  1
  79 239  1
  81 239  1
 162 240  1
 163 240  1
  86 241  1
 119 241  1
 168 241  1
 238 241  1
  88 242  1
  90 242  1
  97 243  1
 197 244  1
 232 244  1
 162 246  1
 163 246  1
 169 246  1
 200 248  1
 195 249  1
 219 249  1
 160 250  1
 167 251  1
 136 252  1
 159 252  1
 210 252  1
 143 256  1


count = 794