 144   1  1
 160   1  1
 185   2  1
 193   4  1
 118   5  1
 200   7  1
 103   9  1
 203   9  1
 100  10  1
 205  11  1
 209  13  1
 147  15  1
  88  16  1
 148  17  1
 107  19  1
  95  20  1
 103  20  1
 104  20  1
  87  22  1
 105  24  1
 148  24  1
  73  26  1
  82  26  1
  83  26  1
 226  26  1
  67  30  1
 166  31  1
  91  32  1
 159  33  1
 103  34  1
 126  34  1
 130  34  1
 161  34  1
  46  35  1
  97  35  1
 149  35  1
 150  35  1
 101  36  1
 217  36  1
 215  37  2
 222  37  1
 237  37  1
  43  38  1
  49  40  1
  40  41  1
 153  41  1
 154  41  1
 221  41  1
 222  41  1
 110  42  1
 160  42  1
 229  42  1
  48  43  1
  45  44  1
 220  44  1
 221  44  1
  31  45  1
  32  45  1
 138  45  1
 155  45  1
 163  45  1
 122  46  1
 132  46  1
 215  46  1
 226  46  1
  28  47  1
 141  47  1
 142  47  1
 157  47  1
 135  48  1
 110  49  1
 111  49  1
 216  49  1
 220  50  1
 222  50  1
 105  51  1
 143  51  1
 137  52  1
 227  52  1
 223  53  1
  42  54  1
  44  54  1
 146  54  1
 157  54  1
 106  55  1
 107  55  1
 109  56  1
 149  56  1
 157  58  1
  57  59  1
 151  59  1
 224  59  1
  63  60  1
 155  60  1
 149  63  1
 238  65  1
  19  67  1
  20  67  1
 190  67  1
 144  68  1
 145  68  1
 173  68  1
 182  69  1
 196  69  1
 166  70  1
 266  70  1
  19  71  1
 188  71  1
 205  71  1
 243  71  1
  12  72  1
  61  72  1
  62  72  1
 211  72  1
 246  73  1
 143  74  1
 166  74  1
 176  74  1
 161  75  1
 162  75  1
 212  75  1
  65  76  1
  67  76  1
 158  77  1
 179  77  1
 244  77  1
 165  78  1
 209  78  1
 248  78  1
 174  79  1
 188  80  1
 173  81  1
 243  81  1
  25  82  1
 159  82  1
 257  82  1
 259  82  1
 167  83  1
 172  83  1
 253  83  1
 265  83  1
 266  83  1
 275  83  1
 276  83  1
  33  84  1
 157  84  1
  19  85  1
  24  85  1
  29  85  1
  31  85  1
  84  85  1
 253  85  1
  11  86  1
  42  86  1
  43  86  1
 125  86  1
 263  86  1
  81  87  1
 151  87  1
 154  87  1
 189  87  1
 268  87  1
  13  88  1
  26  90  1
  74  90  1
 271  90  1
  22  91  1
  29  91  1
  81  91  1
 232  91  1
 189  92  1
 190  92  1
 264  92  1
 267  92  1
 239  93  1
 245  93  1
   4  94  1
   5  94  1
  74  94  1
 181  94  1
 259  94  1
 264  94  1
 277  94  1
 278  94  1
 257  95  1
  65  96  1
  67  96  1
 177  96  1
 179  96  1
 198  96  1
 199  96  1
 203  97  1
 249  97  1
   9  98  1
  28  98  1
 221  98  1
 242  98  1
 267  98  1
  73  99  1
  74  99  1
 191  99  1
   9 100  1
  25 100  1
  29 100  1
 183 100  1
 197 100  1
 141 101  1
 142 101  1
 256 101  1
 197 102  1
 175 103  1
 189 103  1
 259 103  1
  27 104  1
 146 104  1
 170 104  1
 233 104  1
 261 104  1
 262 104  1
 216 105  1
 225 105  1
 249 105  1
 195 106  1
 196 106  1
 245 106  1
 175 107  1
   1 108  1
 170 108  1
 202 108  1
 212 108  1
 141 109  1
 197 109  1
 207 110  1
 212 110  1
  82 111  1
 146 111  1
 197 112  1
 218 112  1
 241 112  1
 242 112  1
  74 113  1
  75 113  1
 149 113  1
 182 113  1
 204 113  1
 227 113  1
 273 113  1
 274 113  1
  86 115  1
 162 115  1
 220 115  1
 229 115  1
 231 115  1
 106 116  1
 107 116  1
 213 116  1
 222 116  1
  81 118  1
 115 118  1
 151 118  1
 205 118  1
 206 118  1
 211 118  1
 241 118  1
 156 119  1
 158 119  1
 160 119  1
 195 119  1
 196 119  1
 211 120  1
 243 120  1
  34 121  1
 199 121  1
 200 121  1
   1 122  1
  53 122  1
  54 122  1
  83 122  1
 119 123  1
 205 123  1
 207 123  1
   7 124  1
   9 124  1
 113 124  1
 114 124  1
 150 124  1
 198 124  1
 122 125  1
 127 125  1
 147 125  1
 203 125  1
   2 126  1
  90 126  1
  92 126  1
  97 126  1
 166 126  1
 210 126  1
  13 127  1
  26 127  1
  62 127  1
 157 127  1
 175 127  1
 216 127  1
 217 127  1
 224 127  1
 247 127  1
 263 127  1
 265 127  1
 266 127  1
  24 128  1
 115 128  1
 130 128  1
 260 128  1
  57 129  1
  22 130  1
  33 130  1
 130 130  1
 117 131  1
 209 131  1
 218 131  1
 273 131  1
 274 131  1
   8 132  1
  12 132  1
  61 132  1
 159 132  1
 185 132  1
 244 132  1
  90 133  1
 120 133  1
 126 133  1
 127 133  1
 128 133  1
 153 133  1
 201 133  1
 202 133  1
  33 134  1
 111 134  1
 213 134  1
 214 134  1
 258 134  1
 268 134  1
 269 134  1
  53 135  1
 117 136  1
 233 136  1
  47 137  1
  64 137  1
 157 137  1
 159 137  1
 181 137  1
 238 137  1
 242 138  1
  29 139  1
  85 139  1
 183 139  1
  19 140  1
  45 140  1
  57 140  1
  58 140  1
  61 140  1
  98 140  1
 114 140  1
 201 140  1
  91 141  1
 110 141  1
  82 142  1
 276 142  1
  13 143  1
  87 144  1
 169 145  1
 186 145  1
   3 146  1
   4 146  1
 199 146  1
 106 147  1
 177 147  1
 178 147  1
  78 148  1
  99 148  1
 279 148  1
 280 148  1
 173 149  1
 174 149  1
 181 149  1
  26 150  1
  27 150  1
  49 150  1
  53 150  1
  76 150  1
 106 150  1
  90 151  1
  60 152  1
  75 152  1
  80 154  1
 100 154  1
 174 154  1
 175 154  1
 179 154  1
 275 155  1
  28 156  1
 271 156  1
  61 157  1
  62 157  1
 282 158  1
 283 158  1
  13 159  1
  32 159  1
  38 159  1
  73 159  1
  77 159  1
  99 159  1
 121 159  1
 270 160  1
   5 161  1
   6 161  1
 266 161  1
 100 162  1
 201 162  1
 114 164  1
 264 164  1
  11 165  1
  71 165  1
  72 165  1
 106 165  1
 110 165  1
 270 166  1
 271 166  1
   6 167  1
   7 167  1
 275 167  1
 117 168  1
 126 168  1
 133 168  1
 113 169  1
 236 169  1
   7 170  1
   8 170  1
 258 170  1
 261 170  1
  27 171  1
 104 171  1
  68 172  1
 134 172  1
 253 172  1
 256 172  1
 281 172  1
 282 172  1
   8 173  1
   9 173  1
  31 173  1
 188 173  1
 194 173  1
 195 173  1
 196 173  1
 233 173  1
 234 173  1
 196 175  1
 145 176  1
  25 177  1
  30 178  1
 262 178  1
  74 179  1
  76 179  1
 251 179  1
  17 180  1
  18 180  1
 142 180  1
 183 180  1
 224 180  1
 225 180  1
  79 181  1
 146 181  1
 188 181  1
 199 181  1
 249 182  1
  68 183  1
 194 183  1
 221 183  1
  41 184  1
 151 184  1
  19 185  1
  20 185  1
 181 185  1
 247 185  1
 217 187  1
 218 187  1
 239 187  1
 243 187  1
  15 188  1
  16 188  1
  35 188  1
  38 188  1
 210 188  1
 188 189  1
 189 189  1
 193 189  1
 276 189  1
 277 189  1
  68 190  1
 197 190  1
 275 191  1
  37 192  1
  38 192  1
  18 193  1
  25 193  1
 152 193  1
 159 193  1
 229 193  1
  80 194  1
 100 194  1
 180 194  1
  34 195  1
  75 195  1
 103 195  1
  30 196  1
  31 196  1
 176 196  1
  20 197  1
 224 197  1
 225 197  1
 271 197  1
 150 198  1
 211 199  1
 212 199  1
 235 199  1
 236 199  1
 102 200  1
 103 200  1
 222 200  1
 153 201  1
 217 201  1
  22 202  1
  75 202  1
 206 202  1
  84 203  1
  94 203  1
  96 203  1
 250 204  1
 254 204  1
 236 205  1
 245 206  1
 146 207  1
  33 208  1
  83 209  1
 140 209  1
 155 209  1
 156 209  1
 200 209  1
 137 210  1
 153 210  1
  91 211  1
  93 211  1
  95 211  1
 217 211  1
 137 212  1
 201 212  1
 211 212  1
  31 213  1
 143 213  1
  80 214  1
  83 214  1
 129 214  1
 209 214  1
 137 215  1
  36 217  1
 131 217  1
 145 217  1
 146 217  1
  64 218  1
  89 218  1
  91 218  1
  58 219  1
  79 220  1
  80 220  1
  82 220  1
  83 220  1
 121 221  1
 127 222  1
  44 223  1
  77 223  1
 243 224  1
  63 225  1
  68 225  1
  74 226  1
  92 226  1
  52 228  1
  94 229  1
  96 229  1
  67 230  1
 114 230  1
 119 231  1
  72 232  1
  83 233  1
  89 233  1
 111 233  1
 113 233  1
  93 234  1
 231 234  1
  78 237  1
  79 237  1
 108 237  1
  82 238  1
 225 238  1
  86 239  1
 101 239  1
  89 240  1
 218 241  1
 112 243  1
 103 245  1
 109 247  1
 129 247  1
 112 248  1
 138 251  1
 203 251  1
 189 254  1
 136 255  1
 186 255  1
 139 256  1


count = 619