 124   1  1
 136   1  1
 152   1  1
 168   1  1
 183   2  1
 186   3  1
 107   5  1
 162   6  1
 164   6  1
 118   7  1
 201   7  1
 159   8  1
 160   8  1
 176   8  1
 177   8  1
  95   9  1
 182   9  1
 119  10  1
 133  10  1
 136  12  1
  78  13  1
 181  13  1
  75  14  1
 137  16  1
 161  16  1
 124  17  1
 165  18  1
 166  18  1
  64  19  1
 182  20  1
 140  21  1
 143  21  1
  72  22  1
 165  22  1
 166  22  1
 223  23  1
 146  24  1
 156  24  1
 157  24  1
 177  24  1
 179  24  1
  70  25  1
 135  25  1
 136  25  1
  54  26  1
 162  26  1
 163  26  1
 182  26  1
 184  26  1
 148  27  1
  63  28  1
  79  28  1
  87  30  1
 121  31  1
 122  31  1
 135  31  1
 235  31  1
  81  33  1
  96  33  1
  97  33  1
 138  34  1
 125  35  1
 127  35  1
 179  35  1
  74  36  1
  98  36  1
 241  36  1
  70  37  1
  91  37  1
 127  37  1
 145  37  1
  61  38  1
  85  39  1
 148  39  1
 231  39  1
 133  41  1
 139  41  1
 105  42  1
 106  42  1
 129  42  1
  90  43  1
  91  43  1
  73  44  1
 140  44  1
 142  44  1
 148  44  1
 149  44  1
 234  44  1
  91  45  1
 120  45  1
 250  46  1
  29  47  1
 127  47  1
 144  47  1
 178  47  1
  99  48  1
 107  50  1
 166  51  1
 180  51  1
 137  52  1
 143  52  1
 156  52  1
 171  52  1
 239  52  1
  92  53  1
 109  53  1
 111  53  1
 134  53  1
 121  54  1
 131  54  1
 141  54  1
 147  54  1
  97  55  1
 186  55  1
 188  55  1
 226  55  1
 107  56  1
 149  56  1
 153  56  1
 167  57  1
 116  58  1
 117  58  1
 138  58  1
 143  58  1
 162  58  1
 201  58  1
  93  59  1
 131  59  1
 133  59  1
 135  59  1
  99  60  1
 139  60  1
 235  60  1
 102  61  1
 103  61  1
 170  61  1
 172  61  1
 211  61  1
 112  62  1
 155  62  1
 177  62  1
 220  62  1
 221  62  1
  89  64  1
 133  64  1
 134  64  1
 167  64  1
  14  65  1
 105  65  1
 156  66  1
  83  67  1
 133  68  1
 230  68  1
 241  68  1
 243  68  1
 253  68  1
  91  69  1
 135  69  1
 137  69  1
 221  69  1
 237  69  1
 158  70  1
 104  72  1
 153  73  1
 257  73  1
 155  74  1
 228  74  1
 230  74  1
 119  75  1
 112  76  1
 158  76  1
   7  77  1
   8  77  1
  24  77  1
  38  77  1
  58  77  1
  59  77  1
 163  77  1
 183  77  1
 185  77  1
  41  78  1
 262  78  1
 270  78  1
 271  78  1
 150  79  1
 152  79  1
 154  79  1
 228  79  1
   6  80  1
   7  80  1
  53  80  1
  54  80  1
  55  80  1
 206  80  1
 244  80  1
 248  80  1
  24  81  1
 204  81  1
 255  81  1
  34  82  1
 110  82  1
 111  82  1
 196  82  1
 232  82  1
 237  82  1
 238  82  1
 170  83  1
 172  83  1
 173  83  1
 179  83  1
 254  84  1
 165  85  1
 228  85  1
   4  86  1
   5  86  1
  38  86  1
 248  86  1
 251  86  1
 160  87  1
 164  87  1
 194  87  1
 213  87  1
 235  87  1
 236  87  1
 237  87  1
  25  89  1
  26  89  1
 206  89  1
 178  90  1
   2  91  1
   3  91  1
  27  91  1
 157  91  1
 171  91  1
  34  92  1
  95  92  1
 233  92  1
 101  93  1
 239  93  1
 241  93  1
 275  93  1
 276  93  1
 153  94  1
  25  95  1
  26  95  1
 174  95  1
 188  95  1
 113  96  1
  88  97  1
 104  97  1
 180  97  1
 247  97  1
  14  98  1
  51  98  1
 151  98  1
  24  99  1
 202  99  1
   8 100  1
 251 100  1
 277 100  1
 278 100  1
  78 101  1
  79 101  1
  88 101  1
 256 101  1
 135 102  1
 183 102  1
  83 106  1
 128 106  1
 167 106  1
 172 106  1
  88 109  1
  93 109  1
  94 109  1
 201 110  1
  81 111  1
 161 111  1
 162 111  1
 280 111  1
 281 111  1
   1 112  1
   9 112  1
  67 113  1
  86 113  1
 118 113  1
 129 113  1
 160 113  1
 206 113  1
 208 113  1
  53 115  1
 104 115  1
  13 116  1
 157 116  1
 167 116  1
  18 117  1
  66 117  1
  67 117  1
 150 117  1
 163 117  1
 164 117  1
  90 118  1
 147 118  1
  25 119  1
  59 119  1
  60 119  1
 142 119  1
  55 120  1
 103 120  1
  41 121  1
  45 121  1
  85 122  1
 208 122  1
   1 123  1
  16 123  1
 105 123  1
 175 123  1
 202 123  1
  72 124  1
  91 124  1
 122 124  1
 124 124  1
 208 124  1
 276 124  1
  36 125  1
  59 125  1
  69 125  1
  75 125  1
 265 125  1
  80 126  1
  95 126  1
 218 126  1
 242 126  1
 256 126  1
 193 127  1
 261 127  1
 262 127  1
  39 128  1
  45 128  1
 217 128  1
 255 128  1
  35 129  1
  48 129  1
 184 129  1
 240 129  1
 269 129  1
  32 130  1
  55 130  1
  56 130  1
  75 130  1
  61 131  1
  62 131  1
 123 131  1
 127 131  1
 236 131  1
 247 131  1
 269 131  1
 271 131  1
   7 132  1
 107 132  1
 149 132  1
 185 132  1
 242 132  1
  37 133  1
  77 133  1
  96 133  1
  97 133  1
 132 133  1
 134 133  1
 176 133  1
 215 133  1
 246 133  1
 267 133  1
 277 133  1
  31 134  1
 201 134  1
  47 135  1
  75 135  1
  91 135  1
  92 135  1
  99 135  1
 126 135  1
 127 135  1
 140 135  1
 206 135  1
 216 135  1
 217 135  1
  11 136  1
  88 136  1
   6 137  1
 196 137  1
 195 139  1
 196 139  1
 151 140  1
 167 140  1
 251 140  1
  80 141  1
 124 141  1
 140 141  1
 157 141  1
 281 141  1
 282 141  1
  89 142  1
 137 142  1
 246 142  1
 121 144  1
 131 146  1
   1 147  1
   2 147  1
 100 147  1
 123 150  1
 125 150  1
 136 150  1
 251 150  1
  97 151  1
  98 151  1
 141 151  1
   3 152  1
   4 152  1
 169 152  1
 245 152  1
 132 153  1
 140 153  1
  27 154  1
 207 154  1
 245 154  1
 261 154  1
 213 155  1
   4 156  1
   5 156  1
  24 156  1
 175 156  1
 176 156  1
  89 157  1
  24 158  1
  37 158  1
  77 158  1
 139 160  1
 242 160  1
 190 161  1
  25 162  1
  72 162  1
  27 163  1
 179 163  1
 245 163  1
 267 163  1
 271 163  1
  67 164  1
  68 164  1
 263 164  1
  75 165  1
 210 165  1
 211 165  1
 243 166  1
 253 167  1
 259 167  1
 248 168  1
  40 171  1
  18 172  1
  24 172  1
   6 173  1
   7 173  1
 249 173  1
 253 173  1
 214 174  1
 179 175  1
 204 175  1
 218 175  1
  14 176  1
  15 176  1
  24 177  1
  46 177  1
  47 177  1
 220 178  1
  46 179  1
 248 179  1
 249 179  1
  18 180  1
  31 180  1
  33 180  1
  51 182  1
  13 184  1
  77 184  1
  79 184  1
 214 184  1
 216 184  1
 218 184  1
  55 185  1
  56 185  1
 193 186  1
 219 187  1
  16 188  1
 248 189  1
 250 190  1
  37 192  1
  56 192  1
  57 192  1
 187 192  1
 188 192  1
 272 192  1
 273 192  1
 225 193  1
 250 193  1
 161 194  1
 189 194  1
 194 194  1
  46 195  1
  50 195  1
 214 195  1
  43 196  1
 190 196  1
 231 196  1
  71 197  1
 154 197  1
 178 197  1
 211 197  1
 185 198  1
 190 198  1
 250 198  1
 255 198  1
 153 199  1
 178 199  1
 179 199  1
 193 199  1
 194 199  1
 217 201  1
  89 203  1
 106 203  1
 179 203  1
 258 203  1
  61 204  1
  65 204  1
  66 204  1
  97 204  1
 191 204  1
 192 204  1
  38 205  1
  54 205  1
  93 205  1
 142 205  1
  48 206  1
 162 206  1
 253 207  1
  99 208  1
 126 208  1
 180 208  1
 181 208  1
 251 208  1
 264 208  1
  50 209  1
 207 209  1
  63 210  1
 113 210  1
 114 210  1
 141 210  1
 215 210  1
 122 211  1
 205 211  1
 251 213  1
  61 214  1
  62 214  1
 110 214  1
 223 214  1
  77 215  1
 120 215  1
 121 215  1
  91 216  1
 140 216  1
  65 217  1
  66 217  1
 206 217  1
 144 218  1
 145 218  1
 125 219  1
 233 219  1
 234 219  1
  64 220  1
  65 220  1
 129 220  1
 130 220  1
 208 220  1
 209 220  1
  53 221  1
  54 221  1
 120 221  1
 176 221  1
 177 221  1
 127 222  1
 234 222  1
 235 222  1
  62 223  1
 156 223  1
  57 224  1
  58 224  1
  70 224  1
 147 224  1
 151 224  1
  89 225  1
  90 225  1
 116 225  1
 151 226  1
  65 227  1
  84 227  1
  85 227  1
 108 227  1
 109 227  1
  94 228  1
  95 228  1
 237 228  1
  89 229  1
 120 229  1
 121 229  1
  56 230  1
 139 230  1
 144 230  1
 121 231  1
  80 232  1
  84 233  1
 123 233  1
 125 233  1
 209 233  1
 210 233  1
  93 235  1
 206 235  1
 240 235  1
  77 236  1
  66 237  1
  84 237  1
  81 238  1
  96 238  1
 137 239  1
 210 241  1
 230 243  1
  98 245  1
 129 247  1
 130 247  1
 123 249  1
 130 249  1
 219 249  1
 110 250  1
 112 251  1
 201 254  1
 198 255  1


count = 642