 153   1  1
 171   1  1
 175   1  1
 120   2  1
 112   4  1
 140   6  1
 141   6  1
 147   6  1
 193   6  1
 103   7  1
 105   7  1
 155   7  1
 156   7  1
 170   8  1
 171   8  1
  97   9  1
 158   9  1
 180   9  1
 201   9  1
  94  10  1
 163  10  1
 109  11  1
 110  11  1
 203  11  1
  86  13  1
 157  13  1
 175  13  1
 176  13  1
 177  13  1
 167  14  1
 171  14  1
 172  14  1
 208  14  1
  82  15  1
  83  15  1
 117  15  1
 148  15  1
 158  16  1
 211  16  1
  79  17  1
 163  17  1
 106  18  1
 167  19  1
 168  19  1
  95  20  1
 100  20  1
 119  20  1
 120  20  1
  83  21  1
 143  21  1
  66  22  1
  67  22  1
 163  22  1
 165  22  1
 120  23  1
 121  23  1
 170  23  1
 171  23  1
  63  24  1
  77  24  1
 208  24  1
 223  24  1
 115  25  1
 106  26  1
 121  26  1
 208  26  1
 213  26  1
  55  28  1
  96  28  1
 207  28  1
 212  28  1
 213  28  1
 217  28  1
  84  29  1
  85  29  1
 229  29  1
  73  30  1
  74  30  1
 120  30  1
 212  30  1
  68  31  1
 171  31  1
 172  31  1
 221  31  1
  57  32  1
  58  32  1
  99  32  1
 124  32  1
 212  32  1
 214  32  1
  49  33  1
 220  33  1
  80  34  1
 160  34  1
 165  34  1
 166  34  1
 172  34  1
 173  34  1
 207  34  1
  65  35  1
 191  35  1
  71  36  3
  72  36  1
  73  36  1
 179  36  1
 180  36  1
 205  36  1
 207  36  1
 121  37  1
 193  37  1
 194  37  1
  90  38  1
 143  38  1
 185  38  1
 189  38  1
 210  38  1
  42  39  1
  51  39  1
 130  39  1
 161  39  1
 162  39  1
 175  39  1
 176  39  1
 183  39  1
 216  39  1
 240  39  1
 118  40  1
 120  40  1
  38  41  1
  63  41  1
  78  41  1
 130  41  1
 188  41  1
 241  41  1
  58  42  1
 157  42  1
 177  42  1
 243  42  1
 133  43  1
 134  43  1
 153  43  1
 187  43  1
 188  43  1
 184  44  1
 220  44  1
 221  44  1
  43  45  1
  47  45  1
 189  45  1
 194  45  1
 195  45  1
  58  46  1
  63  46  1
 127  46  1
 128  46  1
 160  47  1
 218  47  1
 219  47  1
  39  48  1
  40  48  1
  30  49  1
  49  50  1
 120  50  1
 127  50  1
  66  51  1
  67  51  1
 149  51  1
 150  51  1
 155  54  1
  22  55  1
  53  55  1
 102  55  1
 103  55  1
 150  55  1
 214  55  1
 255  55  1
 256  55  1
  31  56  1
  32  56  1
 118  56  1
 119  56  1
 197  56  1
 199  56  1
 111  57  1
 116  57  1
 127  57  1
 249  57  1
 239  58  1
 103  59  1
  99  60  1
 257  60  1
 258  60  1
  17  61  1
  77  61  1
 146  61  1
 159  61  1
  25  62  1
  81  62  1
  54  64  1
 149  65  1
 150  65  1
  26  66  1
  27  66  1
 144  66  1
 240  66  1
  82  67  1
 261  67  1
 242  68  1
 101  69  1
 249  69  1
  37  71  1
  57  71  1
 249  71  1
 225  72  1
 243  72  1
  52  73  1
  18  74  1
  22  74  1
 224  74  1
 241  74  1
 200  76  1
 211  76  1
  46  77  1
 227  77  1
 229  77  1
 230  77  1
 232  77  1
 248  78  1
 213  79  1
 217  79  1
 175  80  1
 244  80  1
 179  81  1
 249  81  1
 198  82  1
 218  82  1
 166  83  1
 213  83  1
 252  83  1
   5  84  1
   6  84  1
 236  84  1
 237  84  1
 254  85  1
 272  85  1
  36  86  1
 221  86  1
   4  87  1
   5  87  1
  30  87  1
  31  87  1
  42  88  1
  43  88  1
  28  89  1
  56  89  1
  57  89  1
 210  89  1
 211  89  1
 239  89  1
  24  90  1
  34  90  1
  52  90  1
   3  91  1
   4  91  1
  40  91  1
 202  91  1
 203  91  1
 236  91  1
  31  93  1
 199  93  1
  37  94  1
 190  94  1
 191  94  1
  44  95  1
 194  95  1
 197  95  1
 203  95  1
 211  95  1
 216  95  1
   7  96  1
  20  96  1
  25  96  1
  49  96  1
 143  96  1
  34  97  1
 174  97  1
 277  97  1
 278  97  1
 105  98  1
 138  98  1
 219  98  1
  20  99  1
  30  99  1
 131  99  1
 133  99  1
 221  99  1
 111 100  1
 172 100  1
 209 100  1
 213 100  1
 215 100  1
 278 100  1
 279 100  1
 156 101  1
 160 101  1
 201 101  1
 202 101  1
 270 101  1
 271 101  1
  10 102  1
  11 102  1
 190 102  1
 206 102  1
 223 102  1
 263 102  1
 264 102  1
  14 103  1
 142 103  1
 219 104  1
 227 104  1
 228 104  1
 114 105  1
 133 105  1
 134 105  1
 154 105  1
 269 105  1
 269 107  1
  51 108  1
  55 108  1
 107 108  1
 263 108  1
  43 109  1
 195 109  1
 196 109  1
   1 110  1
  50 110  1
  64 110  1
  65 110  1
 205 110  1
 206 110  1
 268 110  1
 143 111  1
 110 112  1
 111 112  1
 208 112  1
 226 112  1
 124 113  1
 159 113  1
 219 113  1
 237 113  1
 129 114  1
 212 114  1
 241 114  1
 155 115  1
 205 115  1
 252 115  1
 129 116  1
 191 116  1
 234 116  1
 124 117  1
 153 117  1
 213 117  1
 219 117  1
 271 117  1
 273 117  1
 181 118  1
 185 118  1
 190 118  1
 240 118  1
 279 118  1
 112 119  1
 113 119  1
 148 119  1
 222 120  1
 137 121  1
 127 122  1
 213 122  1
 214 122  1
   1 123  1
  68 123  1
 181 123  1
 247 123  1
  51 124  1
 113 124  1
 130 124  1
 239 124  1
  46 125  1
  72 125  1
 216 125  1
 217 125  1
 269 125  1
 270 125  1
  12 126  1
  19 126  1
 116 126  1
 117 126  1
 187 126  1
 227 126  1
  22 127  1
 110 127  1
 182 127  1
 193 127  1
 268 127  1
   9 128  1
  44 128  1
  45 128  1
 185 128  1
 204 128  1
 208 128  1
 242 128  1
 247 128  1
  41 129  1
  65 129  1
  72 129  1
 111 129  1
 112 129  1
 195 129  1
 215 129  1
  70 130  1
 250 130  1
 262 130  1
  89 131  1
 140 131  1
 144 131  1
 179 131  1
 239 131  1
 241 131  1
 266 131  1
 273 131  1
   9 132  1
 204 132  1
 227 132  1
 255 132  1
  78 133  1
 130 133  1
 218 133  1
 223 133  1
 232 133  1
 245 133  1
 251 133  1
  17 134  1
  36 134  1
  37 134  1
  42 134  1
  62 134  1
  63 134  1
  88 134  1
  89 134  1
  67 135  1
  80 135  1
 123 135  1
 127 135  1
 143 135  1
  25 136  1
  31 136  1
 203 136  1
 253 136  1
 116 137  1
 122 137  1
 184 137  1
 185 137  1
 269 137  1
 275 138  1
  30 139  1
  44 139  1
  82 139  1
 110 140  1
 130 140  1
 193 140  1
 261 140  1
   1 141  1
   2 141  1
  30 141  1
  81 141  1
 153 141  1
  34 142  1
 230 142  1
 234 142  1
 243 142  1
 244 142  1
 268 142  1
 269 142  1
 280 142  1
 281 142  1
 133 143  1
 238 143  1
   1 144  1
  54 144  1
 118 144  1
 128 144  1
 158 144  1
 180 144  1
 181 144  1
  18 145  1
  35 145  1
  44 145  1
  59 145  1
  74 145  1
  75 145  1
 206 145  1
 211 145  1
  24 146  1
  38 146  1
  91 146  1
  92 146  1
 230 146  1
   9 147  1
  10 147  1
  42 147  1
  60 147  1
 203 147  1
 222 147  1
 223 147  1
 166 148  1
 113 149  1
 146 149  1
 147 149  1
 222 149  1
 244 149  1
 245 149  1
 268 149  1
 269 149  1
   1 150  1
  34 150  1
  96 150  1
 225 150  1
 275 150  1
  98 151  1
 232 151  1
 102 152  1
 168 152  1
 169 152  1
 234 152  1
  27 153  1
  28 153  1
 196 153  1
 219 153  1
 220 153  1
 252 153  1
 254 153  1
 126 154  1
  12 155  1
 153 155  1
 102 156  1
 109 156  1
 120 156  1
 221 156  1
 255 156  1
  15 157  1
 170 157  1
 171 157  1
 240 157  1
 248 157  1
  23 158  1
 167 158  1
 195 158  1
  19 159  1
  30 159  1
 164 159  1
 147 160  1
 171 160  1
 172 160  1
 192 161  1
 237 161  1
   3 162  1
   4 162  1
  30 162  1
 230 162  1
  17 163  1
 150 163  1
 172 163  1
 173 163  1
  21 164  1
  22 164  1
   4 165  1
   5 165  1
 132 165  1
 239 165  1
 266 165  1
 267 165  1
  14 166  1
 155 166  1
 156 166  1
  42 167  1
 186 167  1
 280 167  1
 281 167  1
 159 168  1
 250 168  1
 267 168  1
  20 169  1
 173 169  1
 190 169  1
 255 169  1
  10 170  1
 149 170  1
 162 170  1
  41 171  1
 216 171  1
 253 171  1
   6 172  1
   7 172  1
  33 172  1
 193 172  1
 197 172  1
 209 172  1
 128 173  1
  25 174  1
  40 174  1
 277 174  1
  48 175  1
 149 175  1
 173 175  1
 183 175  1
 251 175  1
   7 176  1
   8 176  1
 187 176  1
 192 176  1
 266 176  1
 230 177  1
 248 177  1
  27 178  1
  40 178  1
 211 178  1
 255 178  1
  21 179  1
  37 179  1
 157 179  1
 219 179  1
 223 179  1
 241 179  1
  33 180  1
   9 181  1
  45 181  1
 196 181  1
 230 181  1
 265 181  1
 254 182  1
 255 182  1
 273 182  1
 211 183  1
 216 183  1
 257 184  1
 258 184  1
  33 185  1
  78 185  1
  79 185  1
 157 185  1
 158 185  1
 230 185  1
 234 185  1
  12 187  1
  53 187  1
 241 189  1
 243 189  1
 245 189  1
  43 190  1
  48 190  1
 140 190  1
  67 191  1
  73 191  1
 251 191  1
  41 192  1
  63 192  1
  65 192  1
 144 192  1
 242 193  1
 264 193  1
 146 195  1
 178 195  2
 180 195  1
 250 195  1
  17 196  1
  18 196  1
  61 196  1
 193 196  1
 213 196  1
  46 197  1
  47 197  1
 243 197  1
 144 198  1
 145 198  1
 204 198  1
 262 198  1
 263 198  1
  64 200  1
  65 200  1
 217 200  1
 235 200  1
 261 200  1
  44 202  1
 139 202  1
 182 202  1
 222 203  1
 139 204  1
 185 204  1
 189 204  1
 120 205  1
 126 205  1
 195 205  1
 202 205  1
 206 205  1
 234 205  1
 199 207  1
 132 208  1
 225 208  1
 227 208  1
  63 209  1
  64 209  1
  59 210  1
 198 210  1
  99 211  1
 170 211  1
 238 211  1
  95 212  1
 240 212  1
 164 213  1
 253 214  1
  36 215  1
 164 215  1
 171 215  1
 172 215  1
 168 216  1
  54 217  1
 188 217  1
  37 218  1
  50 218  1
 184 218  1
  40 219  1
  66 219  1
  67 219  1
 126 219  1
 127 219  1
 171 219  1
 172 219  1
 197 220  1
 198 220  1
 160 221  1
 161 221  1
 171 221  1
 191 221  1
  65 222  1
  66 222  1
 110 223  1
  58 225  1
  59 225  1
 126 225  1
 127 225  1
 198 225  1
 200 225  1
 192 226  1
 240 226  1
  51 227  1
  63 227  1
 157 227  1
 165 227  1
 107 228  1
 181 228  1
  91 229  1
  92 229  1
 126 229  1
 127 229  1
 174 229  1
 235 229  1
 162 230  1
  90 231  1
 185 231  1
  95 232  1
 100 232  1
 115 232  1
 116 232  1
 176 232  1
 177 232  1
 104 234  1
 105 234  1
 227 234  1
 112 235  1
 171 235  1
  98 236  1
 222 236  1
 102 237  1
 107 237  1
 171 237  1
 172 237  1
 178 237  1
  74 238  1
  94 238  1
 160 239  1
 161 239  1
 165 239  1
  77 241  1
  78 241  1
  98 241  1
 104 241  1
 187 241  1
 175 242  1
  84 243  1
 103 243  1
 182 243  1
 183 243  1
 188 244  1
  92 245  1
 206 245  1
  96 246  1
 146 247  1
 160 247  1
 164 247  1
 104 248  1
 143 249  1
 169 249  1
 176 249  1
 110 250  1
 152 250  1
 194 250  1
 113 251  1
 187 253  1
 146 256  1


count = 818