 142   1  1
 161   1  1
 172   1  1
 119   4  1
 114   5  1
 145   5  1
 194   5  1
 101   8  1
 205   8  1
  97   9  1
 129   9  1
 208   9  1
  94  10  1
 121  10  1
 172  12  1
 213  12  1
  86  13  1
 116  13  1
 147  13  1
 148  13  1
 218  15  1
 219  15  1
 171  16  1
  91  17  1
 143  17  1
 160  17  1
 209  17  1
  85  19  1
 213  20  1
 228  20  1
 117  21  1
 121  21  1
 145  21  1
 166  21  1
  68  22  1
 207  22  1
 208  22  1
  86  23  1
  87  23  1
 145  23  1
 149  23  1
 233  23  1
 145  25  1
 147  25  1
 168  25  1
  62  26  1
  88  27  1
  89  27  1
 179  27  1
 239  27  1
 153  28  1
 172  28  1
 117  30  1
  51  31  1
  52  31  1
 163  31  1
 157  32  1
 174  32  1
 184  32  1
  48  33  1
 202  34  1
  45  35  1
  56  35  1
  95  35  1
 121  35  1
 124  37  1
 160  37  1
 166  37  1
 194  37  1
 212  37  1
 188  38  1
 207  38  1
  48  39  1
  38  40  1
 140  40  1
 129  41  1
  92  42  1
 203  42  1
  33  44  1
 196  45  2
 197  45  1
 198  45  1
  95  46  1
 170  46  1
 171  46  1
  39  48  1
 190  48  1
 255  50  1
 264  52  1
 191  53  1
 235  53  1
 258  54  1
 238  55  1
 266  56  1
  28  57  1
 194  58  1
 195  58  1
 242  58  1
  19  59  1
 268  59  1
 237  60  1
  40  61  1
 260  61  1
  17  62  1
 270  62  1
 195  63  1
 241  63  1
 192  64  1
  21  65  1
 257  65  1
 272  65  1
 274  68  1
  10  70  1
  21  70  1
  22  70  1
  33  70  1
  14  73  1
 276  73  1
 277  73  1
  34  76  1
  36  77  1
  41  77  1
 278  78  1
 279  78  1
  38  80  1
 272  80  1
 279  81  1
 280  81  1
  43  82  1
 171  83  1
 270  83  1
 271  83  1
  11  84  1
 189  84  1
 280  84  1
 281  84  1
  44  85  1
   3  86  1
   4  86  1
 274  86  1
  16  87  1
 245  87  1
  42  88  2
 236  88  1
 161  89  1
 165  89  1
 181  89  1
  12  91  1
  13  91  1
  26  91  1
 276  91  1
 166  92  1
 242  92  1
 282  92  1
 283  92  1
  14  93  1
 141  93  1
 248  93  1
 268  94  1
 167  96  1
 237  96  1
 238  96  1
   1  97  1
  85  97  1
 180  97  1
 118  98  1
 165  98  1
 277  98  1
 278  98  1
  73  99  1
  75  99  1
  77  99  1
 242  99  1
 243  99  1
  84 100  1
 147 100  1
 174 101  1
 140 103  1
 144 103  1
 169 103  1
 267 103  1
  82 104  1
 113 105  1
 138 105  1
 238 105  1
 239 105  1
  98 106  1
 168 107  1
   9 108  1
 115 108  1
 129 108  1
 145 108  1
  47 109  1
  95 109  1
 120 109  1
 243 109  1
 244 109  1
   1 110  1
 101 110  1
 274 110  1
 149 111  1
 153 111  1
 157 111  1
 111 112  1
 112 112  1
 235 112  1
 261 112  1
 262 112  1
  15 113  1
  18 113  1
  19 113  1
 142 113  1
 146 113  1
 267 113  1
  10 114  1
  46 114  1
 207 114  1
 229 114  1
  64 115  1
  66 115  1
 135 115  1
  34 116  1
  35 116  1
  68 116  1
 238 116  1
 277 116  1
  52 117  1
  53 117  1
 209 117  1
 210 117  1
 265 117  1
  50 118  1
 110 118  1
 129 118  1
 131 118  1
 133 118  1
  17 119  1
  95 120  1
  96 120  1
 118 120  1
 119 120  1
 211 120  1
 233 120  1
 272 120  1
  47 121  1
  64 121  1
 111 121  1
 228 121  1
 248 121  1
 252 121  1
  33 122  1
 155 122  1
   5 124  1
  90 124  1
  92 124  1
  93 124  1
 134 124  1
 162 124  1
  49 125  1
 254 125  1
  19 126  1
  42 126  1
  54 126  1
  59 126  1
  73 126  1
 249 126  1
  65 127  1
 150 127  1
 164 127  1
 168 127  1
 199 127  2
 235 127  1
 272 127  1
  10 128  1
  15 128  1
  37 128  1
  71 128  1
 220 128  1
 254 128  1
  79 129  1
  85 129  1
  87 129  1
 115 129  1
 116 129  1
 225 129  1
 264 129  1
 275 129  1
  42 130  1
  58 130  1
 232 130  1
  32 131  1
  78 131  1
  79 131  1
 163 131  1
 194 131  1
 203 131  1
 222 131  1
  10 132  1
  16 132  1
  22 132  1
 219 132  1
 231 132  1
  32 133  1
  40 133  1
 155 133  1
 172 133  1
 226 133  1
 266 133  1
  22 134  1
 108 134  1
 151 134  1
 200 134  1
 186 135  1
 188 135  1
 207 135  1
   4 136  1
  54 136  1
  61 136  1
 176 136  1
 259 137  1
 263 137  1
 108 138  1
 195 138  1
 267 138  1
 274 138  1
  16 139  1
 148 139  1
 149 139  1
 155 139  1
 156 139  1
 253 139  1
 190 140  1
 204 140  1
 205 140  1
 206 140  1
 244 140  1
 246 140  1
   1 141  1
   2 141  1
  12 141  1
  36 141  1
  39 141  1
 201 141  1
  82 142  1
  83 142  1
  93 142  1
 191 142  1
 193 142  1
  52 143  1
 137 143  1
 256 143  1
 257 143  1
 175 144  1
 179 144  1
 197 144  1
 241 144  1
   1 145  1
  52 145  1
  78 145  2
  79 145  1
  80 145  1
  11 146  1
  12 146  1
 239 146  1
 253 146  1
  15 147  1
  16 147  1
  17 147  1
  45 147  1
  90 147  1
  98 147  1
  99 147  1
 145 147  1
   6 148  1
 170 149  1
 188 149  1
 147 150  1
 238 150  1
 245 150  1
 263 151  1
 277 151  1
 198 152  1
 204 152  1
 244 152  1
 249 152  1
 250 152  1
   1 153  1
  40 153  1
  41 153  1
 211 154  1
 219 154  1
 231 154  1
 275 155  1
 125 156  1
 126 156  1
 217 156  1
 230 156  1
 238 156  1
 239 156  1
 262 156  1
 263 156  1
  93 157  1
 101 157  1
  87 158  1
 136 159  1
 157 159  1
 181 159  1
 183 159  1
 228 159  1
 249 159  1
 100 160  1
 276 160  1
 277 160  1
 281 161  1
 282 161  1
   8 162  1
 246 162  2
  42 163  1
  44 163  1
 227 164  1
 255 164  1
  18 165  1
  19 165  1
 157 166  1
 158 166  1
 241 166  1
   3 167  1
   4 167  1
 232 168  1
 241 168  1
 242 168  1
  17 169  1
  18 169  1
 183 169  1
 262 169  1
   4 170  1
   5 170  1
 236 170  1
 237 170  1
   5 173  1
   6 173  1
  11 173  1
  12 173  1
 249 173  1
 250 173  1
 235 175  1
 246 175  1
 264 175  1
   6 176  1
   7 176  1
 272 176  1
 273 176  1
 259 177  1
 233 178  1
 236 178  1
 254 178  1
  19 179  1
 246 181  1
  19 182  1
 253 183  1
 254 183  1
 256 183  1
 270 183  1
  10 185  1
  15 185  1
  12 189  1
 271 192  1
 272 192  1
  35 196  1
  36 196  1
  34 199  1
  35 199  1
 268 199  1
  60 203  1
  56 204  1
 114 206  1
  37 208  1
 128 208  1
  47 211  1
 104 211  1
 116 211  1
 259 211  1
  58 212  1
 110 212  1
 111 212  1
 118 212  1
 124 213  1
 132 213  1
 111 214  1
  50 215  1
 105 215  1
 107 215  1
 128 215  1
 179 215  1
  41 217  1
 113 217  1
 171 218  1
 107 220  1
 108 220  1
 175 221  1
  48 222  1
  76 222  1
 249 222  1
 104 223  1
 110 223  1
 127 223  1
 128 223  1
  51 224  1
  63 224  1
  64 224  1
  76 224  1
 178 224  1
 179 224  1
  54 226  1
 117 226  1
 210 226  1
  70 227  1
 101 227  1
 107 227  1
  57 228  1
  58 228  1
 124 229  1
 162 229  1
 163 229  1
 116 230  1
 117 230  1
 173 230  1
 174 230  1
 212 230  1
 239 230  1
  80 232  1
 134 232  1
 166 232  1
 205 232  1
  98 233  1
  99 233  1
 160 234  1
  85 235  1
 156 235  1
 217 235  1
  74 236  1
  97 236  1
  98 236  1
 128 236  1
 129 236  1
 220 236  1
 231 236  1
 122 237  1
 123 237  1
  87 238  1
 116 238  1
 117 238  1
 134 239  1
 135 239  1
 168 239  1
 212 239  1
  81 240  1
  94 240  1
 116 240  1
  84 242  1
  85 242  1
 216 244  1
 106 246  1
 122 246  1
 158 246  1
 159 246  1
  95 247  1
  97 247  1
 118 247  1
 169 247  1
 170 247  1
 104 249  1
 168 250  1
 135 251  1
 175 251  1
 199 251  1
 201 251  1
 113 252  1
 150 252  1
 158 253  1
 168 253  1
 184 255  1
 179 256  1


count = 583