 153   1  1
 165   1  1
 175   1  1
 180   1  1
 124   4  1
 203   4  1
 120   5  1
 175   5  1
 114   6  1
 182   7  1
 213   7  1
  95   9  1
 176   9  1
 179  11  1
 222  12  1
 223  12  1
  84  14  1
  85  14  1
 120  14  1
 125  14  1
 211  14  1
 112  15  1
 189  15  1
 229  15  1
 120  16  1
 121  16  1
 131  16  1
 147  16  1
 171  16  1
  91  17  1
 103  18  1
 218  18  1
 233  18  1
 126  19  1
 127  19  1
  84  20  1
  85  20  1
 111  20  1
 112  20  1
 137  20  1
 149  20  1
 151  20  1
 212  20  1
 108  21  1
 131  21  1
  91  22  1
  92  22  1
  97  22  1
 121  22  1
 147  22  1
  66  23  1
  67  23  1
 189  23  1
 190  23  1
 105  24  1
 106  24  1
 242  24  1
 154  25  1
 173  25  1
 179  25  1
 101  26  1
  92  27  1
  93  27  1
 139  27  1
 146  27  1
 147  27  1
 228  27  1
  79  28  1
 149  28  1
  59  29  1
 101  29  1
 188  29  1
  55  31  1
  56  31  1
 113  31  1
 114  31  1
 128  31  1
 144  31  1
 188  31  1
 217  31  1
  70  32  1
 142  32  1
 146  32  1
 148  32  1
  74  33  1
 242  34  1
 253  34  1
 104  35  1
 105  35  1
 114  35  1
 187  35  1
 223  35  1
  49  36  1
 214  36  1
 227  36  1
 228  36  1
 246  36  1
  81  37  1
  82  37  1
  88  38  1
  92  38  1
 138  38  1
 211  38  1
  98  39  1
  99  39  1
 174  39  1
 179  39  1
 232  39  1
 238  39  1
  41  40  1
 208  40  1
 238  41  1
 249  41  1
 250  41  1
 122  42  1
 129  42  1
 245  42  1
 259  42  1
  96  43  1
 148  43  1
 149  43  1
 207  43  1
  36  44  1
 107  44  1
 141  44  1
 198  44  1
 199  44  1
 203  44  1
 114  45  1
  87  46  1
  93  46  1
 149  46  1
 237  46  1
  32  47  1
 254  48  1
 116  50  1
 141  50  1
 142  50  1
 227  50  1
 249  50  1
 265  50  1
 111  53  1
 148  53  1
 221  53  1
  31  54  1
 236  54  1
 237  54  1
 238  54  1
 252  54  1
 253  54  1
  31  56  1
 269  56  1
 244  57  1
 249  57  1
 261  57  1
 262  57  1
 137  58  1
 238  59  1
  27  60  1
  59  60  1
  53  61  1
 228  61  1
 252  61  1
 253  61  1
  29  62  1
  37  62  1
 213  63  1
 258  63  1
 265  63  1
 209  64  1
  32  65  1
 144  65  1
 145  65  1
 220  65  1
 223  65  1
 225  65  1
 273  65  1
  13  66  1
  53  66  1
 241  67  1
 254  67  1
  17  69  1
  49  69  1
 275  70  1
 276  70  1
  10  71  1
  17  73  1
  43  73  1
  50  73  1
 270  73  1
  14  75  1
  15  75  1
 213  75  1
 222  76  1
 223  76  1
 239  76  1
 245  77  1
 266  77  1
   6  78  1
   7  78  1
  15  78  1
 225  78  1
 230  78  1
 218  79  1
 212  80  1
 243  80  1
 278  80  1
 279  80  1
 212  82  1
 222  82  1
 232  82  3
 233  82  1
 258  83  1
 166  84  1
 182  84  1
 183  84  1
 217  84  1
  21  85  1
  27  85  1
 234  86  1
 164  87  1
 255  87  1
 257  87  1
 159  88  1
 181  88  1
 218  88  1
 226  88  1
 155  89  1
 232  89  1
 191  90  1
  11  91  1
 151  91  1
 152  91  1
 181  91  1
 270  92  1
  11  93  1
 148  93  1
 281  93  1
 282  93  1
 264  94  1
 273  94  1
  11  95  1
 130  95  1
 167  95  1
 161  97  1
 182  97  1
 229  97  1
   1  98  1
 111  98  1
 120  98  1
 121  98  1
 275  98  1
   7  99  1
 159  99  1
 172  99  1
 173  99  1
 190  99  1
 240  99  1
  94 100  1
  98 100  1
 201 100  1
 202 100  1
 137 103  1
  16 104  1
 148 104  1
 161 104  1
 163 104  1
 165 104  1
 201 104  1
 213 104  1
 229 104  1
 230 104  1
 233 104  1
 234 104  1
 235 104  1
 240 104  1
  89 105  1
  90 105  1
  99 105  1
 203 105  1
  24 106  1
 151 106  1
 153 107  1
 244 107  1
  24 108  1
  37 108  1
 125 108  1
 149 108  1
 229 108  1
 236 108  1
 237 108  1
  30 109  1
  31 109  1
  86 109  1
  95 109  1
 130 109  1
 131 109  1
 137 109  1
 221 109  1
 123 110  1
 149 110  1
 155 110  1
 202 110  1
 203 110  1
 260 110  1
 270 110  1
   6 112  1
 109 112  1
   1 113  1
  20 113  1
  99 113  1
 117 114  1
 153 114  1
 193 114  1
 264 114  1
 104 115  1
 112 115  1
 113 115  1
 148 115  1
 271 115  1
  14 116  1
  21 116  1
 188 116  1
 189 116  1
 276 116  1
   8 117  1
 256 117  1
  34 118  1
  58 118  1
 131 118  1
 188 118  1
 220 118  1
 266 118  1
  17 119  1
  28 119  1
  29 119  1
  38 119  1
  72 119  1
 136 119  1
 273 119  1
 112 120  1
 243 120  1
  20 121  1
 107 121  1
 115 121  1
 116 121  1
 249 121  1
  40 122  1
 126 122  1
 199 122  1
 239 122  1
 270 122  1
  58 123  1
  73 123  1
  77 123  1
  78 123  1
  93 123  1
 118 123  1
 119 123  1
 170 123  1
 176 123  2
 223 123  1
 226 123  1
  36 124  1
  62 124  1
 248 124  1
 257 124  1
 258 124  1
  51 125  1
  53 125  1
  81 125  1
  91 125  1
 185 125  1
 190 125  1
 191 125  1
 204 125  1
 206 125  1
 264 125  1
   6 126  1
  67 126  1
  86 126  1
 240 126  1
  36 127  1
 197 128  1
 270 128  1
  33 129  1
  80 129  1
  81 129  1
 272 129  1
 274 129  1
  50 130  1
  51 130  1
  65 130  1
  73 130  1
  84 130  1
  92 130  1
 166 130  1
 167 130  1
 186 130  1
 191 130  1
 233 130  1
  14 131  1
  15 131  1
 182 131  1
 235 131  1
  10 132  1
  27 132  1
  28 132  1
  55 132  1
  66 132  1
  77 132  1
 202 132  1
 214 132  1
 226 132  1
 269 132  1
 102 133  1
 103 133  1
 223 133  1
  66 134  1
  87 134  1
 210 134  1
 272 134  1
   5 135  1
  52 135  1
 193 135  1
  27 136  1
  28 136  1
  94 136  1
 116 136  1
 143 136  1
 198 136  1
  41 137  1
  42 137  1
 125 137  1
 129 138  1
 251 138  1
 252 138  1
 276 138  1
  45 139  1
 111 139  1
 112 139  1
 145 139  1
   9 140  1
 122 140  1
 253 140  1
 263 141  1
 103 142  1
  95 143  1
 152 143  1
 124 144  1
 135 144  1
 157 144  1
  43 145  1
 149 145  1
   7 146  1
  50 146  1
 270 146  1
 102 147  1
 117 147  1
 159 147  1
  40 148  1
  49 148  1
  54 148  1
 145 148  1
 270 148  1
 107 149  1
 103 150  1
 270 150  1
 274 150  1
  18 151  1
  28 151  1
  29 151  1
 117 151  1
  99 152  1
 244 152  1
 245 152  1
  93 154  1
  94 154  1
  99 154  1
 249 154  1
 133 155  1
 251 155  1
  99 156  1
 167 156  1
 162 157  1
 171 158  1
  24 159  1
 104 159  1
 246 159  1
   9 160  1
  70 160  1
  24 161  1
 132 161  1
 176 161  1
 248 161  1
  13 162  1
  19 162  1
 143 162  1
  27 163  1
  69 163  1
 224 163  1
 238 163  1
 239 163  1
 262 163  1
  32 164  1
  47 164  1
 245 164  1
 255 164  1
 174 165  1
 221 165  2
 250 165  1
  24 166  1
  47 167  1
 158 167  1
 236 167  1
 237 167  1
 238 167  1
 263 167  1
  33 168  1
  34 168  1
  37 168  1
 223 168  1
 224 168  1
 232 168  1
 258 168  1
 259 168  1
  15 169  1
  16 169  1
  23 170  1
  64 170  1
 244 170  1
 270 171  1
 271 171  1
  16 172  1
  33 172  1
  46 172  1
  64 172  1
 261 172  1
 277 172  1
 278 172  1
  50 173  1
  52 173  1
 264 173  1
 240 174  1
 241 174  1
 247 174  1
  30 175  1
  53 176  1
 209 176  1
 247 176  1
 267 176  1
 276 176  1
 277 176  1
 270 177  1
 271 177  1
  62 178  1
 215 178  1
  23 179  1
 242 179  1
 243 179  1
 201 180  1
 202 180  1
 215 180  1
  60 181  1
 225 181  1
 229 181  1
 243 181  1
 251 181  1
  15 182  1
  56 182  1
 203 182  1
 253 182  1
 239 183  1
 205 184  1
 245 184  1
  29 185  1
 219 185  1
 229 185  1
 212 186  1
 226 186  1
 261 186  1
 273 187  1
 274 187  1
  44 188  1
 101 188  1
 242 188  1
 263 188  1
  20 189  1
  28 189  1
  35 189  1
  36 189  1
 233 189  1
 234 189  1
 253 189  1
 206 190  1
 266 190  1
 272 190  1
 273 190  1
  32 191  1
  33 191  1
  67 191  1
 153 191  1
 257 191  1
  44 192  1
 219 192  1
  49 193  1
  68 194  1
 192 194  1
 213 194  1
  40 195  1
 155 195  1
 200 195  1
 146 196  1
 151 196  1
 251 196  1
 263 196  1
  76 197  1
  77 197  1
 255 197  1
  70 198  1
  71 198  1
 156 199  1
 157 199  1
 206 199  1
 216 199  1
 217 199  1
  40 200  1
 139 200  1
 140 200  1
 151 200  1
 161 200  1
  82 201  1
 245 201  1
  47 202  1
  49 202  1
 198 202  1
 199 202  1
  34 203  1
  45 203  1
 105 203  1
 145 203  1
 147 203  1
  65 204  1
  66 204  1
 122 204  1
 153 204  1
 230 204  1
 266 204  1
  90 205  1
 141 205  1
 214 205  1
 206 206  1
 207 206  1
 247 206  1
 251 206  1
  49 207  1
  69 207  1
  97 207  1
 116 207  1
 201 207  1
 202 207  1
 264 207  1
 118 208  1
 145 208  1
  63 209  1
  64 209  1
 130 209  1
 136 209  1
 197 209  1
 202 209  1
  83 210  1
 118 210  1
 209 210  1
 233 210  1
 162 211  1
 171 211  1
 172 211  1
 250 211  1
  67 212  1
  68 212  1
  78 212  1
 141 212  1
 204 212  1
 260 212  1
  48 213  1
 117 214  1
 113 215  1
 114 215  1
 127 215  1
 129 215  1
 140 215  1
 141 215  1
 246 215  1
  52 216  1
  60 216  1
  61 216  1
 121 216  1
 131 216  1
  74 217  2
 125 217  1
 194 217  1
 119 218  1
 157 218  1
 158 218  1
 204 218  1
 125 219  1
 195 219  1
 254 219  1
  58 220  1
  65 220  1
 209 220  1
 216 220  1
 153 221  1
 229 221  1
 232 221  1
  94 222  1
  95 222  1
 138 222  1
 139 222  1
 214 222  1
 148 223  1
 166 223  1
 171 223  1
 191 223  1
 192 223  1
 228 223  1
 158 225  1
 159 225  1
 234 225  1
 235 225  1
  92 226  1
  86 227  1
  87 227  1
 124 227  1
 126 227  2
 183 227  1
 187 227  1
 154 228  1
 155 228  1
  96 229  1
 167 229  1
  85 230  1
  86 230  1
 159 230  1
 179 230  1
 243 230  1
 172 231  1
 233 231  1
 102 232  1
 207 232  1
 109 233  1
 201 233  1
 239 233  1
 240 233  1
 138 235  1
 205 235  1
 236 235  1
  91 236  1
  92 236  1
 178 237  1
 196 237  1
 233 237  1
 128 238  1
 166 238  1
 167 238  1
  80 239  1
 172 239  1
 179 239  1
 193 239  1
 204 240  1
 167 241  1
 168 241  1
  90 242  1
 179 242  1
 180 242  1
 218 242  1
 206 243  1
 213 243  1
 132 244  1
 223 244  1
 114 245  1
 157 245  1
 118 246  1
 121 247  1
 168 247  1
 185 247  1
 125 248  1
 143 249  1
 144 249  1
 215 249  1
 133 250  1
 170 250  1
 171 250  1
 136 251  1
 183 251  1
 178 252  1
 208 252  1
 171 253  1
 189 256  1
 169 257  1


count = 800