 154   1  1
 158   1  1
 177   1  1
 123   4  1
 120   5  1
 200   5  1
 117   6  1
 112   7  1
 159   7  1
 209   8  1
 123  10  1
 212  10  1
 147  11  1
 149  11  1
 130  12  1
 215  12  1
 216  12  1
 149  13  1
 150  13  1
  96  14  1
  97  14  1
 115  14  1
 144  14  1
 219  14  1
  93  16  1
 117  16  1
 118  16  1
 153  16  1
 163  16  1
 164  16  1
 109  17  1
 125  17  1
 103  18  1
 130  18  1
 131  18  1
 183  18  1
 211  18  1
 212  18  1
 224  18  1
  86  19  1
  87  19  1
 227  20  1
 154  21  1
 165  21  1
 166  21  1
 210  21  1
 211  21  1
 120  22  1
 156  22  1
 182  22  1
 183  22  1
 132  23  1
 170  23  1
 171  23  1
 232  23  1
 123  24  1
  70  25  1
 220  25  1
 160  26  1
  88  28  1
 166  28  1
 208  28  2
 209  28  1
  77  29  1
  82  29  1
 107  29  1
 170  29  1
 223  29  1
 157  30  1
 209  30  1
 121  32  1
 167  32  1
 234  32  1
  52  33  1
  53  33  1
 119  33  1
 152  34  1
 153  34  1
 244  34  1
  70  35  1
  94  35  1
 123  35  1
 124  35  1
  64  36  1
 147  36  1
 206  36  1
  46  37  1
 116  37  1
 124  37  1
  89  39  1
  90  39  1
 111  39  1
 116  39  1
 145  39  1
 151  39  1
 171  39  1
 172  39  1
  55  40  1
  59  40  1
  74  40  1
  92  40  1
 138  40  1
 165  40  1
 166  40  1
 215  40  1
 220  40  1
 233  40  1
 101  41  1
 106  41  1
 122  42  1
 124  42  1
 150  42  1
 219  42  1
 236  42  1
 115  43  1
 126  43  1
 252  43  1
 154  44  1
 155  44  1
 208  44  1
  35  45  1
 106  45  1
 131  45  1
 138  45  1
 149  45  1
 172  45  1
  84  46  1
 121  46  1
 163  46  1
  32  47  1
  95  47  1
 244  47  1
 246  47  1
 102  48  1
 154  48  1
 155  48  1
 236  48  1
  29  49  1
  97  49  1
 158  49  1
 257  49  1
 109  50  1
 149  50  1
 173  51  1
 174  51  1
 248  51  1
 151  52  1
 163  52  1
 242  52  1
  61  53  1
 159  53  1
 167  53  1
 109  54  1
 114  54  1
 214  54  1
 234  54  1
  22  55  1
  44  55  1
  45  55  1
 107  56  1
 173  56  1
  46  57  1
  76  57  1
  48  58  1
  50  58  1
  18  59  1
 102  59  1
 233  59  1
 262  59  1
 263  59  1
  55  60  1
 109  60  1
 154  60  1
 221  60  1
  45  61  1
  74  61  1
 156  61  1
 119  62  1
 151  62  1
  45  63  1
  76  64  1
 104  64  1
 151  64  1
 221  64  1
  13  65  1
  85  65  1
 100  65  1
 113  65  1
 127  65  1
 224  65  1
  43  66  1
 117  66  1
 153  66  1
 154  66  1
  98  67  1
 224  67  1
  40  68  1
  91  68  1
  93  68  1
  95  69  1
  96  69  1
 128  69  1
 151  69  1
 158  69  1
 106  70  1
 107  70  1
 123  70  1
  20  71  1
  37  71  1
  72  71  1
  74  71  1
  82  71  1
   9  72  1
  10  72  1
  25  72  1
  87  72  1
 132  72  1
 236  72  1
  14  73  1
  15  73  1
  80  73  1
 114  73  1
 157  73  1
  57  74  1
  93  74  1
 131  74  1
 100  75  1
 109  75  1
 148  75  1
 149  75  1
 268  75  1
  15  76  1
 155  76  6
 227  76  1
 228  76  1
   7  77  1
   8  77  1
  36  77  1
  43  77  1
  60  77  1
  61  77  1
  77  77  1
 149  77  1
 150  77  1
 160  77  1
 173  78  1
   6  79  1
  52  79  1
 103  79  1
 164  79  1
 169  79  1
  58  80  1
  94  80  1
 166  80  1
 167  80  1
  11  81  1
  12  81  1
  47  82  1
 102  82  1
 148  82  1
 149  82  1
 167  82  1
 250  83  1
 166  84  1
 167  84  1
 176  84  1
 177  84  1
 219  84  1
 262  84  1
 263  84  1
   3  85  1
   4  85  1
 160  86  1
 172  86  1
 146  87  1
 151  87  1
 169  87  1
 170  87  1
 274  87  1
  31  88  1
 175  88  1
 176  88  1
  43  89  1
  97  89  1
 146  89  1
  87  90  1
 169  90  1
 202  90  1
 203  90  1
  39  91  1
  82  91  1
  83  91  1
 174  91  1
 181  92  1
 241  92  1
  24  93  1
  35  93  1
   1  94  1
   2  94  1
  30  94  1
 242  94  1
 276  94  1
 277  94  1
 250  95  1
  31  97  1
 175  97  1
  23  98  1
  97  98  1
 205  98  1
 206  98  1
 180 100  1
 208 100  1
 244 100  1
  27 101  1
  81 101  1
 170 101  1
 191 101  1
 249 101  1
  43 102  1
  52 102  1
  53 102  1
 116 102  1
 193 102  1
 194 102  1
 195 102  1
 253 102  1
  85 103  1
 183 103  1
  42 104  1
  20 105  1
  35 105  1
  36 105  1
 250 105  1
 202 106  1
 203 106  1
 207 106  1
  22 107  1
  54 107  1
  55 107  1
 159 107  1
 167 107  1
 250 107  1
 118 108  1
 196 108  1
  76 110  1
  89 110  1
 166 110  1
  78 111  1
  91 111  1
 193 111  1
  19 112  1
  33 112  1
  39 112  1
  82 112  1
 157 112  1
 171 112  1
   1 113  1
   2 113  1
  47 113  1
  48 113  1
  52 113  1
 186 113  1
 253 113  1
  41 114  1
  82 114  1
 103 114  1
 116 114  1
 163 114  1
  60 115  1
  93 115  1
 123 115  1
 124 115  1
 160 115  1
  30 116  1
  62 116  1
  84 116  1
  85 116  1
 171 116  1
 273 116  1
  15 117  1
  20 117  1
  37 117  1
  56 117  1
  57 117  1
 155 117  1
   2 118  1
   3 118  1
  66 118  1
 178 118  1
 257 118  1
  47 119  1
  48 119  1
  52 119  1
   9 120  1
 183 120  1
 184 120  1
  21 121  1
  26 121  1
  86 121  1
 141 121  1
 194 121  1
  56 122  1
  60 122  1
 154 122  1
 160 122  1
 161 122  1
 162 122  1
  16 123  1
  17 123  1
  26 123  1
  88 123  1
  89 123  1
 125 123  1
 254 123  1
 255 123  1
 269 123  1
  22 124  1
  35 124  1
  36 124  1
  94 124  1
 184 124  1
 266 124  1
  53 125  1
  54 125  1
 116 125  1
 198 125  1
  43 126  1
 130 126  1
 133 126  1
 187 126  1
 192 126  1
 211 126  1
 244 126  1
  59 127  1
 217 127  1
  14 128  1
  28 128  1
  39 128  1
 190 128  1
 278 128  1
 279 128  1
  12 129  1
 263 129  1
 128 131  1
 201 131  1
 273 131  1
  16 132  1
 105 132  1
 140 132  1
  58 133  1
 111 133  1
 126 133  1
 135 133  1
 143 133  1
 217 133  1
 259 133  1
  24 134  1
  26 134  1
  31 134  1
  92 134  1
  93 134  1
 114 134  1
 161 134  1
 162 134  1
 147 135  1
 244 135  1
 119 136  1
  27 137  1
 139 137  1
 150 137  1
 151 137  1
 182 137  1
 183 137  1
 250 137  1
 261 137  1
 262 137  1
 269 137  1
 271 137  1
 272 137  1
   3 138  1
  38 138  1
  39 138  1
 123 138  1
 126 138  1
 127 138  1
 210 138  1
  52 139  1
 250 139  1
 279 139  1
 280 139  1
  34 140  1
 240 140  2
  31 141  1
 118 141  1
 157 141  1
 205 141  1
  81 142  1
  99 142  1
 166 142  1
 167 142  1
 266 142  1
 272 142  1
 264 143  1
  23 144  1
  56 144  1
  90 144  1
 246 144  1
 247 144  1
 268 144  1
 186 145  1
  79 146  1
 167 146  1
 168 146  1
 201 146  1
 202 146  1
 203 146  1
 268 146  1
 258 147  1
 282 147  1
 283 147  1
  52 148  1
 245 148  1
 252 148  1
 253 148  1
 257 150  1
   1 151  1
  31 151  1
  41 151  1
 261 151  1
 262 151  1
  51 152  1
  74 152  1
 167 152  1
 195 152  1
  32 153  1
 149 153  1
 189 153  1
 190 153  1
 250 153  1
 102 154  1
 169 154  1
 194 154  1
 196 154  1
  35 155  1
  36 155  1
  99 155  1
 100 155  1
   1 156  1
  46 156  1
  74 156  1
  84 156  1
  85 156  1
 172 156  1
 173 156  1
 190 156  1
 147 157  1
  92 158  1
  93 158  1
 147 159  1
 152 160  1
 273 160  1
 195 161  1
  82 162  1
 271 162  1
  88 163  1
 257 163  1
  84 164  1
 116 165  1
 259 165  1
 264 165  1
 240 166  1
 281 166  1
 282 166  1
 269 167  1
 238 168  1
   3 169  1
   4 169  1
 123 169  1
 159 169  1
 189 169  1
 190 169  1
  88 170  1
 175 170  1
 280 170  1
 281 170  1
 192 171  1
 112 172  1
 113 172  1
 153 172  1
 154 172  1
 255 172  1
  10 173  1
  11 173  1
  12 173  1
 248 173  1
  83 174  1
  87 174  1
 265 174  1
 272 174  1
 273 174  1
 279 174  1
 280 174  1
 195 175  1
 132 176  1
 139 176  1
 111 177  1
 175 177  1
 249 177  1
 254 177  1
 255 177  1
 261 177  1
 262 177  1
 273 177  1
  12 178  1
 141 178  1
 153 178  1
 154 178  1
 166 178  1
 145 179  1
 184 179  1
 244 179  1
 245 179  1
 246 179  1
  80 180  1
 149 180  1
 154 180  1
 171 180  1
  17 181  1
  18 181  1
  19 181  1
  69 181  1
 240 181  1
  15 182  1
 150 182  1
 173 182  1
 174 182  1
 251 182  1
 265 182  1
 198 183  1
 235 183  1
 181 184  1
 182 184  1
 156 185  1
 186 185  1
 245 185  1
 261 185  1
 262 185  1
 193 186  1
 233 186  1
  73 187  1
 228 187  1
 261 187  1
  10 188  1
  11 188  1
  35 188  1
  54 188  1
 174 188  1
 175 188  1
 193 188  1
 154 189  1
 261 189  1
 262 189  1
 274 189  1
  42 190  1
 159 190  1
 193 190  1
 194 190  1
  91 191  1
  21 192  1
  34 192  1
  95 192  1
 216 192  1
 217 192  1
 272 192  1
  28 193  1
  37 193  1
 240 193  1
  80 194  1
 261 194  1
 262 194  1
  39 195  1
  75 195  1
  89 195  1
 238 195  1
 244 195  1
  24 196  1
  58 196  1
 270 196  1
 150 197  1
 239 197  1
  92 198  1
  93 198  1
  97 198  1
  98 198  1
 154 198  1
 257 198  1
  38 199  1
 110 199  1
 238 199  1
 239 199  1
 148 200  1
  59 202  1
  60 202  1
  81 202  1
  85 202  1
  86 202  1
  91 202  1
 258 202  1
 265 202  1
  35 203  1
 173 203  1
 156 205  1
 166 205  1
 175 205  1
  38 206  1
  67 206  1
  77 206  1
  82 206  1
 154 206  1
 253 206  1
 132 207  1
 241 207  1
 152 208  1
  75 209  1
 143 209  1
  27 210  1
 101 210  1
 260 210  1
  59 211  1
  64 211  1
 115 211  1
 116 211  1
 126 211  1
 157 211  1
 158 211  1
  30 212  1
 167 212  1
 168 212  1
  68 213  1
 152 213  1
 153 213  1
 111 214  1
 113 214  1
 137 214  1
  46 215  1
  52 215  1
 145 215  1
 152 215  1
 220 215  1
  36 216  1
 113 216  1
 169 216  1
 216 216  1
 256 216  1
 119 217  1
 132 217  1
 141 217  1
 156 217  1
  57 218  1
 126 218  1
  53 219  1
 117 219  1
 136 219  1
 137 219  1
 152 219  1
 147 220  1
 216 220  1
 142 221  1
 143 221  1
 150 221  1
  48 222  1
 170 222  1
 121 223  1
 122 223  1
  51 224  1
 179 225  1
 180 225  1
 141 226  1
 142 226  1
 127 227  1
 128 227  1
 148 227  1
 149 227  1
 170 227  1
 246 227  1
 120 228  1
 121 228  1
 131 228  1
 132 228  1
 181 228  1
 182 228  1
  65 229  1
 140 229  1
 176 229  1
 146 231  1
  75 232  1
 239 232  1
 194 233  1
 101 234  1
 102 234  1
 103 234  1
 105 234  1
 118 234  1
 133 234  1
 234 234  1
 235 234  1
  96 235  1
 198 235  1
  82 236  1
 204 236  1
 220 236  1
 107 237  1
 176 237  1
 231 237  1
 117 238  1
 118 238  1
 203 238  1
 112 239  1
 174 239  1
 204 240  1
  94 241  1
  98 242  1
 131 242  1
 132 242  1
 187 242  1
 192 242  1
 104 244  1
 168 244  1
 112 246  1
 173 246  1
 174 246  1
 144 247  1
 188 247  1
 203 247  1
 149 248  1
 197 249  1
 215 249  1
 165 251  1
 172 251  1
 206 252  1
 150 253  1
 203 253  1
 162 256  1
 184 256  1
 179 257  1


count = 845