 170   1  1
 178   1  1
 138   4  1
 132   5  1
 161   6  1
 173   7  1
 180   8  1
 150   9  1
 161   9  1
 162   9  1
  98  11  1
 140  12  1
  91  13  1
 153  13  1
 154  13  1
 218  13  1
 126  14  1
 117  15  1
 162  15  1
 163  15  1
 102  16  1
 120  17  1
 129  17  1
 186  17  1
 187  17  1
  85  18  1
  94  18  1
 134  18  1
 227  19  1
  82  20  1
 100  20  1
 101  20  1
 137  20  1
  95  21  1
  96  21  1
 213  21  1
  77  22  1
  85  24  1
 127  24  1
 140  24  1
 211  24  1
  93  25  1
  94  25  1
  98  25  1
 183  25  1
 184  25  1
  68  26  1
  69  26  1
 142  26  1
 212  26  1
 156  28  1
 158  28  1
 164  28  1
 188  28  1
 212  28  1
 226  28  1
  61  30  1
 126  30  1
 204  30  1
 216  30  1
 206  31  1
 240  31  1
 128  32  1
 129  32  1
  96  34  1
 105  34  1
 132  34  1
  51  35  1
 144  36  1
  48  37  1
 218  37  1
  89  39  1
  90  39  2
  95  39  1
 147  39  1
 215  39  1
  42  40  1
  43  40  1
 250  40  1
 168  42  1
 169  42  1
 207  42  1
 208  42  1
  37  43  1
 101  44  1
 105  45  1
 219  45  1
 254  46  1
  96  47  1
 208  48  1
  37  49  1
  38  49  1
 106  49  1
 256  49  1
 104  52  1
 203  52  1
 258  52  1
 247  53  1
 248  53  1
  42  55  1
  22  56  1
 261  56  1
  33  57  1
 254  57  1
 255  57  1
 256  57  1
  37  59  1
  44  60  1
 251  60  1
  25  61  1
  40  63  1
 266  64  1
 267  64  1
 234  65  1
 267  67  1
 268  67  1
  19  68  1
 228  68  1
 238  69  1
 247  70  1
 248  70  1
 230  71  1
  16  73  1
 250  73  1
 269  73  1
 270  73  1
 224  74  1
  21  76  1
  30  76  1
  31  76  1
  67  76  1
 258  76  1
  16  77  1
  17  77  1
  24  80  1
  56  80  1
  57  80  1
   6  81  1
  39  81  1
 221  81  1
 222  81  1
 262  81  1
  52  82  1
 273  83  1
 274  83  1
   5  84  1
   6  84  1
  38  84  1
 254  84  1
 259  84  1
 260  84  1
  42  85  1
  70  85  1
  12  86  1
 225  86  1
 218  87  1
 160  90  1
 158  91  1
 165  92  1
 256  92  1
  57  93  1
  60  94  1
 259  94  1
  47  95  1
  89  95  1
 262  95  1
  41  96  1
  51  96  1
 269  96  1
 270  96  1
 277  96  1
 278  96  1
  91  97  1
  95  98  1
  96  98  1
 119  99  1
 131  99  1
 135  99  1
   2 100  1
   3 100  1
 107 100  1
 249 100  1
 271 100  1
   9 101  1
  10 101  1
  85 101  1
 232 101  1
 233 101  1
 252 101  1
 261 101  1
  72 102  1
 235 103  1
 165 104  1
 155 105  1
  49 106  1
 152 106  1
  55 107  1
  72 108  1
  94 108  1
 247 108  1
  70 109  1
  77 109  1
 149 109  1
 218 109  1
 222 110  1
 240 110  1
  96 111  1
  63 112  1
 147 112  1
 250 112  1
  79 113  1
  80 113  1
 158 113  1
 159 113  1
  63 114  1
 140 114  1
 161 114  1
 225 114  1
 254 114  1
 255 114  1
   2 115  1
   3 115  1
  54 115  1
   9 116  1
  32 116  1
  46 116  1
  47 116  1
  63 116  1
 131 116  1
  36 117  1
 273 117  1
   3 118  1
   4 118  1
 103 118  1
 138 118  1
 255 118  1
 280 118  1
 281 118  1
  16 119  1
  18 119  1
 130 119  1
 222 119  1
 223 119  1
 249 119  1
  38 120  1
  18 121  1
  44 121  1
   5 122  1
   6 122  1
  63 122  1
  64 122  1
  76 122  1
 251 122  1
  37 123  1
  51 123  1
  57 123  1
  71 123  1
 173 123  1
 175 123  1
 256 123  1
 163 124  1
 280 125  1
 281 125  1
 104 126  1
 139 126  1
 183 126  1
  54 127  1
  65 127  1
  95 127  1
 152 127  1
 177 127  1
 224 127  1
 225 127  1
  97 128  1
 145 128  1
 100 129  1
 101 129  1
 141 129  1
 224 129  1
 275 129  1
 203 130  1
 142 131  1
 162 131  1
 192 131  1
 105 132  1
 151 132  1
 183 132  1
 149 133  1
 193 133  1
 200 133  1
 221 133  1
 263 133  1
 279 133  1
 280 133  1
   1 134  1
 163 134  1
 189 134  1
 214 134  1
  34 135  1
  39 135  1
  83 135  1
 144 135  1
 200 135  1
 259 135  1
 268 136  1
 280 136  1
 281 136  1
 234 137  1
  51 138  1
 255 138  1
 266 138  1
 272 138  1
   5 139  1
  39 139  1
 112 139  1
 143 139  1
 209 140  1
 232 140  1
 233 140  1
  90 141  1
 114 141  1
  67 142  1
  68 142  1
 108 142  1
 256 142  1
   1 144  1
  63 144  1
 122 144  1
 152 144  1
 244 144  1
  40 145  1
  41 145  1
 105 145  1
 223 145  1
   6 146  1
   7 146  1
 154 146  1
 219 146  1
  49 147  1
  64 147  1
  85 147  1
 251 147  1
  95 148  1
 268 148  1
 269 148  1
  44 149  1
  49 149  1
 242 149  1
  10 150  1
 263 150  1
 265 150  1
 105 153  1
  92 155  1
  93 155  1
   2 157  1
   3 157  1
 107 157  1
   3 159  1
 268 159  1
   3 161  1
   4 161  1
 128 161  1
 280 162  1
 281 162  1
 142 163  1
 145 164  1
 248 164  1
 255 164  1
 280 164  1
  12 165  1
  21 165  1
 237 165  1
 259 165  1
 158 166  1
 279 166  1
 280 166  1
 166 167  1
 238 168  1
 251 168  1
 161 169  1
 244 169  1
 245 169  1
 225 170  1
 201 171  1
  39 172  1
  15 173  1
  16 173  1
 221 173  1
 245 173  1
  29 174  1
  74 174  1
  59 175  1
  72 175  1
   8 176  1
  18 176  1
 206 176  1
 210 177  1
 252 177  1
 253 177  1
 267 177  1
 268 177  1
 269 177  1
 216 178  1
 204 179  1
 212 179  1
  12 181  1
  55 181  1
  56 181  1
  27 182  1
  28 182  1
  51 182  1
  14 185  1
 264 185  1
  22 186  1
  23 186  1
  55 188  1
  30 190  1
 212 190  1
 264 190  1
  17 191  1
  52 191  1
 258 191  1
  44 192  1
 205 192  1
 210 192  1
 253 192  1
 250 193  1
  20 195  1
  41 195  1
  97 196  1
 206 196  1
  62 197  1
  78 197  1
  83 197  1
  84 197  1
 102 197  1
 215 198  1
 234 198  1
 243 198  1
 247 198  1
 237 199  1
 259 199  1
  42 200  1
  73 200  1
  53 202  1
  32 203  1
  43 205  1
  44 205  1
  45 205  1
  85 206  1
  92 206  1
 238 206  1
  37 209  1
  73 209  1
  74 209  1
 260 209  1
  49 210  1
  65 212  1
  77 212  1
  78 212  1
 113 212  1
 220 212  1
  43 213  1
  56 213  1
  57 213  1
 225 213  1
 152 214  1
 158 215  1
  48 216  1
  70 216  1
  71 216  1
 219 217  1
 220 217  1
  80 218  1
  89 218  1
 179 218  2
 180 218  1
 182 218  1
 226 218  1
 227 218  1
  84 219  1
  94 219  1
  95 219  1
 251 221  1
  94 222  1
 114 222  1
 115 222  1
 157 222  1
 158 222  1
 168 222  1
  68 223  1
 165 224  1
 227 224  1
 184 225  1
 185 225  1
 247 225  1
  68 227  1
  81 228  1
 165 228  1
 166 228  1
 243 228  1
  70 229  1
 146 229  1
 147 229  1
 222 229  1
 231 230  1
 169 231  1
 186 231  1
 203 233  1
 207 233  1
 236 233  1
  91 234  1
  97 235  1
 227 235  1
  85 236  1
 183 236  1
 184 236  1
 146 237  1
 147 237  1
 202 238  1
 203 238  1
 230 238  1
  88 239  1
  94 240  1
 108 240  1
 183 240  1
 146 241  1
 177 241  1
 224 241  1
 225 241  1
 208 242  1
 209 242  1
 110 245  1
 201 246  1
 123 247  1
 154 247  1
 129 248  1
 152 249  1
 161 250  1
 162 250  1
 143 252  1
 169 252  1
 156 255  1


count = 543