 140   4  1
 133   5  1
 130   6  1
 124   8  1
 185   8  1
 118  11  1
 119  11  1
 140  11  1
 191  11  1
 192  11  1
 140  13  1
 143  16  1
 144  16  1
 204  17  1
  98  20  1
 146  22  1
 147  22  1
  90  24  1
  87  26  1
 217  27  1
  84  28  1
 128  30  1
 122  31  1
 123  31  1
 224  32  1
 214  33  1
  49  34  1
 226  34  1
 120  35  1
 125  35  1
  44  36  1
 230  36  1
  97  38  1
  95  39  1
  71  40  1
 105  40  1
 236  40  1
  74  41  1
  76  41  1
  85  41  1
 108  41  1
 238  42  1
  43  44  1
  95  44  1
  99  44  1
 125  44  1
 105  46  1
 127  46  1
  33  47  1
 134  48  1
  29  49  1
 110  49  1
 218  49  1
 246  49  1
  84  50  1
 120  51  1
 121  51  1
  79  52  1
 248  53  1
 221  54  1
  90  58  1
 223  58  1
 224  58  1
 178  59  1
 185  60  1
 227  60  1
  85  61  1
 192  62  1
 256  62  1
  10  63  1
  11  63  1
  80  63  1
 181  65  1
 187  65  1
 234  65  1
   9  66  1
  69  66  1
  70  66  1
 177  67  1
 239  67  1
 260  68  1
   7  69  1
 191  70  1
 195  72  1
  73  73  1
 264  73  1
   4  74  1
   5  74  1
 157  74  1
  69  75  1
 168  76  1
 227  76  1
 155  77  1
 156  77  1
 178  77  1
 179  77  1
  57  78  1
  24  79  1
  28  79  1
 158  79  1
 159  79  1
  51  80  1
  63  80  1
 227  80  1
 181  81  1
   8  82  1
   9  82  1
  51  82  1
 149  82  1
 270  82  1
  45  83  1
  46  83  1
 147  83  1
 155  83  1
 221  83  1
 232  83  1
 233  83  1
 241  83  1
 244  83  1
  20  84  1
  50  84  1
  51  84  1
  78  84  1
  12  85  1
 272  85  1
 180  86  1
   7  87  1
  44  87  1
  73  87  1
 157  87  1
 212  88  1
 213  88  1
 228  88  1
 172  89  1
 178  89  1
 216  89  1
 221  89  1
 274  89  1
 275  89  1
 251  90  1
 252  90  1
 148  91  1
 159  91  1
 160  91  1
 208  91  1
 226  92  1
 112  93  1
 222  93  1
  33  94  1
  35  94  1
  60  95  1
  61  95  1
 142  95  1
   1  96  1
  68  96  1
 252  96  1
 253  96  1
 112  97  1
 225  97  1
 107  98  1
 164  98  1
 229  98  1
  71  99  1
 220  99  1
  56 100  1
  57 100  1
 121 100  1
 125 100  1
 161 101  1
 209 101  1
 223 101  1
 224 101  1
 229 101  1
 111 102  1
 233 102  1
  59 103  1
  73 103  1
  74 103  1
 218 103  1
  64 104  1
 115 104  1
 119 104  1
  66 105  1
 167 105  1
 168 105  1
 172 106  1
 277 106  1
 278 106  1
  70 107  1
 160 108  1
 166 108  1
 167 108  1
 250 108  1
  76 109  1
 112 109  1
 113 109  1
 117 109  1
 118 109  1
 215 109  1
 218 109  1
   1 111  1
 115 111  1
  72 112  1
  74 112  1
 220 112  1
 226 112  1
  79 113  1
 182 113  1
 200 113  1
 234 113  1
 193 114  1
 250 114  1
 165 115  1
 216 115  1
 221 115  1
 234 116  2
 104 117  1
   2 118  1
 253 118  1
  79 119  1
 105 119  1
 247 119  1
 248 119  1
 116 120  1
 244 120  1
 253 120  1
   4 121  1
  82 121  1
 182 121  1
 191 121  1
 103 122  1
 249 122  1
 174 123  1
 184 123  1
 187 123  1
 193 123  1
 241 123  1
 269 123  1
   8 124  1
 275 124  1
 276 124  1
  13 125  1
  19 125  1
  20 125  1
  32 125  1
 128 125  1
 144 125  1
 146 125  1
 203 125  1
 262 125  1
 264 125  1
  45 126  1
 141 126  1
 195 126  1
 245 126  1
 252 126  1
 259 126  1
  48 127  1
 220 127  1
  73 128  1
  92 128  1
 155 128  1
  89 129  1
 216 129  1
 217 129  1
 235 129  1
 241 129  1
  23 131  1
  39 131  1
  46 131  1
  86 131  1
 189 131  1
  60 132  1
  16 133  1
  17 133  1
 105 133  1
 162 133  1
 219 133  1
  49 134  1
  58 134  1
  60 134  1
 114 134  1
 126 134  1
 149 134  1
 156 134  1
 167 134  1
 253 134  1
  20 135  1
  68 135  1
  69 135  1
  70 135  1
 178 135  1
 179 135  1
 190 136  1
 227 136  1
   4 137  1
 174 137  1
 175 137  1
 234 137  1
  33 138  1
  71 139  1
 236 139  1
  15 140  1
  16 140  1
 207 140  1
 250 140  1
 254 140  1
  91 141  1
 110 141  1
 174 141  1
 175 141  1
 202 141  1
 281 141  1
 255 142  1
  21 143  1
  22 143  1
 191 143  1
 259 143  1
  85 144  1
  86 144  1
 178 144  1
 209 145  1
 236 146  1
  28 147  1
  31 147  1
  74 147  1
 105 147  1
 202 147  1
 166 148  1
 197 148  1
 198 148  1
 247 148  1
  81 149  1
 176 149  1
 188 149  1
 211 149  1
 212 149  1
  73 150  1
 112 150  1
 236 150  1
 238 150  1
 247 150  1
  33 151  1
 164 151  1
 202 151  1
 250 151  1
  79 152  1
 181 152  1
 245 152  1
   8 153  1
   9 153  1
  10 153  1
 178 153  1
  48 154  1
  49 154  1
 108 154  1
 176 154  1
 254 154  1
 265 154  1
 266 154  1
  36 155  1
  69 155  1
  70 155  1
  77 155  1
  44 157  1
  45 157  1
  59 157  1
  39 158  1
 109 158  1
 113 158  1
  10 159  1
  57 159  1
  64 159  1
  74 159  1
  75 159  1
 247 159  1
 248 159  1
   8 160  1
 165 161  1
 166 161  1
  72 162  1
 115 162  1
 116 162  1
  66 164  1
 243 164  1
  62 165  1
 119 166  1
 123 166  1
 171 166  1
 262 166  1
 266 166  1
 267 166  1
  56 167  1
 127 167  1
 176 167  1
  54 169  2
  71 169  1
 257 169  1
 258 169  1
 115 170  1
 116 170  1
 122 171  1
 125 173  1
 139 173  1
 233 173  1
 119 174  1
 175 175  1
 250 176  1
 257 176  1
 139 177  1
 277 179  1
  67 180  1
  68 180  1
 124 180  1
 264 181  1
 265 181  1
   6 182  1
   7 182  1
  82 183  1
 174 183  1
 275 183  1
   7 185  1
   8 185  1
 174 185  1
  67 186  1
  62 187  1
  74 187  1
 194 187  1
 205 187  1
  83 188  1
 175 188  1
 215 188  1
 254 188  1
  76 189  1
 249 189  1
 175 190  1
 269 190  1
  60 191  1
  64 192  1
  65 192  1
 172 192  1
 197 192  1
 198 192  1
  67 193  1
 193 193  1
 251 193  1
 186 194  1
 267 194  1
  71 195  1
 179 195  1
 195 196  1
 205 196  1
 171 197  1
 241 197  1
 166 198  1
 175 198  1
 176 198  1
 214 198  1
 215 198  1
 127 199  1
 178 199  1
 163 200  1
 227 200  1
 239 200  1
 263 200  1
 189 201  1
 174 202  1
  72 203  1
  73 203  1
 199 203  1
  77 204  1
 162 204  1
 170 204  1
 171 204  1
 185 205  1
 186 205  1
 237 205  1
  22 206  1
  23 206  1
  79 206  1
 129 206  1
 125 207  1
 197 207  1
  27 208  1
 118 208  1
 120 208  1
 132 209  1
 171 209  1
  29 212  1
  84 212  1
  85 212  1
 106 212  1
 107 212  1
 116 212  1
 219 212  1
 126 213  1
 171 213  1
  31 214  1
 131 214  1
 140 214  1
 162 214  1
 163 214  1
 111 215  1
 249 215  1
  34 217  1
 105 217  1
  41 220  1
  74 220  1
  89 220  1
 108 220  1
 244 220  1
  86 224  1
  94 224  1
  95 224  1
 146 224  1
 240 224  1
 150 225  1
  50 226  1
 122 226  1
 131 226  1
 154 227  1
 122 228  1
 133 228  1
 108 230  1
 109 230  1
  82 231  1
  83 231  1
 116 231  1
  94 232  1
 135 232  1
 230 232  1
  88 234  1
 143 234  1
 144 234  1
 161 234  1
 167 234  1
 225 234  1
  91 236  1
  92 236  1
 131 236  2
 221 236  1
 222 236  1
  95 237  1
 102 239  1
 158 239  1
 162 240  1
 167 240  1
 217 240  1
 213 242  1
 214 242  1
 158 244  1
 171 245  1
 172 245  1
 209 245  1
 172 250  1
 192 252  1
 193 252  1
 184 257  1


count = 558