 150   1  1
 159   1  1
 160   1  1
 167   1  1
 126   5  1
 124   6  1
 203   6  1
 171   7  1
 206   7  1
 143   8  1
 153   8  1
 115   9  1
 175   9  1
 188   9  1
 212   9  1
 153  10  1
 193  10  1
 215  10  1
 105  12  1
 142  12  1
 143  12  1
 188  13  1
 189  13  1
 193  13  1
 194  13  1
 148  14  1
 221  14  1
 128  15  1
 117  17  1
  93  19  1
 130  20  1
 230  20  1
 142  21  1
 146  21  1
 172  21  1
 173  21  1
  76  22  1
 112  22  1
 221  22  1
  72  24  1
 104  24  1
 106  24  1
 237  24  1
  80  25  1
 183  25  1
 103  26  1
 104  26  1
 227  26  1
  97  28  1
  98  28  1
 193  28  1
 194  28  1
 242  28  1
 197  29  1
 198  29  1
  76  30  1
  79  30  1
 102  30  1
 215  30  1
  60  32  1
 185  32  1
 108  33  1
 129  33  1
 189  33  1
 248  33  1
  89  34  1
 197  34  1
 101  35  1
 109  35  1
 110  35  1
 111  35  1
 214  35  1
 210  36  1
  54  37  1
 252  37  1
  94  38  1
  95  38  1
 199  39  1
  95  41  1
 206  41  1
 104  42  1
 105  42  1
  43  43  1
  97  44  1
  42  45  1
 212  45  1
 238  46  1
 101  47  1
  78  48  1
 233  50  1
  82  51  1
 241  52  1
  76  54  1
  77  54  1
 231  54  1
 232  54  1
 104  55  1
 106  55  1
 209  55  1
 210  55  1
 265  55  1
 266  55  1
 243  58  1
 248  58  1
 214  59  1
 204  60  1
 258  60  1
 223  62  1
 251  62  1
  82  64  1
 106  64  1
 271  64  1
 272  64  1
  86  65  1
 201  65  1
 258  65  1
 197  66  1
  90  68  1
 246  68  1
 102  69  1
 222  69  1
 223  69  1
  93  70  1
 228  70  1
 229  70  1
 268  70  1
  26  71  1
 274  71  1
 275  71  1
  35  72  1
  36  72  1
  58  72  1
  96  73  1
 244  73  1
 245  73  1
  38  74  3
  39  74  1
 116  75  1
  20  76  1
 236  76  1
 276  76  1
 277  76  1
 240  77  1
 242  77  1
  10  80  1
 217  80  1
 218  80  1
 222  81  1
 225  81  1
 215  82  1
 227  82  1
  17  83  1
 245  83  1
 246  83  1
 211  84  1
 212  84  1
  24  85  1
 180  85  1
 279  86  1
 280  86  1
  66  87  1
  67  87  1
 170  87  1
 181  87  1
 185  88  1
  14  89  1
  16  89  1
  24  89  1
  25  89  1
  47  89  1
 166  89  1
 232  90  1
 233  90  1
  28  91  1
 172  91  1
 173  91  1
 206  91  1
   5  92  1
   6  92  1
  17  92  1
  35  92  1
  45  92  1
  21  93  1
  51  93  1
 176  93  1
 178  93  1
 213  93  1
 214  93  1
 218  93  1
 247  93  1
  30  94  1
 150  94  1
 227  94  1
 133  95  1
 135  95  1
 209  95  1
   4  96  1
   5  96  1
  15  96  1
 218  96  1
 229  96  1
 108  97  1
 119  97  1
  15  98  1
  37  98  1
 101  98  1
 103  98  1
 104  98  1
 179  98  1
 221  98  1
 243  98  1
 244  98  1
   3  99  1
   4  99  1
  13  99  1
  43 100  1
 132 100  1
 171 100  1
  96 101  1
 185 101  1
   2 102  1
   3 102  1
  33 102  1
  34 102  1
 129 102  1
 130 102  1
 212 102  1
 213 102  1
 255 102  1
 256 102  1
 170 103  1
 137 104  1
 231 104  1
 250 104  1
   1 105  1
   2 105  1
  46 106  1
 131 106  1
 238 106  1
 256 106  1
  35 107  1
  37 107  1
  44 108  1
 215 108  1
 225 108  1
 169 109  1
 166 110  1
 241 111  1
  33 113  1
  37 113  1
 243 115  1
   6 117  1
   7 117  1
 236 117  1
 211 118  1
 223 119  1
 234 120  1
   1 121  1
 111 121  1
 200 121  1
 203 121  1
  11 122  1
  28 122  1
 207 122  1
 276 122  1
  21 123  1
  36 123  1
  37 123  1
 116 123  1
  92 124  1
 215 124  1
 222 124  1
 246 124  1
 253 124  1
  50 125  1
 106 125  1
 122 125  1
 227 125  1
 266 125  1
 269 125  1
 191 126  1
 198 126  1
 234 126  1
  14 127  1
  34 127  1
  89 127  1
 209 127  1
  66 128  1
  67 128  1
 117 128  1
 119 128  1
 215 128  1
 265 128  1
 274 128  1
 275 128  1
  19 129  1
  20 129  1
  46 129  1
  71 129  1
 254 129  1
  12 130  1
  52 130  1
 224 130  1
 271 130  1
 133 131  1
 192 131  1
 197 131  1
 210 131  1
 241 131  1
 204 132  1
 231 132  1
  20 133  1
  67 133  1
  79 133  1
  84 133  1
 215 133  1
 249 133  1
  37 134  1
  93 134  1
 199 134  1
 267 134  1
  12 135  1
 227 135  1
 251 135  1
 255 135  1
  42 136  1
  43 136  1
 116 136  1
 253 136  1
 281 136  1
 282 136  1
 128 137  1
 134 137  1
   1 138  1
  46 138  1
 259 138  1
 263 138  1
   8 139  1
 160 139  1
 246 139  1
 122 140  1
 131 140  1
 165 140  1
 216 140  1
 217 140  1
 198 141  1
 220 141  1
 106 142  1
 131 142  1
 171 142  1
 114 143  1
 127 144  1
 150 144  1
 247 144  1
 132 145  1
   1 146  1
 104 146  1
 105 146  1
 146 146  1
 264 146  1
 268 146  1
 155 147  1
 232 147  1
 251 147  1
 275 147  1
  28 148  1
 101 148  1
 178 148  1
 211 148  1
 270 148  1
 157 149  1
 197 149  1
 217 149  1
  30 150  1
 146 150  1
 204 150  1
 243 150  1
 244 150  1
 270 150  1
   1 151  1
   2 151  1
 106 151  1
 142 151  1
 220 151  1
  39 152  1
  40 152  1
 104 152  1
 114 152  1
 115 152  1
 181 152  1
 249 152  1
 250 152  1
 271 152  1
  16 153  1
  33 153  1
 186 153  1
 233 153  1
  42 154  1
 162 154  1
 243 154  1
 276 154  1
  11 155  1
  17 156  1
  18 156  1
  97 156  1
  98 156  1
 264 156  1
  91 157  1
 106 157  1
 107 157  1
 260 157  1
  95 158  1
 186 158  1
 191 158  1
 240 158  1
   8 160  1
  35 160  1
 239 160  1
 188 161  1
 244 161  1
 253 161  1
 280 161  1
 281 161  1
  39 163  1
 129 163  1
 263 163  1
  15 164  1
  83 164  1
  84 164  1
 247 164  1
 279 164  1
 280 164  1
 184 165  1
 225 165  1
  10 166  1
  21 166  1
  47 166  1
  48 166  1
  86 166  1
 193 166  1
  27 167  1
 184 167  1
 264 168  1
 156 169  1
 225 169  1
 277 169  1
 278 169  1
 160 170  1
 237 170  1
 248 170  1
  15 171  1
  30 171  1
 255 171  1
 257 171  1
 165 172  1
 194 172  1
 269 172  1
 167 173  1
 231 173  1
 232 173  1
  34 175  1
 260 175  1
 242 176  1
 255 176  1
 238 177  1
 239 177  1
  14 178  1
  30 179  1
 253 179  1
 274 179  1
 275 179  1
 233 180  1
 254 181  1
 272 184  1
 273 184  1
  30 185  1
  31 185  1
 218 186  1
 229 186  1
 230 186  1
  14 187  1
  42 188  1
  43 188  1
 216 189  1
 217 189  1
 235 189  1
  18 191  1
 247 191  1
 222 192  1
  38 193  1
 218 193  1
 240 194  1
  37 195  1
 224 195  1
 234 195  1
 218 196  1
 259 196  1
  36 197  1
  25 198  1
  41 198  1
 214 198  1
 220 198  1
 221 198  1
 254 198  1
 233 199  1
  26 200  1
 172 200  1
 241 200  1
 264 200  1
  28 201  1
 254 201  1
  85 203  1
  32 205  1
 246 205  1
 224 206  1
 230 206  1
 231 206  1
  84 207  1
 218 207  1
  79 208  1
 176 208  1
  89 209  1
 222 209  1
 233 209  1
  60 211  1
 168 211  1
 169 211  1
 228 211  1
 233 211  1
 172 212  1
  41 213  1
  92 213  1
 224 213  1
  57 214  1
  95 214  1
 172 214  1
 173 214  1
 239 214  1
  69 215  1
 233 215  1
  67 217  1
  69 217  1
 219 217  1
 224 217  1
 242 217  1
  56 218  1
 173 218  1
 237 218  1
  77 219  1
 168 219  1
  61 220  1
  73 221  1
 209 221  1
 172 222  1
 190 222  1
 192 222  1
 237 222  1
 195 223  1
 214 223  1
 216 224  1
  86 225  1
 155 225  1
 195 225  1
 210 225  1
 211 225  1
 127 226  1
  60 227  1
 172 227  1
 196 227  1
 197 227  1
 126 228  1
 127 228  1
 130 228  1
 187 228  1
 218 228  1
 239 228  1
  62 229  1
 110 229  1
 114 229  1
 178 229  1
 183 229  1
 195 229  1
  80 230  1
 174 230  1
 190 230  1
 205 231  1
 222 231  1
 223 231  1
 224 231  1
 125 232  1
 126 232  1
 149 232  1
 207 232  1
  69 233  1
 109 234  1
 110 234  1
  85 235  1
 204 236  1
 205 236  1
 210 236  1
  76 237  1
 117 237  1
  87 238  1
  92 238  1
 147 238  1
 148 238  1
 197 238  1
 112 240  1
  82 241  1
  83 241  1
 116 242  1
 117 242  1
 176 242  1
 220 243  1
  87 244  1
  90 244  1
 118 247  1
 147 247  1
 188 247  1
 212 247  1
 127 248  1
 155 248  1
 156 248  1
 168 250  1
 156 251  1
 174 251  1
 150 252  1
 123 254  1
 126 255  1
 136 257  1


count = 630