 154   1  1
 171   1  1
 142   2  1
 183   3  1
 188   6  1
 137  11  1
 118  12  1
 120  12  1
 200  12  1
 131  14  1
 137  14  1
 108  15  1
 133  15  1
 105  16  1
  98  19  1
  87  22  1
 101  25  1
 226  25  1
 229  27  1
  91  28  1
  72  29  1
 232  29  1
  58  30  1
 107  30  1
  55  31  1
  99  31  1
 234  31  1
 107  32  1
  52  33  1
  78  33  1
  79  33  1
  99  33  1
  72  35  1
  73  35  1
 100  36  1
 101  36  1
 105  36  1
 140  36  1
  75  37  1
  82  37  1
 244  37  1
 143  39  1
 246  39  1
  41  40  1
  84  40  1
 117  41  1
 103  42  1
 125  42  1
 149  42  1
 252  42  1
  35  43  1
 110  43  1
  83  44  1
 133  44  1
 135  44  1
 137  44  1
 256  45  1
  29  46  1
 149  46  1
  27  48  1
  94  48  1
  95  48  1
 116  48  1
 128  48  1
 146  48  1
  89  49  1
 119  50  1
 139  51  1
 141  51  1
 146  53  1
 166  54  1
  78  55  1
  84  55  1
 107  55  1
 143  55  1
 170  55  1
 104  56  1
 173  57  1
 234  58  1
  13  64  1
 236  64  1
  77  66  1
 174  66  1
 184  66  1
 185  66  1
 192  68  1
  78  69  1
 178  69  1
 240  69  1
 115  70  1
 127  70  1
 272  70  1
 273  70  1
  81  72  1
 241  72  1
 242  72  1
 252  72  1
 108  73  1
   7  74  1
  34  74  1
 245  74  1
 106  75  1
 187  75  1
 218  75  1
  13  76  1
  14  76  1
  34  77  1
 259  77  1
  16  78  1
  96  78  1
 173  78  1
 199  79  1
 258  80  1
  11  81  1
  95  81  1
  15  82  1
  38  82  1
  39  82  1
  93  82  1
 202  82  1
 203  82  1
 229  82  1
 169  83  1
 277  83  1
 278  83  1
  89  84  1
 185  84  1
  20  85  1
 170  85  1
 171  85  1
   4  88  1
   5  88  1
  87  88  1
 185  88  1
 186  88  1
  82  89  1
 154  89  1
 162  89  1
 172  89  1
 173  89  1
 198  89  1
  38  90  1
  39  90  1
 190  90  1
 217  90  1
 239  90  1
 240  90  1
 245  90  1
 193  91  1
  32  92  1
 213  92  1
 263  92  1
  79  93  1
  80  93  1
 224  93  1
 225  93  1
 237  94  1
 238  94  1
 261  94  1
  77  95  1
 246  95  1
  70  96  1
 171  96  1
 185  96  1
 186  96  1
 191  96  1
 252  96  1
  18  97  1
  28  97  1
 167  97  1
  12  98  1
  16  99  1
 261 100  1
 282 102  1
 283 102  1
 171 103  1
 180 104  1
 181 104  1
  78 105  1
 105 109  1
 111 109  1
 112 109  1
  20 110  1
 178 110  1
 190 111  1
  82 114  1
 110 114  1
 195 115  1
 103 116  1
 197 116  1
 183 118  1
 184 118  1
  16 119  1
 198 119  1
  90 120  1
 120 120  1
   9 121  1
 160 122  1
 162 122  1
 187 122  1
 195 122  1
  64 123  1
  65 123  1
 173 123  1
 180 123  1
 182 123  1
 256 123  1
 114 124  1
   5 125  1
  47 125  1
  59 125  1
 158 125  1
 215 125  1
 220 125  1
 226 125  1
 250 125  1
 252 125  1
 261 125  1
  37 126  1
  38 126  1
  62 126  1
 118 126  1
 131 126  1
 136 126  1
 137 126  1
 193 126  1
 240 126  1
 274 126  1
  12 127  1
  17 127  1
  50 127  1
 142 127  1
 201 127  1
 217 127  1
 218 127  1
 232 127  1
 233 127  1
  56 128  1
 187 128  1
 165 129  1
 247 129  1
 267 129  1
 275 129  1
   7 130  1
  39 130  1
  55 130  1
 131 130  1
 160 130  1
 173 130  1
 180 130  1
 181 130  1
 260 130  1
 117 131  1
 165 131  1
 220 131  1
 240 131  1
  17 132  1
  18 132  1
 156 132  1
 207 132  1
 214 132  1
 129 133  1
 144 133  1
 200 133  1
  91 134  1
 125 134  1
 177 134  1
  10 135  1
 116 135  1
 155 135  1
 205 135  1
 112 136  1
 191 136  1
 203 136  1
  87 137  1
 280 137  1
 281 137  1
   7 138  1
 112 138  1
 120 138  1
 158 138  1
 189 138  1
 199 138  1
 184 139  1
   1 140  1
 195 141  1
  11 143  1
  80 144  1
  89 144  1
 181 144  1
 183 144  1
 170 145  1
 172 145  1
 179 145  1
  13 146  1
  18 147  1
 152 147  1
 175 147  1
  24 148  1
 187 148  1
 188 148  1
 156 150  1
 185 150  1
  34 151  1
   1 152  1
  24 153  1
  26 153  1
  28 153  1
  73 153  1
 182 155  1
 248 155  1
 264 155  1
 265 155  1
 266 155  1
  21 156  1
  79 156  1
  80 156  1
 113 156  1
 178 156  1
  71 157  1
 165 157  1
 267 157  1
 103 158  1
 111 158  1
 175 158  1
 274 158  1
 280 158  1
 281 158  1
  19 159  2
 168 159  1
  21 160  1
 182 160  1
 254 160  1
  74 161  1
  76 161  1
 238 161  1
 248 161  1
  22 162  1
  29 162  1
  70 162  1
 279 162  1
 280 162  1
 101 163  1
 174 163  1
 175 163  1
   3 164  1
   4 164  1
  30 164  1
  82 164  1
  92 165  1
 101 165  1
 246 165  1
 247 165  1
 278 165  1
 279 165  1
 109 166  1
  58 169  1
  62 169  1
  63 169  1
  91 169  1
  92 169  1
 138 169  1
 159 169  1
 187 169  1
 180 170  1
 242 170  1
 172 172  1
 229 172  1
 239 172  1
 140 173  1
 141 173  1
 142 173  1
 223 173  1
  35 174  1
  36 174  1
 188 174  1
 228 174  1
 234 174  1
 126 175  1
 186 175  1
  92 176  1
 164 176  1
 175 176  1
 176 176  1
  49 178  1
 100 178  1
 187 178  1
 199 178  1
 226 178  1
  96 179  1
 150 179  1
 232 179  1
  36 180  1
  37 180  1
  72 180  1
 187 180  1
 153 181  1
 216 181  1
  37 182  1
  64 182  1
 260 182  1
 100 183  1
 192 183  1
 264 183  1
 195 184  1
   9 185  1
  10 185  1
 216 185  1
  68 186  1
 105 186  1
 152 186  1
 153 186  1
 183 186  1
  37 187  1
  38 187  1
  44 187  1
  73 187  1
 214 187  1
  78 188  1
 134 188  1
 135 188  1
 111 189  1
 141 189  1
 199 189  1
 200 189  1
 204 189  1
 268 189  1
  74 190  1
  75 190  1
  78 190  1
  83 190  1
 100 190  1
 101 190  1
 136 190  1
 195 191  1
  64 192  1
  65 192  1
 167 192  1
 176 192  1
  13 193  1
  36 193  1
 164 193  1
  50 194  1
  54 194  1
  63 194  1
 135 194  1
 101 195  1
  44 196  1
  76 197  1
  77 197  1
 263 197  1
  16 198  1
  35 199  1
  47 199  1
  48 199  1
  56 199  1
 162 199  1
 163 199  1
 262 199  1
  46 201  1
  47 201  1
  82 201  1
  92 201  1
 104 203  1
 163 203  1
  31 204  1
  44 204  1
  89 204  1
 155 204  1
  79 205  1
  80 205  1
 103 205  1
  23 206  1
  38 206  1
 145 206  1
  35 208  1
  36 208  1
  45 208  1
  46 208  1
  47 208  1
  51 208  1
  93 208  1
 101 208  1
 146 208  1
 120 209  1
 151 209  1
  30 210  1
 101 210  1
  52 211  1
  53 211  1
 119 211  1
 111 212  1
 112 212  1
  99 213  1
 100 213  1
 101 213  1
  87 214  1
  88 214  1
 248 214  1
 114 215  1
  48 216  1
  79 216  1
 116 217  1
  92 219  1
 124 219  1
 103 220  1
  95 221  1
  50 224  1
  74 224  1
  75 224  1
  90 225  1
 105 225  1
 106 225  1
 234 226  1
  81 227  1
 106 228  1
 107 228  1
 110 228  1
  72 229  1
  90 229  1
  91 229  1
  93 231  1
  94 231  1
  95 234  1
 108 235  1
 220 236  1
  89 237  1
 105 238  1
  91 239  1
 213 240  1
  97 242  1
 203 243  1
 200 244  1
 198 245  1
 110 246  1
 194 247  1
 183 253  1
 134 254  1
 180 254  1
 147 257  1


count = 540