 156   1  1
 178   1  1
 147   2  1
 135   6  1
 132   7  1
 129   8  1
 147   8  1
 158   8  1
 122  10  1
 118  11  1
 142  12  1
 191  14  1
 219  14  1
 220  14  1
 151  16  1
 152  16  1
 223  16  1
 120  18  1
 124  18  1
 135  18  1
 147  18  1
 154  19  1
 228  19  1
 125  20  1
 126  20  1
 174  20  1
 111  21  1
 121  21  1
 197  21  1
 198  21  1
  84  22  1
  81  23  1
 104  23  1
 143  24  1
 151  24  1
 174  24  1
 175  24  1
 115  25  1
 127  25  1
 148  25  1
 110  26  1
 139  27  1
  87  28  1
  88  28  1
  89  28  1
  95  28  1
  96  28  1
 103  28  1
  82  29  1
 130  29  1
 122  30  1
 123  30  1
  83  31  1
 244  31  1
  74  32  1
  75  32  1
 150  32  1
  96  33  1
 112  33  1
  58  34  1
 136  34  1
 154  34  1
  71  36  1
  72  36  1
 130  36  1
 131  36  1
 136  36  1
 140  36  1
 146  36  1
 175  36  1
 176  36  1
  67  37  1
 112  37  1
 248  37  1
 249  37  1
  82  38  1
  83  38  1
 136  38  1
  95  39  1
 124  39  1
  66  40  1
  67  40  1
 103  40  1
  49  41  1
 175  41  1
  89  42  1
  85  43  1
 117  43  1
 100  44  1
 104  44  1
 134  44  1
 254  44  1
  85  45  1
 145  46  1
 148  46  1
  65  47  1
  66  47  1
  85  47  1
 167  47  1
 168  47  1
  77  50  1
 159  50  1
 246  50  1
 257  50  1
 258  50  1
  57  51  1
  95  51  1
 153  51  1
  92  52  1
 114  52  1
 238  52  1
 239  52  1
 149  54  1
  93  55  1
 117  55  1
  31  56  1
  56  56  1
  66  57  1
  92  57  1
 112  57  1
 238  57  1
  97  58  1
 139  58  1
 262  60  1
 263  60  1
  26  61  1
  63  61  1
  64  61  1
  84  61  1
  94  61  1
  73  62  1
  74  62  1
 119  62  1
 249  62  1
 250  62  1
  93  63  1
  97  63  1
 111  64  1
 253  64  1
 254  64  1
  66  65  1
  67  65  1
  82  65  1
  83  65  1
  90  65  1
 140  65  1
 247  65  1
  20  66  1
  58  66  1
 249  66  1
 257  67  1
 258  67  1
  59  68  1
 120  68  1
  53  69  1
  54  69  1
 267  70  1
 268  70  1
  57  71  1
  67  72  1
 190  72  1
 241  72  1
 222  73  1
 269  73  1
 270  73  1
 217  75  1
 218  75  1
  12  76  1
  65  76  1
  66  76  1
 177  76  1
 225  76  1
 234  76  1
 238  76  1
 270  76  1
 271  76  1
 232  77  1
 171  79  1
 245  79  1
 246  79  1
  20  80  1
  22  80  1
  63  81  1
 186  81  1
  25  82  1
  65  82  1
  66  82  1
 216  82  1
 221  83  1
 222  83  1
 241  83  1
  68  84  1
 208  84  1
 209  84  1
 231  84  1
 202  85  1
 211  85  1
 218  85  1
  24  86  1
  73  86  1
 160  86  1
 171  86  1
  12  87  1
  16  87  1
  58  87  1
 158  87  1
 224  87  1
  92  88  1
   5  89  1
   6  89  1
  56  89  1
 188  89  1
 202  89  1
 203  89  1
 213  90  1
 229  90  1
 239  90  1
 232  91  1
   4  92  1
   5  92  1
 133  92  1
 171  92  1
  45  93  1
  97  93  1
 182  93  1
 224  93  1
 229  93  1
 263  93  1
 176  94  1
 196  94  1
 201  94  1
 272  94  1
 273  94  1
  84  95  2
  85  95  1
  92  95  1
  41  96  1
 148  96  1
 196  96  1
 245  96  1
 172  97  1
 173  97  1
  30  98  1
  31  98  1
 196  98  1
 199  98  1
 253  98  1
 164  99  1
 181  99  1
 113 100  1
 146 100  1
  18 101  1
  27 101  1
 163 101  1
 206 101  1
 209 101  1
 244 101  1
 266 101  1
 274 101  1
 275 101  1
 125 103  1
 126 103  1
 213 103  1
 227 103  1
 229 103  1
 107 104  1
 108 104  1
 174 104  1
 219 104  1
 145 105  1
 154 105  1
 158 105  1
 234 105  1
 239 105  1
 248 105  1
 250 105  1
 257 105  1
 258 105  1
 119 106  1
 171 106  1
 219 106  1
 275 106  1
 276 106  1
  49 107  1
  53 107  1
 131 107  1
 140 107  1
 141 107  1
 147 107  1
 153 107  1
 162 107  1
 231 107  1
 261 107  1
 263 107  1
  36 108  1
  40 108  1
 215 108  1
 221 108  1
 252 109  1
  41 110  1
  46 110  1
 122 110  1
 123 110  1
 138 110  1
 257 110  1
 111 111  1
 181 111  1
 227 111  1
 125 112  1
 126 112  1
 261 112  1
  57 113  1
  58 113  1
  23 114  1
 135 114  1
 155 114  1
 191 114  1
 269 114  1
 118 115  1
  19 116  1
 133 116  1
 262 116  1
  28 117  1
  30 117  1
 124 117  1
 142 117  1
 149 117  1
 150 117  1
 193 117  1
   9 118  1
  11 118  1
 156 118  1
  13 120  1
 120 120  1
 268 120  1
   2 121  1
  19 121  1
 140 122  1
 141 122  1
 153 122  1
 225 122  1
 120 123  1
 191 123  1
 230 123  1
 272 124  1
   4 125  1
  26 125  1
 134 125  1
 187 125  1
 204 125  1
  11 126  1
 221 126  1
 245 126  1
 246 126  1
 268 126  1
  19 127  1
  34 127  1
 125 127  1
 182 127  1
 233 127  1
  48 128  1
 268 128  1
 225 129  1
  22 130  1
  55 130  1
  56 130  1
 190 130  1
 200 130  1
 211 130  1
 262 130  1
 266 130  1
 267 130  1
 268 130  1
 269 130  1
  64 131  1
  56 132  1
 273 132  1
 274 132  1
 170 133  1
 190 134  1
 211 134  1
 216 134  1
 261 134  1
  35 135  1
 121 135  1
 122 135  1
 152 135  1
  16 136  1
  22 136  1
 118 136  1
 222 136  1
   9 137  1
  26 137  1
 172 137  1
 203 137  1
 258 137  1
 260 137  1
  11 138  1
  18 138  1
  29 138  1
 126 138  1
 150 138  1
   1 139  1
  22 139  1
  33 139  1
  74 139  1
 158 139  1
 199 139  1
 273 139  1
  69 140  1
 153 140  1
 174 140  1
   1 141  1
  44 141  1
  45 141  1
 112 141  1
 133 141  1
 141 141  1
 142 141  1
 162 142  1
 164 142  1
  15 143  1
  23 143  1
  79 143  1
  80 143  1
  87 143  1
  91 143  1
 110 143  1
 156 143  1
 190 143  1
  53 144  1
  54 144  1
 130 144  1
 167 144  1
  19 145  1
 102 145  1
 103 145  1
 140 145  1
 174 145  1
  28 146  1
 115 146  1
 116 146  1
 205 146  1
  19 147  1
  32 147  1
  65 147  1
 158 147  1
 215 147  1
   9 148  1
  52 148  1
 121 148  1
 122 148  1
 168 148  1
 176 148  1
  46 149  1
  47 149  1
 112 149  1
 113 149  1
 131 149  1
 217 149  1
   1 150  1
  21 150  1
  41 150  1
 177 150  1
  44 151  1
 104 151  1
 105 151  1
 106 151  1
 116 151  1
 119 151  1
  56 152  1
  64 152  1
 110 152  1
 282 152  1
 283 152  1
 218 153  1
   1 154  1
  52 154  1
 174 154  1
 178 154  1
 216 154  1
  25 156  1
  39 156  1
 182 157  1
  73 158  1
  44 159  1
  45 159  1
 262 159  1
  28 160  1
 101 160  1
 103 160  1
 149 160  1
 265 160  1
 267 160  1
 282 160  1
 283 160  1
  97 161  1
  33 162  1
 190 162  1
 191 162  1
 226 162  1
 126 163  1
 281 163  1
 282 163  1
   1 164  1
  90 164  1
 230 164  1
 231 164  1
 267 165  1
 268 165  1
   2 166  1
 155 166  1
 235 166  1
 239 166  1
 262 166  1
  37 167  1
 193 167  1
 194 167  1
 125 168  1
  89 169  1
 200 169  1
 249 169  1
 256 169  1
 257 169  1
 278 169  1
 279 169  1
 162 171  1
 231 171  1
 240 172  1
  85 173  1
 168 173  1
 200 173  1
 201 173  1
  28 174  1
  29 174  1
  90 174  1
 169 175  1
 191 175  1
 225 175  1
  29 176  1
  33 176  1
 234 176  1
 235 176  1
 239 176  1
  36 177  1
 255 177  1
  56 178  1
 176 178  1
 177 178  1
 211 178  1
 212 178  1
 222 178  1
 250 178  1
  48 179  1
  56 180  1
 182 180  1
 193 180  1
 208 180  1
 246 180  1
  37 181  1
 188 181  1
  10 182  1
 208 182  1
 246 182  1
 211 183  1
  37 185  1
  42 185  1
  47 185  1
  56 185  1
  57 185  1
 245 186  1
 246 186  1
  23 189  1
 163 189  1
 263 189  1
 267 189  1
  14 190  1
  20 190  1
  31 190  1
  51 190  1
 183 190  1
 208 190  1
 273 190  1
 274 190  1
  38 191  1
  48 191  1
  49 191  1
 190 191  1
 152 192  1
 153 192  1
 158 194  1
  18 195  1
  41 195  1
 213 195  1
  49 196  1
 168 196  1
 200 196  1
  97 197  1
 140 197  1
 205 197  1
  20 198  1
  66 198  1
 106 198  1
 180 198  1
 191 198  1
  61 199  1
  99 199  1
 218 199  1
  84 200  1
  86 200  1
  59 201  1
 137 201  1
 183 201  1
 184 201  1
 207 201  1
 226 201  1
  57 202  1
 190 202  1
 215 202  1
  97 203  1
 228 203  1
  69 204  1
  77 204  1
  93 204  1
 134 204  1
  67 205  1
  79 205  1
 108 206  1
 269 206  1
 270 206  1
 179 207  1
 191 207  1
 192 207  1
 215 207  1
 228 207  1
 229 207  1
  62 208  1
  63 208  1
  80 208  1
 139 208  1
 184 208  1
 208 208  1
 182 209  1
 187 209  1
 188 209  1
 267 209  1
  65 210  1
  69 210  1
  86 210  1
 214 210  1
 169 211  1
 177 211  1
 266 211  1
  81 213  1
 181 213  1
 182 213  1
 214 213  1
  92 214  1
  93 214  1
 230 214  1
 109 215  1
 158 215  1
 163 215  1
 164 215  1
 180 215  1
 189 215  1
 195 215  1
 264 215  1
  90 216  1
 102 216  1
 115 216  1
 138 216  1
 139 216  1
 209 216  1
 148 217  1
 102 218  1
 103 218  1
 144 218  1
 153 218  1
 154 218  1
 237 218  1
 185 219  1
 229 219  1
  96 220  1
 142 220  1
 155 220  1
 160 220  1
 195 220  1
  45 221  1
  60 221  1
 184 221  1
 156 222  1
 209 222  1
 116 223  1
  64 224  1
 161 224  1
 162 224  1
  50 225  1
 130 225  1
 139 226  1
 144 226  1
 149 226  1
  99 227  1
 174 227  1
 175 227  1
 205 227  1
  55 228  1
 120 228  1
 121 228  1
 150 228  1
 151 228  1
 219 228  1
 232 228  1
 115 229  1
 116 229  1
 135 229  1
 200 229  1
 133 230  1
 163 230  1
 164 230  1
 193 230  1
 101 231  1
 122 231  1
 170 231  1
 171 231  1
 221 231  1
 230 231  1
 236 231  1
 143 232  1
 193 232  1
 247 232  1
 101 233  1
 102 233  1
 175 233  1
 211 233  1
 232 233  1
 116 234  1
 167 234  1
 188 234  3
 190 234  1
 211 235  1
 243 235  1
  77 236  1
  93 236  1
 156 236  1
 157 236  1
 169 236  1
 183 236  1
 208 236  1
 119 237  1
 204 237  1
 101 238  1
 137 238  1
 146 238  1
 161 238  1
  85 239  1
 172 239  1
  88 240  1
 217 240  1
 135 241  1
 160 241  1
 161 241  1
 188 241  1
 189 241  1
 221 241  1
 222 241  1
 223 241  1
 224 241  1
 235 241  1
  97 242  1
 145 242  1
 209 242  1
 160 243  1
 110 244  1
 230 244  1
 113 245  1
 133 246  1
 137 247  1
 173 248  1
 174 248  1
 220 248  1
 165 249  1
 191 249  1
 218 249  1
 170 250  1
 153 252  1
 158 253  1
 191 255  1
 141 256  1
 143 256  1


count = 790