 171   1  1
 178   1  1
 133   6  1
 203   6  1
 167   7  1
 205   7  1
 172   9  1
 208   9  1
 209   9  1
 169  11  1
 212  11  1
 175  12  1
 169  13  1
 107  14  1
 132  14  1
 216  14  1
 217  14  1
 101  15  1
 183  15  1
  98  16  1
 134  17  1
 224  17  1
  94  18  1
  95  18  1
 140  19  1
 228  19  1
 130  20  1
 166  20  1
 125  21  1
 162  21  1
  89  22  1
 210  22  1
 103  23  1
 125  23  1
 161  23  1
  83  24  1
  84  24  1
 184  24  1
 189  24  1
 219  24  1
 104  25  1
 133  25  1
 207  25  1
 233  25  1
 110  26  1
 125  26  1
  97  27  1
  99  27  1
 165  27  1
  76  28  1
 127  28  1
 216  28  1
 117  29  1
 121  29  1
 237  29  1
 115  31  1
 139  32  1
 175  32  1
 176  32  1
 109  33  1
 144  33  1
 163  33  1
 164  33  1
 241  33  1
  65  34  1
 185  35  1
 186  35  1
  61  36  1
  62  36  1
 204  36  1
 205  36  1
 118  37  1
 133  37  1
 142  37  1
 163  37  1
 164  37  1
 208  37  1
 135  38  1
  57  39  1
  87  39  1
  88  39  1
 198  39  1
 129  40  1
 191  40  1
 192  40  1
 208  40  1
 247  40  1
  53  41  1
  75  41  1
 106  41  1
 107  41  1
 108  41  1
 139  41  1
 249  41  1
  66  42  1
  67  42  1
 131  42  1
 135  42  1
  80  43  1
  81  43  1
  85  43  1
 169  43  1
 170  43  1
  62  44  1
  65  44  1
  66  44  1
 124  44  1
 204  44  1
 206  44  1
  48  45  1
 187  45  1
  78  46  1
 140  46  1
 164  46  1
 189  46  1
 195  46  1
  59  47  1
 104  47  2
 105  47  1
 122  47  1
 127  47  1
 214  47  1
  46  48  1
 109  48  1
 110  48  1
 116  48  1
 117  48  1
 118  48  1
 170  49  1
 171  49  1
 217  49  1
 219  49  1
 228  49  1
  74  50  1
  76  50  1
 188  50  1
 125  51  1
 137  51  1
 220  51  1
 259  51  1
 133  52  1
  51  53  1
  52  53  1
 130  53  1
 188  53  1
 132  54  1
 140  54  1
 234  54  1
 236  54  1
 114  55  1
 115  55  1
 122  56  1
 224  56  1
  47  57  1
 127  57  1
  35  58  1
  49  58  1
 244  58  1
  67  59  2
  68  59  1
 240  59  1
 248  59  1
  58  60  1
 103  60  1
 104  60  1
 105  60  1
 116  60  1
 129  60  1
 193  60  1
 195  60  1
 197  60  1
 253  60  1
 204  61  1
 205  61  1
  98  62  1
 213  62  1
 263  62  1
  67  63  1
 200  63  1
 229  64  1
 251  64  1
 194  65  1
  26  66  1
  91  66  1
  92  66  1
  96  66  1
 102  66  1
 107  66  1
 212  66  1
 213  66  1
 224  66  1
  60  67  1
  67  67  1
 237  67  1
  53  68  1
  54  68  1
  58  68  1
  85  68  1
 232  68  1
  22  69  1
  49  69  1
 238  69  1
 243  69  1
 267  69  1
 268  69  1
  88  70  1
  90  70  1
 246  70  1
 247  70  1
  63  71  1
  64  71  1
  56  72  1
 229  72  1
 250  72  1
  37  73  1
  38  73  1
  73  73  1
 218  73  1
 219  73  1
  58  75  1
  88  75  1
 223  75  1
 229  75  1
  52  76  1
  56  76  1
  14  77  1
  42  77  1
  70  77  1
 213  77  1
  56  78  1
  76  78  1
 248  78  1
 249  78  1
  72  80  1
 176  80  1
 180  80  1
  37  82  1
  68  82  1
 213  82  1
 253  82  1
  58  83  1
  37  84  1
 186  84  1
 245  84  1
 249  84  1
 250  84  1
  33  85  1
 150  85  1
 172  85  1
 173  85  1
 179  85  1
 215  85  1
 216  85  1
  65  86  1
  24  87  1
  25  87  1
 175  87  1
  17  88  1
 146  88  1
 252  88  1
   7  89  1
   8  89  1
  39  89  1
 155  89  1
 190  89  1
 259  89  1
  55  90  1
  59  90  1
 165  90  1
 166  90  1
 167  90  1
  18  91  1
  45  91  1
  65  91  1
 183  91  1
 184  91  1
 252  91  1
 264  91  1
  34  92  1
  51  92  1
 209  92  1
 211  92  1
  28  93  1
  29  93  1
 123  93  1
 254  93  1
 275  93  1
 276  93  1
   6  94  1
   7  94  1
  37  95  1
 181  95  1
 217  95  1
 267  95  1
 121  96  1
 185  96  1
 250  96  1
 116  97  1
 117  97  1
 128  97  1
 156  97  1
 163  97  1
 168  97  1
 204  97  1
 106  98  1
 161  98  1
  33  99  1
 127  99  1
 128  99  1
 199  99  1
  31 100  1
 149 100  1
 153 100  1
 270 100  1
  19 101  1
  24 101  1
  25 101  1
 255 101  1
 102 102  1
 103 102  1
 130 102  1
 137 102  1
 167 102  1
 192 103  1
 194 103  1
 143 104  1
 237 104  1
 238 104  1
  20 105  1
  27 105  1
  28 105  1
 100 105  1
 202 105  1
 222 105  1
   5 106  1
   6 106  1
  38 106  1
  49 106  1
  64 106  1
 106 106  1
 270 106  1
 271 106  1
  43 107  1
 155 107  1
 248 107  1
 108 108  1
 221 108  1
 234 108  1
 235 108  1
  33 109  1
  43 109  1
  65 109  1
  72 109  1
 113 109  1
 178 109  1
   4 110  1
   5 110  1
 108 110  1
 171 110  1
 189 110  1
 198 110  1
 217 110  1
 127 111  1
 160 111  1
 185 111  1
 227 111  1
  39 112  1
  87 112  1
  99 112  1
 108 112  1
 109 112  1
 151 112  1
 152 112  1
  12 113  1
  28 113  1
  33 113  1
 248 113  1
 252 113  1
 257 113  1
  24 114  1
  67 114  1
 143 114  1
 148 114  1
 149 114  1
 190 114  1
 236 114  1
   2 115  1
   3 115  1
  21 115  1
  54 115  1
 183 115  1
 184 115  1
 196 115  1
 223 115  1
 224 115  1
 179 116  1
 233 116  1
 247 116  1
 117 117  1
 188 117  1
  61 118  1
 234 118  1
 239 118  1
 241 118  1
  11 119  1
  13 119  1
  39 119  1
  79 119  1
 103 119  1
 147 119  1
 148 119  1
 149 119  1
 164 119  1
 185 119  1
 278 119  1
 279 119  1
  66 120  1
  67 120  1
 119 120  1
 175 120  1
 193 121  1
 195 121  1
 258 121  1
 279 121  1
  47 122  1
  92 122  1
 112 122  1
 113 122  1
 151 122  1
 156 122  1
 252 122  1
 253 122  1
  15 123  1
  84 123  1
 224 123  1
 225 123  1
 236 123  1
 249 123  1
 279 123  1
 280 123  1
 229 124  1
  19 125  1
 271 125  1
 272 125  1
 273 125  1
  55 126  1
  74 126  1
  93 126  1
 104 126  1
 146 126  1
 147 126  1
 174 126  1
 266 126  1
  77 127  1
 114 127  1
 157 127  1
 186 127  1
 187 127  1
 239 127  1
 254 127  1
  13 128  1
  24 128  1
  25 128  1
  61 128  1
  66 128  1
 106 128  1
 172 128  1
  45 129  1
 137 129  1
 138 129  1
 165 129  1
 166 129  1
 206 129  1
 207 129  1
 222 129  1
 100 130  1
 279 130  1
 280 130  1
  22 131  1
  34 131  1
  77 131  1
  92 131  1
 141 131  1
 222 131  1
 238 131  1
 276 131  1
   4 132  1
   5 132  1
  15 132  1
  56 132  1
  57 132  1
 179 132  1
 180 132  1
 243 132  1
 202 133  1
 203 133  1
 204 133  1
 222 133  1
  24 134  1
 249 134  1
 250 134  1
  18 135  1
  38 135  1
  39 135  1
  70 135  1
  85 135  1
  90 135  1
 147 135  1
 190 135  1
 280 135  1
 281 135  1
 116 136  1
 173 136  1
  32 137  1
  36 137  1
  38 137  1
  79 137  1
  85 137  1
  11 138  1
  20 138  1
  21 138  1
  81 138  1
 253 138  1
 257 138  1
  52 140  1
  89 140  1
  90 140  1
 170 140  1
   1 141  1
   2 141  1
  61 141  1
  68 141  1
 129 141  1
  21 142  1
  22 142  1
  72 142  1
 120 142  1
 143 142  1
  50 143  1
 111 143  1
 138 143  1
   1 144  1
   9 144  1
  10 144  1
  46 144  1
 251 144  1
  58 145  1
  86 145  1
  87 145  1
 105 145  1
 106 145  1
 108 145  1
 118 145  1
 144 145  1
 152 145  1
 258 145  1
 281 145  1
 282 145  1
  36 146  1
  37 146  1
  65 146  1
 114 146  1
 175 146  1
 182 146  1
  72 147  1
 106 147  2
 158 147  1
  27 148  1
  31 148  1
 167 148  1
 236 148  1
 243 148  1
 244 148  1
  48 149  1
  76 149  1
 124 149  1
 148 149  1
 149 149  1
 152 149  1
 153 149  1
 269 149  1
 275 149  1
 276 149  1
   1 150  1
  41 150  1
 141 150  1
 192 150  1
 235 150  1
 250 150  1
 251 150  1
 258 150  1
  37 151  1
  76 151  1
 123 152  1
 177 152  1
 193 152  1
 223 152  1
   2 153  1
  59 153  1
  69 153  1
  31 154  1
  54 154  1
 106 154  1
 202 154  1
 203 154  1
 208 154  1
 239 154  1
 262 154  1
 264 154  1
  67 155  1
 104 155  1
 121 155  1
 195 155  1
 196 155  1
 260 155  1
   4 156  1
  63 156  1
  75 156  1
 101 156  1
 134 156  1
 176 156  1
 177 156  1
 215 156  1
  91 157  1
 151 157  1
 152 157  1
 165 157  1
 254 157  1
 258 157  1
 266 157  1
 149 158  1
 155 158  1
 167 158  1
 180 158  1
 217 158  1
 223 158  1
  79 159  1
  69 160  1
  70 160  1
 100 160  1
 102 160  1
 104 160  1
 132 160  1
 155 160  1
 177 160  1
   7 161  1
  25 161  1
  79 161  1
 162 161  1
 187 161  1
 188 161  1
 197 161  1
 233 161  1
 234 161  1
  32 162  1
  55 162  1
  71 163  1
 156 163  1
 191 163  1
 262 163  1
 266 163  1
  51 164  1
  98 164  1
 106 164  1
  60 165  1
  89 165  1
  90 165  1
 170 165  1
 182 165  1
  66 166  1
 162 166  1
 163 166  1
 214 166  1
 216 166  1
 218 166  1
  23 167  1
  29 167  1
 158 167  1
 168 168  1
 169 168  1
 224 168  1
 260 168  1
  50 169  1
  51 169  1
  69 169  1
  81 169  1
  85 169  1
  86 169  1
  87 169  1
 212 169  1
 213 169  1
  19 170  1
  92 170  1
 101 170  1
 106 170  1
 158 170  1
 264 170  1
  12 171  1
  79 171  1
 147 171  1
 149 171  1
 179 171  1
  23 172  1
  75 172  1
 117 172  1
 170 172  1
 232 172  1
 234 172  1
  21 173  1
  83 173  1
 131 174  1
  15 176  1
 125 176  1
 126 176  1
 221 176  1
 225 176  1
  69 178  1
 119 178  1
 163 178  1
 165 178  1
 167 178  1
  43 179  1
  44 179  1
 108 179  1
 129 179  1
 175 179  1
 176 179  1
  27 180  1
  28 180  1
  29 180  1
  51 180  1
  52 180  1
  65 180  1
  45 181  1
 217 181  1
 218 181  1
 225 181  1
 226 181  1
 277 181  1
 278 181  1
  84 182  1
  95 182  1
  46 183  1
 251 183  1
 262 183  1
  66 185  1
 177 185  1
 218 185  1
 267 185  1
  58 186  1
  85 186  1
  97 186  1
 256 186  1
  23 187  1
  34 187  1
  61 187  1
  73 187  1
  93 187  1
 275 187  1
 276 187  1
 240 188  1
  67 189  1
 258 189  1
  91 190  1
 240 190  1
 259 191  1
 232 192  1
 240 192  1
 252 192  1
  28 193  1
  65 193  1
  75 193  1
 237 193  1
 259 193  1
 224 194  1
 255 194  1
 261 194  1
  60 195  1
  79 195  1
  91 195  1
  92 195  1
 217 195  1
 271 195  1
  30 196  1
 232 196  1
 246 196  1
 248 196  1
 220 197  1
 223 197  1
  74 198  1
 235 198  1
 138 199  1
 261 199  1
  43 200  1
 134 200  1
 238 200  1
 123 201  1
 244 201  1
  46 202  1
  71 202  1
  86 202  1
  94 202  1
 101 202  1
 257 202  1
 268 202  1
  53 203  1
 204 203  1
 134 204  1
 140 204  1
 141 204  1
 209 205  1
 246 205  1
  57 206  1
 132 206  1
 196 206  1
  84 207  1
 126 207  1
 236 207  1
 176 208  1
 204 208  1
  74 209  1
  75 209  1
 227 209  1
 239 209  1
  57 210  1
 125 210  1
 191 210  1
 193 210  1
 262 210  1
  99 211  1
 198 211  1
 200 211  1
 202 211  1
 208 211  1
 195 213  1
 206 213  1
 222 213  1
  49 214  1
  79 214  1
 123 214  1
 124 214  1
 226 214  1
 260 214  1
  94 215  1
 185 215  1
  52 216  1
 113 216  1
  67 217  1
 128 217  1
 130 217  1
 189 218  1
 224 218  1
  80 219  1
 111 220  1
 133 221  1
 134 221  1
 135 221  1
 183 221  1
 184 221  1
  79 222  1
  83 222  1
  88 222  1
 122 222  1
 123 222  1
 178 222  1
 179 222  1
 253 222  1
  90 223  1
 102 223  1
 103 223  1
 109 223  1
 234 223  1
 227 224  1
 228 224  1
 252 224  1
  93 225  1
 250 225  1
  68 226  1
  70 226  1
 100 226  1
 160 226  1
 161 226  1
 190 226  1
 191 226  1
 235 226  1
  73 227  1
  99 228  1
 155 228  1
 229 228  1
 151 229  1
 152 229  1
 182 229  1
 147 230  1
 193 230  1
  92 231  1
 106 231  1
 117 231  1
 189 231  1
  96 232  1
 164 232  1
 175 232  1
 223 232  1
 159 233  1
 197 233  1
 228 233  1
 240 234  1
 144 235  1
 145 235  1
 155 235  1
 117 237  1
 118 237  1
 188 237  1
 206 237  1
  89 238  1
 156 238  1
 164 238  1
 199 238  1
 200 238  1
 174 239  1
 175 239  1
 233 239  1
 135 241  1
 195 242  1
 197 242  1
 209 242  1
 126 243  1
 127 243  1
 140 243  1
 141 243  1
 187 243  1
 171 244  1
 210 244  1
 177 245  1
 223 245  1
 224 245  1
 175 246  1
 202 246  1
 139 247  1
 189 247  1
 215 248  1
 157 249  1
 166 249  1
 182 249  1
 183 249  1
 188 249  1
 212 249  1
 130 251  1
 172 251  1
 198 253  1
 180 256  1


count = 950