 140   1  1
 190   6  1
 198   8  1
 200   9  1
 159  10  1
 160  10  1
 180  11  1
 184  11  1
 203  11  1
 204  11  1
 147  14  1
 149  14  1
 151  14  1
 211  14  1
 214  15  1
 219  17  1
 177  18  1
 100  19  1
 152  19  1
 153  19  1
 106  20  1
 107  20  1
 228  20  1
  91  21  1
  85  22  1
  97  22  1
 180  22  1
 186  22  1
  92  23  1
 100  23  1
  79  24  1
 190  24  1
  85  25  1
 234  25  1
  81  27  1
 186  27  1
  56  28  1
 109  28  1
 122  29  1
 239  29  1
  51  30  1
  87  30  1
 113  31  1
 184  31  1
 228  31  1
 243  31  1
  48  32  1
  77  33  1
  91  33  1
 116  33  1
 117  33  1
 226  33  1
 151  36  1
 153  36  1
 193  37  1
 121  39  1
 127  40  1
 128  40  1
 105  41  2
  92  42  1
 122  42  1
 135  42  1
 198  42  1
 255  42  1
 113  43  1
 202  43  1
 108  44  1
 135  44  1
 183  44  1
 184  44  1
 115  45  1
 202  45  1
 212  45  1
 248  45  1
  94  47  1
 134  47  1
 210  47  1
 213  47  1
 216  47  1
 259  47  1
 177  48  1
 191  48  1
 192  48  1
 205  48  1
 246  48  1
  40  49  1
 171  49  1
 180  49  1
 182  49  1
 196  49  1
 240  49  1
  30  50  1
  54  50  1
  75  50  1
  99  50  1
 205  50  1
 220  50  1
  96  51  1
 212  51  1
 261  51  1
  56  52  1
 102  52  1
 131  52  1
 135  52  1
 205  52  1
 238  52  1
  77  54  1
  78  54  1
  66  55  1
 148  55  1
 236  55  1
 129  56  1
 265  56  1
 266  56  1
 104  57  1
 105  57  1
 132  57  1
 141  57  1
 230  57  1
 231  57  1
 232  57  1
  72  58  1
  74  58  1
  96  58  1
  94  59  1
 105  59  1
 228  59  1
  21  60  1
  69  60  1
 147  60  1
 172  60  1
 142  61  1
 267  61  1
 268  61  1
  20  62  1
  79  62  1
  93  62  1
  90  64  1
  96  64  1
 172  64  1
 103  65  1
 163  65  1
 228  65  1
  57  66  1
  59  66  1
 113  66  1
 134  66  1
  17  67  1
 138  67  1
  88  68  1
 125  68  1
 226  68  1
 241  68  1
 251  68  1
  22  70  1
 145  70  1
 255  70  1
  14  72  1
 152  72  1
 192  72  1
 159  73  1
 161  73  1
 247  73  1
 231  74  1
 260  74  1
 154  75  1
 228  75  1
  37  76  1
 235  76  1
 242  76  1
  32  77  1
  11  78  1
 156  79  1
 158  79  1
 169  80  1
 241  80  1
 156  81  1
 176  81  1
 186  81  1
 251  81  1
 240  82  1
   8  83  1
   9  83  1
 253  83  1
 182  84  1
 178  85  1
 259  85  1
 269  85  1
 276  85  1
   7  86  1
   8  86  1
 157  86  1
 153  87  1
 188  87  1
 226  87  1
 103  88  1
 176  88  1
 177  88  1
 185  88  1
 149  89  1
 172  89  1
 173  89  1
 134  90  1
  97  91  1
 279  91  1
 280  91  1
 140  92  1
 145  92  1
 248  92  1
 150  93  1
 151  93  1
 178  93  1
 223  93  1
 224  93  1
 137  94  1
 162  94  1
 189  94  1
 199  94  1
  92  95  1
 237  95  1
 153  96  1
 155  96  1
 179  96  1
  56  97  1
 202  97  1
 248  97  1
 281  97  1
 282  97  1
  45  98  1
 184  98  1
 190  98  1
 224  98  1
 229  98  1
  60  99  1
 234  99  1
 251  99  2
 136 100  1
 192 100  1
  30 101  2
  31 101  1
  93 101  1
 161 101  1
 165 101  1
 232 101  1
 240 101  1
  49 103  1
  83 103  1
 190 103  1
 191 103  1
  89 104  1
 158 104  1
 226 104  1
 227 104  1
  66 105  1
 184 105  1
 185 105  1
 195 105  1
 248 105  1
 249 105  1
  98 106  1
 100 106  1
 252 106  1
  36 107  1
  81 107  1
 117 108  1
 120 108  1
  44 109  1
  95 109  1
 104 109  1
  85 110  1
  86 110  1
 122 111  1
 155 112  1
 159 112  1
 228 112  1
 118 113  1
 132 113  1
 133 113  1
 223 113  1
 127 114  1
  87 115  1
 215 115  1
  89 116  1
 133 116  1
 134 116  1
 189 116  1
 190 116  1
 153 117  1
  96 118  1
 133 118  1
 139 118  1
 140 118  1
 150 118  1
 179 118  1
 184 118  1
 200 118  1
 218 118  1
   2 119  1
   3 119  1
  20 119  1
  69 119  1
 148 119  1
   9 120  1
 114 120  1
 115 120  1
  40 121  1
 201 121  1
  24 122  1
  72 122  1
  90 122  1
 156 122  1
 157 122  1
 276 122  1
 277 122  1
  96 123  1
 136 123  1
 177 123  1
 178 123  1
 188 123  1
  49 124  1
  65 124  1
  82 124  1
  86 124  1
 130 124  1
 226 124  1
 227 124  1
  76 125  1
 114 125  1
 143 125  1
 145 125  1
 271 125  1
  14 126  1
  15 126  1
  16 126  1
 176 126  1
 177 126  1
 259 126  1
 264 126  1
  43 127  1
  70 127  1
  71 127  1
 189 127  1
 199 127  1
 219 127  1
 239 127  1
 271 127  1
 176 128  1
 184 128  1
 193 128  1
 229 128  1
   3 129  1
   4 129  1
  54 129  1
  59 129  1
 123 129  1
 124 129  1
 136 129  1
 137 129  1
 147 129  1
 271 129  1
 274 129  1
  81 130  1
  85 130  1
 115 130  1
 116 130  1
 176 130  1
 177 130  1
 197 130  1
 262 130  1
 276 130  1
 277 130  1
  96 131  1
 233 131  1
 253 131  1
  14 132  1
  21 132  1
  40 132  1
  41 132  1
 118 132  1
 218 132  1
 229 132  1
 266 132  1
  25 133  1
  36 133  1
  90 133  1
 185 133  1
 199 133  1
 225 133  1
   1 134  1
   2 134  1
 140 134  1
 154 134  1
 156 134  1
 229 134  1
  81 135  1
  82 135  1
 149 135  1
 100 136  1
 238 136  1
 267 136  1
  28 137  1
  84 137  1
 178 137  1
 192 137  1
 231 137  1
   6 138  1
  13 138  1
  95 138  1
  97 138  1
 268 138  1
   1 139  1
  92 140  1
  99 140  1
 181 141  1
 185 141  1
  25 142  1
 159 142  1
 188 142  1
 190 142  1
 122 143  1
 125 143  1
 153 143  1
 266 143  1
 267 143  1
 114 144  1
 115 144  1
 209 144  1
 210 144  1
  30 145  1
  18 146  1
  90 146  1
 155 146  1
 156 146  1
 254 146  1
 263 146  1
 265 146  1
 108 147  1
 211 147  1
 258 147  1
   1 148  1
  14 148  1
  78 148  1
 119 148  1
 265 148  1
  76 150  1
  88 150  1
  97 151  1
  98 151  1
 125 152  1
 158 152  1
 273 153  1
  46 154  1
 158 154  1
  14 155  1
  19 155  1
  43 155  1
  44 155  1
  73 155  1
 117 155  1
 148 155  1
 224 155  1
 233 155  1
 207 156  1
 229 156  1
 260 156  1
 162 157  1
 180 157  1
 181 157  1
 254 157  1
  85 158  1
 116 158  1
 185 158  1
  15 159  1
  19 159  1
 113 159  1
 103 160  1
 133 160  1
  79 161  1
 166 161  1
 237 161  1
 142 162  1
 144 162  1
 184 162  1
 185 162  1
 232 162  1
  19 163  1
  79 163  1
  94 163  1
 174 163  1
 236 163  1
   2 164  1
   3 164  1
  38 165  1
  69 165  2
  70 165  1
  82 165  1
 174 165  1
 261 165  1
 150 166  1
 151 166  1
 152 166  1
 181 166  1
 182 166  1
   3 167  1
   4 167  1
 165 167  1
 166 167  1
 167 167  1
 173 167  1
 185 168  1
  21 169  1
 230 169  1
 231 169  1
 153 170  1
 187 170  1
 101 171  1
 102 171  1
 114 171  1
 109 172  1
 156 172  1
 181 172  1
 182 172  1
 223 172  1
 253 172  1
 190 173  1
 191 173  1
  35 174  1
  45 174  1
 169 174  1
 223 174  1
 161 175  1
 223 176  1
 265 176  1
  13 177  1
  17 177  1
 178 177  1
 179 177  1
 235 177  1
 169 178  1
 258 178  1
 262 178  1
   7 179  1
   8 179  1
  35 179  1
 253 179  1
  38 180  1
 239 180  1
 235 181  1
 255 181  1
 270 181  1
   8 182  1
   9 182  1
  28 182  1
 173 182  1
 231 182  1
 233 182  1
  21 183  1
 256 183  1
  37 184  1
  43 184  1
  46 184  1
 144 184  1
 152 185  1
 176 185  1
 189 185  1
 190 185  1
 191 185  1
 260 185  1
 178 186  1
 183 186  1
  10 187  1
  11 187  1
 191 187  1
 192 187  1
 236 187  1
  21 188  1
  27 188  1
 155 188  1
 219 188  1
 227 188  1
 232 188  1
 201 189  1
 247 189  1
 253 189  1
 196 190  1
 226 190  1
  24 191  1
 121 191  1
 151 191  1
 208 191  1
 245 191  1
 257 191  1
  37 192  1
 265 192  1
 240 193  1
  14 194  1
  27 194  1
  33 194  1
  35 194  1
 131 194  1
 143 194  1
 212 194  1
 228 194  1
 229 194  1
 150 195  1
 222 195  1
 235 195  1
 236 195  1
  38 197  1
 119 197  1
 149 197  1
 261 197  1
  16 198  1
 103 199  1
 116 199  1
 146 199  1
 167 199  1
 239 199  1
 245 199  1
 112 200  1
 165 200  1
 231 200  1
 226 201  1
 259 201  1
 143 202  1
 159 202  1
 163 202  1
 224 203  1
 149 204  1
 113 205  1
 240 205  1
 231 206  1
 232 206  1
 140 207  1
 147 208  1
 203 208  1
 159 209  1
 200 209  1
  41 210  1
  42 210  1
 115 210  1
 132 210  1
 138 210  1
 162 210  1
  86 211  1
  31 212  1
 128 212  1
 183 213  1
 201 213  1
 252 213  1
  34 214  1
  44 214  1
  45 214  1
  46 214  1
 124 215  1
 196 215  1
  93 216  1
  62 217  1
 180 217  1
 235 217  1
 125 218  1
  83 219  1
  94 219  1
  96 219  1
 246 220  1
  52 221  1
  59 221  1
 127 221  1
 177 221  1
 178 221  1
  70 222  1
  71 222  1
  72 222  1
  79 222  1
 163 222  1
 245 222  1
 132 223  1
 133 223  1
 204 223  1
 205 223  1
 243 223  1
 130 224  1
  61 225  1
  62 225  1
  89 225  1
 178 225  1
 231 225  1
  46 226  1
  47 226  1
  83 226  1
 169 226  1
 203 227  1
 204 227  1
  50 228  1
  74 229  1
  75 229  1
 126 229  1
 172 229  1
 219 229  1
 226 229  1
  55 231  1
 175 231  1
 177 231  1
 234 231  1
 128 232  1
 221 232  1
  58 233  1
  81 235  1
 131 236  1
 132 236  1
 146 236  1
 147 236  1
  65 237  1
 225 237  1
  79 238  1
  88 238  1
  89 238  1
  95 239  1
  96 239  1
 129 239  1
 135 239  1
 124 240  1
 215 240  1
 141 241  1
 143 241  1
 211 241  1
 120 243  1
 134 244  1
 135 244  1
 115 245  1
 116 245  1
 111 246  1
 200 246  1
 201 246  1
 136 247  1
 169 247  1
  91 248  1
 111 248  1
 197 248  1
  96 249  1
 136 249  1
 192 250  1
 105 251  1
 189 251  1
 115 253  1


count = 745