 164   1  1
 165   1  1
 179   1  1
 183   1  1
 189   3  1
 119   6  1
 174   7  1
 197   7  1
 200   9  1
  89  11  1
 178  11  1
 205  12  1
  79  13  1
 129  13  1
 175  13  1
 197  15  1
 170  17  1
 160  18  1
 180  20  1
 169  21  1
 170  21  1
  57  22  1
 134  23  1
 197  23  1
 198  23  1
 210  23  1
 212  24  1
 213  24  1
 229  24  1
 147  25  1
 157  25  1
 128  26  1
 139  28  1
 141  28  1
 216  28  1
  64  29  1
  68  29  1
 237  29  1
 142  30  1
  62  31  1
 169  31  1
 241  31  1
 192  32  1
 196  32  1
  64  33  1
  69  34  1
  70  34  1
 104  34  1
 163  35  1
 210  35  1
 158  37  1
 225  37  1
 171  39  1
 223  39  1
 100  40  1
 101  40  1
  36  41  1
 171  41  1
 210  41  1
 100  42  1
 166  42  1
 224  42  1
 178  43  1
 193  43  1
 194  43  1
  69  44  1
  70  44  1
 110  44  1
 111  44  1
 238  44  1
 239  44  1
  60  46  1
  69  46  1
  70  46  1
  30  47  1
  55  47  1
 111  47  1
 171  47  1
 185  47  1
 186  47  1
 189  47  1
  94  48  1
 238  48  1
  66  49  1
  67  49  1
 108  49  1
 206  49  1
 207  49  1
  28  50  1
  80  50  1
 216  50  1
 221  50  1
 233  51  1
  87  53  1
 107  53  1
 167  53  1
  59  54  1
  40  55  1
  41  55  1
 203  55  1
 204  55  1
  60  57  1
  72  57  1
  73  57  1
  86  57  1
 134  57  1
 135  57  1
  79  58  1
 139  58  1
 265  59  1
 266  59  1
  20  60  1
  77  60  1
  70  61  1
 149  61  1
 145  62  1
 267  62  1
 268  62  1
  46  63  1
  47  63  1
 172  64  1
 173  64  1
 233  64  1
 222  65  1
 260  65  1
  78  66  1
  79  66  1
 147  66  1
 229  66  1
  71  67  1
  72  67  1
  73  67  1
  38  69  1
  50  69  1
  51  69  1
 150  69  1
 166  69  1
  75  70  1
 196  70  1
 219  70  1
 220  70  1
 272  70  1
 273  70  1
 232  71  1
  12  72  1
 130  72  1
 155  72  1
 171  73  1
 172  73  1
 218  73  1
 228  73  1
 222  74  1
 235  74  1
  42  75  1
 197  75  1
 198  75  1
 203  75  1
 204  75  1
 216  75  1
  49  77  1
 223  77  1
 235  78  1
 194  81  1
 195  81  1
 199  81  1
 245  84  1
   6  85  1
   7  85  1
 269  85  1
 271  85  1
 272  85  1
 219  86  1
 280  86  1
 281  86  1
 191  87  1
 133  89  1
 249  89  1
 281  89  1
 282  89  1
 113  90  1
 206  90  1
 268  90  1
  94  91  1
  95  91  1
 256  91  1
 258  91  1
 235  92  1
 116  93  1
 239  93  1
  13  94  1
 135  94  1
 215  94  1
 216  94  1
 243  94  1
 274  94  1
 122  95  1
 154  96  1
 156  96  1
 192  96  1
 193  96  1
 215  96  1
 219  96  1
 220  96  1
  84  97  1
  85  97  1
  92  97  1
  93  97  1
  12  98  1
  13  98  1
 149  98  1
 214  98  1
 215  98  1
 231  98  1
 200  99  1
 201  99  1
 228 100  1
 101 101  1
 141 101  1
 219 101  1
 220 101  1
  16 102  1
  17 102  1
 154 102  1
 156 102  1
 180 102  1
 223 102  1
 109 104  1
 120 104  1
 245 104  1
  11 105  1
  60 107  1
 247 107  1
  86 108  1
 252 108  1
 272 108  1
 275 109  1
 202 110  1
 203 110  1
 282 110  1
 283 110  1
  20 112  1
  61 112  1
  76 113  1
 253 113  1
 254 113  1
  25 114  1
  61 114  1
 201 115  1
 202 115  1
   1 116  1
  78 116  1
 107 116  1
 129 116  1
 125 117  1
   5 118  1
  10 118  1
  14 118  1
 197 118  1
  36 119  1
 125 119  1
 161 119  1
 162 119  1
  73 120  1
  95 120  1
 129 120  1
 130 120  1
  57 121  1
  58 121  1
  63 121  1
 185 121  1
 188 121  1
 252 121  1
 276 121  1
  54 122  1
  79 122  1
 124 122  1
 195 122  1
 200 122  1
 273 123  1
 156 124  1
 253 124  1
   7 125  1
  43 125  1
 109 125  1
 140 125  1
 181 125  1
 200 125  1
  48 126  1
  51 126  1
 102 126  1
 131 126  1
 176 126  1
  37 127  1
 222 127  1
 223 127  1
 224 127  1
 227 127  1
 256 127  1
  44 128  1
  45 128  1
 271 128  1
   2 129  1
  10 129  1
  30 129  1
  60 129  1
 250 129  1
  44 130  1
  54 130  1
 175 130  1
  33 131  1
 186 131  1
 280 131  1
 281 131  1
  53 132  1
 210 132  1
 217 132  1
   9 133  1
  22 133  1
  27 133  1
 274 133  1
  94 134  1
 202 134  1
 229 134  1
 239 134  1
 240 134  1
 278 134  1
   5 135  1
 148 135  1
 247 135  1
  58 136  1
 181 137  1
 124 138  1
 156 138  1
 157 138  1
 241 138  1
   8 139  1
  27 139  1
 255 139  1
  19 140  1
 100 140  1
 146 141  1
 147 141  1
 167 141  1
 184 141  1
 272 141  1
  50 142  1
  92 142  1
  93 142  1
 128 142  1
 141 142  1
  41 143  1
 134 143  1
 158 143  1
 137 144  1
 139 144  1
 191 144  1
 263 144  1
   9 145  1
  36 145  1
  41 145  1
  90 145  1
  30 146  1
 154 146  1
  41 147  1
 132 147  1
 164 147  1
  13 148  1
  21 148  1
  44 148  1
  97 148  1
 100 148  1
 101 148  1
 102 148  1
  25 149  1
  51 149  1
  52 149  1
 127 149  1
 172 149  1
 265 149  1
  88 150  1
  89 150  1
 155 150  1
  44 151  1
  33 152  1
 120 152  1
 167 152  1
 248 152  1
 250 152  1
 100 153  1
 101 153  1
 262 153  1
 263 153  1
 158 154  1
 159 154  1
 274 154  1
 103 155  1
  13 157  1
  16 157  1
  86 157  1
 253 157  1
 147 158  1
 193 158  1
 184 159  1
 273 159  1
 274 159  1
 227 160  1
 228 160  1
  24 161  1
  25 161  1
 106 161  1
 107 161  1
 191 161  1
 192 161  1
 251 161  1
  14 162  1
  85 162  1
 159 162  1
 201 162  1
 234 162  1
 235 162  1
   8 163  1
   9 163  1
 268 164  1
  84 165  1
 240 165  1
  17 166  1
 117 166  1
  27 167  1
  28 167  1
 225 167  1
 262 167  1
 128 168  1
 240 168  1
 246 168  1
  28 169  1
 115 169  1
 232 169  1
 249 169  1
 268 169  1
  10 170  1
  11 170  1
 128 170  1
 238 170  1
 279 170  1
 280 170  1
 110 171  1
 249 171  1
 268 171  1
 212 172  1
 194 173  1
 195 173  1
 249 173  1
 272 174  1
  36 175  1
 266 175  1
 262 176  1
 276 177  1
 277 177  1
  47 178  1
  12 179  1
  13 179  1
  39 180  1
  40 180  1
 172 180  1
 186 180  1
 199 180  1
 200 180  1
 204 180  1
 205 180  1
 178 181  1
 195 181  1
 237 182  1
 248 182  1
  25 183  1
 253 183  1
 274 183  1
 185 184  1
  14 185  1
  26 187  1
 161 187  1
 272 187  1
  16 188  1
  17 188  1
 249 188  1
 250 188  1
 214 189  1
 229 189  1
 256 189  1
 258 189  1
 260 189  1
 166 190  1
 141 191  1
 200 191  1
 201 191  1
 250 191  1
 135 192  1
 212 192  1
  42 193  1
 147 193  1
 208 193  1
 131 194  1
 256 194  1
  79 195  1
  80 195  1
 213 195  1
  41 196  1
 205 196  1
 217 196  1
 263 196  1
 127 197  1
  40 198  1
  41 198  1
  94 199  1
 170 199  1
 213 199  1
 260 200  1
 195 201  1
 226 201  1
 182 202  1
 217 203  1
 227 203  1
  38 205  1
  83 205  1
  84 205  1
 138 205  1
 155 205  1
 156 205  1
  41 206  1
  76 206  1
 129 206  1
 258 206  1
 259 206  1
  74 207  1
  87 207  1
  89 207  1
 204 207  1
  42 209  1
 131 209  1
 234 209  1
 257 209  1
 258 209  1
 201 210  1
 208 210  1
 211 210  1
 239 211  1
  76 212  1
 132 212  1
 133 212  1
 176 212  1
 220 212  1
  54 213  1
  58 213  1
 161 213  1
 125 214  1
 177 214  1
 238 214  1
 255 214  1
 256 214  1
  68 215  1
  75 215  1
 149 215  1
 161 215  1
 162 215  1
  50 216  1
 177 216  1
 178 216  1
 183 216  1
 186 216  1
 202 216  1
 165 217  1
 245 217  1
 246 217  1
  43 218  1
  44 218  1
 144 218  1
 156 218  1
 158 218  1
 192 218  1
 112 219  1
 125 219  1
  72 220  1
  73 220  1
  77 220  1
 160 220  1
 122 221  1
 147 221  1
 148 221  1
 165 221  1
 203 224  1
 247 224  1
 143 225  1
 147 225  1
 175 226  1
 136 227  1
 148 227  1
 182 228  1
 184 228  1
 178 229  1
  54 230  1
 125 230  1
 126 230  1
 136 232  1
 149 232  1
 153 232  1
 193 232  1
 194 232  1
 169 233  1
 142 234  1
 127 235  1
 145 236  1
 147 236  1
  66 238  1
 190 238  1
  71 240  1
 154 240  1
 174 240  1
 143 241  1
 158 241  1
  77 242  1
 197 242  1
 198 242  1
 218 242  1
  83 244  1
 192 244  1
 193 244  1
 114 245  1
 124 245  1
 125 245  1
 129 245  1
 159 245  1
 163 245  1
 183 245  1
 132 246  1
 144 246  1
 199 246  1
  98 248  1
 188 248  1
 193 248  1
 158 249  1
 164 249  1
 175 249  1
 141 250  1
 107 251  1
 147 251  1
 110 252  1
 114 253  1
 119 254  1
 123 255  1
 187 255  1
 128 256  1


count = 650