 154   1  1
 165   1  1
 123   5  1
 149   6  1
 140   8  1
 145   9  1
 147   9  1
 161  10  1
 201  10  1
 126  11  1
 131  11  1
 147  11  1
 182  12  1
 116  13  1
 166  13  1
  87  14  1
 206  14  1
 207  14  1
 182  15  1
 186  15  1
 187  15  1
 120  16  1
 121  16  1
 141  16  1
 211  16  1
  83  17  1
  91  18  1
 112  18  1
 139  19  1
  76  20  1
 118  20  1
  73  22  1
 170  22  1
 145  23  1
 146  23  1
  71  24  1
 165  24  1
 166  24  1
 184  24  1
 188  24  1
 110  25  1
 136  25  1
 119  26  1
 120  26  1
 227  26  1
  66  27  1
  76  27  1
 172  27  1
 139  28  1
 193  29  1
  79  30  1
  82  30  1
  90  30  1
  91  30  1
 114  30  1
 167  30  1
 168  30  1
  73  32  1
  86  32  1
 148  32  1
 200  32  1
 152  33  1
 153  33  1
 190  33  1
  52  34  1
  64  34  1
 110  34  1
 111  34  1
 189  35  1
  49  36  1
  92  36  1
  93  36  1
  61  37  1
 198  37  1
 199  37  1
  57  38  1
 152  38  1
  87  39  1
  88  39  1
 108  39  1
 109  39  1
 114  39  1
 130  39  1
 131  39  1
  44  40  1
 121  40  1
 181  40  1
 241  40  1
 219  42  1
 118  43  1
 131  43  1
 150  43  1
  46  44  1
  87  44  1
 104  44  1
 183  44  1
 198  44  1
 189  45  1
 190  45  1
  60  46  1
  92  46  1
  93  46  1
 125  46  1
 183  46  1
 184  46  1
 218  46  1
  37  47  1
  52  47  1
  35  48  1
  42  48  1
  44  48  1
 118  49  1
  53  51  1
 126  51  1
 128  51  2
 250  52  1
  56  54  1
  58  54  1
 103  54  1
 104  54  1
 254  54  1
 207  55  1
 225  56  1
 233  57  1
  94  58  1
 221  58  1
 222  58  1
  23  59  1
 106  59  1
 257  59  1
  44  60  1
  56  60  1
  57  60  1
 100  60  1
 235  60  1
  46  61  1
 207  61  1
 208  61  1
 219  61  1
  48  62  1
  51  64  1
  52  64  1
  62  64  1
 261  64  1
  36  65  1
  43  65  1
  55  65  1
  56  65  1
  71  66  1
  97  66  1
  16  67  1
 232  69  1
 256  70  1
  14  71  1
  95  71  1
 250  71  1
  29  73  1
  17  74  1
  18  74  1
  44  74  1
  45  74  1
 223  74  1
 236  76  1
 152  77  1
 160  77  1
 219  77  1
 232  77  1
 245  77  1
 150  78  1
 154  78  1
 156  78  1
 223  78  1
 224  78  1
 224  80  1
 229  80  1
 161  81  1
 215  82  1
 232  83  1
 237  84  1
   6  86  1
   7  86  1
 179  86  1
 275  86  1
 238  87  1
 179  88  1
 213  88  1
 256  88  1
  19  89  1
  21  89  1
  51  89  1
 182  89  1
 223  89  1
 268  89  1
  46  90  1
  56  90  1
  58  90  1
 219  90  1
 256  90  1
  13  91  1
  18  91  1
 165  91  1
 181  91  1
 233  91  1
 170  92  1
 171  92  1
 261  92  1
 277  92  1
 278  92  1
 235  93  1
 266  93  1
 267  93  1
 158  94  1
 228  94  1
   9  95  1
  11  95  1
  22  95  1
  65  95  1
  66  95  1
 179  95  1
 180  95  1
   2  96  1
   3  96  1
 273  96  1
 274  96  1
  58  97  1
 140  97  1
 141  97  1
 223  97  1
  62  98  1
  80  98  1
 129  98  1
 167  98  1
 175  98  1
 243  98  1
 245  98  1
 279  98  1
 280  98  1
  68  99  1
 125  99  1
 163  99  1
 216  99  1
  55 100  1
  74 100  1
 150 100  1
 223 100  1
  78 101  1
 160 101  1
 171 101  1
 208 101  1
 273 101  1
 274 101  1
  96 102  1
  97 102  1
 115 102  1
 120 102  1
 191 102  1
 214 102  1
 262 102  1
 235 103  1
 236 103  1
 167 104  1
 231 104  1
  81 105  1
 124 105  1
 164 105  1
 250 105  1
  66 106  1
 147 106  1
 157 106  1
 242 106  1
  29 107  1
 149 107  1
 262 107  1
 263 107  1
 269 107  1
   7 108  1
 118 108  1
  54 109  1
  62 109  1
 186 109  1
 187 109  1
   1 110  1
  47 110  1
  81 110  1
  85 110  1
 237 110  1
 250 110  1
  32 111  1
  33 111  1
  37 111  1
 239 111  1
 149 112  1
 164 112  1
 273 112  1
  65 113  1
  66 113  1
 144 113  1
 156 113  1
 158 113  1
 151 114  1
  75 115  1
  86 115  1
  87 115  1
  88 115  1
 156 115  1
  92 116  1
 162 116  1
 268 116  1
  58 117  1
  63 117  1
 226 117  2
 227 117  1
 246 117  1
  81 118  1
  82 118  1
 280 118  1
 281 118  1
   5 119  1
   6 119  1
 139 119  1
 229 119  1
  71 120  1
   1 121  1
  78 121  1
  79 121  1
  94 121  1
 108 122  1
 154 122  1
 251 122  1
  15 123  1
  48 123  1
 111 123  1
 112 123  1
 217 123  3
 218 123  1
 219 123  1
  23 124  1
  53 124  1
 236 124  1
  30 125  1
 149 125  1
  92 126  1
  97 126  1
 116 126  1
 143 126  1
 275 126  1
 276 126  1
   2 127  1
   3 127  1
  45 127  1
  46 127  1
 220 127  1
 251 127  1
  33 128  1
  34 128  1
  54 128  1
  67 128  1
 103 128  1
 135 128  1
 193 128  1
 235 128  1
 246 128  1
   3 129  1
  20 129  1
  41 129  1
 129 129  1
 179 129  1
 181 130  1
 104 131  1
 223 131  1
 281 131  1
 282 131  1
   7 132  1
  18 132  1
  93 132  1
   2 133  1
   3 133  1
  33 133  1
  50 133  1
  72 133  1
  96 133  1
 115 133  1
 223 133  1
 243 133  1
  48 134  1
  61 134  1
  63 134  1
 111 134  1
 130 134  1
 182 134  1
 269 134  1
  20 135  1
 206 135  1
 250 135  1
  16 136  1
  46 136  1
 105 136  1
 106 136  1
 192 136  1
  72 137  1
  94 137  1
 117 137  1
 125 137  1
   1 138  1
 105 138  1
 119 138  1
 158 138  2
 255 138  1
  14 139  1
  99 139  1
 253 139  1
 261 139  1
 262 139  1
 105 140  1
 245 140  1
 276 140  1
 277 140  1
 278 140  1
  55 141  1
 112 141  1
 269 141  1
  75 142  1
 119 142  1
 240 142  1
  50 143  1
 198 143  1
 141 144  1
 195 144  1
 196 144  1
 240 144  1
 251 144  1
 110 145  1
 165 145  1
 166 145  1
 273 145  1
  19 146  1
  25 146  1
  35 146  1
 104 146  1
 241 146  1
  39 147  1
  68 147  1
 142 147  1
 169 147  1
 208 147  1
 264 147  1
  57 148  1
  66 148  1
  72 148  1
 260 148  1
   1 149  1
 266 149  1
   6 150  1
  53 150  1
 211 150  1
 230 150  1
 231 150  1
 245 150  1
 151 151  1
 215 151  1
 216 151  1
  57 152  1
  75 152  1
  98 152  1
 157 152  1
 277 152  1
   9 153  1
  43 153  1
  49 153  1
  51 153  1
  66 153  1
 163 153  1
 164 153  1
  75 154  1
  53 155  1
  86 155  1
 273 155  1
  75 156  1
 160 156  1
 275 156  1
 170 157  1
 171 157  1
 270 157  1
  45 159  1
 149 159  1
 244 159  1
 165 160  1
  93 161  1
  95 161  1
 234 161  1
  11 162  1
  60 162  1
 171 162  1
 227 162  1
 242 162  1
 243 162  1
 263 162  1
 143 163  1
   2 164  1
   3 164  1
  13 164  1
 265 164  1
  63 165  1
 154 165  1
 270 165  1
  28 166  1
  49 167  1
  56 167  1
 128 168  1
 161 168  1
 182 168  1
 183 168  1
 241 168  1
 251 168  1
 252 168  1
 260 168  1
 273 168  1
 274 168  1
 275 168  1
  54 169  1
  64 169  1
 114 169  1
 163 169  1
 132 170  1
 145 170  1
  13 171  1
 186 171  1
 235 171  1
 279 171  1
 241 172  1
 132 173  1
 135 174  1
 174 174  1
  12 175  1
  20 175  1
  25 175  1
  34 175  1
 177 175  1
  51 176  1
 182 176  1
 277 176  1
 278 176  1
 234 177  1
  21 178  1
  78 178  1
  35 179  1
  45 179  1
  46 179  1
 196 179  1
   7 180  1
 231 180  1
  80 181  1
 196 181  1
 275 181  1
 222 182  1
  80 183  1
 135 183  1
  81 185  1
  83 185  1
 222 186  1
  94 187  1
 133 187  1
 164 187  1
  67 188  1
 168 188  1
 208 188  1
 212 188  1
 225 188  1
 226 188  1
  78 189  1
 137 189  1
 138 189  1
  89 190  1
  96 190  1
 214 191  1
  70 193  1
 231 193  1
  17 194  1
  18 194  1
 268 194  1
  99 195  1
 207 196  1
 208 196  1
  19 197  1
  20 197  1
  78 197  1
  79 197  1
  85 197  1
  91 197  1
 266 197  1
  60 198  1
  66 198  1
  67 198  1
  96 198  1
 224 198  1
 225 198  1
  56 199  1
  89 199  1
 175 200  2
 181 200  1
 185 200  1
  68 201  1
  69 201  1
  76 201  1
 172 202  1
  54 203  1
  91 203  1
 263 203  1
  86 204  1
 177 204  1
 186 204  1
  81 205  1
  82 205  1
  58 206  1
  27 207  1
  76 207  1
  77 207  1
 102 207  1
  53 208  1
  97 208  1
  28 209  1
  51 209  1
  68 209  1
 159 209  1
 160 209  1
  90 210  1
  91 210  1
 258 210  1
  32 211  1
  81 211  1
  82 211  1
 173 211  1
  51 213  1
 182 213  1
  94 214  1
 172 214  1
 173 214  1
 186 214  1
  37 215  1
  38 215  1
  46 215  1
  58 215  1
 101 215  1
 158 215  1
 198 215  1
 176 216  1
  41 217  1
  51 217  1
 108 217  1
 164 217  1
 192 217  1
 193 217  1
 185 218  1
  75 219  1
 190 219  1
  57 220  1
 187 220  1
 236 220  1
  47 221  1
 174 221  1
  59 222  1
  60 222  1
  82 222  1
  90 222  1
 246 222  1
 171 223  1
  63 224  1
 176 224  1
 178 224  1
 180 224  1
 207 224  1
  52 225  1
  53 225  1
 212 225  1
  78 226  1
 148 226  1
 149 226  1
 150 226  1
  96 227  1
 120 227  1
 121 227  1
 181 227  1
 186 227  1
 203 227  1
 204 227  1
  58 228  1
 239 228  1
 154 229  1
 155 229  1
 217 229  1
  61 230  1
 150 230  1
 151 230  1
  88 232  1
  89 232  1
 184 232  1
  66 233  1
 164 233  1
 177 233  1
 196 233  1
 205 233  1
 206 233  1
 232 233  1
 188 234  1
 172 235  1
  71 236  1
 181 236  1
 195 236  1
 196 236  1
 155 237  1
 164 237  1
 165 237  1
 150 238  1
 176 238  1
 190 238  1
 201 238  1
 202 238  1
 207 239  1
 211 239  1
  76 240  1
 157 240  1
 158 240  1
 170 240  1
 202 240  1
 222 240  1
 126 242  1
 117 243  1
 195 244  1
 114 245  1
 115 245  1
 172 245  1
 185 245  1
 130 246  1
 176 246  1
 103 247  1
 124 248  1
 152 248  1
 173 248  1
 202 249  1
 118 250  1
 152 252  1
 159 253  1
 144 256  1
 159 257  1


count = 744