 162   1  1
 186   1  1
 197   2  1
 202   3  1
 204   4  1
 206   4  1
 209   5  1
 139   6  1
 136   7  1
 180   7  1
 132   8  1
 134   8  1
 218   9  1
 126  10  1
 179  10  1
 122  12  1
 223  12  1
 120  14  1
 132  15  1
 176  15  1
 228  15  1
 113  16  1
 115  16  1
 182  17  1
 127  18  1
 174  18  1
 129  19  1
 131  19  1
 223  19  1
 235  19  1
 221  20  1
 171  21  1
 180  21  1
  93  24  1
 219  25  1
 105  26  1
 216  26  1
 216  28  1
 132  29  1
 105  30  1
 135  31  1
 143  31  1
 173  31  1
 174  31  1
  56  32  1
  79  33  1
 113  33  1
 214  35  1
  41  36  1
 115  36  1
 211  37  1
 173  39  1
 174  39  1
 189  39  1
 105  40  1
 109  40  1
 164  40  1
 169  40  1
  70  41  1
  71  41  1
 260  41  1
  35  42  1
  93  42  1
 176  42  1
 123  44  1
 177  44  1
 187  44  1
 128  45  1
 129  45  1
 135  45  1
 169  45  1
 262  45  1
 263  45  1
  33  46  1
 174  46  1
 129  47  1
 100  48  1
 116  48  1
 117  48  1
 145  48  1
  98  49  1
 147  49  1
 168  49  1
  89  50  1
 152  51  1
 178  51  1
 184  51  1
  47  53  1
  48  53  1
  87  53  1
 114  53  1
 108  54  1
 266  54  1
 267  54  1
 158  55  1
 172  55  1
  84  56  1
  51  57  1
  90  57  1
 153  57  1
 211  57  1
 222  57  1
 187  59  1
 219  59  1
  22  60  1
  23  60  1
 206  60  1
  83  61  1
 162  61  1
 184  61  1
 177  62  1
 162  63  1
 208  63  1
 270  64  1
 271  64  1
 162  65  1
 166  66  1
 228  66  1
  52  67  1
  53  67  1
  67  67  1
 158  67  1
 170  67  1
 180  67  1
 208  67  1
  19  68  1
  20  68  1
  74  68  1
  81  68  1
 174  68  1
 133  69  1
 129  70  1
 183  70  1
 135  72  1
 136  72  1
 179  72  1
  14  73  1
 225  73  1
  71  74  2
 190  74  1
 123  75  1
 194  75  1
  77  77  1
 176  78  1
 203  78  1
  54  80  2
  72  80  1
 195  80  1
 138  81  1
 139  81  1
  10  82  1
  11  82  1
 176  82  1
 177  82  1
 214  82  1
 215  82  1
 183  83  1
 184  83  1
 190  83  1
 191  83  1
 192  83  1
 199  83  1
  57  84  1
 211  85  1
 212  85  1
  63  86  1
 192  90  1
 225  90  1
   6  91  1
 215  92  1
 189  93  1
 211  93  1
 279  93  1
 280  93  1
 235  94  1
 230  95  1
 232  96  1
 241  98  1
 281  98  1
 282  98  1
   2  99  1
   3  99  1
 212  99  1
 217  99  1
 211 101  1
 212 101  1
 226 101  1
 231 101  1
 242 102  1
 244 102  1
   1 104  1
 174 104  1
 180 104  1
 210 106  1
 211 106  1
 219 106  1
 228 106  1
 230 106  1
 231 106  1
 169 107  1
 227 108  1
 166 109  1
 167 109  1
 208 110  1
 196 111  1
 197 111  1
 204 111  1
   1 112  1
  89 112  1
 219 112  1
 233 113  1
 238 113  1
  70 114  1
 174 114  1
 214 114  1
  56 115  1
 202 115  1
 244 115  1
 245 115  1
  44 116  1
   5 117  1
   7 117  1
  50 117  1
  84 117  1
  90 117  1
 221 117  1
 240 117  1
 275 117  1
 276 117  1
 277 117  1
 281 117  1
 282 117  1
  39 118  1
 128 118  1
 188 118  1
  13 119  1
 150 119  1
 206 119  1
 207 119  1
 218 119  1
 249 119  1
  19 120  1
 154 120  1
 195 120  1
 110 121  1
 134 121  1
 209 121  1
 254 121  1
  36 122  1
  94 122  1
  95 122  1
  78 123  1
  80 123  1
 109 123  1
 180 123  1
 245 123  1
 254 123  1
  18 124  1
  41 124  1
 157 124  1
 161 124  1
 212 124  1
 220 124  1
   8 125  1
   9 125  1
  52 125  1
  63 125  1
  90 125  1
 203 125  1
  28 127  1
  85 127  1
  86 127  1
  17 128  1
  18 128  1
 235 128  1
 236 128  1
 260 128  1
 266 128  1
 268 128  1
  41 129  1
  78 129  1
 191 129  1
 230 129  1
 232 129  1
  58 130  1
  59 130  1
  95 130  1
  96 130  1
 224 130  1
 248 130  1
   4 131  1
   5 131  1
  18 131  1
  46 131  1
  62 131  1
  64 131  1
  71 131  1
  78 131  1
 168 131  1
 179 131  1
 274 131  1
  83 132  1
  84 132  1
 108 132  1
 157 132  1
 174 132  1
 196 132  1
 259 132  2
 243 133  1
 155 134  1
 164 134  1
 182 135  1
 116 136  1
 118 136  1
 125 136  1
 148 137  1
 173 137  1
 260 137  1
 132 138  1
 216 138  1
   4 139  1
   5 139  1
 127 139  1
 188 139  1
 194 139  1
 176 140  1
 177 140  1
 183 140  1
 184 140  1
 200 140  1
 214 140  1
 214 142  1
 222 142  1
 176 143  1
 196 143  1
 197 143  1
 208 143  1
 166 144  1
 171 144  1
 213 144  1
 202 146  1
 162 147  1
 207 147  1
 255 153  1
 138 154  1
 143 154  1
 148 154  1
 149 154  1
 252 154  1
 153 156  1
 154 156  1
 252 156  1
 176 157  1
 164 158  1
 165 158  1
 275 158  1
 276 158  1
 174 159  1
 175 159  1
 153 160  1
 146 161  1
 180 161  1
 249 161  1
 150 162  1
 182 162  1
 183 162  1
 188 165  1
 246 166  1
 271 167  1
  59 168  1
 240 168  1
 243 168  1
  54 169  1
 192 170  1
  51 172  1
  17 173  1
 256 173  1
 197 174  1
 199 174  1
 165 175  1
 166 175  1
 170 175  1
 178 175  1
 248 175  1
  75 176  1
  76 176  1
 204 176  1
 206 176  1
 215 176  1
 176 178  1
 236 178  1
 246 178  1
 247 178  1
  45 181  1
 165 181  1
 166 181  1
  38 182  1
  54 182  1
  55 182  1
 231 182  1
  84 183  1
 169 183  1
 183 184  1
 185 184  1
 213 185  1
 262 185  1
  46 186  1
 218 186  1
 237 186  1
 165 187  1
  81 188  1
  82 188  1
 192 188  1
  37 189  1
  50 189  1
 159 189  1
 192 190  1
  41 191  1
  48 191  1
  50 191  1
  76 192  1
 184 192  1
 206 192  1
 202 194  1
 197 196  1
 207 196  1
 146 197  1
 256 197  1
 191 198  1
 136 199  1
 151 199  1
  79 200  1
 197 200  1
  75 201  1
 129 202  1
  91 203  1
 188 203  1
  74 204  1
  75 204  1
 112 204  1
 133 204  1
 186 204  1
 147 205  1
 151 205  1
 123 206  1
 130 206  1
 131 206  1
 144 207  1
  30 209  1
 138 209  1
 248 211  1
  72 212  1
 135 212  1
 130 214  1
  42 215  1
  70 217  1
 244 217  1
 106 219  1
  91 220  1
 119 220  1
 124 220  1
 107 221  1
 240 221  1
  89 222  1
  75 223  1
 117 223  1
 236 223  1
 154 224  1
  84 225  1
  85 225  1
 225 231  1
 133 232  1
  86 233  1
  88 235  1
  94 238  1
 128 240  1
 129 240  1
 130 240  1
 214 240  1
 151 243  1
 152 243  1
 209 243  1
 104 244  1
 107 246  1
 108 246  1
 132 246  1
 114 249  1
 116 249  1
 136 249  1
 147 250  1
 148 250  1
 199 250  1
 182 254  1
 179 255  1
 149 256  1
 154 257  1
 166 257  1


count = 497