 132   1  1
 139   1  1
 154   1  1
 163   1  1
 179   1  1
 122   5  1
 123   5  1
 189   5  1
 190   5  1
 193   7  1
 196   9  1
 112  11  1
 201  12  1
 207  17  1
  83  21  1
 127  26  1
 222  26  1
 132  27  1
  77  28  1
 129  30  1
 227  30  1
 138  32  1
 230  32  1
 131  33  1
  85  36  1
  90  36  1
  99  36  1
 138  36  1
 139  36  1
 107  37  1
 111  37  1
 100  38  1
 112  39  1
 115  39  1
 140  40  1
 239  40  1
  50  41  1
  57  41  1
  91  41  1
  92  41  1
 137  41  2
  80  43  1
  86  43  1
  94  43  1
 100  43  1
 102  43  1
  48  44  1
 104  44  1
 106  44  1
 138  45  1
  71  46  1
  65  48  1
  69  48  1
 133  48  1
  75  49  1
  90  49  1
  91  49  1
 108  49  1
  93  51  1
  94  51  1
 105  51  1
 171  51  1
 159  52  1
 160  52  1
 234  52  1
  98  53  1
  72  55  1
  73  55  1
 165  55  1
  82  56  1
 156  56  1
  43  57  1
  91  58  1
 238  60  1
 240  60  1
  20  61  1
  22  61  1
  80  61  1
 173  61  1
  20  63  1
 179  63  1
 180  63  1
  85  64  1
  87  64  1
 242  65  1
 243  65  1
 194  66  1
  25  67  1
  76  67  1
 184  67  1
 191  67  1
  64  68  1
  29  69  1
 191  69  1
 151  70  1
  24  71  1
  25  71  1
  35  73  1
  28  74  1
 152  74  1
  15  76  1
  16  76  1
 242  76  1
 243  76  1
 270  76  1
  15  78  1
  69  78  1
 144  78  1
 145  78  1
 231  78  1
 233  79  1
 234  79  1
  14  80  1
  15  80  1
 206  80  1
 243  80  1
 155  81  1
 204  81  1
 222  81  1
 224  81  1
  13  83  1
  14  83  1
 201  83  1
 274  83  1
 275  83  1
 244  84  1
 245  84  1
  22  85  1
 201  85  1
  27  86  1
  36  86  1
 164  86  1
 185  87  1
 187  87  1
 199  88  1
 191  90  1
 180  91  1
   6  92  1
 185  92  1
 187  92  1
 189  92  1
  13  93  1
  14  93  1
  15  93  1
 170  94  1
 174  96  1
 189  96  1
  18  98  1
  12  99  1
  13  99  1
  25  99  1
 281  99  1
 282  99  1
   3 100  1
   4 100  1
 176 100  1
 180 100  1
  18 102  1
  23 102  1
  69 103  1
 282 104  1
 283 104  1
   2 105  1
   3 105  1
  16 105  1
  77 105  1
  79 109  1
   1 110  1
 188 110  1
 189 110  1
 218 110  1
 174 111  1
  10 112  1
  82 112  1
 196 112  1
  85 113  1
 172 114  1
 181 114  1
 182 114  1
 183 114  1
  85 115  1
 172 116  1
 193 116  1
   4 117  1
 223 117  1
  10 118  1
 204 119  1
 206 119  1
 192 120  1
 273 120  1
 274 120  1
 275 120  1
   1 121  1
 209 121  1
 210 121  1
 214 122  1
 220 122  1
  87 123  1
  88 123  1
 233 123  1
  17 124  1
  28 124  1
  30 124  1
 225 124  1
 269 124  1
   4 125  1
  54 125  1
  71 125  1
  88 125  1
  50 126  1
  52 126  1
  56 126  1
 108 126  1
 174 126  1
 175 126  1
 205 126  1
 206 126  1
 236 126  1
 243 126  1
 250 126  1
 251 126  1
 253 126  1
  15 127  1
 102 127  1
 131 127  1
 168 127  1
 200 127  1
 201 127  1
 210 127  1
 221 127  1
 247 127  1
 248 127  1
 260 127  1
 262 127  1
 114 128  1
 142 128  1
 181 128  1
  42 129  1
  47 129  1
 281 129  1
 282 129  1
  54 130  1
  87 130  1
 157 130  1
 165 130  1
  32 131  1
  70 131  1
 107 131  1
 108 131  1
 161 131  1
 209 131  1
 244 131  1
 267 131  1
 193 132  1
  23 133  1
 114 133  1
 174 133  1
 175 133  1
 197 133  1
 205 133  1
 222 133  1
 230 133  1
  13 134  1
  77 134  1
  86 134  1
  55 135  1
  96 135  1
 167 135  1
 216 135  1
 218 135  1
 225 135  1
 229 135  1
   5 136  1
  45 136  1
  48 136  1
 151 136  1
 156 136  1
 157 136  1
 274 136  1
 275 136  1
  81 137  1
 172 137  1
 173 137  1
 200 137  1
 277 137  1
  11 138  1
 186 138  1
 187 138  1
 184 139  1
 210 139  1
  23 140  1
 181 140  1
 205 141  1
 206 141  1
  24 142  1
 171 143  1
 172 143  1
 182 144  1
 194 144  1
 179 145  1
  26 146  1
 167 146  1
 201 146  1
 261 147  1
 266 147  1
 270 147  1
   3 150  1
   4 150  1
 166 150  1
 173 152  1
 174 152  1
 253 153  1
 266 153  1
  70 154  1
  74 155  1
  75 155  1
 180 155  1
 257 155  1
  78 157  1
 245 157  1
 266 157  1
 277 158  1
 170 159  1
 174 160  1
 175 160  1
 263 160  1
  71 161  1
  76 161  1
  65 162  1
 244 162  1
 238 164  1
 240 164  1
 261 164  1
 179 165  1
 182 165  1
 183 165  1
 251 165  1
 169 166  1
 179 170  1
 246 170  1
 193 171  1
 280 171  1
 281 171  1
 174 173  1
 183 174  1
 190 174  1
 226 174  1
   5 175  1
   6 175  1
 174 175  1
 222 175  1
 224 175  1
  12 176  1
  13 176  1
 206 176  1
 239 176  1
   6 177  1
 174 177  1
 178 178  1
 219 179  1
 234 181  1
   8 182  1
 184 182  1
 193 182  1
 212 182  1
 206 183  1
 204 184  1
  10 187  1
  11 187  1
  17 187  1
 193 187  1
 226 187  1
 227 187  1
  67 188  1
 179 188  1
 180 188  1
 200 188  1
 273 188  1
  71 189  1
 193 189  1
 195 189  1
  67 190  1
 176 191  1
 227 191  1
 228 191  1
  71 192  1
  26 193  1
 269 193  1
  46 195  1
  68 196  1
  69 196  1
 213 196  1
  28 197  1
  76 198  1
 177 199  1
 178 199  1
  33 200  1
  40 201  1
  41 201  1
 149 201  1
  22 202  1
  33 202  1
  78 202  1
 262 202  1
  39 203  1
  72 203  1
 146 203  1
  34 204  1
  81 204  1
 133 204  1
 134 204  1
  74 205  1
  75 205  1
  90 205  1
 129 206  1
 169 206  1
  26 207  1
 258 207  1
 146 208  1
 102 209  1
 119 209  1
 112 210  1
 127 210  1
 255 211  1
  84 212  1
 112 212  1
 143 212  1
 118 214  1
 122 214  1
  86 215  1
 128 215  1
 140 215  1
 168 215  1
  36 217  1
  79 217  1
  80 217  1
 100 217  1
 175 217  1
 120 218  1
 136 218  1
 131 219  1
  79 220  1
  85 220  1
 103 221  1
 115 221  1
 123 221  1
  42 222  1
  94 222  1
 246 222  1
  45 224  1
 168 224  1
 173 225  1
  48 226  1
 161 227  1
 162 227  1
  52 228  1
  54 228  1
 172 228  1
 240 228  1
 167 230  1
  73 232  1
 172 232  1
 170 235  1
 176 235  1
 174 236  1
 228 237  1
 157 238  1
  95 239  1
 156 240  1
  99 242  1
 172 242  1
 220 243  1
 155 244  1
 153 246  1
 213 246  1
 207 249  1
 165 251  1
 202 251  1
 132 253  1
 140 254  1
 186 257  1


count = 481