 164   1  1
 187   1  1
 122   3  1
 202   4  1
 115   5  1
 109   7  1
 175   7  1
 117  11  1
 131  11  1
 136  11  1
 218  11  1
 130  13  1
 131  13  1
 118  14  1
 173  14  1
 174  14  1
 175  14  1
 181  15  1
 109  16  1
 136  16  1
 172  16  1
 120  17  1
 130  18  1
 131  18  1
 140  18  1
 141  18  1
 145  18  1
 146  18  1
 168  18  1
 169  18  1
  82  19  1
  91  19  1
 180  19  1
  68  20  1
 114  20  1
 146  20  1
  64  22  1
 118  22  1
 119  22  1
 132  22  1
 145  22  1
 146  22  1
 150  22  1
 225  22  1
  77  23  1
 237  23  1
  99  24  1
 171  24  1
  69  25  1
 113  25  1
 137  25  1
 225  25  1
 226  25  1
  58  27  1
  69  27  1
  79  27  1
  80  27  1
  87  27  1
 112  27  1
 242  27  1
  67  28  1
 107  28  1
  72  29  1
 152  29  1
 226  29  1
 115  30  1
 143  30  1
 144  30  1
 221  30  1
  59  32  1
  60  32  1
  77  32  1
 192  32  1
 137  33  1
  83  34  1
  89  35  1
  61  36  1
  62  36  1
 214  36  1
  56  37  1
  90  37  1
  91  37  1
 117  37  1
  79  38  1
  95  38  1
 109  38  1
  84  39  1
  85  39  1
  86  39  1
 253  39  1
 112  40  1
 188  40  1
 202  41  1
 203  41  1
  59  43  1
  94  43  1
 201  44  1
 202  44  1
  40  45  1
 199  45  1
  84  46  1
 117  47  1
  54  48  1
  65  48  1
  69  48  1
 196  49  1
 197  49  1
 210  49  1
 202  50  1
  70  51  1
  71  51  1
 196  51  1
 197  51  1
 260  51  1
  32  52  1
  42  53  1
 100  53  1
 209  53  1
  55  54  1
  55  56  1
  86  56  1
  88  56  1
  29  57  1
  95  57  1
  96  57  1
  97  57  1
  51  58  1
 265  58  1
 101  59  1
  94  61  1
  95  61  1
 268  63  1
  86  64  1
  99  64  1
 100  64  1
  21  65  1
  48  66  1
  49  66  1
  92  66  1
 101  66  1
  53  67  1
  89  67  1
 106  67  1
 262  67  1
  17  69  1
  55  70  1
 109  70  1
 259  70  1
 250  72  1
 119  73  1
 121  73  2
 262  74  1
 272  74  1
 117  77  1
 118  77  1
  12  78  1
 267  79  1
  19  80  1
 125  80  2
 126  80  2
  26  81  1
 121  82  1
 268  82  1
  59  84  1
 127  84  1
 241  85  1
 257  85  1
  26  86  1
 119  86  1
 123  86  1
 173  86  1
 114  87  1
 188  87  1
  53  88  1
  54  88  1
  74  88  1
  75  88  1
 132  88  1
 185  88  1
 237  88  1
 278  88  1
 279  88  1
 193  89  1
  21  90  1
  58  90  1
 128  90  1
 175  90  1
 179  90  1
 248  90  1
 258  90  1
 260  90  1
 255  91  1
 272  91  1
 241  93  1
 280  93  1
 281  93  1
  55  94  1
  61  94  1
 246  94  1
  10  95  1
 241  95  1
 272  96  1
  17  97  1
 130  97  1
  62  98  1
 117  98  1
 240  99  1
  33 100  1
   3 102  1
   4 102  1
 162 102  1
 175 102  1
  20 104  1
  30 104  1
 169 104  1
 230 104  1
 243 104  1
 244 104  1
 107 105  1
 108 105  1
 109 105  1
 157 105  1
 225 105  1
 226 105  1
 270 105  1
  99 106  1
 215 107  1
 276 107  1
   9 108  1
 173 108  1
 174 108  1
 213 108  1
 230 108  1
  15 109  1
  31 109  1
  49 109  1
 113 109  1
 157 109  1
 207 111  1
 228 111  1
 230 111  1
   1 112  1
  33 112  1
 160 113  1
  12 114  1
  44 114  1
 109 115  1
 122 115  1
 156 115  1
 231 115  1
 232 115  1
 280 116  1
 281 116  1
  14 117  1
 109 117  1
 156 117  1
 161 117  1
 162 117  1
 107 118  1
 205 118  1
  78 119  1
  87 119  1
  89 119  1
 136 119  1
  48 120  1
  85 120  1
 213 120  1
 234 120  1
   1 121  1
 104 121  1
 106 121  1
  99 123  1
 137 123  1
 158 123  1
 107 124  1
 118 124  1
 128 124  1
 196 124  1
 202 124  1
  16 125  1
  22 125  1
  45 125  1
  55 125  1
  71 125  1
 274 125  1
 111 126  1
 210 126  1
 230 126  1
  59 127  1
  60 127  1
 251 127  1
 258 127  1
 270 127  1
  69 128  1
 109 128  1
 110 128  1
 161 128  2
 162 128  1
 163 128  1
 172 128  1
 177 128  1
 186 128  1
 198 128  1
 211 128  1
 218 128  1
  63 129  1
  93 129  1
  99 129  1
 192 129  1
  13 131  1
  15 131  1
 105 131  1
 139 131  1
   7 132  1
   9 132  1
  83 132  1
 173 132  1
 190 132  1
 230 132  1
  63 133  1
  75 133  1
  90 133  1
  97 133  1
 104 133  1
 109 133  1
 210 133  1
 223 133  1
 267 133  1
  33 134  1
 128 134  1
 138 134  1
 149 134  1
  44 135  1
  16 136  1
  54 136  1
  55 136  1
  56 136  1
 154 136  1
 110 137  1
 201 137  1
 219 137  1
 230 137  1
 235 137  1
 236 137  1
 280 137  1
 281 137  1
   6 138  1
 135 139  1
 273 139  1
   1 140  1
  19 140  1
  57 140  1
 189 140  1
 204 141  1
  44 142  1
  45 142  1
 128 142  1
  93 143  1
 154 143  1
 155 143  1
  17 144  1
 113 144  1
  25 145  1
  58 145  1
  64 145  1
 175 145  1
   1 146  1
  21 146  1
 234 146  1
  18 147  1
  34 147  1
 156 147  1
 229 147  1
 108 148  1
 183 148  1
 227 148  1
 269 148  1
  39 149  1
  82 150  1
 146 150  1
  11 151  1
 194 151  1
 208 151  1
 235 151  1
 141 152  1
 163 152  1
 164 152  1
 189 152  1
 270 152  1
  13 153  1
  21 153  1
 177 153  1
 237 153  1
 185 154  1
 273 154  1
   5 155  1
   6 155  1
  25 155  1
 217 155  1
 218 155  1
 169 157  1
  30 158  1
  36 158  1
  54 158  1
  55 158  1
 222 158  1
  39 159  1
  47 160  1
  49 160  1
 235 160  1
 236 160  1
 269 160  1
 270 160  1
 271 160  1
 115 161  1
 279 161  1
 280 161  1
 132 164  1
  12 165  1
  13 165  1
 139 165  1
 235 165  1
 245 165  1
 220 166  1
  37 167  1
 277 167  1
 278 167  1
  41 168  1
  53 168  1
 169 169  1
  50 170  1
 146 170  1
 256 170  1
  15 173  1
 222 173  1
 226 173  1
 255 173  1
 217 174  1
 218 174  1
  27 175  1
  34 175  1
  48 175  1
 228 175  1
 273 177  1
  20 178  1
  54 178  1
 218 178  1
 228 178  1
 254 178  1
  44 179  1
  62 179  1
  51 182  1
 255 182  1
 256 182  1
 263 182  1
  52 185  1
  73 185  1
 218 187  1
 263 187  1
 269 187  1
 270 187  1
  25 188  1
  36 188  1
  46 188  1
 227 188  1
 228 188  1
 254 189  1
  72 190  1
  73 190  1
 221 190  1
  96 192  1
 228 192  1
 100 193  1
 246 193  1
 260 193  1
 261 193  1
  94 194  1
 223 195  1
 231 195  1
  60 197  1
 233 197  1
 234 197  1
 244 197  1
 107 198  1
 247 198  1
 250 199  1
 265 199  1
 266 199  1
  92 200  1
  93 200  1
 110 200  1
  60 203  1
  62 203  1
  64 203  1
  80 204  1
 106 205  1
 211 205  1
  75 206  1
 209 206  1
  79 207  1
 215 207  1
  91 208  1
 102 210  1
 103 210  1
 182 210  1
 183 210  1
 217 210  1
 259 210  1
 204 211  1
 205 211  1
 111 212  1
 112 212  1
 183 213  1
 184 213  1
  56 214  1
  57 214  1
 174 214  1
 178 214  1
 133 215  1
 179 216  1
  49 217  1
  50 217  1
  78 220  1
  90 220  1
 172 220  1
 126 221  1
 127 221  1
  89 222  1
 252 222  1
  71 223  1
  96 223  1
 169 223  1
 170 223  1
  77 224  1
  78 224  1
 103 224  1
 105 224  1
 107 224  1
 160 224  1
 152 225  1
  71 226  1
 203 226  1
 204 226  1
  87 227  1
 128 227  1
 147 227  1
  94 229  1
 152 229  1
 169 229  1
  77 230  1
  90 230  1
  92 230  1
 125 230  1
 121 231  1
 140 232  1
 241 232  1
 104 233  1
 144 233  1
  87 234  1
 111 235  1
 202 236  1
 236 236  1
 124 237  1
 125 237  1
  82 238  1
 119 238  1
 138 239  1
 108 240  1
 114 240  1
 115 240  1
 122 240  1
 143 240  1
 202 240  1
 203 240  1
  93 242  1
 122 242  1
 123 242  1
 190 243  1
 203 243  1
 204 243  1
 134 245  1
 209 245  1
 204 246  1
 205 246  1
 135 247  1
 219 247  1
 222 247  1
 139 248  1
 172 248  1
 173 248  1
 192 249  1
 193 249  1
 188 250  1
 127 251  1
 173 251  1
 178 251  1


count = 596