 132   1  1
 141   1  1
 151   1  1
 152   1  1
 169   1  1
 178   2  1
 183   3  1
 147   6  1
 154   6  1
 110   7  1
 132   7  1
 196   7  1
 147   8  1
 169   9  1
 174   9  1
  96  10  1
 132  10  1
 133  10  1
 184  10  1
 203  10  1
  93  11  1
 160  11  1
 206  11  1
  90  12  1
 170  13  1
  84  14  1
  81  15  1
 108  15  1
 114  15  1
 196  15  1
  77  16  1
 166  16  1
 167  16  1
 172  16  1
 173  16  1
 215  16  1
 177  17  1
 131  18  1
 159  18  1
 179  18  1
  66  20  1
 120  21  1
 108  22  1
 109  22  1
 227  22  1
 136  23  1
 174  23  1
 171  24  1
 229  24  1
 104  25  1
 105  25  1
 116  25  1
 136  25  1
 195  25  1
 196  25  1
 112  26  1
 132  26  1
  60  27  1
 187  27  1
  58  28  1
  68  28  1
  70  28  1
 112  28  1
 119  28  1
  75  29  1
 102  29  1
 126  29  1
 128  29  1
 163  29  1
 164  29  1
 171  29  1
 179  29  1
 112  30  1
  79  31  1
 107  31  1
 187  31  1
 113  32  1
 104  33  1
 125  33  1
 189  33  1
  49  34  1
 179  35  1
  74  36  1
  79  36  1
 108  36  1
 128  36  1
 129  36  1
 168  36  1
 174  36  1
  48  37  1
 246  37  1
  46  38  1
 248  38  1
  57  39  1
 130  39  1
 131  39  1
 168  39  1
  51  40  1
 173  40  1
 249  40  1
 105  41  1
 112  41  1
 180  43  1
 240  43  1
 100  44  1
 175  44  1
  52  45  1
  53  45  1
 133  46  1
 175  46  1
 176  46  1
 245  46  1
 171  48  1
 182  48  1
 256  48  1
  33  49  1
 184  49  1
 186  49  1
  52  50  1
  53  50  1
  89  50  1
 119  50  1
 113  51  1
 222  51  1
 173  52  1
  62  53  1
  63  53  1
 190  53  1
 247  53  1
 248  53  1
 249  53  1
  56  54  1
 105  54  1
 173  54  1
 225  55  1
  51  56  1
 235  56  1
 236  56  1
 208  57  1
 218  57  1
 220  57  1
  67  59  1
 171  59  1
  89  60  1
  90  60  1
  49  61  1
  21  62  1
 258  62  1
  56  63  1
  60  63  1
 205  63  1
 207  64  1
 208  64  1
  88  66  1
 177  66  1
  62  67  1
  68  67  1
  78  68  1
  87  68  1
  76  69  1
  93  69  1
 263  69  1
  15  70  1
  41  70  1
  73  70  1
 177  70  1
 219  70  1
 220  70  1
 247  70  1
  46  72  1
  73  72  1
  88  72  1
  90  73  1
 234  73  1
 241  73  1
 242  73  1
  33  74  1
 218  74  1
 246  74  1
  12  75  1
  28  75  1
  46  75  1
  42  77  1
  50  78  1
  89  78  1
  90  78  1
 158  78  1
  99  79  1
 182  79  1
 217  79  1
  30  80  1
 152  80  1
 172  80  1
 177  80  1
 196  80  1
 187  82  1
  53  83  1
  66  83  1
  74  83  1
 100  84  1
  25  85  1
 146  85  1
  89  86  1
  90  86  1
 103  86  1
 185  86  1
  26  87  1
  29  88  1
 130  88  1
 276  90  1
 277  90  1
  39  91  1
 127  91  1
 140  91  1
 227  91  1
 229  91  1
  29  92  1
  30  92  1
  91  92  1
   4  93  1
   5  93  1
 183  93  1
 194  93  1
 167  94  1
 168  94  1
  18  95  1
 195  95  1
 248  95  1
  29  96  1
 116  96  1
 167  96  1
 168  96  1
 220  96  1
 251  96  1
 253  96  1
 245  97  1
 277  97  1
 278  97  1
  20  98  1
 116  98  1
 127  98  1
 158  98  1
  32  99  1
  29 100  1
 115 100  1
 116 100  1
 239 100  1
  15 101  1
  23 101  1
  43 101  1
 148 101  1
 150 101  1
 158 101  1
 164 101  1
 118 102  1
 134 103  1
 156 103  1
 217 103  1
 218 103  1
  18 104  1
 127 104  1
 211 105  1
  41 107  1
 117 107  1
 199 107  1
  16 108  1
  52 108  1
 202 108  1
 204 109  1
 208 109  1
   1 110  1
  13 110  1
  19 110  1
  20 110  1
 195 110  1
 263 110  1
 264 110  1
 265 110  1
  61 111  1
  68 111  1
  72 111  1
 191 111  1
  11 112  1
  52 112  1
  57 112  1
 106 112  1
 243 112  1
 268 112  1
  98 113  1
 151 113  1
 251 113  1
  17 114  1
  19 114  1
  41 114  1
 101 114  1
  62 115  1
  73 115  1
  74 115  1
  79 115  1
  87 115  1
  29 116  1
  58 116  1
  67 116  1
 135 116  1
   6 117  1
   8 117  1
  73 117  1
 140 117  1
 147 117  1
 255 117  1
  15 118  1
  40 118  1
 273 118  1
   1 119  1
 124 120  1
   7 121  1
  35 121  1
  58 121  1
  71 121  1
  24 122  1
  60 124  1
  61 124  1
  97 124  1
  98 124  1
 158 124  1
 213 124  1
 266 124  1
  10 125  1
  45 125  1
  49 125  1
  55 125  1
  66 125  1
  67 125  1
  68 125  1
 135 125  1
 141 125  1
 148 125  1
 190 125  1
 198 125  1
 237 125  1
   7 126  1
 132 128  1
 182 128  1
 187 128  1
  75 129  1
 213 129  1
   7 130  1
  71 130  1
 187 130  1
 207 130  1
 230 130  1
 134 131  1
 220 131  1
 268 131  1
 179 132  1
  93 134  1
 190 135  1
 260 135  1
 269 135  1
 271 135  1
   6 136  1
  32 136  1
  37 136  1
 160 136  1
 275 136  1
   1 137  1
  63 137  1
  88 137  1
 258 137  1
 260 137  1
  56 138  1
 262 138  1
  65 139  1
  71 139  1
  10 140  1
 253 140  1
 194 141  1
 242 141  1
  37 142  1
  38 142  1
  55 142  1
 271 142  1
  47 143  1
  51 143  1
  12 144  1
  13 144  1
  57 144  1
 282 145  1
 283 145  1
 253 146  1
 260 146  1
 247 148  1
  18 149  1
  57 149  1
 251 149  1
 136 150  1
 277 150  1
   1 152  1
 128 152  1
 135 152  1
 120 154  1
 126 155  1
 136 156  1
 143 156  1
 163 156  1
 164 156  1
   2 157  1
   3 157  1
 156 157  1
 170 157  1
  45 158  1
 166 158  1
 273 158  1
 122 159  1
 264 159  1
   8 160  1
   9 160  1
 125 160  1
 188 160  1
 214 160  1
  22 161  1
  39 161  1
  46 161  1
 208 161  1
 227 162  1
  24 163  1
 230 163  1
 258 163  1
  49 164  1
  50 164  1
 196 164  1
 193 165  1
 201 165  1
 147 166  1
 148 166  1
 179 166  1
 181 166  1
 199 166  1
  28 167  1
 115 167  1
  25 168  1
 185 168  1
 225 168  1
 226 168  1
 158 169  1
 162 170  1
 281 170  1
 282 170  1
   9 171  1
  10 171  1
  16 171  1
  36 172  1
 165 172  1
 167 172  1
 178 172  1
 179 172  1
  63 173  1
 143 173  1
 154 173  1
 193 173  1
  40 174  1
 139 174  1
 221 175  1
  12 176  1
  43 176  1
 181 176  1
 160 177  1
 192 178  1
 193 178  1
 226 178  1
 241 178  1
 242 178  1
  33 179  1
 190 180  1
 228 180  1
 233 180  1
 244 180  1
 273 180  1
  29 181  1
  37 181  1
  43 181  1
  44 181  1
 250 181  1
 251 181  1
 252 181  1
  15 182  1
 219 182  1
  67 183  1
  86 183  1
 160 183  1
  26 184  1
 254 184  1
 277 184  1
 278 184  1
  44 185  1
 269 185  1
 165 186  1
 166 186  1
 216 187  1
 217 187  1
  20 188  1
  33 188  1
  74 188  1
 256 188  1
 276 188  1
 277 188  1
 228 189  1
 236 189  1
 237 189  1
 249 189  1
  29 190  1
  30 190  1
 215 190  1
  57 191  1
  58 191  1
  96 191  1
 203 191  1
 224 191  1
  76 192  1
  77 192  1
 166 192  1
 173 192  1
 175 192  1
  36 193  1
  70 193  1
 220 193  1
 234 193  1
 235 193  1
 250 193  1
 261 193  1
  68 195  1
  69 195  1
 216 195  1
 264 195  1
  66 196  1
  96 196  1
 173 196  1
 225 197  1
 234 197  1
 198 198  1
 199 198  1
  98 199  1
  99 199  1
  76 200  1
  77 200  1
 221 200  1
 222 200  1
  64 201  1
  72 201  1
 199 201  1
 200 201  1
 216 202  1
 217 202  1
 236 203  1
 237 203  1
 270 203  1
  87 205  1
 221 206  1
  76 207  1
  81 207  1
 250 207  1
  91 208  1
  92 208  1
 227 208  1
  70 209  1
  71 209  1
 230 209  1
 231 209  1
 235 209  1
 258 210  1
  65 211  1
  86 211  1
  87 211  1
 262 212  1
 124 213  1
 125 213  1
 128 214  1
 226 214  1
 228 214  1
  69 215  1
  91 216  1
  92 216  1
 251 216  1
 122 217  1
 123 217  1
 259 217  1
  71 220  1
  73 220  1
  65 221  1
  68 221  1
  77 221  1
 225 221  1
 155 222  1
  84 223  1
 129 223  1
  91 224  1
  65 227  1
  77 227  1
 109 228  1
 152 228  1
 237 228  1
 232 229  1
  71 230  1
 157 230  1
 207 230  1
  88 231  1
 148 233  1
 130 236  1
 101 237  1
 134 237  1
 216 237  1
 109 238  1
 144 238  1
  88 239  1
 228 240  1
  94 241  1
  97 242  1
 141 242  1
 207 243  1
 139 244  1
 184 244  1
 189 244  1
 112 246  1
 127 246  1
 136 247  1
 145 248  1
 200 251  1
 130 252  1
 143 255  1


count = 629