 151   2  1
 182   2  1
 185   3  1
 188   4  1
 194   6  1
 121   7  1
 196   7  1
 198   7  1
 151   8  1
 158   8  1
 201   8  1
 139  11  1
 140  11  1
 150  12  1
 163  12  1
 157  13  1
 190  13  1
 101  15  1
 103  15  1
 160  15  1
 216  15  1
 169  16  1
 149  18  1
 169  18  1
 220  18  1
 195  19  1
 153  20  1
 223  20  1
 133  21  1
 144  21  1
 198  21  1
 204  21  1
 153  22  1
 162  22  1
  78  23  1
 198  23  1
 138  24  1
 229  24  1
  73  25  1
 133  25  1
 134  25  1
 147  27  1
 174  27  1
  88  28  1
 166  28  1
  79  29  1
  80  29  1
 154  29  1
 236  29  1
  62  30  1
  63  30  1
 149  30  1
  75  31  1
  86  31  1
 197  31  1
 198  31  1
 239  31  1
  59  32  1
  90  32  1
  91  32  1
 139  32  1
 140  32  1
 157  32  1
 158  32  1
 168  32  1
 172  32  1
 140  34  1
 229  34  1
 148  35  1
 200  35  1
 158  36  1
 159  36  1
  52  37  1
 141  37  1
 166  37  1
 167  37  1
  93  38  1
 171  38  1
 230  40  1
 231  40  1
  44  41  1
  45  41  1
 132  41  1
 116  42  1
 213  42  2
 215  42  1
 220  42  1
 230  42  1
 112  43  1
 229  44  1
 230  44  1
  75  45  1
  92  45  1
 135  45  1
 136  45  1
 138  45  1
 139  45  1
  37  46  1
 119  46  1
 224  46  1
  34  48  1
  77  48  1
 141  48  1
 145  50  1
 226  50  1
 228  50  1
 120  51  1
 149  52  1
 139  53  1
 231  53  1
 161  54  1
 147  56  1
 211  56  1
 212  56  1
 260  56  1
  25  57  1
  44  57  1
 211  58  1
  44  59  1
 115  59  1
 116  59  1
 140  59  1
 238  59  1
 239  59  1
  49  60  1
  50  60  1
 138  60  1
 158  60  1
 218  61  1
  21  62  1
 214  62  1
 236  62  1
  46  63  1
 110  63  1
 169  64  1
 170  64  1
 264  64  1
  24  66  1
  25  66  1
  50  66  1
  17  67  1
 113  67  1
 266  67  1
  29  68  1
 103  68  1
 163  68  1
  25  70  1
 237  70  1
 224  71  1
 225  71  1
  14  72  1
  27  72  1
  34  72  1
 105  72  1
 174  72  1
 188  72  1
 191  74  1
 195  74  1
 241  74  1
  11  75  1
 231  75  1
 232  75  1
 174  77  1
 239  77  1
  16  78  1
  34  78  1
 105  78  1
 196  78  1
 274  78  1
 275  78  1
 181  79  1
  38  80  1
 167  80  1
 195  80  1
  16  81  1
  17  81  1
   8  82  1
 105  82  1
 178  82  1
 239  83  1
 240  83  1
 241  83  1
 276  83  1
 277  83  1
 102  84  1
 138  84  1
 144  84  1
 166  84  1
 233  85  1
  27  86  1
 153  86  1
 191  86  1
 229  86  1
 245  86  1
 246  86  1
 277  86  1
 278  86  1
   4  89  1
   9  89  1
 164  89  1
 171  89  1
 252  89  1
 278  89  1
 279  89  1
  14  91  1
 153  91  1
 178  91  1
 174  92  1
 195  92  1
 160  93  1
 192  93  1
 139  95  1
 148  95  1
 191  96  1
 247  96  1
 254  96  1
  90  97  1
 177  97  1
 251  97  1
 263  97  1
 264  97  1
 189  98  1
 199  98  1
  88  99  1
 183 100  1
 184 100  1
  79 101  1
 273 102  1
 175 103  1
 188 104  1
 246 104  1
 260 104  1
  41 105  1
  75 105  1
  44 106  1
 110 106  1
 237 106  1
 239 106  1
 241 106  1
 267 106  1
 257 108  1
  90 109  1
 235 109  1
  78 110  1
  79 110  1
 187 110  1
 257 110  1
  50 111  1
  91 111  1
 176 111  1
 177 111  1
 225 111  1
 239 111  1
 281 111  1
  41 112  1
 267 112  1
  94 113  1
 171 113  1
 172 113  1
 223 113  1
  46 114  1
 175 114  1
   1 115  1
  97 115  1
 252 115  1
 118 116  1
 136 116  1
 219 116  1
 221 116  1
 260 116  1
 277 116  1
 123 117  1
 193 117  1
 233 117  1
 234 117  1
 165 118  1
 200 118  1
 238 118  1
 250 118  1
 266 118  1
  41 119  1
  34 120  1
 126 120  1
 132 120  1
 189 120  1
 263 120  1
 269 120  1
 137 121  1
 142 121  1
 175 121  1
 176 121  1
 191 121  1
 193 121  1
 220 121  1
  33 122  1
 214 122  1
   5 123  1
   6 123  1
   1 124  1
  29 124  1
  30 124  1
 128 124  1
 129 124  1
 147 125  1
 167 125  1
 217 125  1
 218 125  1
 236 125  1
 251 125  1
 263 125  1
 138 126  1
 172 126  1
 224 126  1
  99 127  1
  36 128  1
 102 128  1
 156 128  1
 274 128  1
 275 128  1
  10 129  1
  70 129  1
 122 129  1
 149 129  1
  15 130  1
 260 130  1
  24 131  1
 183 131  1
 184 131  1
 196 131  1
 197 131  1
 262 131  1
  51 132  1
 217 132  1
 228 132  1
 269 132  1
  59 133  1
  66 133  1
  70 133  1
 123 133  1
 252 133  1
 130 134  1
 132 134  1
 144 134  1
 185 134  1
 241 134  1
 156 135  1
 192 135  1
 159 136  1
 214 136  1
 241 136  1
 246 136  1
 247 136  1
  39 137  1
 139 137  1
 173 137  1
 182 137  1
 235 137  1
   6 138  1
  54 138  1
 195 138  1
 203 138  1
 231 138  1
 238 138  1
  19 139  1
 165 139  1
 276 139  1
 277 139  1
 128 140  1
  12 141  1
 181 142  1
 182 142  1
 199 142  1
 135 143  1
 137 143  1
 170 143  1
 171 143  1
 174 143  1
 190 143  1
 242 144  1
 180 145  1
   9 146  1
  10 146  1
 126 146  1
 127 146  1
 196 146  1
 239 146  1
 233 147  1
 234 147  1
 102 148  1
 120 149  1
 121 149  1
 173 149  1
  97 150  1
 188 150  1
   9 152  1
  10 152  1
  84 152  1
 190 152  1
 195 152  1
  98 153  1
  99 153  1
 175 154  1
 176 154  1
   1 155  1
   2 155  1
  10 157  1
 177 157  1
 178 157  1
  79 158  1
  91 158  1
 188 158  1
 182 160  1
  15 161  1
 246 162  1
 193 163  1
 280 164  1
 281 164  1
  10 165  1
  20 165  1
  85 165  1
 197 165  1
  68 166  1
  69 166  1
  72 166  1
  79 166  1
 242 166  1
 243 166  1
 246 166  1
 247 166  1
 132 167  1
 265 167  1
 179 169  1
 180 169  1
 212 170  1
 138 171  1
 197 171  1
 209 171  1
 183 173  1
 184 173  1
 276 173  1
 277 173  1
 140 176  1
 242 177  1
 197 178  1
 198 178  1
 147 179  1
 186 179  1
 208 179  1
 211 179  1
 248 179  1
  41 180  1
  30 181  1
 158 181  1
 159 181  1
 191 181  1
 198 181  1
 199 181  1
  21 183  1
 194 183  1
 215 183  1
 203 184  1
   9 186  1
  10 186  1
  16 186  1
 215 187  1
  20 189  1
 198 189  1
 207 190  1
 270 190  1
 271 190  1
  21 191  1
  22 191  1
  15 193  1
  16 193  1
 164 193  1
 165 193  1
 216 194  1
 267 197  1
  18 198  1
  19 198  1
  26 199  1
 121 199  1
 208 199  1
 212 200  1
 218 200  1
 224 200  1
  50 201  1
 240 202  1
  51 203  1
 240 204  1
  46 205  1
 164 205  1
 210 205  1
  48 206  1
 158 206  1
 241 206  1
 260 206  1
 149 207  1
 153 207  1
 161 208  1
 145 209  1
 179 209  2
 180 209  1
  37 210  1
  38 210  1
 206 210  1
 207 210  1
  44 212  1
 118 212  1
 121 212  1
 123 212  1
 135 212  1
 204 212  1
 222 212  1
 226 212  1
  32 213  1
  81 213  1
  86 213  1
  87 213  1
  90 213  1
 114 214  1
 164 214  1
 182 214  1
  43 215  1
  44 215  1
  37 216  1
 153 216  1
 161 216  1
  87 217  1
  88 217  1
 122 217  1
 127 218  1
 132 218  1
  84 219  1
 185 219  1
  67 220  1
  68 220  1
 160 220  1
  61 221  1
  62 221  1
 104 221  1
 133 221  1
 157 221  1
 204 221  1
  44 222  1
 114 222  1
 137 222  1
  58 223  1
  59 223  1
  87 224  1
 192 224  1
 162 225  1
 185 225  1
 241 225  1
  88 226  1
  98 226  1
 102 226  1
  95 228  1
  96 228  1
 152 228  2
 153 228  1
 159 228  1
  57 229  1
  65 229  1
  66 229  1
  99 229  1
 155 230  1
  84 231  1
  85 231  1
 126 231  1
 232 231  1
  62 232  1
 163 232  1
 154 233  1
 160 233  1
  93 234  1
  94 234  1
 123 234  1
 124 234  1
 139 235  1
 170 235  1
 171 235  1
  69 237  1
  85 237  1
 125 237  1
 126 237  1
 223 237  1
 220 239  1
 170 240  1
  80 241  1
  94 241  1
 135 242  1
 136 242  1
 216 242  1
  87 243  1
 166 243  1
 167 243  1
 129 244  1
 212 244  1
 103 247  1
 106 248  1
 111 250  1
 121 253  1
 127 255  1
 183 255  1
 139 257  1


count = 606