 158   1  1
 168   1  1
 131   3  1
 129   4  1
 198   4  1
 125   6  1
 201   6  1
 122   8  1
 138   8  1
 146   8  1
 206   9  1
 208  11  1
 192  12  1
 115  13  1
 134  13  1
 157  13  1
 212  13  1
 113  15  1
 139  16  1
 118  17  1
 107  18  1
 144  18  1
 127  19  1
 168  19  1
 189  19  1
 131  20  1
 151  20  1
 152  20  1
 100  21  1
 120  21  1
 174  21  1
 202  21  1
 221  21  1
 139  22  1
  82  24  1
 109  24  1
 154  24  1
  60  25  1
  96  25  1
 114  25  1
 116  25  1
 231  25  1
  57  26  1
  91  26  1
 197  28  1
  49  29  1
  72  31  1
 108  31  1
  43  32  1
  84  32  1
 158  32  1
 159  32  1
 173  32  1
 174  32  1
  41  33  1
  93  33  1
  79  34  1
 118  34  1
 171  34  1
  74  35  1
  81  35  1
 105  35  1
 201  35  1
  87  36  1
 163  36  1
  64  37  1
  65  37  1
  70  37  1
  98  37  1
  99  37  1
 127  39  1
 128  39  1
 246  39  1
  81  40  1
 249  40  1
 251  41  1
 205  44  1
  88  45  1
 209  45  1
 228  45  1
 242  45  1
  85  46  1
  99  46  1
 233  46  1
 201  47  1
 211  48  1
  84  49  1
 146  49  1
 242  49  1
 149  50  1
 208  50  1
 240  50  1
 100  51  1
 141  51  1
 163  51  1
 200  51  1
 263  51  1
 103  53  1
  56  54  1
 144  54  1
 149  54  1
 160  55  1
 265  55  1
  18  56  1
  93  57  1
  14  58  1
  51  58  1
  97  58  1
 103  58  1
 170  58  1
 173  58  1
 196  58  1
 247  58  1
  88  59  1
 241  59  1
  85  60  1
 233  60  1
 270  60  1
 271  60  1
 186  61  1
 199  62  1
 162  63  1
 174  63  1
 175  63  1
 238  63  1
 239  63  1
 243  63  1
 250  64  1
  10  65  1
  11  65  1
  48  65  1
 171  66  1
 243  66  1
 244  66  1
 161  67  1
 208  67  1
 235  67  1
  32  68  1
 159  68  1
 226  68  1
 228  68  1
 230  68  1
  39  69  1
  43  69  1
 151  69  1
 165  69  1
 166  69  1
 178  69  1
 179  69  1
 207  69  1
 208  69  1
  32  70  1
 148  70  1
 155  70  1
 204  71  1
 205  71  1
 214  71  1
 275  71  1
  16  72  1
  17  72  1
  31  72  1
  32  72  1
 148  72  1
 160  73  1
 162  73  1
 241  73  1
 242  73  1
 170  74  1
 189  74  1
 191  74  1
 205  74  1
 238  74  1
 152  75  1
 162  75  1
 199  75  1
  20  76  1
 192  76  1
 205  76  1
 224  76  1
 238  76  1
 148  77  1
 152  77  1
 186  77  1
 209  77  1
 234  77  1
 235  77  1
  23  78  1
 140  78  1
 243  78  1
 170  79  1
 186  79  1
 187  79  1
  30  80  1
  32  80  1
 217  80  1
 218  80  1
 246  80  1
  18  81  1
  38  81  1
 232  81  1
 236  81  1
 164  82  1
 165  82  1
 193  82  1
 197  82  1
 198  82  1
  14  83  1
 215  83  1
 241  83  1
 164  84  1
  14  86  1
 211  86  1
  39  87  1
  40  87  1
 190  87  1
 192  87  1
 187  88  1
  67  89  1
  10  90  1
 211  90  1
  13  92  1
  15  92  1
  35  92  1
 194  93  1
  15  94  1
  26  94  1
  27  94  1
  28  94  1
 165  94  1
 166  94  1
 183  94  1
  70  95  1
 180  95  1
 191  96  1
 192  96  1
  30  97  1
  70  97  1
  12  98  1
  16  98  1
 203  99  1
  26 100  1
  80 100  1
  81 100  1
 240 100  1
   9 102  1
  10 102  1
 191 102  1
 192 102  1
 270 104  1
 278 105  1
 279 105  1
  23 106  1
  83 106  1
  84 106  1
 202 106  1
 235 106  1
  29 107  1
  30 107  1
 254 107  1
 271 107  1
 193 108  1
 210 109  1
 183 110  1
 259 111  1
  24 112  1
  78 112  1
  79 112  1
 174 112  1
 253 112  1
 191 113  1
 216 113  1
 262 113  1
 179 114  1
 182 114  1
 188 114  1
  91 115  1
 228 115  1
 232 115  1
 233 115  1
 275 115  1
  20 116  1
 105 116  1
 243 116  1
  16 117  1
 268 117  1
 237 118  1
 109 119  1
 111 119  1
 174 119  1
 184 119  1
 222 119  1
 247 119  1
 252 119  1
 239 120  1
 240 120  1
 272 120  1
   5 121  1
  12 121  1
  13 121  1
  32 121  1
 205 121  1
 264 121  1
  17 122  1
  23 122  1
 164 122  1
 165 122  1
 178 122  1
 179 122  1
 116 123  1
 117 123  1
 190 123  1
 191 123  1
 248 123  1
 120 124  1
 202 124  1
 212 124  1
  23 125  1
  88 125  1
 100 125  1
 256 125  1
 268 125  1
  10 126  1
 165 126  1
 179 126  1
 208 126  1
 229 126  1
  20 127  1
  95 127  1
  96 127  1
 113 127  1
 114 127  1
  14 128  1
  36 128  1
 153 128  1
 158 128  1
 222 128  1
 124 129  1
 147 129  1
 248 129  1
 249 129  1
 255 129  1
 103 130  1
 120 130  1
 135 130  1
 137 130  1
 172 130  1
 192 130  1
  98 131  1
 239 131  1
 244 131  1
  29 132  1
  41 132  1
 120 132  1
 174 132  1
 225 133  1
   8 134  1
   9 134  1
 119 134  1
 120 134  1
 129 134  1
 133 134  1
 140 135  1
 141 135  1
 189 135  1
 195 135  1
 202 135  1
 253 135  1
  34 136  1
 128 136  1
 145 136  1
 173 136  1
   6 137  1
  96 137  1
 239 137  1
 240 137  1
 241 137  1
 270 137  1
 111 138  1
 160 138  1
 161 138  1
 179 138  1
 215 138  1
 223 138  1
 202 139  1
 210 139  1
 234 139  1
 238 139  1
 217 141  2
 277 141  1
  50 142  1
 117 142  1
 165 142  1
 184 142  1
 279 142  1
  40 143  1
 200 143  1
 209 143  1
 212 143  1
  83 144  1
 194 144  1
 232 144  1
 268 145  1
  20 146  1
  96 146  1
 109 146  1
 112 146  1
 172 146  1
 195 146  1
 281 146  1
  53 147  1
 182 147  1
 188 147  1
 189 147  1
 267 147  1
 268 147  1
  13 148  1
  45 148  1
  47 148  1
  75 148  1
 165 148  1
 166 148  1
 174 148  1
 194 148  1
 206 148  1
  91 149  1
  93 149  1
 110 149  1
 231 149  1
  52 150  1
  60 150  1
  32 151  1
  70 151  1
  71 151  1
 200 151  1
  13 152  1
  15 152  1
 191 152  1
 249 152  1
  20 153  1
  45 153  1
 196 153  1
  52 154  1
 113 154  1
 114 154  1
 233 154  1
 265 154  1
 266 154  1
 248 155  1
 249 155  1
 182 156  1
 233 156  1
  25 157  1
  35 157  1
  42 157  1
  43 157  1
  44 157  1
  83 157  1
 115 157  1
 163 158  1
 236 158  1
 119 159  1
 218 159  2
 239 159  1
 244 159  1
 226 160  1
  71 161  1
 218 161  1
 231 161  1
 232 161  1
 237 162  1
  80 163  1
 163 164  1
 224 164  1
 234 164  1
  71 165  1
 135 165  1
 128 166  1
 194 166  1
 138 167  1
 263 167  1
 264 167  1
 271 167  1
   4 168  1
   5 168  1
 223 168  1
 197 169  1
 198 169  1
 230 169  1
 209 171  1
 280 171  1
 212 173  1
 255 174  1
  16 176  1
 195 176  1
  20 177  1
 255 177  1
  13 178  1
 211 178  1
 212 178  1
  66 179  1
  68 179  1
 272 180  1
   8 181  1
   9 181  1
  67 181  1
  72 181  1
 190 181  1
 192 181  1
 194 181  1
  16 182  1
 215 182  1
  73 183  1
  74 183  1
  66 184  1
 228 185  1
  55 186  1
 200 186  1
 233 186  1
 270 186  1
 271 186  1
 195 187  1
 219 187  1
 220 187  1
  62 188  1
 211 188  1
 222 188  1
 269 188  1
  81 190  1
  87 190  1
  92 190  1
  82 192  1
  86 192  1
  94 192  1
 130 192  1
 267 192  1
 125 193  1
 251 194  1
  87 195  1
  89 195  1
 132 195  1
 176 195  1
  93 196  1
 137 196  1
 120 197  1
 121 197  1
  14 198  1
 136 200  1
  66 201  1
 260 201  1
  76 203  1
 137 203  1
 103 204  1
 107 204  1
 248 204  1
  21 205  1
  76 207  1
 138 207  1
 142 207  1
  99 208  1
 106 208  1
 107 208  1
  93 209  1
 138 209  1
  85 210  1
  87 210  1
 143 211  1
  28 212  1
  96 212  1
 249 212  1
 105 213  1
  38 214  1
 145 214  1
 146 214  1
 242 214  1
 243 214  1
  82 215  1
  83 215  1
  41 216  1
  90 216  1
 113 216  1
 146 216  1
 147 216  1
  88 217  1
 137 217  1
  97 218  1
 144 218  1
  85 219  1
  93 219  1
 103 219  1
 111 219  1
 121 219  1
 109 221  1
 111 221  1
  38 222  1
  39 222  1
  78 222  1
 114 222  1
 234 222  1
 104 223  1
 132 223  1
 138 223  1
  85 224  1
 120 225  1
 121 225  1
 145 225  1
  51 226  1
 114 226  1
 131 226  1
 230 227  1
  58 228  1
 118 228  1
 155 228  1
  91 229  1
  92 229  1
 115 229  1
 127 229  1
 140 229  1
 141 229  1
 153 229  1
 160 229  1
 151 230  1
 132 231  1
 226 231  1
 129 232  1
 130 232  1
  91 234  1
  97 238  1
 138 240  1
 142 240  1
 167 242  1
 168 242  1
 103 243  1
 104 243  1
 135 243  1
 141 244  1
 142 244  1
 107 245  1
 184 245  1
 211 245  1
 163 246  1
 110 247  1
 129 247  1
 165 247  1
 183 247  1
 206 248  1
 124 251  1
 196 252  1
 197 252  1
 128 254  1
 179 256  1


count = 650