 163   1  1
 169   1  1
 147   2  1
 165   6  1
 166   6  1
 161   7  1
 199   7  1
 126   8  1
 146   8  1
 147   8  1
 184   9  1
 162  10  1
 163  10  1
 206  11  1
 207  11  1
 133  12  1
 130  13  1
 131  13  1
 170  14  1
 215  15  1
 128  16  1
 149  16  1
 165  16  1
 166  16  1
  88  17  1
  90  17  1
 125  17  1
 217  17  1
  81  20  1
 105  20  1
 114  20  1
 115  20  1
 174  20  1
 223  20  1
  77  22  1
 129  22  1
 168  22  1
  93  23  1
 127  24  1
 229  25  1
 126  27  1
  93  28  1
  94  28  1
  95  28  1
  57  30  1
 235  30  1
  85  31  1
  98  32  1
  49  33  1
  50  33  1
  63  33  1
  67  34  1
 100  34  1
 133  34  1
  63  35  1
  64  35  1
 176  35  1
 177  35  1
 192  35  1
  74  36  1
  79  36  1
  45  37  1
 125  37  1
 126  37  1
 191  37  1
 196  37  1
  59  38  1
 140  39  1
 185  39  1
 186  39  1
 215  39  1
 135  40  1
 178  40  1
 180  41  1
 181  41  1
 189  41  1
  51  42  1
  73  42  1
 131  42  1
 212  42  1
  54  43  1
  55  43  1
 125  43  1
 126  43  1
  74  45  1
  75  45  1
 157  45  1
 183  45  1
 204  45  1
 123  46  1
  96  47  1
 136  47  1
 254  47  1
  83  48  1
  88  48  1
  93  48  1
 131  49  1
 132  49  1
  81  50  1
 180  50  1
 181  50  1
  97  51  1
 121  52  1
 128  52  1
 171  52  1
  56  53  1
  61  53  1
  78  53  1
 126  53  1
 137  53  1
 165  53  1
  84  54  1
 146  54  1
  97  55  1
 140  55  1
  51  56  1
  77  56  1
  91  56  1
  92  56  1
  99  56  1
 101  56  1
 205  56  1
  88  57  1
 148  57  1
 227  57  1
 229  57  1
  51  58  1
  61  58  1
  62  58  1
 118  58  1
 158  58  1
 159  58  1
 160  58  1
 177  58  1
 233  59  1
 234  59  1
  51  60  1
  81  60  1
 112  60  1
 257  60  1
 266  60  1
  90  61  1
 155  61  1
 177  61  1
  83  62  1
 113  62  1
 151  62  1
 253  62  1
  53  63  1
  54  63  1
  68  63  1
 119  63  1
 107  64  1
 113  64  1
 154  64  1
 160  65  1
 153  66  1
 154  66  1
 183  66  1
 185  66  1
  97  67  1
  64  68  1
 189  68  1
 193  68  1
 251  68  1
 272  68  1
 178  69  1
 240  69  1
  55  70  1
  90  70  1
 103  71  1
 156  71  1
 185  71  1
 242  72  1
 249  72  1
 100  73  1
 108  73  1
 191  73  1
 246  73  1
  11  74  1
 141  74  1
 187  74  1
 197  74  1
 198  74  1
 274  74  1
 275  74  1
 104  75  1
 128  75  1
 146  75  1
 179  75  1
 236  75  1
 124  76  1
  31  77  1
  81  77  1
  82  77  1
  17  78  1
  45  78  1
 115  78  1
 194  78  1
 195  78  1
  20  79  1
  22  79  1
   8  80  1
 276  80  1
 277  80  1
 109  81  1
 144  81  1
 119  82  1
  12  83  1
  22  83  1
 185  84  1
 141  85  1
 142  85  1
 184  86  1
 185  86  1
  35  87  1
 138  87  1
  27  91  1
  28  91  1
  28  93  1
 181  93  1
 231  93  1
   2  94  1
   3  94  1
  28  95  1
  29  95  1
  84  95  1
  95  95  1
 185  95  1
  84  97  1
  97  97  1
 228  97  1
 229  97  1
  80  98  1
 224  99  1
 233 100  1
  73 101  1
 218 101  1
 101 102  1
 105 102  1
 183 103  1
  65 105  1
  70 107  1
  83 108  1
  84 108  1
   1 109  1
 197 109  1
 281 109  1
 282 109  1
  78 110  1
  90 110  1
 182 110  1
 197 111  1
 253 111  1
 250 112  1
 251 112  1
  82 113  1
 115 113  1
 196 113  1
   1 114  1
 203 114  1
 271 114  1
 197 115  1
  86 116  1
 118 116  1
 119 116  1
 146 116  1
 147 116  1
 268 116  1
 167 117  1
 274 117  1
 129 118  1
 186 118  1
 268 118  1
   6 119  1
 162 119  1
 247 119  1
 265 120  1
 266 120  1
 158 121  1
 189 121  1
 261 121  1
 170 122  1
 279 122  1
 280 122  1
  13 123  1
  14 123  1
  26 123  1
  28 123  1
 128 123  1
 250 123  2
 257 123  1
  23 124  1
 210 124  1
 214 124  1
 277 124  1
  60 125  1
  66 125  1
  81 125  1
 136 125  1
 137 125  1
 183 125  1
 222 125  1
  78 126  1
  87 126  1
 188 126  1
 264 126  1
  50 127  1
 152 127  1
 165 127  1
 225 127  1
 244 127  1
 275 127  1
  10 128  1
  27 128  1
  35 128  1
  56 128  1
  97 128  1
 114 128  1
 178 128  1
 179 128  1
 192 128  1
 215 128  1
 249 129  1
 275 129  1
 276 129  1
  85 130  1
 125 130  1
 242 130  1
  73 131  1
 173 131  1
 222 131  1
 259 131  1
 262 131  1
 217 132  1
 234 132  1
 268 132  1
  67 133  1
 226 133  1
 255 133  1
  11 134  1
  23 134  1
  24 134  1
  38 134  1
 111 134  1
 125 134  1
 148 134  1
   8 135  1
  67 135  1
 151 135  1
  16 136  1
  44 136  1
  59 136  1
  99 136  1
 116 136  1
 193 136  1
 194 136  1
  63 137  1
 224 137  1
 267 137  1
  43 138  1
  93 139  1
 222 139  1
 224 139  1
 191 140  1
 231 140  1
   6 141  1
  69 141  1
  89 141  1
 157 141  1
 268 141  1
  51 142  1
  74 142  1
 219 142  1
 160 143  1
 162 143  1
 201 143  1
  52 144  1
  53 144  1
 167 144  1
 218 144  1
 223 144  1
   1 145  1
  75 145  1
  96 145  1
 126 145  1
 185 145  1
 189 145  1
 263 145  1
  16 146  1
  87 146  1
  88 146  1
 229 146  1
 230 146  1
   7 147  1
 119 147  1
 120 147  1
 224 147  1
   1 148  1
  16 148  1
  54 148  1
 183 148  1
 184 148  1
 219 148  1
  98 149  1
 124 149  1
 127 149  1
 128 149  1
 221 149  1
 261 149  1
 117 150  1
 176 150  1
  14 151  1
  91 151  1
  49 152  1
 221 152  1
 236 152  1
  78 153  1
  79 153  1
 179 153  1
 260 153  1
 266 153  1
  87 154  1
 233 154  1
  83 156  1
  92 156  1
 281 156  1
 282 156  1
 175 157  1
 227 158  1
 236 159  1
  76 160  1
  77 160  1
 259 160  1
  90 161  1
 236 161  1
  17 162  1
 238 163  1
 244 163  1
 249 163  1
  10 165  1
  14 165  1
 240 165  1
  37 166  1
 170 166  1
  84 167  1
 205 167  1
 208 167  1
 179 168  1
 180 168  1
 280 168  1
 281 168  1
 185 169  1
 267 169  1
 273 169  1
 238 170  1
  37 171  1
 174 171  1
 264 171  1
  31 172  1
 167 172  1
 238 172  1
 194 173  1
 212 173  1
 234 173  1
 235 173  1
 251 173  1
 252 173  1
 278 174  1
 279 174  1
   6 175  1
   7 175  1
 183 175  1
 248 176  1
  26 177  1
 236 177  1
 238 177  1
 246 177  1
   7 178  1
   8 178  1
  91 179  1
  92 179  1
 182 179  1
 227 179  1
 233 179  1
 245 179  1
 191 180  1
 212 180  1
  93 181  1
 180 182  1
  82 183  1
  86 183  1
 222 183  1
 224 183  1
 225 183  1
 226 183  1
 188 184  1
 190 184  1
 210 184  1
  78 185  1
 194 185  1
 202 185  1
 274 185  1
 125 186  1
 181 186  1
 162 188  1
 182 188  1
 183 188  1
 272 188  1
  13 189  1
  14 189  1
 134 189  1
 201 189  1
  77 190  1
 197 190  1
 245 190  1
 162 191  1
 270 191  1
 124 192  1
 185 192  1
 190 192  1
 194 192  1
  33 193  1
 247 193  1
 115 194  1
 138 194  1
 159 194  1
 160 194  1
 249 194  1
 250 194  1
 122 195  1
  29 196  1
 133 196  1
 171 196  1
 173 196  1
  20 197  1
 108 197  1
 152 197  1
 265 198  1
 174 199  1
  23 200  1
  54 200  1
 232 200  1
 140 201  1
 104 202  1
 115 202  1
 163 202  1
 177 202  1
 178 202  1
 218 202  1
 113 203  1
 111 204  1
 121 204  2
 136 204  1
 158 204  1
  27 205  1
 261 205  1
 130 206  1
 141 206  1
 246 206  1
  74 208  1
  75 208  1
 104 208  1
 108 208  1
 143 208  1
 144 208  1
 149 208  1
 248 208  1
 138 209  1
 139 209  1
  32 210  1
  71 210  1
  44 211  1
  91 211  1
  92 211  1
 153 211  1
 103 212  1
 104 212  1
 134 212  1
 179 212  1
 190 212  1
  94 213  1
 151 214  1
  99 215  1
 107 215  1
 129 215  1
 130 215  1
 174 216  1
 175 216  1
 252 216  1
 186 217  1
 104 218  1
 106 218  1
 168 219  1
  45 221  1
 100 221  1
 181 221  1
  74 222  1
 166 222  1
  60 224  2
  61 224  1
 171 224  1
 179 224  1
 242 224  1
  77 225  1
  78 225  1
  79 225  1
 155 225  1
 124 226  1
 125 226  1
  64 227  1
 176 227  1
 148 228  1
  55 229  1
  57 231  1
  87 231  1
  88 231  1
 102 232  1
  60 233  1
  98 234  1
  88 235  1
  89 235  1
 144 235  1
 146 235  1
 227 236  1
  69 237  1
 150 237  1
 103 238  1
 208 239  1
 219 239  1
  97 240  1
  89 241  1
 155 241  1
  78 244  1
  79 244  1
 151 244  1
 174 244  1
 178 244  1
 167 245  1
 168 245  1
 212 245  1
  99 246  1
 139 246  1
 140 246  1
 173 246  1
 187 247  1
 148 249  1
 205 249  1
 151 251  1
 187 251  1
 115 254  1
 190 255  1
 128 256  1


count = 653