 166   1  1
 170   1  1
 173   1  1
 178   1  1
 193   3  1
 195   4  1
 126   5  1
 123   6  1
 199   6  1
 201   6  1
 156   7  1
 204   7  1
 208   9  1
 109  10  1
 141  10  1
 210  11  1
 133  12  1
 143  12  2
 161  13  1
 217  15  1
  86  17  1
  89  17  1
 141  17  1
 220  17  1
  83  18  1
 106  18  1
 144  18  1
 157  18  1
 158  18  1
 163  18  1
 164  18  1
 184  18  1
 207  18  1
 224  19  1
 171  21  1
  73  22  1
 180  22  1
 211  22  1
 142  24  1
 210  24  1
 211  24  1
 157  25  1
 168  25  1
 233  25  1
  77  26  1
  61  29  1
 156  29  1
 157  29  1
 163  29  1
 209  29  1
  68  30  1
  72  30  1
 240  30  1
  88  32  1
 181  32  1
 182  32  1
 194  33  1
 195  33  1
  55  34  1
 159  34  1
 209  34  1
  75  35  1
  82  35  1
  83  35  1
 213  35  1
 159  36  1
 172  36  1
  72  37  1
  50  38  1
  95  39  1
  46  40  1
  82  40  1
  83  40  1
 132  40  1
 213  40  1
 214  40  1
 251  40  1
  77  41  1
 163  41  1
 180  41  1
 180  43  1
 147  44  1
 151  44  1
 167  44  1
 172  44  1
 255  44  1
  97  45  1
 245  45  1
  77  46  1
 212  46  1
 154  47  1
 162  47  1
 147  48  1
 137  49  1
  76  50  1
 100  50  1
 101  50  1
 150  50  1
 202  50  1
 200  53  1
 234  53  1
 235  53  1
 100  54  1
 101  54  1
 142  55  1
 236  55  1
 239  55  1
 152  56  1
  74  57  1
 136  57  1
 137  57  1
  74  59  1
  81  59  2
  68  61  1
 138  61  1
 139  61  1
 143  61  1
 176  61  1
  78  62  1
  79  62  1
 234  63  1
 235  63  1
  76  65  1
 217  65  1
  50  66  1
  59  66  1
  72  67  1
 218  67  1
 232  67  1
  65  68  1
 224  68  1
  49  70  1
 246  70  1
  51  71  1
  75  71  1
  97  71  1
  98  71  1
 157  71  1
 231  71  1
 239  71  1
 240  71  1
 161  72  1
 227  72  1
 255  73  1
 168  74  1
  13  75  1
 164  75  1
 165  75  1
  52  76  1
 272  76  1
  79  77  1
  80  77  1
  92  77  1
 258  77  1
 264  77  1
  53  78  1
 221  78  1
 224  78  1
  10  79  1
 260  80  1
 261  80  1
  56  81  1
 183  81  1
  79  83  1
  80  83  1
 219  84  1
   7  85  1
   8  85  1
  14  85  1
  56  86  1
  77  86  1
 165  86  1
 166  86  1
 223  86  1
 188  88  1
 189  88  1
  76  89  1
  33  90  1
 258  90  1
 264  91  1
 170  92  1
  27  93  1
  28  93  1
  37  93  1
  51  93  1
 256  93  1
  14  94  1
  19  94  1
 266  94  1
   4  95  1
   5  95  1
 165  95  1
 214  96  1
 234  96  1
 273  96  1
  40  97  1
 109  97  1
 110  97  1
 159  97  1
 163  97  1
 253  97  2
 255  97  1
   3  98  1
   4  98  1
  12  98  1
 157  98  1
 183  98  1
 222  98  1
 185 100  1
  10 102  1
  11 102  1
 180 102  1
 184 103  1
 230 103  1
 259 103  1
 273 103  1
 109 104  1
 110 104  1
 213 104  1
 215 104  1
 226 104  1
 136 105  1
 107 106  1
 108 106  1
 118 106  1
 128 106  1
 177 106  1
 132 107  1
 216 107  1
 123 109  1
 124 109  1
 199 109  1
 224 109  1
 225 109  1
 271 109  1
 204 110  1
 213 110  1
  23 111  1
  24 111  1
 155 111  1
 173 111  1
 265 111  1
 266 111  1
   9 112  1
  11 112  1
 116 112  1
 259 112  1
 155 113  1
 221 113  1
 222 113  1
 249 113  1
   9 114  1
 115 114  1
 245 114  1
 254 114  1
  82 115  1
 158 115  1
 219 115  1
 250 115  1
 265 115  1
 270 115  1
 121 116  1
 110 117  1
 111 117  1
 164 117  1
 166 117  1
 233 117  1
 259 117  1
   7 118  1
 149 118  1
 160 118  1
 227 118  1
 229 118  1
 231 118  1
 238 118  1
 243 119  1
 244 119  1
   8 120  1
 117 120  1
 132 120  1
 142 120  1
 101 121  1
 121 121  1
 136 121  1
 153 121  1
 172 121  1
 198 121  1
 236 121  1
 157 122  1
 193 122  1
 227 122  1
 228 122  1
 110 124  1
 144 124  1
 174 124  1
 268 124  1
 103 125  1
 216 125  1
  14 126  1
 134 126  1
 202 126  1
 209 126  1
 214 126  1
  18 127  1
  63 127  1
  68 127  1
 172 127  1
  35 128  1
  60 128  1
  92 128  1
  44 129  1
 101 129  1
 118 129  1
 119 129  1
 149 129  1
 154 129  1
  55 130  1
 198 130  1
 270 130  1
 271 130  1
 194 131  1
 203 131  1
 213 131  1
 246 131  1
 247 131  1
  49 132  1
 207 132  1
 218 132  1
 260 132  1
 215 133  1
  19 134  1
  66 134  1
  97 134  1
 132 134  1
 241 134  1
 267 134  1
  10 135  1
  15 135  1
  64 135  1
 103 135  1
 156 135  1
 172 135  1
 208 135  1
 233 135  1
 162 136  1
 196 136  1
   3 137  1
   4 137  1
  46 137  1
  86 137  1
 109 137  1
 243 137  1
 272 137  1
 273 137  1
 278 137  1
 279 137  1
 167 138  1
 208 138  1
   1 140  1
 114 140  1
 195 140  1
 104 141  1
 215 141  1
 216 141  1
 241 142  1
 245 142  1
 102 143  1
 104 143  1
   8 144  1
  94 144  1
 199 144  1
 247 144  1
  15 145  1
  16 145  1
  97 145  1
  98 145  1
 111 146  1
 281 146  1
 282 146  1
   5 147  1
 201 147  1
 234 147  1
 236 147  1
  21 148  1
 102 148  1
 105 148  1
 155 148  1
 157 148  1
 180 148  1
   1 150  1
 146 150  1
 239 150  1
 245 150  1
  97 152  1
 157 152  1
 107 153  1
 134 153  1
 185 153  1
   1 154  1
   2 154  1
 128 154  1
 276 154  1
   6 156  1
   7 156  1
  94 157  1
  95 157  1
 119 157  1
 225 157  1
 233 157  1
 154 158  1
 245 158  1
 108 159  1
 233 159  1
 249 159  1
 273 159  1
 274 159  1
  10 160  1
 158 160  1
 160 160  1
 189 160  1
 190 160  1
 276 160  1
  87 161  1
 239 161  1
 244 161  1
 281 162  1
 282 162  1
  14 163  1
  16 165  1
 193 166  1
 195 166  1
 229 167  1
 230 167  1
   6 168  1
   7 168  1
 226 169  1
  12 170  1
  13 170  1
 279 170  1
 280 170  1
 191 171  1
   7 173  1
   8 173  1
 199 173  1
 200 173  1
  14 174  1
 223 174  1
 224 174  1
 278 174  1
 279 174  1
 183 175  1
 193 175  1
 228 175  1
  29 176  1
  14 177  1
 199 177  1
  38 179  1
 160 179  1
  27 180  1
  18 181  1
 157 182  1
  18 183  1
 155 183  1
 159 185  1
 165 185  1
  29 188  1
 154 188  1
  24 192  1
 270 193  1
  18 196  1
  25 196  1
 184 196  1
 185 196  1
  31 197  1
  20 199  1
 175 199  1
 177 199  1
 179 199  1
  27 200  1
 157 201  1
 186 201  1
 184 202  1
  33 203  1
 265 203  1
  24 204  1
 152 204  1
 153 204  1
 179 205  1
 141 206  1
 143 206  1
 150 207  1
 177 207  1
 182 208  1
  77 209  1
 137 210  1
 138 210  1
 160 210  1
 174 210  1
  72 211  1
 142 211  1
 143 211  1
 149 211  1
 153 211  1
  67 213  1
 142 213  1
  35 214  1
 142 215  1
 146 215  1
 166 215  1
 171 215  1
  66 216  1
  67 216  1
  72 216  1
 103 217  1
 104 217  1
  74 218  1
  79 218  2
  80 218  1
  81 218  1
 169 218  1
 179 218  1
 198 218  1
  42 219  1
  52 219  1
  66 219  1
 205 219  1
 206 219  1
 183 220  1
  59 221  1
 178 222  1
  47 223  1
  48 223  1
 104 224  1
 105 224  1
  99 225  1
 181 225  1
  53 226  1
 165 226  1
 166 226  1
 212 227  1
  97 228  1
 188 228  1
 240 228  1
  58 229  1
 196 229  1
 236 230  1
 237 230  1
  95 231  1
 176 231  1
 100 232  1
 181 232  1
 183 232  1
  70 233  1
 196 233  1
  63 234  1
  72 234  1
  89 234  1
 214 234  1
 192 235  1
 194 235  1
 196 235  1
 230 235  1
  64 236  1
  80 236  1
 142 236  1
 147 236  1
  93 237  1
  67 238  1
  87 238  1
 187 238  1
 196 239  1
 224 239  1
 126 241  1
  90 242  1
 130 242  1
 103 243  1
  80 244  1
  82 244  1
 109 244  1
 146 244  1
 184 244  1
 186 244  1
 214 244  1
 181 245  1
 115 246  1
 153 246  1
 210 246  1
 211 246  1
 148 247  1
 149 247  1
 207 248  1
  97 249  1
 130 249  1
 182 251  1
 148 252  1
 117 253  1
 124 255  1
 197 255  1
 131 256  1


count = 599