 131   3  1
 174   3  1
 178   4  1
 184   5  1
 122   6  1
 186   6  1
 110  11  1
 198  12  1
 200  14  1
 103  16  1
 114  16  1
 207  18  1
  93  20  1
  88  22  1
 211  22  1
 215  24  1
 117  25  1
  94  26  1
 129  27  1
  71  29  1
 120  29  1
 122  29  1
 223  29  1
 128  31  1
  85  32  1
  86  32  1
  92  32  1
  93  32  1
 228  32  1
 124  33  1
 130  33  1
  78  34  1
 139  35  1
 141  35  1
  41  36  1
  42  36  1
  81  36  1
 233  36  1
  60  37  1
  87  37  1
 128  38  1
  37  39  1
  50  39  1
  51  39  1
  66  39  1
  72  39  1
 109  40  1
 111  40  1
 142  40  1
 143  40  1
  33  41  1
  53  41  1
 132  41  1
  95  42  1
 106  43  1
 132  43  1
 133  43  1
  28  44  1
  55  44  1
 114  44  1
 116  45  1
 118  45  1
 136  45  1
  69  46  1
  82  46  1
  59  47  1
 247  47  1
  88  48  1
 100  48  1
 105  48  1
 106  48  1
 138  48  1
 128  49  1
 151  49  1
 251  49  1
 101  50  1
 112  50  1
  22  51  1
  44  51  1
  58  51  1
  79  51  1
 128  51  1
 153  51  1
  46  52  1
  95  52  1
 116  52  1
 117  52  1
 156  52  1
  26  53  1
 123  53  1
 127  53  1
  93  54  1
  19  55  1
  77  55  1
  17  58  1
  55  58  1
 260  58  1
  59  59  1
  75  59  1
  76  59  1
  81  59  1
  82  59  1
  23  60  1
  87  60  1
 152  60  1
  86  62  1
  87  62  1
 140  62  1
  60  63  1
  22  64  1
  74  65  1
  78  65  1
 218  66  1
  11  67  1
 139  67  1
 140  67  1
  58  68  1
 143  68  1
 177  68  1
 201  68  1
 225  68  1
 260  68  1
  24  69  1
  26  69  1
  28  69  1
  66  69  1
  78  69  1
 172  69  1
 175  69  1
 170  70  1
  59  71  1
  67  71  1
 203  71  1
 210  71  1
 217  71  1
 230  71  1
 271  72  1
  62  74  1
 180  74  1
 233  74  1
  66  75  1
 241  75  1
 260  75  1
 273  75  1
 182  76  1
 141  77  1
 142  77  1
  71  79  1
  77  79  1
 259  79  1
 260  79  1
 275  80  1
 276  80  1
  12  81  1
  19  81  1
 226  81  1
 227  81  1
 242  82  1
 138  83  1
 181  83  1
 239  84  1
 240  84  1
  30  85  1
  32  85  1
 176  85  1
 179  85  1
 247  86  1
  30  87  1
 235  87  1
 137  88  1
 138  88  1
 237  88  1
 213  89  1
 216  89  1
 264  89  1
 134  90  1
 231  90  1
 279  90  1
 280  90  1
  20  91  1
  21  91  1
  54  91  1
 225  92  1
  70  93  1
 233  93  1
  16  94  1
  21  94  1
 247  94  1
 251  94  1
 266  94  1
 201  95  1
 258  95  1
  26  96  1
 235  96  1
 237  96  1
 262  96  1
 192  98  1
 204  98  2
 124  99  1
 125  99  1
 201 100  1
 235 100  1
 240 101  1
 272 101  1
 177 102  1
 165 103  1
 228 104  1
 232 104  1
 261 104  1
  36 105  1
 165 105  1
  48 106  1
 163 106  2
 170 106  1
 171 106  1
 274 106  1
 275 106  1
 122 107  1
 123 107  1
   1 108  1
 168 108  1
  11 109  1
  14 109  1
  16 109  1
  32 109  1
 184 109  1
 268 109  1
  24 110  1
  38 110  1
  77 110  1
 269 111  1
   8 112  1
 198 112  1
  20 113  1
  80 113  1
 195 113  1
 274 113  1
 275 113  1
   6 115  1
   7 115  1
  20 115  1
  51 115  1
  52 115  1
 192 115  1
 202 116  1
  19 117  1
  13 118  1
  57 118  1
  58 118  1
   8 119  1
  91 119  1
 119 119  1
 185 119  1
 213 119  1
 270 120  1
 281 120  1
   1 121  1
 108 121  1
 176 121  1
 194 121  1
 229 121  1
 231 121  1
 236 121  1
 237 121  1
  36 122  1
 201 122  1
 205 122  1
  34 123  1
 117 123  1
 180 123  1
  38 125  1
 186 125  1
 220 125  1
 277 125  1
 119 126  1
 174 126  1
 175 126  1
 205 126  1
 158 127  1
 162 127  1
   3 128  1
  24 128  1
  33 128  1
 167 128  1
  47 130  1
 221 130  1
   6 131  1
  20 131  1
 226 131  1
 228 131  1
  37 132  1
 141 132  1
 164 132  1
 217 132  1
  41 133  1
 145 133  1
 155 133  1
 158 133  1
 162 134  1
 240 134  1
 241 134  1
 255 134  1
  43 135  1
  47 135  1
 108 135  1
 234 135  1
 235 135  1
   6 136  1
  23 136  1
 222 136  1
 261 137  1
 227 138  1
  35 139  1
 263 139  1
   2 140  1
  31 140  1
  87 140  1
  88 140  1
 179 140  1
 180 140  1
 222 140  1
   9 142  1
  10 142  1
  39 143  1
 196 143  1
   1 144  1
 201 144  1
 264 144  1
  81 145  1
 160 146  2
 177 146  1
 175 147  1
 192 147  1
 193 147  1
 247 147  1
  39 148  1
 205 148  1
 209 148  1
 213 148  1
 215 148  1
 230 148  1
 231 148  1
  15 149  1
  29 149  1
 197 149  1
 237 149  1
  23 150  1
  79 150  1
 158 150  1
 159 150  1
 161 150  1
 190 150  1
 272 150  1
 115 151  1
 121 151  1
 175 151  1
  13 152  1
  77 152  1
 262 152  1
 124 153  1
 280 153  1
 281 153  1
 187 154  1
 198 154  1
 134 155  1
 167 155  1
 192 155  1
 250 155  1
 269 155  1
  12 156  1
  75 156  1
  76 156  1
 109 156  2
 110 156  1
 111 156  1
 195 156  1
 196 156  1
 254 156  1
 265 156  1
 267 156  3
 178 157  1
 184 157  1
 185 157  1
  11 158  1
  12 158  1
 140 158  1
 153 158  1
 213 158  1
 255 158  1
 205 159  1
 207 159  1
 208 159  1
 127 160  1
 149 160  1
 264 160  1
 270 160  1
  13 161  1
 127 162  1
 186 162  1
 194 162  1
 200 162  1
   2 163  1
   3 163  1
  11 163  1
 179 163  1
 182 163  1
 148 164  1
 149 164  1
 169 164  1
  11 165  1
 174 165  1
  19 166  1
  20 166  1
  25 166  1
  30 166  1
  78 166  1
 146 166  1
 158 166  1
 261 166  1
  83 167  1
 184 168  1
 189 168  1
 203 168  1
  32 169  1
 250 169  1
   5 170  1
   6 170  1
 205 170  1
 218 170  1
 255 170  1
 214 171  1
  83 172  1
 140 172  1
 162 172  1
 172 172  1
 255 172  1
   6 173  1
   7 173  1
  33 173  1
 178 173  1
 184 173  1
  85 174  1
 207 176  1
 208 176  1
  13 177  1
 187 177  1
 141 178  1
  23 179  1
  57 179  1
 207 180  1
  15 181  1
  63 181  1
 275 181  1
 276 181  1
  12 182  1
 194 182  1
  25 183  1
  70 183  1
 180 183  1
 181 183  1
 202 184  1
  22 185  1
 190 185  1
 211 185  1
  58 186  1
  71 187  1
  72 187  1
 180 188  1
 181 188  1
 190 189  1
  21 190  1
  56 190  1
  57 190  1
 168 190  1
 184 190  1
 208 190  1
  72 191  1
 225 191  1
 226 191  1
 227 191  1
 269 191  1
 177 192  1
 178 192  1
 185 192  1
  69 193  1
 240 193  1
  74 194  1
 175 195  1
 193 195  1
 223 195  1
 138 196  1
 163 196  1
 164 196  1
 190 196  1
  12 197  1
  54 197  1
  55 197  1
 186 197  1
 228 198  1
 235 198  1
 237 198  1
  72 199  1
 139 199  1
 141 199  1
 143 199  1
  53 200  1
  54 200  1
 120 200  1
  40 201  1
  79 201  1
 115 201  1
  17 202  1
  44 202  1
  74 202  1
  37 203  1
 123 203  1
 144 203  1
 235 204  1
 101 205  1
  29 206  1
  54 206  1
  73 206  1
  74 206  1
 147 206  1
 196 206  1
 237 206  1
 241 206  1
 258 206  1
 228 207  3
 229 207  1
  21 208  1
 255 208  1
 191 209  1
 219 209  1
 220 209  1
  89 210  1
 124 210  1
 114 211  1
 145 212  1
 188 212  1
 231 212  1
 100 213  1
 198 213  1
 123 214  1
 131 214  1
 235 214  1
 119 215  1
 181 215  1
 244 215  1
  31 216  1
  45 216  1
  85 217  1
 126 218  1
 127 218  1
 140 218  1
 123 219  1
 118 220  1
 150 220  1
  38 221  1
  39 221  1
  95 221  1
 122 222  1
 123 222  1
 136 222  1
 157 222  1
  82 223  1
  94 223  1
  95 223  1
  45 225  1
  82 225  1
  79 226  1
  80 226  1
  93 226  1
 166 226  1
 167 226  1
 181 226  1
 231 226  1
  71 229  1
 183 229  1
 226 230  1
  94 231  1
  86 232  1
 220 235  1
 102 237  1
 103 237  1
  89 238  1
 215 238  1
 210 242  1
 104 243  1
 203 245  1
 113 247  1
 116 248  1
 121 250  1
 193 250  1
 124 251  1
 133 253  1


count = 596