 151   1  1
 179   1  1
 138   3  1
 192   4  1
 198   6  1
 127   7  1
 147   7  1
 187   8  1
 122   9  1
 189  12  1
 112  13  1
 114  13  1
 139  13  1
 140  13  1
 219  15  1
 119  16  1
  93  23  1
 117  23  1
 154  23  1
 156  23  1
  83  24  1
 150  25  1
 151  25  1
 205  27  1
 231  27  1
  66  28  1
 202  30  1
  53  35  1
 199  37  1
 200  37  1
  48  39  1
 199  39  1
 243  39  1
 149  41  1
  42  42  1
  43  42  1
 140  44  1
 152  44  1
  38  45  1
 204  45  1
  34  47  1
 248  47  1
 249  47  1
 151  48  1
  31  49  1
 146  51  1
  25  54  1
 251  54  1
 252  54  1
 252  57  1
 253  57  1
  15  62  1
 255  62  1
 195  66  1
 179  67  1
  12  68  1
  10  71  1
 195  71  1
 261  72  1
   8  74  1
 146  75  1
 138  77  1
 173  77  1
 174  77  1
 216  77  1
 203  79  1
 219  79  1
 151  80  1
 203  81  1
 216  81  1
 154  82  1
 156  82  1
 229  82  1
 230  82  1
 266  83  1
 267  83  1
 137  85  1
 135  86  1
 148  86  1
 149  86  1
 158  87  1
 174  87  1
 175  87  1
 142  88  1
 154  88  1
 139  89  1
 156  89  1
 229  89  1
 246  89  1
 172  90  1
 135  91  1
 198  91  1
 202  91  1
  75  92  1
 271  92  1
  71  93  1
  80  93  1
 150  93  1
 245  93  1
   1  94  1
 158  94  1
 154  95  1
 223  95  1
 224  95  1
 225  95  1
 243  96  1
 169  97  1
 240  97  1
  84  99  1
 155  99  1
 157  99  1
 217  99  1
 276  99  1
 167 100  1
 198 101  1
 234 101  1
 166 102  1
 167 102  1
 195 103  1
 201 103  1
  49 104  1
 165 105  1
 166 105  1
   8 106  1
  93 107  1
  94 107  1
 107 107  1
 193 107  1
   6 108  1
  28 108  1
  38 108  1
  54 108  1
 116 109  1
 165 109  1
 222 109  1
 189 111  1
 216 111  1
 220 111  1
  15 112  1
 119 112  1
 123 113  1
 124 113  1
 225 113  1
  31 114  1
 165 114  1
  16 115  1
   1 116  1
  90 116  1
 218 116  1
 174 117  1
 176 117  1
  10 118  1
  13 118  1
 168 118  1
   2 119  1
 118 119  1
 119 119  1
 179 119  1
 224 119  1
 189 120  1
 190 120  1
 198 120  1
 199 120  1
 125 121  1
 152 121  1
 161 121  1
 180 121  1
 195 121  1
 224 121  1
 117 123  1
 123 123  1
 197 123  1
 205 123  1
 207 123  1
 224 123  1
 231 123  1
  17 124  1
  23 124  1
  27 124  1
  98 124  1
 189 124  1
 233 124  1
  37 125  1
  41 125  1
 167 125  1
 168 125  1
 271 125  1
 272 125  1
 184 126  1
 242 126  1
 139 127  1
 219 127  1
 222 127  1
 223 127  1
 265 127  1
  13 128  1
  28 128  1
  40 129  1
 127 129  1
 128 129  1
 216 129  1
 248 129  1
  36 130  1
 144 130  1
 152 130  1
 155 130  1
 166 130  1
 188 130  1
 190 130  1
 211 130  1
 272 130  1
 277 130  1
 116 131  1
 146 131  1
 256 131  1
 263 131  1
 265 131  1
 267 131  1
  23 132  1
  54 132  1
 242 132  1
   6 133  1
   8 133  1
  19 133  1
 176 133  1
 182 133  1
 219 133  1
  40 134  1
  43 134  1
  52 134  1
 150 134  1
 166 135  1
 190 135  1
 196 135  1
 199 135  1
 208 135  1
 215 135  1
 246 135  1
 250 135  1
 140 136  1
 157 136  1
 159 136  1
 204 136  1
 198 137  1
 199 137  1
   1 138  1
 256 138  1
 160 139  1
  89 140  1
 258 143  1
 256 144  1
 119 146  1
 165 146  1
 106 147  1
 171 147  1
  83 148  1
  95 148  1
  96 148  1
   6 149  1
 187 149  1
 249 149  1
 250 149  1
  91 151  1
 168 152  1
 116 153  1
 185 153  1
 190 154  1
 249 155  1
 250 155  1
 196 156  1
 115 157  1
 177 157  1
 178 157  1
 181 157  1
 226 157  1
   1 158  1
 247 158  1
 248 158  1
 280 158  1
 281 158  1
 106 160  1
 223 160  1
 231 160  1
  20 161  1
 177 161  1
 182 161  1
 199 161  1
 200 161  1
  21 163  1
 173 163  1
 231 163  1
  76 164  1
 104 164  1
 229 164  1
 235 164  1
 237 164  1
  27 165  1
  72 165  1
 278 165  1
 279 165  1
 100 166  1
 176 166  1
 243 166  1
  33 167  1
  98 167  1
 186 167  1
 187 167  1
 199 167  1
  31 169  1
 238 169  1
  37 172  1
 276 172  1
 277 172  1
  32 173  1
 182 173  1
 186 173  1
 187 173  1
 206 174  1
 222 174  1
 196 175  1
 219 175  1
 275 175  1
 276 175  1
 184 177  1
 199 178  1
 200 178  1
 141 179  1
 176 179  1
 189 179  1
 225 179  1
 232 179  1
  12 180  1
  14 180  1
 206 180  1
 218 180  1
 143 181  1
 220 181  1
 151 182  1
 178 183  1
 217 184  1
  15 186  1
  16 186  1
 154 186  1
 155 186  1
 206 188  1
  11 189  1
 168 189  1
 183 189  1
 213 189  1
 215 189  1
 166 190  1
 199 190  1
 246 190  1
 163 192  1
  13 193  1
  14 193  1
 163 197  1
 164 197  1
 263 197  1
 154 198  1
 150 199  1
 261 200  1
  22 201  1
 133 202  1
 134 202  1
 155 202  1
 160 202  1
  62 203  1
 146 203  1
 166 203  1
  87 204  1
  29 206  1
 133 206  1
 145 206  1
 156 206  1
 167 206  2
 168 206  1
 258 206  1
 259 206  1
 162 208  1
 163 208  1
 257 208  1
 129 209  1
 135 209  1
 136 209  1
 147 209  1
 247 210  1
 248 210  1
  36 211  1
 159 211  1
  39 213  1
  88 213  1
 137 213  1
 165 213  1
 166 213  1
 157 214  1
 143 215  1
 147 215  1
  44 216  1
  72 216  1
 119 216  1
 152 216  1
 153 216  1
 123 217  1
 124 217  1
  89 218  1
  50 219  1
 140 219  1
 163 220  1
 164 220  1
  75 221  1
 100 221  1
  95 222  1
 144 222  1
 161 223  1
 244 223  1
 128 224  1
 136 224  1
  80 225  1
  85 225  1
  86 225  1
  97 225  1
  98 225  1
 145 225  1
 123 226  1
 240 226  1
 141 227  1
 142 227  1
 145 227  1
 154 228  1
 156 228  1
  84 230  1
 150 230  1
 151 230  1
 234 230  1
 123 231  1
 124 231  1
 146 231  1
 157 231  1
 158 231  1
 129 232  1
 137 232  1
 111 233  1
 134 234  1
 105 235  1
 150 235  1
 227 235  1
 125 237  1
 224 237  1
 110 238  1
 152 238  1
 123 239  1
 137 239  1
 145 239  1
 112 240  1
 218 240  1
 219 240  1
 136 241  1
 115 242  1
 132 243  1
 213 244  1
 132 245  1
 122 246  1
 209 246  1
 125 248  1
 126 248  1
 131 250  1
 193 253  1
 178 256  1
 155 257  1


count = 470