 136   1  1
 164   1  1
 181   3  1
 184   4  1
 101   6  1
 145   6  1
 203   8  1
 210  10  1
 118  11  1
 119  11  1
 123  11  1
 162  11  1
 163  11  1
 155  12  1
  80  13  1
 126  14  1
 144  14  1
 170  14  1
 219  14  1
  73  15  1
  90  15  1
 135  16  1
 136  16  1
 144  16  1
 203  16  1
 120  17  1
 148  17  1
 149  17  1
 194  17  1
 195  17  1
 208  17  1
 126  18  1
 225  18  1
 166  19  1
  80  20  1
 138  20  1
  61  21  1
  75  21  1
 155  21  1
 156  21  1
 174  21  1
 188  21  1
  82  22  1
 204  22  1
  90  23  1
  91  23  1
 141  23  1
 143  23  1
 162  23  1
 175  23  1
 176  23  1
 234  23  1
  82  24  1
  56  25  1
  77  25  1
  79  25  1
 186  26  1
 193  26  1
 216  27  1
  50  28  1
  59  28  1
 136  28  1
 143  28  1
 166  28  1
 193  30  1
 231  31  1
 143  32  2
 213  32  1
 214  32  1
  53  33  1
  59  33  1
 168  33  1
 169  33  1
  42  34  1
 192  34  1
 197  35  1
  40  36  1
  36  38  1
 156  38  1
  87  39  1
  88  39  1
 174  39  1
 224  39  1
 234  39  1
  79  40  1
  80  40  1
 160  41  1
 161  41  1
 204  41  1
 150  42  1
 164  42  1
 170  42  1
 155  43  1
 221  43  1
  81  44  1
  92  44  1
 226  44  1
 195  45  1
 152  46  1
 168  46  1
 237  46  1
  84  47  1
  85  47  1
 208  47  1
 219  47  1
 220  47  1
  93  48  1
 160  48  1
 201  48  1
 186  49  1
 212  49  1
 226  49  1
 227  49  1
 259  49  1
 169  50  1
 205  50  1
 232  50  1
 198  51  1
  22  52  1
 159  52  1
 160  52  1
 164  52  1
 178  52  1
 189  52  1
 230  52  1
  86  54  1
 178  54  1
 250  54  1
  88  55  1
 173  55  1
 174  55  1
 175  55  1
 211  55  1
 221  55  1
 239  56  1
 175  57  1
 206  57  1
 163  58  1
 219  58  1
 247  58  1
 175  59  1
 176  59  1
 237  59  1
 165  60  1
 166  60  1
 110  61  1
  22  62  1
  94  62  1
 228  62  1
 234  62  1
 172  63  1
 223  63  1
 267  64  1
  11  65  1
 170  67  1
  19  68  1
  33  68  1
 269  68  1
 173  69  1
   8  70  1
   9  70  1
  31  70  1
  38  70  1
 160  72  1
  32  74  1
   6  75  1
   7  75  1
  13  75  1
  18  75  1
  25  75  1
  26  75  1
 249  76  1
 234  77  1
 273  77  1
 274  77  1
   5  78  1
   6  78  1
  11  78  1
 236  78  1
  45  79  1
  51  79  2
 259  79  1
   5  80  1
 222  80  1
 267  80  1
 268  80  1
 274  80  1
 275  80  1
 259  81  1
   4  82  1
   5  82  1
  24  82  1
  26  82  1
  11  83  1
  28  83  1
 275  83  1
 276  83  1
 176  84  1
 243  84  1
 244  84  1
  16  85  1
 182  85  1
 166  86  1
 167  86  1
 249  86  1
 276  86  1
 277  86  1
 227  87  1
  22  88  1
  24  88  1
  33  88  1
  34  88  1
 184  88  1
 185  88  1
 232  88  1
 221  89  1
 238  89  1
 255  89  1
   2  90  1
   3  90  1
 175  90  1
 176  90  1
 223  90  1
 161  91  1
 157  92  1
 187  92  1
 188  92  1
 233  92  1
   9  93  1
 182  93  1
 190  93  1
 231  93  1
 256  93  1
 227  94  1
 278  94  1
 279  94  1
   1  95  1
   2  95  1
 254  95  1
 255  95  1
  70  96  1
 172  96  1
 173  96  1
 127  97  1
 110  98  1
 111  98  1
 139  98  1
 141  98  1
 230  98  1
 232  98  1
   1  99  1
 123  99  1
 137  99  1
 188  99  1
 159 100  1
 156 101  1
 234 101  1
 235 101  1
  52 102  1
 111 102  1
 130 102  1
 131 102  1
 132 102  1
 149 102  1
  59 103  1
  68 103  1
 127 103  1
 178 103  1
 181 103  1
 241 103  1
 261 103  1
 268 103  1
 144 104  1
 231 104  1
 232 104  1
 257 104  1
  48 105  1
 120 105  1
 149 105  1
 158 105  1
 170 105  1
 192 105  1
 236 105  1
   7 106  1
  65 106  1
 113 106  1
 133 106  1
  44 107  1
  45 107  1
  57 107  1
 241 107  1
 247 107  1
 248 107  1
 133 108  1
 127 109  1
 160 109  1
   1 110  1
 116 110  1
 143 110  1
 244 110  1
 258 110  1
 262 110  1
 108 111  1
 128 111  1
 129 111  1
 154 111  1
 155 111  1
  61 112  1
 241 112  1
 268 112  1
   1 113  1
   2 113  1
  14 113  1
  23 113  1
  79 113  1
  82 113  1
  98 113  1
 212 113  1
 213 113  1
 231 113  1
 232 113  1
 252 114  1
  57 115  1
 109 115  1
 116 115  1
 126 115  1
 228 115  1
 264 116  1
 275 116  1
  25 117  1
 228 117  1
 272 117  1
 273 117  1
   3 118  1
 122 118  1
 245 118  1
  52 119  1
 139 119  1
 217 119  1
 263 119  1
 141 120  1
 185 120  1
 236 120  1
  28 121  1
 227 121  1
   6 122  1
   7 122  1
  89 122  1
 220 122  1
  46 123  1
  47 123  1
  63 123  1
  64 123  1
  67 123  1
 234 123  1
  26 124  1
 165 124  1
 270 124  1
  39 125  1
  72 125  1
 169 125  1
 238 125  1
 265 125  1
  32 126  1
  46 126  1
  92 126  1
 142 126  1
 183 126  1
 188 126  1
 195 126  1
 201 126  1
 228 126  1
  59 127  1
  72 127  1
 161 127  1
 164 127  1
 170 127  1
 178 127  1
 179 127  1
   6 128  1
   7 128  1
 155 128  1
 255 128  1
 256 128  1
 274 128  1
  64 129  1
  67 129  1
  74 129  1
  88 129  1
 130 129  1
 147 129  1
 280 129  1
 281 129  1
   5 130  1
  79 130  1
  41 131  1
  44 131  1
  69 131  1
 165 131  1
 167 131  1
 197 131  1
 202 131  1
 218 131  1
 249 131  1
  37 132  1
  96 132  1
 140 132  1
 142 132  1
 182 132  1
 272 132  1
   9 133  1
 136 133  1
 138 133  1
 147 133  1
 161 133  1
   3 134  1
  29 134  1
  52 134  1
  74 134  1
 211 134  1
 219 134  1
 244 134  1
  23 135  1
  25 135  1
 154 135  1
 180 135  1
 203 135  1
 254 135  1
 255 135  1
  39 136  1
  40 136  1
 126 136  1
 239 137  1
   8 138  1
  69 138  1
 156 138  1
 160 138  1
 201 138  1
 217 138  1
 267 138  1
 275 138  1
   6 139  1
  28 139  1
  43 139  1
  71 139  1
 164 139  1
 198 139  1
 209 139  1
 168 140  1
 240 140  1
 241 140  1
 273 140  1
  44 141  1
 218 141  1
 222 141  1
 229 141  1
 225 142  1
 230 143  1
  34 144  1
  39 144  1
  46 144  1
  71 144  1
 199 144  1
 266 144  1
  43 145  1
 208 145  1
 229 145  1
 230 145  1
 247 145  1
 282 145  1
 283 145  1
 125 146  1
 199 146  1
 201 146  1
 213 146  1
 226 146  1
 142 147  1
 240 147  1
 241 147  1
 130 148  1
 132 148  1
 147 148  1
 218 148  1
  18 149  1
  22 149  1
  31 149  1
 102 149  1
 124 149  1
 137 149  1
 224 149  1
 225 149  1
  34 150  1
  38 150  1
 109 150  1
 112 150  1
 206 150  1
 232 151  1
 233 151  1
 269 151  1
 273 151  1
 120 153  1
 129 153  1
 130 153  1
 227 153  1
  40 154  1
 217 154  1
 218 154  1
 237 154  1
 243 154  1
 244 154  1
 101 155  1
 160 155  1
 226 155  1
  10 156  1
  93 156  1
 170 156  1
 242 156  1
 253 156  1
 258 156  1
 269 156  1
 208 157  1
 216 157  1
  33 158  1
  53 158  1
  64 158  1
 232 158  1
  57 159  1
 179 159  1
 260 159  1
 261 159  1
 272 159  1
  49 160  1
  73 160  1
  74 160  1
 124 160  1
 231 160  1
  11 161  1
  57 161  1
 112 161  1
 113 161  1
 142 161  1
 173 161  1
 281 161  1
 282 161  1
  43 162  1
  85 162  1
 264 162  1
  57 163  1
 114 163  1
 146 163  1
 175 163  1
 217 163  1
  28 164  1
 127 164  1
 189 164  1
 222 164  1
 236 164  1
  18 166  1
  19 166  1
 150 166  1
 189 166  1
 273 166  1
 274 166  1
 156 167  1
  38 168  1
  40 168  1
  50 168  1
  51 168  1
  87 168  1
  92 168  1
 223 168  1
 228 168  1
 229 168  1
 266 168  1
  13 169  1
  54 169  1
 173 169  1
 174 169  1
  21 170  1
  28 170  1
 168 170  1
 245 170  1
 247 170  1
  30 171  1
  32 171  1
  59 171  1
  65 171  1
 190 171  1
  50 172  1
 224 172  1
 271 172  1
 272 172  1
  17 173  1
 230 173  1
  53 174  1
 260 176  1
 264 176  1
  14 177  1
  15 177  1
 256 177  1
  46 178  1
  47 178  1
  65 178  1
  67 180  1
  12 183  1
  13 183  1
 273 183  1
 256 184  1
 235 186  1
  16 188  1
 270 188  1
  89 190  1
 100 190  1
 105 191  1
 232 191  1
  19 192  1
  55 192  1
 109 192  1
 268 192  1
  40 193  1
  45 193  1
  78 195  1
  86 195  1
  55 196  1
 110 196  1
  48 197  1
  42 198  1
  43 198  1
  56 198  1
  58 198  1
  60 198  1
  77 199  1
 209 199  1
 264 199  1
  26 200  1
  36 200  1
  46 200  1
 226 200  1
 227 200  1
 250 200  1
 252 200  1
 254 200  1
  50 201  1
 111 201  1
 214 201  1
 216 201  1
  40 202  1
 219 202  1
 254 202  1
  63 203  1
  64 203  1
  72 203  1
 111 203  1
 112 203  1
 206 204  1
 260 204  1
 212 205  1
 213 205  1
 105 206  1
 112 206  1
 113 206  1
 183 206  1
 184 206  1
 252 206  1
 140 207  1
 196 207  1
  34 208  1
 213 208  1
 107 209  1
 108 209  1
 101 210  1
 187 210  1
 193 210  1
 195 210  1
 114 211  1
 136 211  1
 214 211  1
 155 212  1
 209 212  1
  98 213  1
 131 213  1
 132 213  1
 201 213  1
 206 213  1
 216 213  1
 226 214  1
 227 214  1
  47 215  1
  97 215  1
 111 215  1
 148 215  1
 149 215  1
  93 217  1
 192 217  1
 193 217  1
  52 218  1
 100 218  1
 133 218  1
 152 218  1
 153 218  1
 110 219  1
 124 219  1
 157 219  1
 158 219  1
 247 219  1
 220 220  1
 246 221  1
  49 222  1
 244 222  1
  52 224  1
  88 224  1
  95 224  1
 105 224  1
 121 224  1
 122 224  1
 155 224  1
  93 227  1
  58 229  1
 143 229  1
 152 229  1
  70 230  1
  84 230  1
 126 231  1
 127 231  1
 233 231  1
  90 233  1
  91 233  1
 141 233  1
 229 233  1
  66 235  1
  89 236  1
  90 236  1
 137 238  1
 151 238  1
  89 239  1
 119 240  1
 120 240  1
  84 242  1
 124 242  1
 125 242  1
 118 243  1
 162 245  1
 163 245  1
 175 246  1
 176 246  1
 127 247  1
 195 247  1
 171 249  1
 162 250  1
 115 251  1
 118 252  1
 171 254  1
 173 254  1
 130 255  1
 137 256  1
 162 256  1


count = 756