 156   1  1
 173   1  1
 140   3  1
 200   5  1
 171   6  1
 152   7  1
 144   8  1
 145   8  1
 179   9  1
 108  10  1
 195  10  1
  99  12  1
 148  12  1
 192  12  1
 187  13  1
 198  13  1
 205  13  1
 113  14  1
 121  14  1
  78  15  1
 107  15  1
 131  15  1
 204  15  1
 210  15  1
 226  15  1
 120  16  1
 136  16  1
 194  16  1
  76  17  1
 174  17  1
 175  17  1
 214  17  1
  92  18  1
 158  18  1
 159  18  1
  72  19  1
 101  19  1
 102  19  1
 103  19  1
 137  19  1
 233  19  1
 223  20  1
 200  21  1
 236  21  1
  67  22  1
 204  22  1
 208  22  1
 146  23  1
 122  24  1
 126  24  1
 128  24  1
  93  25  1
 107  25  1
 208  26  1
 220  26  1
 225  27  1
 226  27  1
  78  28  1
 147  28  1
 148  28  1
 157  28  1
 158  28  1
 196  28  1
 232  28  1
 237  28  1
 116  29  1
 203  29  1
  64  30  1
  65  30  1
 221  30  1
 223  30  1
 164  31  1
 194  31  1
  55  32  1
 107  33  1
 108  33  1
 112  34  1
 198  34  1
 233  34  1
  61  35  1
 117  35  1
 129  35  1
 151  35  1
  47  36  1
 169  36  1
 191  36  1
 192  36  1
 155  37  1
 156  37  2
 201  37  1
 202  37  1
 257  37  1
 258  37  1
 125  38  1
 133  38  1
 173  38  1
 196  38  1
 197  38  1
  57  39  1
  70  39  1
  71  39  1
 123  39  1
 127  39  1
 259  40  1
 260  40  1
  71  42  1
 113  42  1
 159  42  1
 109  43  1
 110  43  1
 111  43  1
 119  43  1
 200  43  1
 124  44  1
 128  44  1
 174  44  1
 255  46  1
  36  48  1
 129  48  1
 264  48  1
 124  49  1
 170  49  1
 185  49  1
 166  50  1
 167  50  1
 254  50  1
 122  51  1
  50  52  1
 112  52  1
 113  52  1
  61  54  1
 169  55  1
 170  55  1
 175  57  1
  26  58  1
 120  58  1
 269  58  1
 270  58  1
  60  59  1
  61  59  1
  23  60  1
 173  61  1
  22  62  1
  72  63  1
 181  64  1
 245  65  1
 239  66  1
 265  67  1
 188  69  1
 245  70  1
 259  70  1
  16  71  1
  24  71  1
 222  71  1
  51  72  1
 238  72  1
 239  72  1
 268  72  1
 274  72  1
 275  72  1
 256  74  1
 265  74  1
  14  75  1
  22  76  1
 260  76  1
 262  76  1
 233  77  1
 276  77  1
 277  77  1
 223  79  1
 257  79  1
  49  80  1
 233  81  1
 243  81  1
 183  83  2
 184  83  1
 185  83  1
   8  84  1
   9  84  1
  51  84  1
  60  86  1
 250  86  1
 251  86  1
  49  87  1
 241  88  1
 279  88  1
 280  88  1
  64  89  1
  73  89  1
 205  89  1
 215  90  1
  59  91  1
 265  91  1
 249  92  1
  57  93  1
 219  93  1
 237  93  1
 269  93  1
 270  93  1
 187  94  1
 194  94  1
   1  95  1
   2  95  1
  50  95  1
 238  95  1
  13  96  1
 203  96  1
 204  96  1
 241  96  1
   9  97  1
  59  97  1
 141  97  1
 151  97  1
 182  97  1
 244  97  1
 250  97  1
   1  98  1
 196  98  1
 204  98  1
 206  98  1
 208  98  1
 214  98  1
  67  99  1
 170  99  1
 177  99  1
 254  99  1
 196 100  1
 209 100  1
 261 100  1
 103 101  1
 157 101  1
 175 101  1
 267 101  1
  61 102  1
  62 102  1
 135 102  1
 137 102  1
 139 102  1
 196 102  1
 202 102  1
 223 102  1
 133 103  1
 214 103  1
  46 104  1
  58 104  1
 167 104  1
 199 104  1
 200 104  1
 201 104  1
 192 105  1
 210 105  1
  46 106  1
  66 106  1
 218 106  1
 223 106  1
  27 107  1
  40 107  1
  64 107  1
 140 107  1
 197 107  1
   1 108  1
  46 108  1
  47 108  1
 223 108  1
 230 108  1
 231 108  1
  53 109  1
  54 109  1
  64 109  1
 163 109  1
 164 109  1
 193 109  1
  36 110  1
  37 110  1
  59 110  1
 131 110  1
 143 110  1
   1 111  1
   2 111  1
 106 111  1
 111 112  1
 205 113  1
 273 114  1
 277 114  1
  49 115  1
  57 115  1
  63 115  1
 220 115  1
 224 115  1
  39 117  1
  40 117  1
  41 117  1
 208 117  1
   5 118  1
  36 118  1
  37 118  1
  54 118  1
 204 118  1
 173 119  1
 261 119  1
 262 119  1
 281 119  1
 282 119  1
  18 120  1
  60 120  1
  69 121  1
  74 121  1
 182 121  1
 225 121  1
  13 122  1
  32 122  1
  50 122  1
  56 122  1
  60 122  1
  90 122  1
  96 122  1
 176 122  1
  74 123  1
 166 123  1
 167 123  1
 195 123  1
 207 123  1
 212 123  1
 220 123  1
  14 124  1
  45 124  1
 275 124  1
  68 125  1
 100 125  1
 230 125  1
 233 125  1
 256 125  1
 258 125  1
 267 125  1
 269 125  1
  22 126  1
  25 126  1
  28 126  1
  95 126  1
 114 126  1
 166 126  1
 218 126  1
 242 126  1
   6 127  1
  13 127  1
  42 127  1
 119 127  1
 157 127  1
 224 127  1
  82 128  1
 148 128  1
 150 128  1
 151 128  1
 209 128  1
  47 129  1
  55 129  1
 131 129  1
 135 129  1
 136 129  1
 140 129  1
 178 129  1
 179 129  1
 182 129  1
 224 129  1
  51 130  1
 233 130  1
 257 130  1
 274 130  1
  28 131  1
  41 131  1
 117 131  1
 118 131  1
 208 131  1
 213 131  1
 217 131  1
 225 131  1
 229 131  1
 230 131  1
 231 131  1
 249 131  1
 276 131  1
 239 132  1
 241 132  1
 270 132  1
  19 133  1
 230 133  1
  34 134  1
  38 134  1
  65 134  1
  85 134  1
 127 134  1
 264 134  1
  16 135  1
 234 135  1
 242 135  1
 246 135  1
  75 136  1
 127 136  1
 194 136  1
 200 136  1
 206 136  1
 226 136  1
   1 137  1
   6 137  1
  83 137  1
 120 137  1
 121 137  1
 139 137  1
 165 137  1
 166 137  1
 167 137  1
 219 137  1
 234 137  1
  88 138  1
 111 138  1
  41 139  1
  79 139  1
 117 139  1
 143 139  1
 169 139  1
 127 140  1
 184 140  1
 236 140  1
 244 140  1
 251 140  1
 190 141  1
 197 141  1
 253 141  1
  79 142  1
 142 142  1
 195 142  1
 232 142  1
 241 142  1
 265 142  1
   8 143  1
  10 143  1
  45 143  1
 114 143  1
 210 143  1
 248 143  1
  86 144  1
 175 144  1
 176 144  1
 245 144  1
 130 145  1
 122 146  1
 144 146  1
 250 146  1
   1 147  1
  50 147  1
 114 147  1
 152 147  1
  41 148  1
 177 148  1
 257 148  1
  30 149  1
  37 149  1
 232 149  1
  24 150  1
  75 150  1
 113 150  1
 155 150  1
 248 150  1
  47 151  1
  84 151  1
  86 151  1
 126 151  1
 208 151  1
 232 151  1
 234 151  1
 160 152  1
 242 152  1
  88 153  1
  89 153  1
 111 153  1
 215 153  1
 218 153  1
 219 153  1
 232 153  1
 237 153  1
 104 154  1
 161 154  1
 251 154  1
 264 154  1
 274 154  1
  58 155  1
 129 155  1
 222 155  1
 257 155  1
  68 156  1
 138 156  1
 164 156  1
 243 156  1
 268 156  1
 269 156  1
 273 156  1
 274 156  1
  17 157  1
  40 157  1
  73 157  1
  88 157  1
 116 157  1
 117 157  1
 119 157  1
 157 157  1
 196 157  1
 197 157  1
 220 157  1
 229 157  1
 230 157  1
 104 158  1
 182 158  1
 183 158  1
 234 158  1
  46 159  1
  13 160  1
  26 160  1
 210 160  1
 211 160  1
  54 161  1
  55 161  1
 106 161  1
 107 161  1
 113 161  1
 180 161  1
 219 161  1
 223 161  1
 239 161  1
 240 161  1
 273 161  1
 170 162  1
 258 162  1
  22 163  1
 143 163  1
 243 163  1
 244 163  1
   7 164  1
 153 164  1
 274 164  1
 195 165  1
 248 165  1
  29 166  1
  32 166  1
 220 166  1
 252 166  1
 269 166  1
 238 167  1
 239 167  1
 256 167  1
 174 168  1
 219 168  1
 273 168  1
 185 169  1
 192 169  1
 236 169  1
 279 169  1
 280 169  1
  23 170  1
  33 170  1
  47 170  1
 196 170  1
 225 171  1
 247 171  1
 262 171  1
   3 172  1
  19 172  1
 179 172  1
 180 172  1
 186 172  1
 239 172  1
 251 172  1
 267 172  1
 206 173  1
 208 175  1
 209 175  1
  11 176  1
 193 176  1
  47 177  1
  17 178  1
 197 178  1
 237 179  1
 257 179  1
  17 180  1
 240 180  1
 276 180  1
 277 180  1
 227 181  1
 243 181  1
 231 182  1
 232 182  1
 245 182  1
 189 183  1
 194 183  1
 227 183  1
  45 184  1
  46 184  1
 229 185  1
  11 186  1
 231 186  1
 222 188  1
  49 189  1
  68 189  1
  14 190  1
 227 191  1
 228 191  1
  28 192  1
 273 192  1
 274 192  1
  24 193  1
  71 193  1
 229 193  1
  79 195  1
 201 195  1
 202 195  1
 229 196  1
 271 197  1
 272 197  1
 256 198  1
  22 199  1
  80 199  1
 262 199  1
  30 200  1
 228 200  1
 204 202  1
 210 202  1
 211 202  1
 269 202  1
 270 202  1
 223 203  1
 230 203  1
 117 204  1
 206 205  1
 207 205  1
 212 205  1
 213 205  1
  40 207  1
  41 207  1
 125 208  1
 227 209  1
  75 210  1
  76 210  1
 112 210  1
 264 210  1
  42 211  1
  82 211  1
 121 211  1
 221 211  1
  44 213  1
  79 214  1
 225 214  1
  36 215  1
  48 215  1
 111 215  1
 196 215  1
 222 215  1
 233 215  1
  49 217  1
  50 217  1
 200 217  1
 219 217  1
 220 217  1
 118 218  1
  42 219  1
  55 219  1
  78 219  1
 107 219  1
 108 219  1
 117 220  1
 213 220  1
  45 221  1
  46 221  1
 234 222  1
 255 222  1
  50 223  1
 229 223  1
 230 223  1
 112 224  1
 113 224  1
  78 225  1
  79 225  1
 206 225  1
 110 226  1
 238 226  1
  83 227  1
 123 227  1
 134 227  1
 115 228  1
 121 228  1
 138 228  1
 211 228  1
 250 228  1
  66 229  1
  78 229  1
 145 229  1
 165 230  1
 166 230  1
 228 230  1
 104 231  1
 105 231  1
 124 231  1
 125 231  1
 235 231  1
 236 231  1
 205 232  1
 206 232  1
 245 232  1
  84 233  1
  85 233  1
 125 233  1
 127 233  1
  78 234  1
  92 234  1
 113 234  1
 232 234  1
  98 235  1
 136 235  1
 141 235  1
 210 235  1
 241 235  1
  65 236  1
 103 236  1
 109 236  1
 122 236  1
  70 238  1
  84 238  1
 108 238  1
 234 239  1
 110 240  1
 175 240  1
 208 240  1
 213 240  1
  88 241  1
  95 241  1
 128 241  1
 139 241  1
 140 241  1
 164 241  1
  76 242  1
 100 242  1
 115 242  1
 204 242  1
 124 243  1
 148 243  1
 198 243  1
 120 244  1
 137 244  1
 166 245  1
 163 246  1
 171 246  1
 173 246  1
 198 247  1
 108 248  1
 131 248  1
 192 248  1
 135 249  1
 161 249  1
 175 251  1
 123 252  1
 170 252  1
 202 252  1
 126 253  1


count = 761