 141   1  1
 157   1  1
 164   1  1
 130   3  1
 187   3  1
 152   5  1
 142   6  1
 143   6  1
 136   7  1
 138   7  1
 139   7  1
 162   7  1
 133   8  1
 170   8  1
 115   9  1
 117   9  1
 160   9  1
 128  10  1
 109  11  1
 125  11  1
 153  11  1
 154  11  1
 207  11  1
 176  12  1
 145  13  1
 195  13  1
 196  13  1
 122  14  1
 163  14  1
 100  15  1
 117  15  1
 147  15  1
 203  16  1
 129  17  1
 130  17  1
 177  17  1
 178  17  1
 158  18  1
 152  19  1
 164  19  1
 208  19  1
  89  20  1
 102  20  1
 193  20  1
 194  20  1
 128  21  1
 129  21  1
 202  21  1
 203  21  1
  81  23  1
 173  23  1
 182  23  1
 196  24  1
 201  24  1
 202  24  1
 134  25  1
  89  26  1
 113  26  1
 180  26  1
 109  27  1
 190  27  1
 234  27  1
  87  29  1
 148  29  1
 150  29  1
 189  29  1
 201  29  1
 226  29  1
  68  30  1
 119  30  1
 120  30  1
 206  30  1
 218  30  1
 238  30  1
  79  31  1
 128  31  1
 130  31  1
 188  31  1
 189  31  1
  64  32  1
 147  32  1
 168  32  1
 169  32  1
 242  33  1
 147  34  1
 151  34  1
  60  35  1
 140  35  1
 126  36  1
 127  36  1
 185  36  1
  67  37  1
 155  37  1
 127  39  1
 144  39  1
 154  39  1
 217  39  1
  60  40  1
  61  40  1
 181  40  1
 182  40  1
 151  41  1
 171  41  1
 134  42  1
 135  42  1
 154  42  1
 196  42  1
 212  42  1
 213  42  1
  69  43  1
  70  43  1
 184  43  1
 242  43  1
  64  44  1
  58  45  1
  59  45  1
 126  45  1
 127  45  1
 164  45  1
 174  45  1
 184  45  1
  89  47  1
  90  47  1
  79  48  1
 142  48  1
 143  48  1
 152  48  1
  44  49  1
  75  49  1
  98  49  1
 157  49  1
 176  49  1
 198  49  1
 205  49  1
 206  49  1
  52  50  1
 124  50  1
 161  50  1
 163  50  1
 187  50  1
  58  51  1
  90  51  1
  91  51  1
  54  52  1
  67  52  1
  69  52  1
  70  52  1
 140  52  1
 190  52  1
 191  52  1
 210  52  1
 234  52  1
 240  52  1
 191  54  1
  80  55  1
 204  55  1
  58  56  1
  71  56  1
  75  56  1
 137  56  1
 211  57  1
  61  58  1
  67  58  1
  95  58  1
 133  58  1
  63  59  1
  65  59  1
 211  59  1
  98  60  1
 163  60  1
  70  61  1
  71  61  1
  86  61  1
  87  61  1
 137  61  1
 265  61  1
 134  62  1
 212  62  1
 183  63  1
  36  64  1
  87  64  1
  88  64  1
 167  64  1
  65  65  1
  66  65  1
  76  65  1
  78  65  1
  82  65  1
 100  65  1
 138  66  1
 178  66  1
 179  66  1
 234  66  1
  35  67  1
 148  67  1
 149  67  1
 107  68  1
 108  68  1
 154  68  1
 186  68  1
 187  68  1
  94  69  1
  95  69  1
 161  69  1
 162  69  1
 224  69  1
 268  69  1
 269  69  1
  54  70  1
  83  70  1
  91  70  1
  99  70  1
 167  70  1
 269  72  1
 270  72  1
 224  73  1
 164  74  1
 177  75  1
 270  75  1
 271  75  1
  88  76  1
 105  76  1
 106  76  1
 107  76  1
 172  76  1
  44  77  1
  45  77  1
  51  77  1
 159  77  1
 235  77  1
  99  78  1
 227  78  1
  22  80  1
  15  81  1
  49  81  1
  56  81  1
  95  81  1
  30  82  1
  34  83  1
  56  83  1
  94  83  1
  44  84  1
 172  84  1
 173  84  1
 221  84  1
 274  84  1
 275  84  1
  55  85  1
 207  85  1
 208  85  1
  29  86  1
 204  86  1
 240  87  1
 234  88  1
 207  89  1
 227  89  1
 220  90  1
 156  91  1
  24  92  1
 152  92  1
 271  93  1
  19  94  1
 138  94  1
 279  96  1
 280  96  1
  21  97  1
  22  97  1
 116  97  1
 219  97  1
 227  97  1
  74  98  1
 213  98  1
 215  98  1
 240  99  1
  74 100  1
 166 100  1
 230 100  1
 242 100  1
  23 101  1
  45 101  1
 174 101  1
  94 102  1
 164 102  1
 165 102  1
 166 102  1
 209 102  1
 221 102  1
 245 102  1
  30 103  1
 150 103  1
 154 103  1
 156 103  1
 216 103  1
 217 103  1
 281 103  1
 282 103  1
  68 104  1
  72 105  1
  33 106  1
  93 106  1
 143 106  1
 199 106  1
  26 107  1
  65 107  1
  78 107  1
  80 107  1
  89 107  1
 111 107  1
 151 107  1
 245 107  1
 266 107  1
 267 107  1
 143 108  1
 189 108  1
 193 108  1
 213 108  1
 221 108  1
  85 109  1
 197 109  1
  22 110  1
 147 110  1
 165 110  1
 207 110  1
 127 111  1
 161 111  1
 232 111  1
  32 112  1
  35 112  1
 262 112  1
 111 113  1
 172 113  1
 193 113  1
 194 113  1
  37 114  1
  38 114  1
  39 114  1
 121 114  1
 151 114  1
 190 114  1
  26 115  1
  41 115  1
 168 115  1
 225 115  1
 246 115  1
   1 116  1
  95 116  1
 116 116  1
 220 116  1
  74 117  1
 151 117  1
 215 117  1
 238 117  1
 239 117  1
  83 118  1
  20 119  1
  45 119  1
 205 119  1
  14 120  1
  86 120  1
 153 120  1
 209 120  1
 210 120  1
 211 120  1
 225 120  1
   7 121  1
  92 121  1
 239 121  1
   1 122  1
  75 122  1
 143 122  1
 148 122  1
 203 122  1
 213 122  1
 237 122  1
   7 123  1
  29 123  1
  96 123  1
 245 123  1
 246 123  1
 277 123  1
 275 124  1
  15 125  1
  53 125  1
  81 125  1
  19 126  1
 129 126  1
 137 126  1
 155 126  1
 162 126  1
 231 126  1
 253 126  1
 273 126  1
  24 127  1
  32 127  1
  37 127  1
  48 127  1
  88 127  1
  96 127  1
 131 127  1
 132 127  1
 135 127  1
 192 127  1
 197 127  1
 248 127  1
  67 128  1
 162 128  1
 204 128  1
 205 128  1
  10 130  1
  19 130  1
 163 130  1
  21 131  1
 155 131  1
 204 131  1
   2 132  1
   3 132  1
  18 132  1
 197 132  1
 249 132  1
 204 133  1
 214 133  1
 230 133  1
 241 133  1
 274 133  1
 130 134  1
 152 134  1
 153 134  1
 278 134  1
  12 135  1
  36 135  1
 169 135  1
 233 135  1
 238 135  1
  22 136  1
 125 136  1
 126 136  1
 137 136  1
 176 136  1
 177 136  1
 202 136  1
 240 136  1
 241 136  1
   8 137  1
 213 137  1
 259 137  1
   1 138  1
  42 138  1
  43 138  1
 122 138  1
 161 138  1
 206 139  1
  39 140  1
 142 140  1
 182 140  1
 231 140  1
  32 141  1
 192 141  1
 212 142  1
 153 143  1
 215 143  1
 219 143  1
 224 143  1
   1 144  1
 121 144  1
 163 144  1
 232 144  1
  33 145  1
 116 145  1
 209 145  1
 269 145  1
  29 146  1
  30 146  1
  42 146  1
   9 147  1
 153 147  1
 154 147  1
 204 147  1
 258 147  1
 264 148  1
  38 149  1
 105 149  1
 106 149  1
 252 149  1
 135 150  1
 136 150  1
 154 150  1
 267 150  1
 211 151  1
 255 151  1
  70 152  1
   9 153  1
  13 153  1
  22 153  1
  34 153  1
  92 153  1
  97 153  1
  99 153  1
 159 153  1
 161 153  1
 188 153  1
 204 153  1
 209 153  1
 213 153  1
 214 153  1
 215 153  1
 221 153  1
 248 153  1
 249 153  1
 197 154  1
 240 155  1
 244 155  1
  30 156  1
  32 156  2
 151 156  1
 197 156  1
 255 156  1
 256 156  1
  41 157  1
  81 157  1
  99 157  1
 163 157  1
 266 157  1
 269 157  1
 270 157  1
  16 158  1
 151 158  1
 153 158  1
 192 158  1
 197 158  1
 250 158  1
  13 159  1
  41 159  1
  51 159  1
 157 159  1
 214 159  1
 215 159  1
   5 160  1
   6 160  1
 263 160  1
  45 161  1
 172 161  1
  32 162  1
  99 162  1
 237 162  1
 244 162  1
  44 163  1
  51 163  1
 105 163  1
 106 163  1
 203 163  1
 215 163  1
  15 164  1
  63 164  1
 131 164  1
 160 164  1
 165 164  1
 221 164  1
 250 164  1
  34 165  1
 144 165  1
 227 165  1
  19 166  1
  39 166  1
  62 166  1
  63 166  1
 255 166  1
  44 167  1
  69 167  1
 178 167  1
 180 167  1
   9 168  1
 255 168  1
 180 169  1
  15 170  1
 165 170  1
 175 170  1
 227 170  1
 230 170  1
 232 170  1
 241 170  1
 242 170  1
 252 170  1
  11 171  1
  24 171  1
  69 171  1
  70 171  1
 173 171  1
 265 171  1
  59 172  1
 183 172  1
 232 172  1
  55 173  1
  72 173  1
  73 173  1
 255 173  1
 278 174  1
  24 175  1
  25 175  1
  53 175  1
 161 175  1
 221 175  1
  92 176  1
 236 176  1
 260 176  1
  21 177  1
  63 177  1
  84 177  1
  87 177  1
  42 178  1
  60 178  1
  90 178  1
  96 178  1
 172 178  1
 256 178  1
 263 178  1
  67 179  1
  99 179  1
 221 180  1
 259 180  1
 260 180  1
 270 180  1
  40 182  1
  41 182  1
  42 182  1
  62 182  1
 274 182  1
 275 182  1
  79 183  1
 223 183  1
  45 184  1
  47 184  1
  58 184  1
  51 185  1
 264 185  1
 273 185  1
 274 185  1
  87 186  1
  88 186  1
 267 186  1
  75 187  1
  79 187  1
  92 187  1
  40 188  1
  83 190  1
  84 190  1
  45 191  1
 146 191  1
 147 191  1
  88 192  1
 129 193  1
 232 193  1
  54 194  1
  55 194  1
  69 194  1
  82 194  1
 152 194  1
  62 195  1
  78 195  1
 133 195  1
 141 195  1
 233 195  1
 135 196  1
 137 196  1
 268 196  1
  99 197  1
 105 198  1
 137 198  1
 141 198  1
  57 199  1
  69 199  1
  87 199  1
 145 199  1
 210 199  1
 211 199  1
 240 199  1
  41 200  1
 133 200  1
 140 200  1
 266 200  1
  71 201  1
  90 201  1
 175 201  1
 219 201  1
 220 201  1
 140 202  1
  65 203  1
  66 203  1
 142 204  1
  96 205  1
  97 205  1
 136 205  1
  72 206  1
  79 206  1
  48 207  1
  49 207  1
 129 207  1
 241 207  1
 143 208  1
  50 209  1
 241 209  1
  66 210  1
  77 210  1
 140 210  1
 171 210  1
 210 210  1
 259 210  1
  63 211  1
  81 211  1
  82 211  1
  98 211  1
  54 214  1
 101 214  1
 104 214  1
 113 214  1
  61 215  1
  62 215  1
  76 215  1
  84 216  1
  90 216  1
  97 218  1
 172 218  1
 173 218  1
 107 219  1
 190 219  1
 194 219  1
  89 220  1
 251 220  1
 102 221  1
  64 222  1
  98 222  1
  59 223  1
  84 223  1
  85 223  1
 198 223  1
 171 224  1
 189 224  1
 190 224  1
  83 225  1
  95 225  1
 102 225  1
 106 225  1
 166 225  1
 118 226  1
  65 227  1
 163 227  1
 187 227  1
 100 228  1
 104 228  1
 241 228  1
  68 229  1
  77 229  1
 238 230  1
  71 231  1
  93 231  1
 108 231  1
 170 231  1
 168 232  1
 234 232  1
  83 233  1
 186 233  1
 187 233  1
 121 234  1
 231 234  1
  76 235  1
  91 235  1
 112 235  1
 153 235  1
  95 236  1
  97 236  1
 126 236  1
  99 238  1
 121 239  1
 206 239  1
 179 240  1
 180 240  1
 220 240  1
  92 241  1
 174 241  1
  95 242  1
 136 242  1
 137 242  1
 196 243  1
 197 243  1
 169 244  1
 208 246  1
 113 250  1
 170 250  1
 136 251  1
 173 251  1
 174 251  1
 147 252  1
 191 253  1
 193 253  1
 128 254  1
 188 254  1
 135 255  1
 143 256  1
 175 257  1


count = 798