 153   1  1
 158   1  1
 164   1  1
 168   1  1
 136   3  1
 132   4  1
 127   5  1
 203   6  1
 155   7  1
 156   7  1
 167   7  1
 152   8  1
 121   9  1
 212  11  1
 136  12  1
 137  12  1
 165  12  1
 166  12  1
 194  12  1
 131  14  1
 132  14  1
 151  14  1
 152  14  1
 193  14  1
 194  14  1
 158  15  1
 222  15  1
 223  15  1
 129  16  1
 189  17  1
 228  17  1
  90  18  1
 137  18  1
 138  18  1
 155  18  1
  87  19  1
 152  19  1
 153  19  1
 189  19  1
  84  20  1
 107  20  1
 100  21  1
 101  21  1
 161  21  1
 103  23  1
 138  23  1
 139  23  1
  99  24  1
 109  25  1
 110  25  1
 130  25  1
 240  25  1
  87  26  1
  93  27  1
 105  27  1
  97  28  1
  82  30  1
 107  30  1
 102  31  1
 126  31  1
 127  31  1
 136  31  1
  93  32  1
  94  32  1
 104  32  1
 166  32  1
 167  32  1
  73  33  1
  79  33  1
  85  33  1
 112  33  1
 248  34  1
  57  35  1
 250  35  1
  69  36  1
  75  36  1
  76  36  1
 101  36  1
 205  36  1
  85  37  1
 130  37  1
  51  38  1
  72  39  1
  73  39  1
 133  39  1
  49  40  1
  68  41  1
  77  41  1
  79  41  1
 115  41  1
 173  41  1
 174  41  1
 105  42  1
  65  43  1
 101  43  1
 109  43  1
 137  43  1
 156  43  1
 157  43  1
 203  44  1
 205  44  1
 128  45  1
 129  45  1
 192  46  1
  50  47  1
 102  47  1
 174  47  1
 175  47  1
  38  48  1
  72  48  1
 106  48  1
 119  48  1
  46  49  1
  47  49  1
 127  49  1
 260  49  1
 108  50  1
 136  50  1
 137  50  1
  29  51  1
  50  51  1
  97  51  1
 202  51  1
  82  52  1
 137  52  1
 175  52  1
 176  52  1
 213  52  1
 226  53  1
 235  53  1
 236  53  1
  73  54  1
  75  54  1
 100  54  1
 137  54  1
 138  54  1
  77  55  1
 223  55  1
 111  56  1
 216  56  1
  32  58  1
  33  58  1
  68  58  1
 128  58  1
 146  58  1
 240  58  1
 242  58  1
 246  58  1
 266  58  1
 267  58  1
  72  59  1
 139  59  1
 140  59  1
 150  59  1
 244  59  1
 142  60  1
 180  60  1
 185  60  1
 168  61  1
 260  61  1
 112  62  1
 119  62  1
  18  63  1
 150  63  1
 208  63  1
 223  63  1
 252  63  1
 112  64  1
 245  64  1
 260  65  1
 261  65  1
  16  66  1
 174  66  1
 175  66  1
 108  67  1
 211  67  1
 255  67  1
 256  67  1
 183  68  1
 207  68  1
 176  69  1
 177  69  1
 264  69  1
 261  70  1
 218  71  1
  12  72  1
 271  72  1
 272  72  1
 265  73  1
 225  74  1
 227  74  1
 214  76  1
   9  77  1
 254  77  1
 213  78  1
 252  78  1
  47  80  1
 240  80  1
  42  82  1
 239  83  1
 252  83  1
   5  84  1
   6  84  1
 203  84  1
 214  84  1
 233  84  1
 164  85  1
 225  85  1
 253  85  1
 257  85  1
 259  85  1
 267  85  1
 160  86  1
   4  87  1
   5  87  1
 218  87  1
 222  87  1
 158  88  1
  25  89  1
 154  89  1
 180  89  1
 181  89  1
 182  89  1
 209  89  1
 239  89  1
 247  89  1
 248  89  1
  37  90  1
 151  90  1
 207  90  1
  13  91  1
  29  91  1
  30  91  1
 202  91  1
 187  92  1
 252  92  1
 162  93  1
  35  94  1
 181  94  1
 240  94  1
 241  94  1
 253  94  1
  58  95  1
  59  95  1
 207  95  1
 246  95  1
  17  96  1
 193  96  1
 151  97  1
 220  97  1
  14  98  1
  26  98  1
  70  98  1
 161  98  1
 174  98  1
 178  98  1
  35  99  1
  66  99  1
 149  99  1
 155  99  1
 200  99  1
 244  99  1
 245  99  1
 249  99  1
 259  99  1
  39 100  1
  57 100  1
 126 100  1
 131 100  1
  29 101  1
  68 101  1
  69 101  1
  43 102  1
 219 102  1
 220 102  1
 228 102  1
 229 102  1
   1 103  1
 137 103  1
 155 103  1
 215 103  1
 217 103  1
 239 103  1
 110 104  1
  10 105  1
  11 105  1
  25 105  1
  70 105  1
 168 105  1
  17 106  1
  36 106  1
  40 106  1
  42 106  1
  67 106  1
  68 106  1
 145 106  1
  30 107  1
  31 107  1
  93 107  1
 123 107  1
 143 107  1
 149 107  1
 221 107  1
 236 107  1
 262 107  1
   8 108  1
  72 108  1
 154 108  1
 204 108  1
 226 108  1
 231 108  1
  43 109  1
  44 109  1
  49 110  1
 114 110  1
 120 110  1
 121 110  1
 214 110  1
 232 110  1
  52 111  1
  58 111  1
  65 111  1
  67 111  1
  88 111  1
 109 111  1
 163 111  1
 237 111  1
 238 111  1
   7 112  1
  10 112  1
  11 112  1
 125 112  1
 136 112  1
 165 112  1
 217 112  1
 227 112  1
 232 112  1
 233 112  1
   1 113  1
  72 113  1
  83 113  1
 150 113  1
 168 113  1
 248 113  1
  68 114  1
  70 114  1
 141 114  1
 133 115  1
 275 115  1
  67 116  1
 168 116  1
 264 116  1
  51 117  1
  57 117  1
  75 117  1
  83 117  1
 125 117  1
 229 117  1
 184 118  1
 232 118  1
 243 118  1
 257 118  1
 144 119  1
 282 119  1
 283 119  1
  54 120  1
  76 120  1
  93 120  1
 181 120  1
 237 120  1
 257 120  1
 270 120  1
 172 121  1
  29 122  1
  94 122  1
 109 122  1
 137 122  1
 138 122  1
 167 122  1
 257 122  1
 101 123  1
 282 123  1
 283 123  1
 162 124  1
 265 124  1
  31 125  1
  74 125  1
 112 125  1
 128 125  1
 175 125  1
 268 125  1
  22 126  1
  36 126  1
 107 126  1
 108 126  1
 122 126  1
 159 126  2
 160 126  1
 161 126  1
 215 126  1
 229 126  1
  69 127  1
  70 127  1
  80 127  1
 223 127  1
 224 127  1
  11 128  1
 148 128  1
 180 128  1
 195 128  1
 196 128  1
 241 128  1
  26 129  1
  70 129  1
  76 129  1
 132 130  1
 138 130  1
 139 130  1
 267 130  1
 268 130  1
 121 131  1
 171 131  1
 264 131  1
  15 132  1
  10 133  1
  11 133  1
  18 133  1
  19 133  1
 147 133  1
 186 133  1
 241 133  1
 245 133  1
 253 133  1
 273 133  1
  62 134  1
  69 134  1
 111 134  1
 129 134  1
 139 134  1
 174 134  1
 179 134  1
 223 134  1
  39 135  1
 122 135  1
 149 135  1
 154 135  1
 234 135  1
 235 135  1
 236 135  1
  15 136  1
  32 136  1
 183 136  1
 247 136  1
 261 136  1
 250 137  1
  15 138  1
  51 138  1
  67 138  1
  99 138  1
 126 138  1
 137 138  1
 198 138  1
 263 138  1
 264 138  1
  45 139  1
 268 139  1
  32 140  1
 119 140  1
 134 140  1
  25 141  1
  56 141  1
 109 141  1
 184 141  1
 237 141  1
 238 141  1
  33 142  1
 114 142  1
 116 142  1
 254 142  1
 280 142  1
 281 142  1
  59 143  1
  61 143  1
 130 143  1
 185 143  1
  11 144  1
  16 144  1
  84 144  1
 268 144  1
  42 145  1
 199 145  1
 232 145  1
 237 145  1
   1 146  1
  12 146  1
  73 146  1
 104 146  1
 150 146  1
 160 146  1
 281 146  1
 282 146  1
   7 147  1
  32 147  1
  44 147  1
  45 147  1
  80 147  1
  81 147  1
 136 147  1
 153 147  1
 220 147  1
  63 148  1
 100 148  1
 201 148  1
  92 149  1
 125 149  1
 136 149  1
 210 149  1
 219 149  1
 220 149  1
 234 149  1
  10 150  1
  15 150  1
  85 150  1
 147 150  1
 205 150  1
 230 150  1
 255 150  1
 256 150  1
  24 151  1
  69 151  1
 132 151  1
 150 151  1
 151 151  1
 152 151  1
 240 151  2
 241 151  1
 245 151  1
  15 152  1
  64 152  1
 136 152  1
 232 152  1
   1 153  1
  23 153  1
 225 153  1
  20 154  1
  79 154  1
 164 154  1
 250 154  1
 143 155  1
 155 155  1
 220 156  1
 157 157  1
 158 157  1
 160 157  1
  79 158  1
 150 158  1
  20 159  1
 271 159  1
 273 159  1
  14 160  1
  15 160  1
 175 160  1
 238 160  1
 263 160  1
  26 161  1
  32 161  1
 163 161  1
 164 161  1
 217 161  1
 233 161  1
 273 161  1
 230 162  1
 254 162  1
  27 163  1
 171 163  1
 228 163  1
 140 164  1
 181 164  1
 210 164  1
 237 164  1
   1 165  1
   2 165  1
 273 165  1
 134 166  1
 177 166  1
 259 166  1
 267 166  1
 215 167  1
 154 168  1
 183 168  1
  17 170  1
  57 170  1
 210 170  1
 270 170  1
 272 170  1
 273 170  1
  10 171  1
 181 171  1
 219 171  1
 243 171  1
 247 171  1
  68 172  1
 159 172  1
 252 172  1
  43 173  1
  55 173  1
  61 173  1
 174 173  1
 175 173  1
 179 173  1
  19 174  1
  69 174  1
 127 174  1
 161 174  1
 162 174  1
   5 175  1
 214 175  1
 215 175  1
 218 176  1
 258 176  1
 262 176  1
 264 176  1
  13 177  1
  47 177  1
 167 177  1
 176 177  1
 222 177  1
  62 178  1
 129 178  1
 132 178  1
 133 178  1
 137 178  1
 233 178  1
 235 178  1
  56 179  1
 252 179  1
  22 180  2
  23 180  1
 173 180  1
 181 180  1
 265 180  1
  38 181  1
  44 181  1
 238 181  1
 241 181  1
 242 181  1
  49 182  1
  50 182  1
  51 182  1
 137 182  1
 259 182  1
 267 182  1
  36 183  1
  42 183  1
  25 184  1
  31 185  1
 221 185  1
 222 185  1
 252 185  1
 253 185  1
   9 187  1
  10 187  1
  19 188  1
  56 188  1
 141 188  1
 148 188  1
 224 188  1
 231 188  1
 108 189  1
 235 189  1
 274 189  1
 275 189  1
  10 190  1
  11 190  1
  57 190  1
  59 190  1
  63 190  1
 157 190  1
 160 190  1
 107 191  1
 151 191  1
 169 191  1
  63 192  1
  24 193  1
 118 194  1
  13 195  1
 122 195  1
 154 195  1
 155 195  1
 116 196  1
 128 197  1
  59 198  1
 140 198  1
 270 198  1
 271 198  1
 171 200  1
 251 201  1
 256 201  1
  21 202  1
 121 202  1
 129 202  1
 130 202  1
 131 202  1
 135 202  1
 246 202  1
 269 202  1
 270 202  1
 173 203  1
 174 203  1
  63 204  1
  43 205  1
 268 205  1
 269 205  1
  62 206  1
  66 206  1
 154 206  1
  41 207  1
 122 207  1
 148 207  1
  57 208  1
  31 209  1
  75 210  1
 118 210  1
 172 210  1
 173 210  1
 189 210  1
 141 211  1
 145 211  1
 161 211  1
 162 211  1
  65 213  1
  52 214  1
  78 214  1
  79 214  1
 191 214  1
 192 214  1
 252 214  1
  93 215  1
 137 215  1
 147 215  1
 171 215  1
 172 215  1
  41 216  1
  65 216  1
  66 216  1
 126 216  1
 181 216  1
 172 217  1
 140 218  1
 152 218  1
 156 218  1
  88 219  1
 102 219  1
 103 219  1
 161 219  1
 172 219  1
  97 220  1
 121 220  1
 174 220  1
 222 220  1
  46 221  1
  47 221  1
  67 221  1
  93 221  1
  94 221  1
 125 221  1
 178 221  1
 130 222  1
  82 223  1
  88 224  1
 146 225  1
 182 225  1
 177 226  1
  62 227  1
 185 227  1
 202 227  1
 224 227  1
 253 227  1
  66 228  1
 213 229  1
 249 229  1
  68 230  1
 146 230  1
  86 232  1
 105 233  2
 130 233  1
 143 233  1
 144 233  1
  97 234  1
  98 234  1
 103 234  1
 224 234  1
 155 236  1
  97 237  1
 136 237  1
 189 237  1
 120 238  1
 121 238  1
 125 238  1
 185 238  1
 217 239  1
  85 240  1
 117 240  1
 118 240  1
 153 240  1
 173 241  1
 124 242  1
 182 242  1
 128 243  1
 145 244  1
 170 245  1
 104 246  1
 182 246  1
 225 246  1
 138 248  1
 194 248  1
 115 250  1
 151 250  1
 188 250  1
 189 250  1
 193 250  1
 194 250  1
 221 250  1
 169 251  1
 174 251  1
 180 252  1
 185 252  1
 210 253  1
 157 256  1
 175 258  1
 178 258  1
 179 258  1
 182 258  1


count = 833