 145   1  1
 166   1  1
 123   3  1
 184   4  1
 118   5  1
 191   6  1
 110   7  1
 196   9  1
 199  11  1
 202  13  1
  96  14  1
  97  14  1
 166  15  1
 205  15  1
 131  16  1
 135  16  1
 154  16  1
 155  16  1
 150  17  1
  88  18  1
  89  18  1
 162  18  1
 210  18  1
  96  19  1
 193  19  1
 194  19  1
 136  20  1
 168  20  1
 143  21  1
 170  21  1
 182  21  1
 216  22  1
  72  23  1
 126  23  1
 147  23  1
 154  23  1
 169  23  1
 187  23  1
  69  24  1
 121  24  1
 122  24  1
 144  24  1
 151  24  1
 136  25  1
 137  25  1
 168  25  1
 169  25  1
  53  26  1
  54  26  1
  87  26  1
 129  28  1
  48  29  1
  80  29  1
 148  29  1
 173  29  1
 185  29  1
 213  29  1
 118  30  1
 132  31  1
 134  31  1
 136  31  1
 142  31  1
 149  31  1
 150  31  1
 175  31  1
  73  32  1
  79  32  1
 118  32  1
 167  32  1
  55  33  1
  59  34  1
  88  34  1
  89  34  1
 105  34  1
 106  34  1
 119  34  1
 140  34  1
  66  35  1
  96  35  1
 103  35  1
 114  35  1
 131  35  1
 147  35  1
 149  35  1
 172  35  1
 125  36  1
 177  36  1
 178  36  1
  89  37  1
  90  37  1
 222  37  1
  47  38  1
  37  39  1
 100  39  1
 184  39  1
 185  39  1
 222  39  1
 236  39  1
 109  41  1
 133  41  1
 196  41  1
  34  42  1
 123  42  1
 136  42  1
 153  42  1
 154  42  1
 211  42  1
 139  43  1
 173  43  1
 184  43  1
 113  44  1
 151  44  1
 186  45  1
  39  46  1
  88  46  1
 117  46  1
 132  46  1
 113  47  1
 196  47  1
 133  48  1
 212  48  1
 223  48  1
 224  48  1
 100  49  1
 155  49  1
 191  49  1
 199  49  1
 157  50  1
 158  50  1
  25  51  1
  93  51  1
 137  51  1
 205  51  1
 141  52  1
 132  53  1
 159  53  1
 168  53  1
 190  53  1
 210  53  1
 112  54  1
 118  54  1
 167  55  1
 168  55  1
 169  55  1
 192  55  1
  20  57  1
  65  57  1
 116  57  1
 173  57  1
 252  57  1
 253  57  1
 107  58  1
 194  58  1
 146  59  1
 203  59  1
 185  60  1
  63  61  1
 154  61  1
 166  61  1
 187  61  1
 199  61  1
 114  62  1
 115  62  1
  63  63  1
  64  63  1
 122  63  1
 166  63  1
 192  63  1
 199  63  1
 200  63  1
 204  63  1
 183  64  1
 209  64  1
  14  65  1
 187  65  1
 194  65  1
 201  65  1
 151  66  1
 258  66  1
 259  66  1
  65  67  1
  66  67  1
 162  67  1
 170  67  1
 172  67  1
  12  68  1
 176  68  1
 181  68  1
 195  70  1
 240  71  1
 245  71  1
  27  72  1
 169  72  1
   9  73  1
 184  74  1
 193  75  2
 194  75  1
 265  76  1
 266  76  1
 152  77  1
 241  77  1
  52  78  1
 172  78  1
  25  79  1
  34  79  1
 187  79  1
  72  80  1
 165  80  1
 190  80  1
 191  80  1
 268  80  1
  29  81  1
 179  81  1
 180  81  1
  35  82  1
  22  83  1
  42  83  1
 164  84  1
 165  84  1
 183  84  1
 184  84  1
  16  85  1
  18  85  1
 190  85  1
 211  85  1
 217  85  1
 142  86  1
 242  86  1
 209  87  1
   4  88  1
   5  88  1
 134  88  1
 164  88  1
 191  89  1
 192  89  1
  88  90  1
 183  90  1
 222  90  1
 207  91  1
  33  92  1
  42  92  1
 141  92  1
   2  93  1
   3  93  1
 133  93  1
 157  93  1
 247  93  1
 248  93  1
 274  93  1
 275  93  1
  37  94  1
 190  94  1
  29  95  1
  80  95  1
 151  95  1
 130  96  1
 182  96  1
 183  96  1
 207  96  1
 233  96  1
 234  96  1
 225  97  1
 253  97  1
 182  98  1
 261  98  1
 189  99  1
 225  99  1
 276  99  1
 277  99  1
  27 100  1
 176 100  1
 215 100  1
 228 100  1
 230 100  1
  39 101  1
 237 101  1
 267 101  1
  47 102  1
  81 102  1
  82 102  1
 261 102  1
 231 103  1
 259 104  1
  44 105  1
  57 105  1
 266 105  1
   1 106  1
  40 106  1
  81 106  1
 258 106  1
 259 106  1
 264 106  1
  55 107  1
 173 107  1
 227 107  1
 269 107  1
  83 108  1
 242 108  1
 246 108  1
 252 109  1
 253 109  1
 254 109  1
  33 110  1
 247 110  1
  39 111  1
 257 111  1
 264 111  1
   7 112  1
  30 112  1
 172 113  1
 238 113  1
 239 113  1
  28 114  1
 250 114  1
   7 115  1
  89 115  1
 167 115  1
   1 117  1
  40 117  1
  41 117  1
  91 117  1
  96 117  1
 116 117  1
  66 118  1
  71 118  1
 272 119  1
 273 119  1
 274 119  1
 168 120  1
 169 120  1
 187 120  1
  91 121  1
 163 121  1
   3 122  1
  70 122  1
 129 122  1
 131 122  1
 139 122  1
 143 123  1
  55 124  1
  38 125  1
 177 125  1
 261 125  1
 264 125  1
   8 126  1
  42 126  1
  43 126  1
  97 126  1
  98 126  1
 135 126  1
 166 126  1
 210 126  1
 223 126  1
  11 127  1
  62 127  1
 117 127  1
 118 127  1
 126 127  1
 127 127  1
 145 127  1
 172 127  1
 115 128  1
 156 128  1
 165 128  1
 197 128  1
 245 128  1
 128 129  1
 148 129  1
 149 129  1
 172 129  1
 195 129  1
 199 129  1
 201 129  1
 209 129  1
 212 129  1
 226 129  1
 239 129  1
 243 129  1
 155 130  1
 252 130  1
  38 131  1
 129 131  1
 239 131  2
 249 131  1
 261 131  1
  18 132  1
  27 132  1
  43 132  1
  63 132  1
  67 132  1
 132 132  1
  20 133  1
 243 133  1
  31 134  1
  36 134  1
 225 134  1
 121 135  1
 166 135  1
 174 135  1
 196 135  1
 273 135  1
  14 136  1
  95 136  1
 280 136  1
 281 136  1
 124 137  1
 125 137  1
 126 137  1
 177 137  1
  44 138  1
  62 138  1
 160 138  1
 161 138  1
 250 138  1
 281 138  1
 170 139  1
 171 139  1
 246 139  1
  62 140  1
  63 140  1
 163 140  1
 281 140  1
 282 140  1
  13 141  1
  16 141  1
  23 141  1
  24 141  1
 197 141  1
 248 141  1
  40 143  1
 124 143  1
 198 143  1
 274 143  1
  18 144  1
 141 144  1
 142 144  1
 175 144  1
 179 144  1
  44 145  1
  94 145  1
 121 145  1
 131 145  1
 239 145  1
  85 146  1
 140 146  1
 197 146  1
 249 146  1
 265 146  1
 267 146  1
  35 147  1
  36 147  1
 181 147  1
 239 147  1
 243 147  1
 244 147  1
 256 147  1
 192 148  1
 258 148  1
 265 148  1
  46 149  1
  90 149  1
 141 149  1
 142 149  1
 184 149  1
 185 149  1
  36 150  1
  83 150  1
  13 151  1
  49 151  1
  88 151  1
 126 151  1
 187 151  1
 245 151  1
  83 152  1
 263 152  1
 264 152  1
 191 153  1
 201 153  1
 237 153  1
 113 154  1
 114 154  1
 183 154  1
  10 155  1
  38 155  1
  39 155  1
  60 155  1
 185 155  1
  51 156  1
  58 156  1
 112 156  1
 113 156  1
 114 156  1
 262 156  1
 269 156  1
  21 157  1
  85 157  1
  86 157  1
 127 157  1
 236 157  1
  42 158  1
  43 158  1
 130 158  1
 274 158  1
 275 158  1
 106 159  1
 181 159  1
 191 159  1
 238 159  1
 197 160  1
 198 160  1
 100 161  1
 101 161  1
 137 162  1
 200 162  1
 244 162  1
 245 162  1
 259 163  1
  88 165  1
  89 165  1
  96 165  1
  31 167  1
  92 167  1
 144 167  1
 197 167  1
  11 168  1
  36 168  1
 251 168  1
 252 168  1
 140 169  1
 185 169  1
 188 169  1
 190 169  1
  14 170  1
  20 170  1
 247 170  1
  26 171  1
 135 171  1
 147 171  1
  28 172  1
 182 173  1
 243 174  1
   8 175  1
   9 175  1
  39 175  1
 232 176  1
 232 179  1
 279 179  1
 280 179  1
  46 180  1
 150 180  1
 190 180  1
 194 180  1
 258 180  1
  10 181  1
  11 181  1
  16 181  1
  86 181  1
  89 181  1
 247 182  1
 262 182  1
  49 183  1
  53 183  1
 277 184  1
 278 184  1
 244 185  1
  77 186  1
  78 186  1
 236 186  1
 238 186  1
 259 186  1
  12 187  1
 153 187  1
  57 188  1
  66 188  1
  87 188  1
 169 188  1
 251 188  1
  82 189  1
 165 190  1
 183 190  1
 242 190  1
 243 190  1
 163 191  1
  61 192  1
  65 193  1
 189 193  1
 101 194  1
  17 195  1
  18 195  1
  77 196  1
  78 196  1
 189 197  1
 272 197  1
  19 198  1
  20 198  1
 192 199  1
 154 201  1
 163 201  1
 270 201  1
 107 203  1
 156 203  1
 165 203  1
 166 203  1
 269 203  1
 102 204  1
 148 204  1
 106 205  1
 175 205  1
 116 207  1
 155 207  1
 188 207  1
 163 208  1
 168 208  1
 201 208  1
  81 209  1
 102 209  1
 122 209  1
 150 209  1
 161 209  1
 111 210  1
 171 210  1
 203 210  1
 157 211  1
 176 211  1
 111 212  1
 247 212  1
  65 213  1
  70 213  1
 122 213  1
 152 213  1
  36 214  1
 109 214  1
 157 214  1
 244 214  1
  71 215  1
  77 215  1
 205 218  1
 206 218  1
  91 219  1
 111 219  1
 173 220  1
 174 220  1
 257 220  1
  70 222  1
  71 222  1
 105 222  1
 180 222  1
  48 223  1
 233 223  1
 242 223  1
 204 224  1
  51 225  1
 237 225  1
 119 226  1
 120 226  1
 186 226  1
 203 226  1
 204 226  1
  53 227  1
 109 229  1
 110 229  1
 203 230  1
 246 230  1
 178 231  1
 186 231  1
 187 231  1
 207 231  1
  79 232  1
 170 232  1
 175 233  1
 176 233  1
 185 233  1
 165 234  1
 166 234  1
 208 234  1
 241 234  1
  84 235  1
  85 235  1
 170 236  1
 209 236  1
  78 238  1
 184 238  1
 185 238  1
 234 238  1
 111 239  1
 104 240  1
 232 240  1
  85 241  1
 111 242  1
 166 242  1
 167 242  1
 182 242  1
 184 242  1
 227 243  1
  98 244  1
 128 244  1
 182 244  1
 100 245  1
 102 245  1
 126 245  1
 223 245  1
 111 247  1
 114 248  1
 165 248  1
 171 251  1
 128 252  1
 206 252  1
 202 253  1
 204 253  1
 132 255  1
 195 255  1
 192 256  1
 148 257  1


count = 713