 164   1  1
 171   1  1
 139   2  1
 165   7  1
 166   7  1
 145   8  1
 139   9  1
 157   9  1
 171  10  1
 207  10  1
 164  11  1
 190  11  1
 145  12  1
 146  12  1
 108  13  1
 213  13  1
 162  14  1
 215  15  1
 162  16  1
 188  16  1
 189  16  1
  99  17  1
 100  17  1
 177  17  1
 202  17  1
 203  17  1
 149  18  1
 162  18  1
 199  18  1
 113  19  1
 165  19  1
 225  19  1
 121  20  1
 142  20  1
 154  20  2
 197  20  1
  94  21  1
 172  21  1
 176  21  1
 177  21  1
 192  21  1
 208  21  1
 144  22  1
 167  22  1
 188  22  1
 214  22  1
 114  23  1
 149  23  1
 166  24  1
 176  24  1
  81  25  1
 108  25  1
 180  26  1
 181  26  1
 208  26  1
 212  26  1
 111  27  1
 173  27  1
  95  28  1
 168  28  1
  88  30  1
  95  30  1
 191  30  1
  61  32  1
  95  32  1
 111  32  1
 118  32  1
 156  32  1
  71  33  1
 101  33  1
  57  34  1
  78  34  1
 118  34  1
 151  34  1
 152  34  1
 169  34  1
 194  34  1
 107  35  1
 108  35  1
 113  35  1
 180  35  1
  70  37  1
  78  37  1
 203  37  1
  59  38  1
  60  38  1
 126  38  1
  95  39  1
  99  39  1
  60  40  1
 214  40  1
  67  41  1
 105  41  1
 127  41  1
 128  41  1
 170  41  1
  60  42  1
  72  42  1
 116  42  1
 251  42  1
 105  43  1
 106  43  1
 253  43  1
  77  45  1
  92  45  1
 112  45  1
 169  45  1
  54  46  1
  55  46  1
  88  46  1
  89  46  1
 118  46  1
 119  46  1
  62  47  1
  77  47  1
  64  48  1
  85  48  1
 106  48  1
 140  48  1
 141  48  1
 238  48  1
 110  49  1
 256  49  1
 257  49  1
  48  50  1
 135  50  1
 200  50  1
 234  51  1
 235  51  1
 258  52  1
 259  52  1
  50  53  1
 140  53  1
 141  53  1
  44  54  1
  46  54  1
 108  54  1
 241  55  1
 233  56  1
  50  57  1
  69  57  1
  70  57  1
 117  57  1
  42  58  1
 103  58  1
 105  58  1
 142  58  1
 143  58  1
 115  59  1
 116  59  1
 262  59  1
  52  60  1
  54  60  1
 231  60  1
  29  62  1
 207  62  1
 208  62  1
  44  63  1
  45  63  1
 219  64  1
 252  64  1
 104  65  1
 235  66  1
 236  66  1
 244  66  1
  35  67  1
  68  67  1
  69  67  1
 257  67  1
 258  67  1
  38  69  1
 267  69  1
 268  69  1
  22  70  1
  55  70  1
  61  70  1
 190  71  1
  30  72  1
 201  73  1
 202  73  1
 204  73  1
 218  73  1
 219  73  1
 232  73  1
 173  74  2
 174  74  1
 175  74  1
 208  74  1
 193  76  1
 194  76  1
 200  76  1
 272  77  1
 230  78  1
 231  78  1
 175  79  1
 176  79  1
 185  80  1
 189  80  1
 191  80  1
 222  80  1
 173  81  1
 195  81  1
 199  81  1
 212  81  1
 274  81  1
  12  82  1
 219  82  1
 230  83  1
 231  83  1
  18  84  1
 174  84  1
 249  84  1
 184  85  1
 258  85  1
 187  86  1
 196  86  1
 267  86  1
   9  87  1
 178  87  1
 179  87  1
 193  88  1
 218  88  1
 260  88  1
 277  88  1
 278  88  1
  14  89  1
  18  89  1
  98  89  1
 182  89  1
 185  90  1
 161  91  1
 268  91  1
 270  91  1
   6  92  1
  19  92  1
 251  92  1
 157  93  1
 180  93  1
 221  93  1
 270  94  1
 274  94  1
 179  95  1
 180  95  1
 263  95  1
 280  95  1
 281  95  1
  16  96  1
  98  97  1
 171  97  1
 172  97  1
 184  97  1
   9  98  1
  10  98  1
 138  98  1
 259  98  1
 271  98  1
 103  99  1
 228  99  1
 266  99  1
 167 100  1
 186 100  1
  17 101  1
 231 101  1
 121 102  1
 122 102  1
 237 102  1
  25 103  1
  33 103  1
 256 103  1
 257 103  1
 179 105  1
  97 106  1
 116 106  1
 117 106  1
 227 106  1
 236 106  1
  51 107  1
 103 107  1
 232 107  1
  20 108  1
  75 108  1
  87 108  1
 135 108  1
 136 108  1
 282 108  1
 283 108  1
 187 109  1
 112 111  1
 124 111  1
 149 111  1
 155 111  1
 153 112  1
 238 112  1
 134 113  1
 137 113  1
  48 114  1
  83 115  1
 143 115  1
 144 115  1
 199 115  1
 226 115  1
 240 115  1
 245 115  1
 250 115  1
   7 116  1
  79 116  1
 197 116  2
 228 117  1
 249 118  1
 146 119  1
 245 120  1
 208 121  1
   7 123  1
   8 123  1
   1 124  1
   2 124  1
 200 124  1
 202 124  1
 218 124  1
 233 124  1
 238 124  1
  56 125  1
  67 125  1
 244 125  1
 246 125  1
   2 126  1
  45 126  1
  71 126  1
  97 126  1
   8 127  1
   9 127  1
  58 127  1
  63 127  1
 151 127  1
 178 127  1
 189 127  1
 253 127  1
 255 127  1
 276 127  1
  18 128  1
  33 128  1
  86 128  1
 146 128  1
  15 129  1
  23 129  1
 101 129  1
 102 129  1
 185 130  1
 208 130  1
 209 130  1
 217 130  1
  94 131  1
  95 131  1
  99 131  1
 245 131  1
 266 131  1
   5 132  1
  56 132  1
  38 133  1
 249 133  1
 275 133  1
   4 134  1
  90 134  1
  24 135  1
 151 135  1
  88 136  1
 191 136  1
  31 138  1
  78 138  1
 229 138  1
  35 139  1
 195 139  1
 223 140  1
 225 140  1
 281 140  1
 282 140  1
 229 141  1
 160 142  1
   1 143  1
   6 143  1
  33 143  1
  77 143  1
  39 144  1
  79 144  1
 165 145  1
 126 146  1
 133 147  1
 140 147  1
 157 148  1
   5 150  1
  32 150  1
  38 150  1
  43 150  1
  77 150  1
  78 150  1
 100 151  1
 151 151  1
 165 151  1
  31 152  1
  48 152  1
 182 152  1
  65 153  1
 146 153  1
 178 153  1
 187 153  1
   1 154  1
  16 154  1
 167 156  1
 174 156  1
 189 156  1
 193 156  1
 194 156  1
 199 156  1
  29 159  1
 112 159  1
 177 159  1
 178 159  1
 204 159  1
  22 160  1
 100 160  1
 101 160  1
 102 160  1
 117 160  1
   6 161  1
  17 161  1
  31 161  1
 138 161  1
 139 161  1
  27 162  1
 118 162  1
 148 163  1
  35 165  1
 131 165  1
 132 165  1
 191 165  1
 192 165  1
 151 166  1
 163 166  1
 177 166  1
 183 166  1
 133 167  1
 188 167  1
 143 168  1
 164 168  1
  17 169  1
  18 169  1
  44 169  1
 178 169  1
 191 169  1
 278 169  1
  54 171  1
 176 171  1
   3 173  1
 225 174  1
 231 175  1
 224 176  1
 274 176  1
 275 176  1
 220 178  1
 233 178  1
 234 178  1
 250 179  1
   9 180  1
  31 180  1
  55 180  1
  18 182  1
 263 182  1
  59 183  1
 218 183  1
 271 183  1
 272 183  1
  62 184  1
  41 185  1
 219 185  1
  46 186  1
  55 186  1
 224 186  1
 270 186  1
 271 186  1
  66 188  1
  73 188  1
 232 188  1
  16 189  1
  23 189  1
  35 189  1
  36 189  1
 262 189  1
 263 189  1
 264 189  1
 234 190  1
  66 191  1
 268 191  1
 269 191  1
  69 193  1
  70 193  1
  35 194  1
  51 194  1
  52 194  1
  47 195  1
 242 195  1
 225 196  1
 226 196  1
  60 197  1
  48 199  1
 213 199  1
  39 200  1
  76 200  1
 244 200  1
  27 201  1
  52 201  1
  53 201  1
  54 201  1
  88 201  1
 212 201  1
 224 201  1
 208 202  1
 229 202  1
  95 203  1
 216 203  1
 263 203  1
  60 204  1
  78 204  1
 207 204  1
  74 205  1
 132 205  1
 138 205  1
 145 205  1
 202 205  1
  68 206  1
 231 206  1
  44 207  1
  45 207  1
  62 208  1
  86 209  1
  87 209  1
 127 209  1
 212 209  1
  49 210  1
 136 210  2
 137 210  2
 138 210  1
  60 212  1
  65 212  1
  66 212  1
  77 212  1
  84 212  1
  94 212  1
 214 212  1
 125 213  1
 126 213  1
 148 213  1
 202 213  1
  42 215  1
 123 215  1
 216 215  1
 195 216  1
 196 216  1
  48 218  1
  84 218  1
 138 218  1
 148 218  1
  58 219  1
  87 219  1
 190 220  1
  80 221  1
 136 221  1
 198 221  1
 199 221  1
 200 221  1
 209 221  1
 217 221  1
 218 221  1
 222 221  1
 248 221  1
 159 222  1
 160 222  1
 189 222  1
 246 222  1
  57 224  1
  92 225  1
 152 225  1
 218 225  1
 222 225  1
 118 226  1
 212 226  1
  74 227  1
 105 227  1
 113 227  1
 131 227  1
 167 227  1
  62 228  1
  84 228  1
 107 228  1
 185 228  1
 123 229  1
 146 229  1
 204 229  1
 236 230  1
  68 231  1
  81 231  1
 157 231  1
 158 231  1
 207 231  1
 166 232  1
 167 232  1
 233 232  1
  96 233  1
  97 233  1
 121 233  1
 122 233  1
 130 233  1
 136 233  1
 209 233  1
 113 234  1
 168 234  1
 229 234  1
 102 235  1
 103 235  1
 146 235  1
 151 235  1
 182 235  1
 160 236  1
 117 237  1
 118 237  1
 182 237  1
  93 238  1
 201 238  1
 101 240  1
 104 241  1
 173 241  1
 107 242  1
 156 242  1
 201 242  1
 110 243  1
 175 243  1
 183 243  1
 113 244  1
 126 244  1
 212 245  1
 179 246  1
 131 247  1
 151 247  1
 162 247  1
 157 248  1
 203 249  1
 122 250  1
 124 250  1
 151 250  1
 156 250  1
 178 250  1
 201 250  1
 129 252  1
 197 252  1
 142 255  1


count = 654