 154   1  1
 157   1  1
 143   2  1
 133   4  1
 189   4  1
 191   5  1
 128   6  1
 125   7  1
 152   7  1
 159   7  1
 122   8  1
 197   8  1
 147   9  1
 117  10  1
 202  10  1
 208  12  1
 145  13  1
 146  13  1
 149  13  1
 151  13  1
 134  14  1
 147  15  1
 212  15  1
 154  16  1
 159  16  1
 146  17  1
 147  17  1
 101  18  1
 110  19  1
 119  19  1
 108  20  1
  94  24  1
 104  24  1
 109  24  1
 116  24  1
 130  24  1
 193  24  1
 197  24  1
 133  25  1
 155  25  1
 192  26  1
 113  27  1
 188  27  1
 198  27  1
  98  28  1
 126  28  1
 130  28  1
 238  28  1
 126  30  1
 134  30  1
 140  31  1
 181  31  1
 186  31  1
 145  32  1
 146  32  1
 149  32  1
 154  32  1
 136  34  1
  80  35  1
 174  36  1
 176  36  1
 198  36  1
 249  36  1
  76  37  1
 131  37  1
 194  38  1
 194  40  1
 100  41  1
 255  42  1
  68  43  1
 196  43  1
 188  45  1
 189  45  1
 203  46  1
 209  46  1
  72  47  1
 237  47  1
 241  47  1
 221  48  1
 102  49  1
 181  49  1
 189  49  1
 230  49  1
  91  50  1
 207  50  1
 208  50  1
 262  50  1
 110  51  1
 150  51  1
  67  52  1
  95  52  1
 120  52  1
 169  52  1
 192  52  1
 175  53  1
 196  53  1
 234  54  1
 173  55  1
 102  56  1
 104  56  1
 122  56  1
 123  56  1
 213  56  1
 214  56  1
 241  56  1
 267  56  1
 188  57  1
 189  57  1
  56  58  1
  57  58  1
 106  58  1
 207  58  1
  91  59  1
  88  60  1
 108  60  1
 118  61  1
 126  61  1
 227  61  1
 235  61  1
 242  61  1
 184  62  1
  57  63  1
 242  63  1
  92  64  1
 111  64  1
 246  64  1
  80  65  1
 127  65  1
 228  65  1
  96  66  1
  97  66  1
 103  66  1
 107  66  1
 108  66  1
 122  66  1
  61  67  1
  74  67  1
 133  67  1
 197  67  1
 260  67  1
 267  67  1
 101  68  1
 250  68  1
 132  69  1
 180  69  1
 186  69  1
 187  69  1
 188  69  1
  70  70  1
  71  70  1
 217  70  1
 257  70  1
 275  70  1
  97  71  1
 191  71  1
 224  71  1
 176  72  1
 226  72  1
 251  72  1
 136  73  1
 214  73  1
 243  73  1
  78  74  1
 133  74  1
  72  75  1
  73  75  1
 143  75  1
 262  75  1
 263  75  1
 277  75  1
 278  75  1
  91  76  1
  92  76  1
  96  76  1
 176  76  1
 200  76  1
 255  76  1
 128  77  1
 195  77  1
 247  77  1
 171  78  1
 175  78  1
 200  78  1
 258  79  1
  84  80  1
  82  81  1
 124  81  1
 224  81  1
 273  81  1
  89  82  1
 130  82  1
 132  82  1
 198  82  1
  74  83  1
  75  83  1
  92  83  1
 136  83  1
 195  83  1
 249  83  1
 267  83  1
 161  84  1
 187  84  1
  80  85  1
 100  85  1
 129  85  1
 154  85  1
 234  85  1
 172  86  1
  96  87  1
  97  87  1
 186  87  1
  87  88  1
 145  88  1
 259  88  1
 113  89  1
 116  89  1
 142  89  1
 169  89  1
 264  89  1
  90  90  1
 118  90  1
 137  90  1
 214  90  1
 181  91  1
 207  91  1
 235  91  1
 106  92  1
 122  92  1
 130  92  1
 136  92  1
 143  92  1
 177  92  1
 215  92  1
 216  92  1
  67  93  1
  68  93  1
 124  93  1
 146  93  1
 161  93  1
 173  93  1
 241  93  1
 247  93  1
 248  93  1
  96  94  1
 101  94  1
 106  94  1
  82  95  1
  93  95  1
 136  95  1
 254  95  1
 107  96  1
 108  96  1
 168  96  1
 200  96  1
 217  96  1
  82  97  1
 120  97  1
 142  97  1
 159  97  1
 232  97  1
 149  98  1
 171  98  1
 227  98  1
 257  98  1
 264  98  1
  79  99  1
  81  99  1
 128  99  1
 204  99  1
 280  99  1
 281  99  1
 132 100  1
  48 101  1
  88 101  1
  96 101  1
 100 101  1
 247 101  1
  65 102  1
 220 102  2
 221 102  1
 222 102  1
 281 102  1
 282 102  1
 109 103  1
 170 103  1
 205 103  1
 212 103  1
  72 104  1
 174 104  1
 241 104  1
 245 104  1
 251 104  1
 252 104  1
  79 105  1
 195 105  1
 196 105  1
 227 105  1
 228 105  1
 229 105  1
  93 106  1
  95 106  1
 115 106  1
 116 106  1
 240 106  1
 245 106  1
 282 106  1
 283 106  1
 201 107  1
 215 107  1
  50 108  1
 105 108  1
 112 108  1
 113 108  1
 141 108  1
 164 108  1
 205 108  1
 207 108  1
 230 108  1
 235 108  1
 249 108  1
 250 108  1
  62 109  1
  67 109  1
 176 109  1
 193 109  1
  71 110  1
  76 110  1
  93 110  2
  94 110  1
 105 110  1
 129 110  1
 133 110  1
 171 110  1
 201 110  1
 235 110  1
  53 111  1
  99 111  1
 192 111  1
 193 111  1
 253 111  1
 151 112  1
 229 112  1
 242 112  1
 246 112  1
  60 113  1
 145 113  1
 209 113  1
 233 113  1
  73 114  1
 240 114  1
  70 115  1
  87 115  1
  97 115  1
 282 115  1
 283 115  1
  49 116  1
  51 116  1
  82 116  1
 151 116  1
 167 116  1
 209 116  1
 210 116  1
 216 116  1
 257 116  1
  16 117  1
  70 117  1
 109 117  1
 111 117  1
 118 117  1
  27 118  1
  38 118  1
  91 118  1
 181 118  1
 212 118  1
 213 118  1
 219 118  1
  73 119  1
  86 119  1
  87 119  1
 252 119  1
  42 120  1
 111 120  1
 133 120  1
 150 120  1
 173 120  1
 174 120  1
 248 120  1
   9 121  1
  35 121  1
  36 121  1
 137 121  1
 224 121  1
 240 121  1
 244 121  1
 280 121  1
 281 121  1
 101 122  1
 187 122  1
 194 122  1
 217 123  1
 224 123  1
   1 124  1
   2 124  1
  39 124  1
  64 124  1
  85 124  1
 143 124  1
 279 124  1
 280 124  1
  24 125  1
  67 125  1
  78 125  1
  91 125  1
  92 125  1
 134 125  1
 141 125  1
 265 125  1
 103 126  1
 201 126  1
 212 126  1
 213 126  1
 224 126  1
 228 126  1
 238 126  1
 274 126  1
  22 127  1
 172 127  1
 243 127  1
   1 128  1
  34 128  1
  35 128  1
 132 128  1
 133 128  1
 148 128  1
 185 128  1
 186 128  1
 248 128  1
 250 128  1
 278 128  1
 279 128  1
   4 129  1
 128 129  1
 263 129  1
 140 130  1
 144 130  1
 145 130  1
 185 130  1
 212 130  1
 226 130  1
 250 130  1
 106 131  1
 205 131  1
 263 131  1
  74 132  1
  79 132  1
  83 132  1
 188 132  1
 193 132  1
 240 132  1
 249 132  1
  91 133  1
 135 133  1
 146 133  1
 219 133  1
 253 133  1
  29 134  1
  62 134  1
  63 134  1
  69 134  1
  70 134  1
 125 134  1
 153 134  1
 195 134  1
 210 134  1
 211 134  1
  94 135  1
  99 135  1
 142 135  1
 179 135  1
 183 136  1
 184 136  1
 148 137  1
 162 137  1
 174 137  1
 204 137  1
 206 137  1
 249 137  1
 250 137  1
 271 137  1
  85 138  1
  86 138  1
 153 138  1
 241 138  1
  47 139  1
  24 140  1
 185 140  1
 191 140  1
 200 140  1
 212 140  1
 213 140  1
 219 140  1
 248 140  1
 107 141  1
 130 141  1
 193 141  1
   7 142  1
 165 142  1
 179 142  1
 182 142  1
 245 142  1
 245 144  1
 154 145  1
  35 146  1
 160 146  1
 241 146  1
 248 146  1
  16 147  1
  27 147  1
  43 147  1
  44 147  1
 154 147  1
  23 148  1
  99 148  1
 191 148  1
 103 149  1
 129 149  1
 154 149  1
 171 149  1
 245 149  1
 158 150  1
  19 151  1
  21 151  1
 170 151  1
 198 151  1
 206 151  1
 254 151  1
 255 151  1
   5 152  1
  27 153  1
  73 153  1
 105 153  1
 161 153  1
 171 153  1
 180 153  1
   7 154  1
  37 154  1
 110 154  1
 189 154  1
  14 155  1
  64 155  1
  65 155  1
 193 155  1
  17 156  1
  40 156  1
 176 156  1
 187 156  1
  20 157  1
  58 157  1
 243 157  1
  45 158  1
  53 158  1
 108 158  1
 109 158  1
 130 158  1
 176 158  1
 181 158  1
 230 159  1
 269 159  1
 273 159  1
  61 160  1
  92 160  1
 113 160  1
 174 160  1
 175 160  1
 176 160  1
 277 160  1
 278 160  1
  53 161  1
  80 161  1
 167 161  1
 169 161  1
 170 161  1
 233 161  1
 243 161  1
 244 161  1
 263 161  1
 265 161  1
 186 162  1
  38 163  1
 105 163  1
 106 163  1
 107 163  1
 263 163  1
  40 164  1
  78 164  1
  79 164  1
 137 164  1
 175 164  1
  61 165  1
 143 165  1
  82 166  1
 166 166  1
 256 166  1
 257 166  1
 128 167  1
 129 167  1
 228 167  1
 230 167  1
 245 167  1
 252 167  1
  82 168  1
  92 168  1
 115 168  1
 134 168  1
 142 169  1
 154 169  1
 176 169  1
 112 170  1
 113 170  1
 120 170  1
 126 170  1
 171 170  1
 233 170  1
  74 171  1
  75 171  1
 138 171  1
 147 171  1
 214 171  1
 222 171  1
 240 171  1
 273 171  1
 274 171  1
 226 172  1
 111 173  1
 179 173  1
 230 173  1
 231 173  1
 102 174  1
 132 174  1
 133 174  1
 109 175  1
 186 175  1
 207 175  1
 124 176  1
 133 176  1
 233 176  1
 122 178  1
 123 178  1
 236 178  1
  99 180  1
 100 180  1
 127 180  1
 267 180  1
 117 181  1
 195 181  1
 101 182  1
 216 182  1
 234 182  1
 125 183  1
 190 183  1
 194 183  1
 211 183  2
 104 184  1
 216 186  1
 204 187  1
 205 187  1
 235 187  1
 122 188  1
 212 188  1
 109 189  1
 181 189  1
 196 189  1
  75 190  1
  76 190  1
 211 190  1
 239 191  1
 111 192  1
 113 192  1
 183 192  1
 237 192  1
  80 194  1
 195 194  1
  85 195  1
 117 195  1
 183 196  2
 184 196  1
 195 196  1
 186 197  1
 255 197  1
  79 198  1
 101 198  1
 122 198  1
 128 198  1
 117 199  1
 130 199  1
 131 199  1
 217 199  1
  71 200  1
  72 200  1
  88 200  1
 211 200  1
 196 201  1
 158 202  1
 200 202  1
 202 202  1
  64 203  1
  79 203  1
 129 203  1
 137 203  1
 194 204  1
  75 205  1
  76 205  1
  86 205  1
 104 205  1
 143 205  1
 144 205  1
  98 206  1
 126 206  1
 193 206  1
 194 206  1
  76 207  1
 118 207  1
 201 207  1
 219 207  1
  61 208  1
  62 208  1
  81 209  1
  72 210  1
  77 210  1
 127 210  1
 196 210  1
  66 211  1
  99 211  1
 157 211  1
 192 211  1
  74 212  1
 163 212  1
 202 212  1
 115 213  1
 126 213  1
 152 213  1
 153 213  1
  93 214  1
 166 214  1
 203 214  1
  97 215  1
 137 215  1
 211 215  1
 242 216  1
  74 217  1
 162 217  1
 192 217  1
 193 217  1
 151 218  1
 241 218  1
  99 219  1
 113 219  1
 155 219  1
 106 220  1
 133 220  1
 135 220  1
 238 220  1
 155 221  1
 224 221  1
 189 222  1
 212 222  1
 154 223  1
  68 224  1
  77 224  1
 216 224  1
  81 225  1
  97 226  1
  98 226  1
 121 226  1
 122 226  1
 212 226  1
 218 226  1
 171 227  1
 193 227  1
 194 227  1
  92 228  1
 199 228  1
  81 229  1
 175 229  1
 214 229  1
 121 230  1
  87 231  1
 111 231  1
 168 231  1
 169 231  1
 176 231  1
 183 231  1
 190 231  1
 148 232  1
 195 232  1
 201 232  1
 124 233  1
 125 233  1
 219 233  1
 205 234  1
  99 235  1
 100 235  1
 112 235  1
 153 235  1
 146 237  1
 115 239  1
 124 239  1
 115 241  1
 125 241  1
 149 241  1
 203 241  1
 108 243  1
 110 243  1
 124 243  1
 125 243  1
 161 243  1
 108 245  1
 114 246  1
 121 246  1
 139 247  1
 191 247  1
 144 248  1
 152 248  1
 157 248  1
 105 249  1
 188 249  1
 108 251  1
 158 251  1
 160 251  1
 184 251  1
 145 252  1
 179 253  1
 118 254  1


count = 833