 153   1  1
 167   1  1
 140   2  1
 186   2  1
 134   4  1
 195   4  1
 198   5  1
 152   6  1
 153   6  1
 200   6  1
 174   7  1
 141   9  1
 147   9  1
 148   9  1
 104  11  1
 180  11  1
 211  11  1
 101  12  1
 158  12  1
  99  13  1
 133  14  1
 134  14  1
 162  15  1
 184  15  1
 201  15  1
 204  15  1
 217  15  1
 153  16  1
 154  16  1
 132  17  1
 133  17  1
 142  18  1
 223  18  1
  84  19  1
 120  19  1
 145  19  1
 177  19  1
 178  19  1
  96  20  1
 195  20  1
  78  21  1
 131  21  1
 132  21  1
 136  21  1
 156  21  1
  76  22  1
 163  22  1
 164  22  1
 119  23  1
 159  24  1
  81  25  1
  92  25  1
  93  25  1
 193  25  1
 127  26  1
 128  26  1
 143  26  1
 115  27  1
 125  27  1
 188  27  1
 193  27  1
  94  28  1
  95  28  1
  75  29  1
  81  29  1
 149  29  1
 137  30  1
 138  30  1
 159  31  1
 160  31  1
 194  31  1
 195  31  1
  75  32  1
 129  32  1
 116  33  1
 117  33  1
 166  33  1
 167  33  1
  98  34  1
  99  34  1
 122  34  1
  88  35  1
 119  35  1
 180  35  1
  92  36  1
 186  36  1
  52  37  1
 244  37  1
 196  38  1
 204  38  1
  48  39  1
  49  39  1
  96  39  1
 155  39  1
 155  41  1
 168  41  1
 169  41  1
  86  42  1
  91  42  1
 165  43  1
 238  43  1
 174  44  1
  87  45  1
  88  45  1
 193  45  1
 242  45  1
 162  46  1
 240  49  1
  89  50  1
  85  51  1
 258  51  1
 157  52  1
 158  52  1
 156  57  1
 158  60  1
  92  61  1
  43  67  1
  44  67  1
  49  67  1
  50  67  1
  80  67  1
  97  67  1
  33  68  1
  72  68  1
 269  68  1
 270  68  1
  94  69  1
  36  70  1
  53  70  1
  62  70  1
  71  70  1
  22  71  1
  36  72  1
  60  72  1
  80  73  1
 223  73  1
 224  73  1
 244  73  1
 245  73  1
  27  74  1
 227  74  1
  17  75  1
 238  75  1
  31  76  1
  35  76  1
  24  78  1
   9  79  1
  45  79  1
  46  79  1
 202  79  1
 218  79  1
 219  79  1
 253  79  1
 268  79  1
  37  80  1
  43  80  1
 263  80  1
 232  81  1
 240  81  1
 269  81  1
 276  81  1
 277  81  1
  43  82  1
 213  82  1
 261  82  1
  41  84  1
 211  84  1
 213  84  1
 223  84  1
 178  85  1
 196  85  1
  32  86  1
 169  86  1
 180  86  1
 182  86  1
 235  86  1
 243  86  1
 167  87  1
 207  87  1
 235  88  1
  27  89  1
 183  89  1
 184  89  1
 242  89  1
  14  90  1
 160  90  1
 174  90  1
 278  90  1
 279  90  1
  31  91  1
 157  91  1
 209  91  1
 213  91  1
   2  93  1
   3  93  1
  37  93  1
  45  93  1
  48  93  1
 183  94  1
  18  95  1
  37  95  1
 179  95  1
 223  95  1
 236  95  1
 272  95  1
   1  96  1
   2  96  1
   9  96  1
 226  96  1
 263  96  1
  38  97  1
 142  97  1
  13  98  1
 217  98  1
   1  99  1
 134  99  1
 138  99  1
 227 100  1
 228 100  1
 221 101  1
  10 102  1
 128 102  1
 130 102  1
 174 102  1
 170 103  1
  38 104  1
  47 104  1
 123 104  1
 229 104  1
  60 106  1
  33 107  1
  34 107  1
  63 107  1
  64 107  1
 157 108  1
 159 108  1
  57 109  1
  72 109  1
 117 109  1
 155 109  1
  79 110  1
  92 110  1
 101 110  1
 106 110  1
 142 110  1
 162 110  1
 163 110  1
 229 110  1
  34 111  1
  35 111  1
  98 111  1
 147 111  1
 135 112  1
   1 113  1
   6 113  1
   7 113  1
  42 113  1
 116 113  1
  38 114  1
 234 115  1
 268 115  1
 139 116  1
 208 117  1
   7 118  1
 212 118  1
 213 118  1
  89 119  1
  90 119  1
  96 119  1
 280 119  1
 281 119  1
 251 120  1
 255 120  1
 256 120  1
   2 121  1
   3 121  1
  35 121  1
  37 121  1
 275 123  1
 213 124  1
 218 124  1
 251 124  1
 252 124  1
 272 124  1
 101 125  1
 208 125  1
 209 125  1
 224 125  1
  25 126  1
  88 126  1
 240 126  1
 258 126  1
   4 127  1
  15 127  1
  32 127  1
  38 127  1
  51 127  1
 158 127  1
 226 127  1
 227 127  1
 267 127  1
  57 128  1
 120 128  3
 121 128  1
 124 128  1
 128 128  1
 153 128  1
  38 129  1
  85 129  1
 146 129  1
 147 129  1
 159 129  1
 162 129  1
 164 129  1
 191 129  1
 208 129  1
 252 129  1
  44 130  1
  68 130  1
 201 130  1
 202 130  1
 211 130  1
 216 130  1
 232 130  1
 233 130  1
  23 131  1
  83 131  1
  84 131  1
 184 131  1
  30 132  1
  38 132  1
  50 132  1
  59 132  1
  61 132  1
 102 132  1
 216 132  1
 226 132  1
  55 133  1
  56 133  1
  57 133  1
  79 133  1
  89 133  1
 154 133  1
 166 133  1
 167 133  1
 204 133  1
 208 133  1
 242 133  1
   9 134  1
  16 134  1
  24 134  1
  25 134  1
  45 134  1
 156 134  1
 229 134  1
  67 135  1
 162 135  1
 213 135  1
 220 135  1
 235 135  1
 276 135  1
  29 137  1
  35 137  1
 212 137  1
 213 137  1
 240 137  1
 266 137  1
  20 138  1
 206 138  1
 207 138  1
  12 139  1
  22 139  1
  77 139  1
 120 139  1
  83 140  1
  84 140  1
 193 140  1
 200 140  1
 238 140  1
 113 141  1
 259 141  1
  25 142  1
  57 142  1
  58 142  1
  79 142  1
  89 142  1
  90 142  1
  93 142  1
 105 142  1
 249 142  1
   9 143  1
  38 143  1
  97 143  1
 129 143  1
  86 144  1
 102 144  1
 110 144  1
 116 144  1
 134 144  1
 241 144  1
 137 145  1
  72 146  1
 194 146  1
 195 146  1
 247 146  1
 282 146  1
 283 146  1
  29 147  1
  51 148  1
 113 148  1
 127 148  1
 156 148  1
 158 148  1
 109 149  1
 110 149  1
 137 149  1
 150 149  1
 151 149  1
  51 150  1
 132 150  1
 163 150  1
 120 151  1
 141 151  1
 167 151  1
 159 153  1
 248 153  1
 255 155  1
 256 155  1
 105 156  1
 142 156  1
 143 156  1
 153 156  1
  28 157  1
 195 157  1
 196 157  1
 207 157  1
 212 157  1
  99 158  1
 152 158  1
 173 158  1
 174 158  1
 191 158  1
 202 158  1
 167 159  1
 169 159  1
 216 159  1
 108 160  1
 183 160  1
  98 161  1
 150 161  1
 151 161  1
 204 162  1
 104 163  1
 107 164  1
 114 164  1
 250 164  1
 251 164  1
 125 165  1
 206 165  1
 223 165  1
 247 165  1
 248 165  1
 260 166  1
 264 166  1
  44 167  1
 243 167  1
 241 168  1
  40 169  1
 149 169  1
  37 170  1
  43 170  1
 188 170  1
 189 170  1
  31 171  1
 224 171  1
 256 171  1
 244 172  1
 233 173  1
 235 173  1
 219 174  1
 221 174  1
 229 174  1
 241 174  1
 167 175  1
  32 176  1
  61 176  1
 183 177  1
 190 177  1
 256 177  1
 232 178  1
 279 178  1
 280 178  1
  14 180  1
  37 180  1
 237 181  1
  45 182  1
  62 182  1
 257 182  1
  53 183  1
 244 183  1
 233 184  1
 234 184  1
 277 184  1
 278 184  1
 270 185  1
  24 186  1
 240 186  1
  44 187  1
  49 187  1
  50 187  1
 252 188  1
 275 189  1
 276 189  1
  47 190  1
 236 190  1
 237 190  1
 252 190  1
  65 191  1
 251 192  1
 266 192  1
 267 192  1
 268 192  1
  30 193  1
  31 193  1
  61 193  1
 241 193  1
 243 193  1
 239 194  1
 273 194  1
 274 194  1
 271 197  1
 229 199  1
 221 200  1
 224 201  1
 225 201  1
 234 202  1
 262 202  1
 257 203  1
 268 204  1
 137 205  1
 255 205  1
 230 206  1
  34 207  1
 237 208  1
 266 208  1
 110 209  1
 111 209  1
 112 209  1
 142 209  1
 241 209  1
 254 210  1
 217 211  1
 218 211  1
 231 211  1
  78 212  1
 238 212  1
 263 212  1
  81 213  1
  74 214  1
 252 214  1
  43 215  1
  44 215  1
 141 215  1
 108 216  1
 109 216  1
 216 216  1
 217 216  1
 232 216  1
 249 216  1
  48 217  1
 244 217  1
 220 218  1
 224 218  1
 114 219  1
 124 219  1
 118 220  1
 184 220  1
 216 220  1
  80 222  1
 184 222  1
 108 223  1
 196 223  1
 198 223  1
 218 223  1
  75 224  1
  76 224  1
 222 224  1
 241 224  1
 242 224  1
  58 225  1
 118 225  1
 105 226  1
 126 226  1
 132 226  1
 190 226  2
 191 226  1
 226 226  1
  74 227  1
 118 227  1
 232 227  1
  62 228  1
 111 228  1
 112 228  1
 194 228  1
 119 229  1
 131 229  1
 157 229  1
 225 229  1
 105 230  1
 184 231  1
 185 231  1
  88 232  1
  92 232  1
 105 232  1
 234 232  1
 110 233  1
 160 233  1
 193 233  1
 157 234  1
 124 235  1
 230 235  1
 183 236  1
 184 236  1
  76 237  1
 197 237  1
 209 237  1
 210 237  1
 108 238  1
 109 238  1
 153 238  1
 236 239  1
 101 240  1
 114 240  1
 108 241  1
 119 241  1
 123 243  1
 124 243  1
 214 243  1
 230 243  1
 107 245  1
 163 246  1
 226 246  1
 115 247  1
 138 247  1
 139 247  1
 141 247  1
 152 249  1
 164 250  1
 178 251  1
 179 251  1
 217 251  1
 158 252  1
 186 252  1
 204 255  1
 155 256  1


count = 655