 181   1  1
 153   3  1
 149   4  1
 144   5  1
 198   5  1
 131   9  1
 113  16  1
 212  16  1
 109  17  1
 215  17  1
 220  19  1
 225  22  1
  93  23  1
 228  24  1
 229  24  1
 234  26  1
  84  28  1
  95  29  1
 185  29  1
  93  32  1
 182  32  1
  83  34  1
  84  34  1
 177  34  1
 203  34  1
 204  34  1
 229  34  1
 202  36  1
  72  37  1
 197  38  1
 227  38  1
 228  38  1
  71  39  1
  67  40  1
 114  40  1
 235  40  1
 237  40  1
  55  41  1
 187  41  1
 230  41  1
 231  41  1
 255  41  1
 104  42  1
 129  42  1
  51  43  1
  52  43  1
 118  43  1
 192  43  1
 194  43  1
 196  43  1
 226  43  1
 237  44  1
  48  45  1
  92  45  1
 179  46  1
 234  46  1
  44  47  1
  45  47  1
 105  47  1
 175  47  1
 228  47  1
 110  48  1
 222  48  1
  89  49  1
  90  49  1
 121  49  1
 203  49  1
 220  50  1
  36  52  1
 261  52  1
  89  53  1
  90  53  1
  95  53  1
 158  53  1
 159  53  1
 166  53  1
 210  53  1
  28  54  1
 105  54  1
 195  54  1
 219  54  1
 186  55  1
  25  56  1
  50  56  1
  83  57  1
  84  57  1
 181  57  1
 263  57  1
 264  57  1
  22  58  1
  50  58  1
  91  58  1
 158  58  1
 159  58  1
 194  58  1
 195  58  1
 248  58  1
 105  59  1
 189  59  1
  54  60  1
  62  61  1
 192  61  1
  19  62  1
 168  62  1
 169  62  1
  56  63  1
 178  63  1
 186  63  1
 187  63  1
  18  65  1
  19  65  1
 150  65  1
 183  65  1
 246  65  1
 247  65  1
 252  66  1
 205  67  1
  57  69  1
 254  69  1
 143  70  1
 189  70  1
 166  71  1
 171  71  1
 183  71  1
 184  71  1
  59  72  1
 206  72  1
 190  73  1
 199  73  1
  33  74  1
 139  74  1
 164  74  1
 220  74  1
 253  74  1
 187  76  1
 188  76  1
 222  76  1
 248  76  1
 106  77  1
 197  77  1
  41  78  1
  42  78  1
  47  78  1
  55  78  1
  63  78  1
  64  78  1
 135  78  1
 136  78  1
 190  78  1
 212  78  1
 264  78  1
 265  78  1
  10  79  1
  11  79  1
  48  80  1
 144  81  1
  68  82  1
  73  82  1
  88  82  1
 206  82  1
 237  82  1
 242  82  1
 266  82  1
 100  83  1
 146  83  1
 151  83  1
 212  83  1
 214  83  1
 225  83  1
 233  83  1
   9  84  1
  10  84  1
  77  84  1
 169  84  1
 230  84  1
 231  84  1
 245  84  1
 173  85  1
 247  85  1
 257  85  1
 258  85  1
 263  85  1
  78  86  1
  92  86  1
  97  86  1
 191  86  1
 192  86  1
 235  86  1
 236  86  1
 143  87  1
 206  87  1
 207  87  1
 137  88  1
 152  88  1
 153  88  1
 163  88  1
 164  88  1
 175  88  1
 185  88  1
 189  88  1
  87  89  1
 215  89  1
 216  89  1
 158  90  1
 263  90  1
 265  90  1
 142  91  1
 248  91  1
 269  91  1
 270  91  1
 188  92  1
 220  92  1
 234  92  1
 163  93  1
 186  93  1
 226  93  1
 179  94  1
 211  94  1
 223  94  1
 252  94  1
 258  94  1
 165  95  1
 166  95  1
 186  95  1
 213  95  1
 256  95  1
  16  96  1
  17  96  1
  67  96  1
 223  96  1
 275  96  1
   8  97  1
 168  97  1
 174  97  1
 175  97  1
 235  97  1
  19  98  1
  20  98  1
  80  98  1
 202  98  1
 223  98  1
 183  99  1
 235  99  1
   6 100  1
 147 100  1
 148 100  1
 196 100  1
 239 100  1
  25 101  1
  32 101  1
 191 101  1
 230 101  1
 142 102  1
 239 102  1
 273 102  1
 190 103  1
 191 103  1
  75 104  1
  76 104  1
 183 104  1
   3 105  1
   4 105  1
  31 105  1
  69 105  1
 201 105  1
 272 105  1
 273 105  1
 205 106  1
  25 107  1
  27 107  1
 142 107  1
 210 107  1
 174 108  1
 184 109  1
 224 109  1
 225 109  1
  35 110  1
 137 110  1
 150 110  1
 178 110  1
 227 111  1
 228 111  1
 238 111  1
 176 112  1
 200 112  1
 236 112  1
   1 113  1
  18 113  1
  51 113  1
  52 113  1
 231 113  1
  31 114  1
 195 114  1
 203 114  1
 213 114  1
 235 114  1
  81 116  1
 170 116  1
 171 116  1
 214 116  1
 235 116  1
 242 116  1
 186 117  1
 223 117  1
  38 118  1
  39 118  1
  54 118  1
 168 118  1
  28 119  1
  84 119  1
 239 119  1
 240 119  1
 241 119  1
 277 119  1
 278 119  1
  24 120  1
 225 120  1
   1 121  1
  13 121  1
  89 121  1
  90 121  1
 271 121  1
 272 121  1
 273 121  1
 212 122  1
 218 122  1
 231 122  1
 234 122  1
  58 123  1
  65 123  1
  74 123  1
  92 123  1
  94 123  1
 165 123  1
 221 123  1
 222 123  1
  88 124  1
 162 124  1
 163 124  1
 242 124  1
 254 124  1
  18 125  1
  67 125  1
  84 125  1
  71 126  1
  72 126  1
 206 127  1
 258 127  1
   2 128  1
   3 128  1
  10 128  1
  14 128  1
  90 128  1
 155 128  1
 159 128  1
 195 128  1
 196 128  1
 263 128  1
  84 129  1
 133 129  1
 172 129  1
 214 129  1
 233 129  1
 241 129  1
  14 130  1
 104 130  1
 106 130  1
 107 130  1
 118 130  1
 146 130  1
 165 130  1
 189 130  1
 190 130  1
 191 130  1
 222 130  1
   3 131  1
   4 131  1
  32 131  1
 179 131  1
 180 131  1
 204 131  1
 226 131  1
 200 132  1
 249 132  1
  89 133  1
 185 133  1
 186 133  1
 212 133  1
 221 133  1
 144 134  1
 156 134  1
 162 134  1
 166 134  1
 169 134  1
 211 135  1
 212 135  1
 237 135  1
  34 136  1
 178 136  1
 179 136  1
 226 136  1
 170 137  1
 242 137  1
  80 138  1
 247 138  1
  71 139  1
  87 139  1
 101 139  1
 183 139  1
 196 139  1
 198 139  1
 211 139  1
 230 139  1
 235 139  1
 236 139  1
 269 139  1
  65 140  1
  89 140  1
  72 141  1
  93 141  1
 205 141  1
 206 141  1
 271 141  1
  33 142  1
 192 142  1
 193 142  1
 104 143  1
 105 143  1
 201 143  1
  92 144  1
 238 144  1
  62 145  1
 183 145  1
  88 146  1
 228 147  1
  83 149  1
 190 149  1
 178 150  1
  86 152  1
  88 152  1
 215 152  1
 216 152  1
 223 152  1
  81 153  1
  82 153  1
  60 154  1
  61 154  1
 164 154  1
 173 154  1
 186 154  1
  34 156  1
 215 156  1
  43 158  1
  38 159  1
  53 159  1
  60 159  1
 158 160  1
  51 161  1
 180 161  1
 275 163  1
   4 164  1
   5 164  1
  54 164  1
  85 164  1
  86 164  1
 159 164  1
 272 164  1
 174 165  1
  45 166  1
  46 166  1
 179 166  1
 157 168  2
 158 168  1
   6 169  1
   7 169  1
  42 169  2
  43 169  1
  44 169  1
 169 170  1
 170 170  1
 163 172  1
 167 172  1
 264 173  1
 271 173  1
 256 174  1
  54 175  1
 223 176  1
 225 176  1
   8 177  1
   9 177  1
 266 177  1
  58 178  1
  54 179  1
 228 179  1
 219 180  1
 139 182  1
  12 184  1
 213 185  1
 207 186  1
  13 187  1
  14 187  1
  53 187  1
 227 187  1
 228 187  1
  22 188  1
 165 188  1
  59 190  1
 268 191  1
 116 192  1
 202 192  1
 218 192  1
 222 192  1
 207 193  1
 144 194  1
 162 194  1
  32 195  1
  33 195  1
 111 196  1
 115 196  1
 205 196  1
 219 196  1
 220 196  1
 157 197  1
 158 197  1
 168 198  1
 169 198  1
  39 199  1
 143 199  1
 180 199  1
 201 199  1
  41 201  1
  42 201  1
 114 201  1
 205 201  1
 206 201  1
 223 201  1
 224 201  1
  87 203  1
 231 203  1
  43 204  1
  82 204  1
 109 204  1
 111 204  1
 112 204  1
  89 205  1
 236 205  1
 259 205  1
 213 207  1
 215 207  1
 219 207  1
 245 207  1
 110 209  1
 151 209  1
 213 209  1
 104 210  1
 256 210  1
 257 210  1
  35 211  1
  91 211  1
 123 211  1
 130 211  1
  45 212  1
  97 212  1
 163 212  1
 173 212  1
 103 213  1
 113 213  1
 120 214  1
 121 214  1
 127 214  1
 128 214  1
  37 215  1
 116 215  1
 125 215  1
  82 216  1
  38 217  1
 120 218  1
  79 219  1
  95 219  1
 116 219  1
 137 219  1
 214 219  1
  88 220  1
 111 220  1
 113 220  1
 133 220  1
 217 220  1
  96 221  1
 186 221  1
  68 222  1
  99 222  1
 100 222  1
 103 222  1
  71 223  1
  86 223  1
  73 224  1
  93 224  1
  79 227  1
 179 227  1
 180 227  1
 183 227  1
 127 229  1
 185 229  1
 122 230  1
 191 230  1
 228 231  1
 103 238  1
 221 238  1
 112 243  1
 214 244  1
 210 246  1
 202 251  1
 188 254  1
 143 256  1
 145 256  1


count = 615