 172   1  1
 178   1  1
 184   1  1
 163   4  1
 207   4  1
 210   5  1
 213   6  1
 216   7  1
 183   8  1
 218   8  1
 134  10  1
 189  11  1
 226  12  1
 154  13  1
 178  14  1
 190  14  1
 191  14  1
 143  15  1
 152  15  1
 185  15  1
 186  15  1
 213  16  1
 231  16  1
 117  17  1
 114  18  1
 193  18  1
 194  18  1
 209  18  1
 234  18  1
 134  19  1
 170  19  1
 172  19  1
 182  19  1
 151  20  1
 194  21  1
 224  21  1
 104  22  1
 150  23  1
 221  23  1
 222  23  1
 168  24  1
 169  24  1
 170  24  3
 198  24  1
 199  24  1
 150  25  1
 155  25  1
 117  26  1
 159  26  1
 176  26  1
 246  26  1
 141  27  1
 236  27  1
  81  29  1
  82  29  1
 100  29  1
 147  29  1
 150  29  1
 155  29  1
 232  29  1
 114  30  1
 171  30  1
 225  30  1
 117  32  1
 173  32  1
 175  33  1
  97  34  1
 107  35  1
 108  35  1
 186  35  1
  87  36  1
  88  36  1
 149  36  1
 183  36  1
 226  36  1
  82  37  1
 111  37  1
 122  37  1
 178  37  1
 145  38  1
 216  38  1
  60  39  1
  62  39  1
  98  39  1
  99  39  1
 178  39  1
 214  39  1
 153  40  1
 183  40  1
 189  40  1
  53  41  1
 150  41  1
 201  41  1
 232  41  1
 104  42  1
 227  42  1
  48  43  1
  49  43  1
  68  43  1
 185  43  1
 186  43  1
 212  43  1
 241  43  1
 263  43  1
 125  44  1
 203  44  1
  75  45  1
  76  45  1
 208  45  1
 246  45  1
  43  46  1
  62  46  1
  82  46  1
 141  46  1
 142  46  1
 146  47  1
 148  47  1
 150  47  1
 185  47  1
 186  47  1
 138  48  1
 232  48  1
 124  49  1
 125  49  1
 201  49  1
 202  49  1
 268  50  1
 104  51  1
 107  52  1
 196  52  1
 254  52  1
 261  52  1
  32  53  1
 113  53  1
 139  53  1
 140  53  1
 145  53  1
 191  53  1
  50  54  1
 116  54  1
 117  54  1
  62  55  1
  69  55  1
 272  56  1
 112  57  1
 113  57  1
 122  58  1
 144  58  1
 191  58  1
  26  59  1
 116  59  1
 117  59  1
 118  59  1
  58  60  1
  60  60  1
 137  60  1
  56  61  1
 233  62  1
  55  63  1
 131  63  1
 267  63  1
 268  63  1
 275  63  1
 276  63  1
 256  65  1
 261  65  1
 142  66  1
 237  66  1
 238  66  1
 266  67  1
  60  68  1
 268  68  1
 269  68  1
  25  69  1
  65  69  1
  54  72  1
  71  72  1
  84  73  1
 127  73  1
  23  74  1
  24  74  1
 258  74  1
 259  74  1
  80  75  1
  97  75  1
  74  76  1
  83  78  1
  87  79  1
  97  79  1
 242  79  1
 246  79  1
 259  79  1
 260  79  1
  55  80  1
  56  80  1
  94  80  1
 249  80  1
  12  82  1
 259  83  1
 245  85  1
 251  85  1
 258  85  1
 259  85  1
 189  86  1
 190  86  1
  32  87  1
  37  87  1
 185  88  1
 186  88  1
 192  89  1
  36  91  1
  15  92  1
  22  92  1
  30  93  1
 177  93  1
  99  94  1
 111  94  1
 116  95  1
 193  95  1
 194  95  1
  14  96  1
  19  96  1
  33  96  1
  34  96  1
 221  96  1
 169  97  1
 217  97  1
  92  98  1
  97  98  1
 117  98  1
 192  98  1
  85  99  1
  89  99  1
 181  99  1
 158 100  1
 224 101  1
  13 102  1
  14 102  1
 176 102  1
 230 102  1
  85 103  1
 124 104  1
 149 104  1
 150 104  1
 169 104  1
 171 104  1
 231 104  1
 236 104  1
  14 105  1
  59 105  1
  67 105  1
  97 105  1
  98 105  1
 203 105  1
 210 105  1
 146 106  1
  12 107  1
  13 107  1
  47 107  1
  81 107  1
  82 107  1
 270 107  1
 271 107  1
 167 108  1
 187 108  1
 229 108  1
  42 109  1
  90 109  1
 139 109  1
 180 109  1
 265 109  1
 268 109  1
 164 110  1
  85 111  1
  86 111  1
 169 111  1
 176 111  1
 177 111  1
 122 112  1
 136 112  1
 161 112  1
  37 113  1
  68 113  1
  86 113  1
  96 113  1
 140 113  1
 197 113  1
 270 113  1
 103 114  1
 235 114  1
  25 115  1
  63 115  1
 241 115  1
  35 116  1
 127 116  1
 267 116  1
  33 117  1
  63 117  1
 131 117  1
 143 117  1
 145 117  1
 147 117  1
 170 117  1
 241 117  1
 260 117  1
 166 118  1
  63 119  1
  69 119  1
 177 119  1
 238 119  1
 261 119  1
  22 120  1
 139 120  1
 151 120  1
  59 121  1
 133 121  1
 171 121  1
 172 121  1
 246 121  1
 253 121  1
 254 121  1
 269 121  1
 276 122  1
 277 122  1
 105 123  1
 142 123  1
 168 123  1
 237 123  1
 157 124  1
  20 125  1
  97 125  1
 136 125  1
 246 125  1
  14 126  1
  51 126  1
  56 126  1
 166 126  1
 253 126  1
  40 127  1
  49 127  1
  59 127  1
 103 127  1
 138 128  1
 140 128  1
 161 128  1
 162 128  1
  35 129  1
  65 129  1
  73 129  1
 204 129  1
  18 130  1
  22 130  1
  80 130  1
 149 130  1
 198 130  1
 199 130  1
 234 130  1
 267 130  1
  39 131  1
  40 131  1
  67 131  1
 104 132  1
 101 133  1
 159 133  2
 161 133  1
 282 133  1
 283 133  1
  33 134  1
  35 134  1
 142 134  1
 166 134  1
 171 134  1
 172 134  1
 198 134  1
 213 134  1
 214 134  1
  13 135  1
 146 135  1
 148 135  1
 220 135  1
 224 135  1
 242 135  1
  42 136  1
 133 136  1
 266 136  1
  86 137  1
  87 137  1
  96 137  1
 110 137  1
 141 137  1
 154 137  1
 133 138  1
 134 138  1
  14 139  1
  45 139  1
  47 139  1
  96 139  1
 105 139  1
 272 139  1
  35 140  1
  40 140  1
  93 140  1
 103 140  1
 162 140  1
   3 141  1
 208 141  1
 209 141  1
 233 141  1
  88 142  1
 147 142  1
 240 142  1
 241 142  1
 276 142  1
  42 143  1
 140 143  1
 167 143  1
 179 143  1
  38 144  1
  47 144  1
 132 144  1
 154 144  1
 160 144  1
 161 144  1
 202 144  1
 224 144  1
  16 145  1
  50 145  1
  77 145  1
 170 145  1
 171 145  1
   7 146  1
 199 146  1
 222 146  1
 224 146  1
 230 146  1
 238 146  1
  40 147  1
  41 147  1
  69 147  1
 140 147  1
 120 148  1
 138 148  1
 218 148  1
   1 149  1
  85 149  1
 160 149  1
 161 149  1
 177 149  1
 184 149  1
 191 149  1
 274 149  1
  55 150  1
  81 150  1
  93 150  1
 134 150  1
 222 150  1
 239 150  1
  61 151  1
 180 151  1
 208 151  1
 209 151  1
  29 152  1
  39 152  1
  42 152  1
  43 152  1
  66 152  1
 136 152  1
 203 152  1
 215 152  1
  52 153  1
 160 153  1
 241 153  1
  24 154  1
  35 154  1
 139 154  1
 274 154  1
  19 155  1
 187 155  1
  78 156  1
 107 156  1
 182 156  1
  50 157  1
  88 157  1
 132 157  1
 105 158  1
 106 158  1
 143 158  1
 165 158  1
 166 158  1
 170 158  1
 243 158  1
 150 159  1
   1 160  1
  11 160  1
  83 160  1
 101 160  1
   6 161  1
   7 161  1
  21 161  1
 108 161  1
 252 161  1
 253 161  1
 262 161  1
  24 162  1
  37 162  1
  44 162  1
  51 162  1
 154 162  1
 128 163  1
 161 163  1
 175 163  1
 260 163  1
 262 163  1
 163 164  1
 221 164  1
 222 164  1
  12 165  1
 100 165  1
 178 165  1
 203 165  1
   8 166  1
  27 166  1
   2 167  1
   3 167  1
 168 167  1
 169 167  1
 263 167  1
 259 168  1
 270 168  1
 172 169  1
 251 169  1
 256 170  1
 257 170  1
 175 171  1
 213 171  1
 233 172  1
 188 173  1
 246 173  1
   4 174  1
   5 174  1
  32 174  1
 226 174  1
 232 174  1
 185 176  1
 255 176  1
 269 176  1
 270 176  1
 215 177  1
 248 177  1
  39 179  1
 220 179  1
  76 180  1
 225 180  1
 241 181  1
  17 182  1
  23 182  1
 245 182  1
 247 182  1
  82 183  1
 100 183  1
 235 183  1
 236 183  1
  91 184  1
  96 184  1
  77 186  1
  10 187  1
  11 187  1
  46 187  1
 237 187  1
  17 188  1
  30 188  1
 265 188  1
  83 189  1
  84 189  1
 251 189  1
 273 189  1
 274 189  1
  32 191  1
  39 191  1
  84 191  2
 120 191  1
  79 192  1
 263 192  1
 126 194  1
 145 194  1
 165 194  1
 166 194  1
 172 194  1
 180 194  1
  14 195  1
  73 195  1
  28 196  1
 137 196  1
 138 196  1
 158 196  1
 178 196  1
 243 196  1
 135 197  1
 151 197  1
 259 197  1
 261 197  1
 262 197  1
 263 197  1
  16 198  1
 125 198  1
 156 199  1
 171 199  1
 127 200  1
 146 200  1
  39 201  1
  40 201  1
 131 201  1
  78 203  1
 100 203  1
 101 203  1
  73 204  1
  95 204  1
 104 204  1
 105 204  1
 135 204  1
 140 204  1
 177 205  1
 145 207  1
 146 207  1
 165 207  1
 166 207  1
  36 208  1
 104 208  1
 190 210  1
 105 211  1
 137 211  1
 138 211  1
 168 211  1
  79 212  1
 147 212  1
  59 213  1
  73 214  1
  99 214  1
 244 214  1
  76 215  1
 139 215  1
 140 215  1
 192 215  1
 226 215  1
 133 216  1
 234 216  1
 261 216  1
 101 217  1
 102 217  1
 106 217  1
 107 217  1
 158 217  1
 195 217  1
 244 217  1
 127 218  1
 168 218  1
 197 218  1
  60 219  1
  73 219  1
  74 219  1
 148 219  1
 152 219  1
 166 219  1
 226 219  1
  98 220  1
 189 220  1
 139 221  1
 141 221  1
 185 221  1
 249 221  1
  58 222  1
  59 222  1
  75 222  1
  95 222  1
 105 223  1
 106 223  1
 169 223  1
 178 223  1
 179 223  1
 190 223  1
 192 223  1
 197 223  1
  63 224  1
  64 224  1
 184 224  1
 244 224  1
 245 224  1
  52 225  1
 163 225  1
 164 225  1
  93 226  1
 136 226  1
 137 226  1
 138 226  1
 219 226  1
  55 227  1
 176 227  1
 177 227  1
 195 227  1
  98 228  1
 131 228  1
 132 228  1
  58 229  1
  59 229  1
  91 229  1
 124 229  1
 169 229  1
 180 229  1
 192 229  1
 198 229  1
  62 230  1
 103 230  1
 129 230  1
  77 231  1
  78 231  1
 163 231  1
 218 231  1
  68 232  1
  81 233  1
 169 233  1
 100 234  1
 210 234  1
 211 234  1
 221 234  1
  85 235  1
 194 235  1
 214 235  1
  93 237  1
  81 238  1
  98 238  1
  99 238  1
 124 238  1
 126 238  1
 182 238  1
 177 239  1
  86 240  1
 185 240  1
 186 240  1
 138 241  1
 144 241  1
  90 243  1
 122 243  1
 184 243  1
 185 243  1
 235 243  1
 127 245  1
 183 246  1
 184 246  1
 229 246  1
 230 246  1
 138 248  1
 122 249  1
 159 249  1
 160 249  1
 224 249  1
 142 250  1
 124 251  1
 169 251  1
 182 251  1
 222 251  1
 158 253  1
 177 253  1
 129 254  1
 130 254  1


count = 764