 178   1  1
 183   1  1
 146   4  1
 200   4  1
 140   6  1
 169   7  1
 209   7  1
 165  11  1
 216  12  1
 119  13  1
 206  14  1
 219  14  1
 203  16  1
 107  17  1
 101  21  1
 203  21  1
 229  21  1
  97  23  1
  75  24  1
 196  24  1
 198  24  1
 200  24  1
 233  24  1
  78  25  1
 107  25  1
  57  26  1
  58  26  1
  89  26  1
 108  30  1
 110  31  1
  82  33  1
 122  33  1
 228  33  1
 229  33  1
  47  34  1
 138  34  1
 225  35  1
  45  36  1
 224  38  1
  35  39  1
  36  39  1
  83  40  1
  29  42  1
 107  43  1
  27  44  1
  96  44  1
 109  44  1
 120  44  1
 123  44  1
 219  44  1
  87  45  1
  88  45  1
 130  45  1
  25  46  1
 112  46  1
 113  46  1
 117  47  1
 133  47  1
  84  48  1
  85  48  1
 256  49  1
  75  50  1
  24  51  1
 195  51  1
 258  51  1
 200  53  1
 252  53  1
 176  54  1
  85  56  1
 246  56  1
 247  56  1
 260  56  1
  82  58  1
 209  58  1
 254  58  1
 172  59  1
 212  60  1
 213  60  1
  15  62  1
  81  62  1
 265  63  1
 173  66  1
 174  66  1
 187  67  1
 186  69  1
 197  71  1
 176  72  1
 213  72  1
   9  73  1
 209  73  1
 189  74  1
 190  74  1
  14  76  1
  15  76  1
 179  77  1
 180  77  1
 185  77  1
 274  77  1
 275  77  1
 171  78  1
 187  79  1
 203  79  1
 208  79  1
 171  80  1
 172  80  1
 191  80  1
 176  81  1
 182  81  1
  14  82  1
  58  83  1
  65  83  1
 169  83  1
 199  83  1
  70  84  1
 186  84  1
 276  84  1
 277  84  1
   6  85  1
  55  86  1
   4  87  1
  14  87  1
 188  87  1
  72  89  1
  73  89  1
 183  89  1
 184  89  1
 186  89  1
 198  89  1
  66  90  1
  67  90  1
  55  91  1
  15  92  1
 279  92  1
 280  92  1
 201  93  1
  74  94  1
  13  95  1
 170  95  1
  56  97  1
  10  99  1
 170 100  1
 282 100  1
 283 100  1
  58 101  1
 166 101  1
 177 101  1
 102 103  1
 196 103  1
 202 103  1
 179 104  1
 180 104  1
 208 104  1
 209 104  1
 190 105  1
  87 106  1
  94 107  1
  96 107  1
  98 107  1
 114 108  1
 115 108  1
 166 108  1
  64 109  1
   8 110  1
 207 110  1
 117 111  1
 171 112  1
 172 112  1
 181 112  1
  77 113  1
 106 113  1
 148 113  1
 242 113  1
 192 114  1
 201 114  1
 215 114  1
 150 115  1
 159 115  1
 196 115  1
 203 115  1
 206 115  1
 234 115  1
 112 116  1
 173 117  1
 174 117  1
 186 118  1
 258 118  1
  24 119  1
  85 119  1
  78 120  1
 100 120  1
 157 120  1
 205 120  1
 211 120  1
 212 120  1
 227 120  1
   6 121  1
   7 121  1
  34 121  1
 107 121  1
 217 121  1
 221 121  1
 233 121  1
 234 121  1
  81 122  1
 159 122  1
 278 122  1
  72 123  1
 165 123  1
 192 123  1
 193 123  1
 230 123  1
  16 124  1
  18 124  1
  23 124  1
  67 124  1
 105 124  1
 174 124  1
 175 124  1
 185 124  1
 186 124  1
  29 125  1
  38 125  1
  73 125  1
 168 125  1
  59 126  1
 276 126  1
 277 126  1
  39 127  1
  47 127  1
  63 127  1
  64 127  1
 182 127  1
 224 127  1
 225 127  1
 231 127  1
  49 128  1
  69 128  1
 260 128  1
 261 128  1
 167 129  1
 231 129  1
 232 129  1
 255 129  1
 256 129  1
 266 129  1
 271 129  1
  81 130  1
 194 130  1
 216 130  1
  60 131  1
 182 131  1
 183 131  1
 224 131  1
 263 131  1
  37 132  1
  38 132  1
  54 132  1
  63 132  1
 105 132  1
 106 132  1
 174 132  1
 175 132  1
 186 132  1
 221 132  1
  45 133  1
 162 133  1
 164 133  1
 227 133  1
 255 134  1
 272 134  1
  95 135  1
 156 135  1
  16 136  1
  81 136  1
  83 136  1
  84 136  1
 174 137  1
 188 137  1
 220 137  1
 234 137  1
 261 137  1
  98 138  1
  99 138  1
 108 138  1
 229 138  1
 230 138  1
 278 138  1
 279 138  1
  14 139  1
 104 139  1
 222 139  1
   8 140  1
   9 140  1
 137 140  1
 154 140  1
 206 140  1
 259 140  1
 264 140  1
  11 141  1
 181 141  1
 215 141  1
 225 142  1
 170 143  1
 201 143  1
 272 143  1
 133 144  1
 134 144  1
 135 144  1
 180 144  1
 262 144  1
 264 144  1
 266 144  1
  70 145  1
 124 145  1
 139 145  1
 140 145  1
 219 145  1
 220 145  1
 120 146  1
 122 146  1
 206 146  1
 207 146  1
  13 147  1
 118 147  1
 116 148  1
 176 148  1
 269 148  1
  13 149  1
  14 149  1
  65 149  1
  60 151  1
  86 151  1
  87 151  1
 112 152  1
 159 152  1
  14 153  1
  15 153  1
  58 153  1
  97 153  1
 206 153  1
 107 154  1
 201 154  1
 202 154  1
 268 154  1
 278 155  1
 279 155  1
 100 156  1
   1 157  1
   2 157  1
 167 158  1
   1 160  1
  12 160  1
 165 160  1
   7 162  1
 156 162  1
 157 162  1
  58 163  1
 262 163  1
   1 164  1
  74 164  1
 163 165  1
  60 166  1
  64 167  1
 154 167  1
 155 167  1
 161 167  1
 162 167  1
 163 167  1
  71 168  1
  72 168  1
 260 168  1
 274 168  1
 254 169  1
 255 169  1
  73 171  1
  88 172  1
 152 172  1
 153 172  1
 158 172  1
 159 172  1
  76 173  1
   4 175  1
  94 176  1
 152 176  1
 245 177  1
   6 178  1
  94 178  1
  88 180  1
 244 181  1
 263 181  1
 247 184  1
 173 186  1
  50 188  1
 177 188  1
 170 189  1
 179 190  1
   9 191  1
  52 192  1
  53 192  1
 181 192  1
 255 192  1
  48 194  1
  49 194  1
  17 195  1
  49 196  1
 163 196  1
  73 197  1
 160 197  1
  49 198  1
  53 198  1
  54 198  1
 250 198  1
  66 199  1
  84 199  1
 157 199  1
 158 199  1
  23 200  1
 179 200  1
  74 201  1
  75 201  1
  57 202  1
  85 202  1
 155 202  1
  48 204  1
  66 204  1
  87 204  1
  74 205  1
  48 206  1
  96 207  1
 112 207  1
  56 208  1
  57 208  1
 154 208  1
 172 208  1
  24 209  1
  70 209  1
 116 209  1
 241 209  1
 121 210  1
 132 210  1
 239 210  1
  73 211  1
  87 211  1
  88 211  1
  99 211  1
 100 211  1
 103 211  1
 105 211  1
  26 212  1
 132 212  1
  96 214  1
  93 215  1
 129 215  1
 123 219  1
  74 220  1
  39 222  1
 120 222  1
  65 224  1
  71 224  1
 115 224  1
  44 225  1
  62 225  1
  88 225  1
  97 225  1
  58 226  1
  60 226  1
  74 226  1
 102 226  1
 112 226  1
  82 227  1
  83 227  1
  84 227  1
  85 231  1
  77 232  1
  86 234  1
  87 234  1
 213 234  1
  83 238  1
 206 240  1
  88 242  1
 202 242  1
  91 244  1
  92 244  1
 197 244  1
 192 246  1
  99 247  1
 187 248  1
 114 252  1
 120 254  1
 123 255  1
 153 255  1


count = 491