 124   6  1
 115   8  1
 103  10  1
 133  11  1
 208  11  1
 209  11  1
  91  14  1
 112  15  1
 204  15  1
  85  17  1
 205  18  1
  94  20  1
 209  20  1
 213  21  1
  71  22  1
 142  22  1
  89  23  1
 126  23  1
  65  24  1
 129  24  1
 137  24  1
 188  24  1
 115  25  1
 134  25  1
  60  26  1
  97  28  1
 150  28  1
 153  28  1
  57  29  1
  73  29  1
 129  29  1
 111  30  1
  71  31  1
 127  31  1
  93  32  1
  94  32  1
 145  32  1
 149  32  1
 183  33  1
  65  34  1
 106  34  1
 138  35  1
 161  35  1
 163  35  1
 141  36  1
 142  36  1
 181  36  1
 145  37  1
 170  37  1
 174  37  1
 105  38  1
 106  38  1
 110  38  1
 152  38  1
 244  38  1
 159  39  1
  95  40  1
  99  40  1
  64  42  1
 127  42  1
 129  43  1
 137  44  1
 151  44  1
 152  44  1
  41  45  1
  84  46  2
  86  46  1
  94  46  1
  89  47  1
  90  47  1
 130  47  1
 240  47  1
  29  48  1
 101  48  1
 132  48  1
 116  49  1
 117  49  1
  37  50  1
 136  50  1
 206  50  1
 111  52  1
 233  52  1
 234  52  1
 148  53  1
 101  54  1
 130  54  1
 141  54  1
 164  54  1
 165  54  1
 154  55  1
 231  55  1
 237  55  1
 238  55  1
  47  56  1
  52  56  1
 141  56  1
 210  56  1
 110  57  1
 216  57  1
 130  59  1
 131  59  1
 225  59  1
 136  60  1
 137  60  1
 120  61  1
 146  61  1
 220  61  1
 224  61  1
 225  61  1
 235  61  1
 107  63  1
 161  64  1
  50  65  1
 181  65  1
 185  65  1
 202  65  1
 144  66  1
 175  66  1
 177  66  1
 154  67  1
 115  68  1
 193  69  1
 199  69  1
 206  69  1
 238  69  1
  16  70  1
 113  70  1
 203  70  1
 240  70  1
 151  71  1
 153  71  1
 174  71  1
 190  71  1
  19  72  1
 184  72  1
 206  72  1
 207  72  1
 173  73  1
 125  74  1
 131  74  1
 178  75  1
 241  75  1
 242  75  1
  22  76  1
 139  76  1
 204  77  1
 137  78  1
 181  78  1
 184  78  1
 185  78  1
 186  78  1
 198  78  1
   6  79  1
   7  79  1
 117  79  1
 119  79  1
 125  80  1
 151  80  1
 195  80  1
 245  80  1
 113  81  1
 200  81  1
 222  81  1
  12  82  1
 111  82  1
 174  82  1
 187  82  1
 188  82  1
 248  82  1
 108  83  1
 126  83  1
 224  83  1
 257  83  1
 279  83  1
 280  83  1
 136  84  1
 137  84  1
 143  84  1
 173  84  1
 228  84  1
 229  84  1
 272  84  1
 197  85  1
  36  86  1
 173  86  1
 134  87  1
 266  87  1
  12  88  1
 120  89  1
 134  89  1
 139  89  1
 140  89  1
 211  89  1
 247  89  1
 265  89  1
 266  89  1
  16  90  1
 193  90  1
  30  92  1
 247  93  1
 208  94  1
 215  94  1
 241  94  1
  18  95  1
 178  95  1
 179  95  1
 207  96  1
 208  96  1
 212  97  1
 258  97  1
 175  98  1
 241  98  1
  17  99  1
  22  99  1
 186  99  1
 259  99  1
 263  99  1
 264  99  1
 179 100  1
 180 103  1
 181 103  1
 186 104  1
  27 105  1
  48 106  1
 249 106  1
 256 106  1
   1 107  1
  50 107  1
  51 107  1
  35 108  1
  37 108  1
  38 108  1
  44 108  1
 218 108  1
 256 108  1
 261 109  1
 279 109  1
 280 109  1
  23 110  1
  40 110  1
  42 110  1
 115 110  1
 180 110  1
 186 110  1
 187 110  1
 273 110  1
  63 111  1
  65 111  1
  27 112  1
  29 112  1
  31 112  1
 219 112  1
 263 112  1
 111 113  1
 175 113  1
 176 113  1
 182 113  1
  92 114  1
 169 114  1
   7 115  1
  16 115  1
  38 115  1
 103 115  1
 159 115  1
 160 115  1
 191 115  1
 198 115  1
  29 116  1
 268 116  1
 114 117  1
 118 117  1
 178 117  1
 182 117  1
 205 117  1
 217 117  1
 221 117  1
 256 117  1
 278 117  1
 279 117  1
  29 118  1
  76 118  1
  80 118  1
 213 118  1
 207 119  1
 208 119  1
  75 120  1
  89 120  1
 120 120  1
 186 120  1
 190 120  1
 244 120  1
  12 121  1
  68 121  1
 236 121  1
 267 121  1
  65 122  1
 163 122  1
 193 122  1
 196 122  1
 276 122  1
 277 122  1
   1 123  1
   6 123  1
  20 123  1
  21 123  1
 200 123  1
 201 123  1
 250 123  1
 269 123  1
 270 123  1
 244 124  1
  65 125  1
 181 125  1
  62 126  1
  70 126  1
  71 126  1
  95 126  1
 110 126  1
 149 126  1
 158 126  1
 225 126  1
 226 126  1
 260 126  1
   7 127  1
  28 127  1
 161 127  1
 183 127  1
 191 127  1
 230 127  1
  38 128  1
  39 128  1
 131 128  1
 163 128  1
  12 129  1
  28 129  1
  29 129  1
 191 129  1
 200 129  1
 201 129  1
 195 130  1
 208 130  1
 240 130  1
 258 130  1
 259 130  1
 267 130  1
  23 131  1
  69 131  1
 182 131  1
  33 132  1
  39 132  1
  76 132  1
 106 132  1
 129 132  1
 130 132  1
 167 132  1
 168 132  1
 199 132  1
 200 132  1
 216 132  1
 217 132  1
   8 133  1
  21 133  1
  70 133  1
  96 133  1
 109 133  1
 177 133  1
 251 133  1
   2 134  1
   3 134  1
  33 134  1
 112 134  1
 208 134  1
 226 134  1
  15 136  1
  16 136  1
  92 136  1
 160 136  1
 161 136  1
 199 136  1
 252 136  1
 269 136  1
  13 137  1
  19 137  1
  20 137  1
 116 137  1
 117 137  1
 182 137  1
 186 137  1
 259 137  1
 220 138  1
 221 138  1
  88 140  1
 198 140  1
 203 140  1
 161 141  1
 259 141  1
 260 141  1
 214 142  1
 178 143  1
 118 144  1
 203 144  1
 240 144  1
 275 146  1
 176 147  1
 177 147  1
 217 148  1
 218 148  1
 228 148  1
 239 148  1
  51 149  1
  85 149  1
 232 149  1
 261 150  1
 263 150  1
 271 150  1
  42 151  1
  47 151  1
 174 151  1
 255 151  1
 256 151  1
   6 152  1
  31 152  1
  32 152  1
  52 153  1
 233 153  1
  18 154  1
 249 154  1
 250 154  1
 264 154  1
 274 154  1
  28 155  1
  39 155  1
  47 155  1
 247 156  1
 274 157  1
  27 158  1
  28 158  1
  34 158  1
  40 158  1
 249 158  1
 244 159  1
 174 160  1
  23 161  1
 256 161  1
  17 162  1
 249 162  1
 182 163  1
 256 163  1
  29 164  1
 187 164  1
  19 165  1
  21 165  1
  31 165  1
  52 165  1
  82 166  1
 180 166  1
 189 166  1
  91 167  1
  43 168  1
  18 169  1
  19 169  1
  50 169  1
 235 169  1
 236 169  1
 279 169  1
 280 169  1
 188 170  1
 189 170  1
 261 170  1
 182 172  1
   8 173  1
   9 173  1
 189 173  1
  48 174  1
  50 174  1
  92 174  1
  97 174  1
 169 174  1
 238 174  1
 239 174  1
 257 174  1
 277 174  1
 278 174  1
  11 175  1
  46 175  1
 176 175  1
 182 177  1
 254 177  1
  86 178  1
 239 178  1
  12 179  1
  13 179  1
  76 179  1
 234 179  1
  74 181  1
 178 181  1
 197 181  1
   5 182  1
   6 182  1
  11 182  1
 132 182  1
 144 182  1
 171 183  1
 223 183  1
 148 184  1
 233 184  1
 137 186  1
 175 186  1
 193 186  1
 202 187  1
 109 188  1
 132 188  1
 185 188  1
  61 190  1
 188 190  1
  93 191  1
 111 191  1
 112 191  1
 127 191  1
 176 191  1
 200 191  1
  10 192  1
  15 192  1
  16 192  1
  18 192  1
  95 192  1
  99 192  1
 129 192  1
 130 192  1
  21 193  1
  95 194  1
 184 194  1
 131 195  1
 132 195  1
  22 196  1
  23 196  1
  97 196  1
 103 196  1
 108 196  1
 112 196  1
 113 196  1
 132 197  1
 139 197  1
 148 197  1
  22 200  1
  23 200  1
 107 200  1
  33 201  1
 139 201  1
 140 201  1
  38 202  1
 145 202  1
  31 203  1
 108 204  1
 109 204  1
 163 204  1
 219 204  1
  93 205  1
  94 205  1
  28 206  1
 130 206  1
 136 206  1
 104 207  1
 105 207  1
  93 208  1
 246 208  1
 110 209  1
 219 209  1
  92 210  1
  93 210  1
 151 210  1
  34 211  1
 157 211  1
 158 211  1
 159 211  1
 212 211  1
 219 211  1
 220 211  1
  98 212  1
  92 214  1
 112 214  1
  31 215  1
 104 215  1
  92 216  1
 131 216  1
 144 216  1
 148 216  1
 215 216  1
 216 216  1
  85 218  1
  95 218  1
  96 218  1
 119 218  1
  90 219  1
 124 219  1
  39 220  1
 225 220  1
 227 220  1
 130 222  1
 221 223  1
 165 225  1
 220 225  1
  98 226  1
  96 227  1
 147 227  1
 173 227  1
 122 228  1
 127 228  1
 157 228  1
 141 229  1
 151 229  1
 162 229  1
 106 231  1
 107 231  1
  94 232  1
 101 232  1
 126 232  1
 127 232  1
  93 234  1
  94 234  1
  98 235  1
 125 235  1
 126 235  1
 132 236  1
 137 236  1
  82 237  1
  95 238  1
  89 239  1
  91 241  1
 128 241  1
 133 242  1
 134 242  1
 106 243  1
 113 243  1
 114 243  1
 125 243  1
 127 243  1
 182 244  1
 183 244  1
 133 247  1
 156 248  1
 160 250  1
 183 251  1
 180 252  1
 178 254  1
 172 256  1
 174 256  1


count = 647