 152   1  1
 162   1  1
 128   3  1
 124   4  1
 114   7  1
 162   7  1
 111   8  1
 108   9  1
 190   9  1
 169  11  1
 163  12  1
 164  12  1
 173  12  1
 181  14  1
 164  17  1
 179  17  1
 103  18  1
 104  18  1
  85  19  1
  86  19  1
 196  19  1
  93  21  1
 191  24  1
 210  25  1
 179  26  1
  80  28  1
 217  30  1
  85  31  1
  50  33  1
 224  34  1
  47  35  1
 226  36  1
 212  37  1
 106  39  1
 110  40  1
 100  41  1
 131  41  1
 179  41  1
 180  41  1
 123  42  1
 127  42  1
 191  42  1
  36  44  1
 194  45  1
  99  46  1
 100  46  1
 136  46  1
 137  46  1
  84  47  1
  85  47  1
 161  47  1
 121  48  1
 141  48  1
 165  48  1
 211  48  1
 230  49  1
 231  49  1
 242  49  1
 122  50  1
 129  50  1
 133  50  1
 135  51  1
 142  51  1
 143  51  1
  93  52  1
 170  52  1
  78  53  1
  79  53  1
 106  53  1
 138  53  1
 220  53  1
 225  53  1
 140  54  1
 176  55  1
 177  55  1
  83  56  1
  84  56  1
 124  56  1
 107  57  1
  97  58  1
 178  58  1
 146  59  1
 234  59  1
 236  59  1
 237  59  1
  63  60  1
 142  60  1
 231  60  1
  66  61  1
  67  61  1
  68  61  1
 109  61  1
 123  62  1
 226  62  1
  77  63  1
 102  63  1
 103  63  1
 255  63  1
  60  64  1
  69  64  1
 120  64  1
 100  65  1
 108  65  1
 182  65  1
 184  65  1
  69  66  1
 170  66  1
  79  67  1
 194  67  1
  74  69  1
 198  69  1
  65  70  1
  66  70  1
 133  70  1
 143  70  1
 144  70  1
  10  72  1
 131  72  1
 139  72  1
 146  72  1
 187  72  1
 182  73  1
 204  73  1
 170  75  1
 140  76  1
 147  76  1
 172  77  1
 187  78  1
 127  79  1
 180  79  1
 206  79  1
 269  80  1
 270  80  1
 135  81  1
 137  81  1
 163  82  1
 242  82  1
   5  83  1
   6  83  1
 174  84  1
 175  84  1
 200  84  1
 272  84  1
  12  85  1
 132  85  1
 174  86  1
  20  88  1
 182  88  1
 194  88  1
 240  88  1
 251  88  1
 253  88  1
  20  90  1
  72  90  1
 124  90  1
 274  90  1
 275  90  1
  12  91  1
  72  92  1
 167  92  1
 194  92  1
   2  93  1
   3  93  1
  84  93  1
 255  93  1
 256  93  1
 123  94  1
 124  94  1
 176  94  1
  72  95  1
 180  95  1
 185  95  1
   1  96  1
   2  96  1
  89  96  1
 190  96  1
 167  98  1
 168  98  1
 256  98  1
   1  99  1
 181 101  1
 189 101  1
  75 102  1
 239 102  1
 240 102  1
  96 104  1
 244 104  1
 245 104  1
 278 104  1
 279 104  1
  81 105  1
  74 107  1
  75 107  1
  83 107  1
  84 107  1
 166 107  1
 241 107  1
  87 108  1
 255 108  1
 174 109  1
 264 109  1
  98 110  1
 110 111  1
 174 111  1
 166 112  1
 176 113  1
 179 113  1
 180 113  1
 269 113  1
  80 114  1
  81 114  1
 160 114  1
 168 114  1
 169 114  1
 114 115  1
 115 115  1
  16 116  1
 281 117  1
 282 117  1
   4 118  1
   5 118  1
  24 118  1
 118 119  1
  12 120  1
 112 120  1
 186 120  1
 154 121  1
 160 121  1
 170 121  1
  24 122  1
 149 122  1
   8 123  1
  11 123  1
 175 123  1
  91 124  1
  99 124  1
 158 124  1
 201 124  1
   1 125  1
  59 125  1
  60 125  1
 141 125  1
 187 125  1
 126 126  1
 161 126  1
 178 126  1
 170 127  1
 183 127  1
 184 127  1
 185 127  1
 212 127  1
  57 128  1
 210 128  1
 218 128  1
 232 128  1
 238 128  1
  15 129  1
 142 129  1
  20 130  1
 129 130  1
 158 130  1
 206 130  1
 207 130  1
 233 130  1
 237 130  1
  32 131  1
  33 131  1
  37 131  1
  96 131  1
 106 131  1
 146 131  1
 147 131  1
   7 132  1
  42 132  1
  43 132  1
 108 132  1
 197 132  1
  52 133  1
  91 133  1
  92 133  1
 121 133  1
 170 133  1
 183 134  1
 193 134  1
 207 134  1
 265 134  1
  13 135  1
  14 135  1
  29 135  1
  36 135  1
  37 135  1
 160 135  1
 236 135  1
 249 135  1
  40 136  1
 255 136  1
 275 136  1
  25 137  1
  47 137  1
 156 137  1
 157 137  1
 167 137  1
 172 137  1
   7 138  1
 119 138  1
 165 138  1
 198 138  1
 199 138  1
 200 138  1
 262 138  1
 266 139  1
  11 140  1
  28 140  1
  33 140  1
 190 140  1
  83 141  1
 281 141  1
 282 141  1
 163 142  1
 173 143  1
   8 145  1
  16 145  1
  81 145  1
 111 145  1
 191 145  1
 169 146  1
 274 146  1
   1 147  1
 193 147  1
  10 148  1
  11 148  1
  86 149  1
  87 149  1
 177 149  1
 277 150  1
 198 152  1
  14 153  1
  81 153  1
  78 156  1
 179 156  1
  73 157  1
  33 158  1
  34 158  1
 187 158  1
   1 159  1
  76 159  1
  27 160  1
  21 161  1
  30 161  1
   1 162  1
   2 162  1
 132 163  1
  75 164  1
   2 165  1
   3 165  1
  34 165  1
  35 165  1
 140 165  1
 141 165  1
 145 165  1
  21 166  1
  40 166  1
  41 166  1
 195 166  1
 276 166  1
 134 167  1
 268 167  1
  24 168  1
 129 168  1
  38 170  1
  80 170  1
 181 170  1
 182 170  1
  44 171  1
 167 171  1
 173 171  1
 174 171  1
 188 171  1
 108 172  1
 195 172  1
 133 173  1
 256 173  1
 257 173  1
  40 174  1
  80 174  1
 251 174  1
 264 174  1
   4 175  1
   5 175  1
  86 175  1
 139 175  1
 199 175  1
 280 175  1
 281 175  1
 160 177  1
 165 177  1
 141 178  1
 177 178  1
 178 178  1
 203 178  1
 204 178  1
 279 178  1
 280 178  1
 146 179  1
 175 179  1
   5 180  1
   6 180  1
 186 180  1
 187 180  1
 247 180  1
 172 182  1
 207 183  1
 208 183  1
 277 183  1
 208 185  1
 204 186  1
 274 187  1
 139 188  1
 140 188  1
 178 190  1
 190 190  1
 195 190  1
 242 190  1
 271 191  1
 152 194  1
 241 194  1
 108 195  1
 146 195  1
 234 195  1
 141 196  1
 266 196  1
  15 198  1
 111 198  1
 139 198  1
 151 199  1
 232 199  1
 262 200  1
  17 201  1
 133 202  1
 259 204  1
 106 205  1
 108 205  1
  20 206  1
 110 206  1
 121 206  1
 148 206  1
 139 207  1
 126 209  1
 106 210  1
 107 210  1
 113 210  1
 131 210  1
 118 211  1
 119 211  1
 127 211  1
 110 212  1
 115 212  1
 143 213  1
 135 215  1
 111 220  1
 131 220  1
 125 221  1
 127 221  1
  76 226  1
  77 226  1
  80 226  1
  48 227  1
  50 229  1
  80 230  1
  91 231  1
 229 233  1
  72 234  1
  73 234  1
 197 234  1
  79 236  1
  91 236  1
 203 236  1
  97 237  1
 222 238  1
  73 239  1
  87 239  1
 107 239  1
 196 239  1
 202 242  1
 107 243  1
 107 245  1
  92 246  1
 197 246  1
 198 246  1
 212 246  1
 106 249  1
 207 249  1
 208 249  1
 118 252  1
 196 253  1


count = 495