 151   1  1
 165   1  1
 174   1  1
 120   2  1
 116   3  1
 189   4  1
 106   5  1
 192   5  1
 138   7  1
  95   8  1
 125   8  1
 143   8  1
 129  10  1
 115  12  1
 138  12  1
  70  14  1
 142  14  1
 213  14  1
  68  15  1
 113  15  1
 196  15  1
 119  16  1
 120  16  1
  64  17  1
  81  17  1
 192  17  1
  85  19  1
  86  19  1
 115  20  1
 120  20  1
 173  20  1
 209  20  1
 220  20  1
  68  21  1
 188  21  1
 186  24  1
  66  25  1
  86  25  1
 173  25  1
 205  25  1
 230  25  1
  54  27  1
  61  27  1
  76  27  1
  84  27  1
 106  27  1
 232  27  1
  73  29  1
  81  29  1
 175  30  1
 176  30  1
 103  31  1
 204  31  1
 202  32  1
  85  33  1
  45  34  1
 184  34  1
 174  35  1
 175  35  1
 243  36  1
  89  38  1
 202  38  1
  56  39  1
 191  39  1
 213  40  1
 218  40  1
 220  42  1
 221  42  1
 249  43  1
  46  44  1
  82  44  1
 198  44  1
 228  44  1
 208  45  1
 222  45  1
 241  45  1
 242  45  1
  48  46  1
  68  46  1
  69  46  1
 202  46  1
  82  49  1
  83  49  1
  85  49  1
 102  49  1
 185  49  1
 210  49  1
 214  49  1
 220  49  1
 242  50  1
  30  51  1
  69  51  1
  70  51  1
 244  51  1
  89  52  1
 181  52  1
 182  52  1
 231  52  1
 175  53  1
 183  54  1
 200  54  1
 201  54  1
 223  54  1
 257  54  1
  80  55  1
 170  55  1
 216  55  1
 220  55  1
  94  56  1
  95  56  1
 101  56  1
  88  57  1
  89  57  1
 205  57  1
 187  58  1
 191  58  1
 191  60  1
 209  60  1
 224  60  1
 205  61  1
 216  61  1
 242  62  1
 192  63  1
 194  63  1
  16  67  1
 153  67  1
 229  67  1
 264  67  1
 265  67  1
  24  68  1
 251  69  1
  14  70  1
 266  71  1
 267  71  1
 169  72  1
  25  73  1
 162  73  1
 251  73  1
  20  74  1
 230  74  1
 231  74  1
 237  75  1
 253  75  1
 259  76  1
 268  76  1
 269  76  1
  27  77  1
 190  77  1
 240  77  1
 229  78  1
   9  79  1
  10  79  1
 186  79  1
 192  79  1
 183  81  1
 184  81  1
 226  81  1
   8  82  1
   9  82  1
  38  82  1
  18  83  1
 195  83  1
 212  83  1
 238  83  1
  25  85  1
  26  85  1
 213  85  1
 246  86  1
 171  87  1
 231  87  1
 236  87  1
 237  87  1
 241  87  1
  33  88  1
 248  88  1
  15  89  1
  28  89  1
 169  90  1
 192  91  1
 251  91  1
 252  91  1
 208  92  1
  31  93  1
 181  93  1
  37  94  1
 160  94  1
 164  94  1
 155  95  1
 180  95  1
 256  95  1
 261  95  1
 262  95  1
 263  95  1
  18  96  1
 152  96  1
 172  96  1
 188  96  1
 242  97  1
 144  98  1
 208  98  1
 209  98  1
  16  99  1
 243  99  1
 135 100  1
 142 100  1
 185 100  1
  16 101  1
  37 101  1
  43 101  1
  48 101  1
 171 101  1
  14 102  1
 178 102  1
 264 102  1
   6 103  1
   7 103  1
 122 103  1
 162 103  1
 250 103  1
 205 104  1
  21 105  1
  22 105  1
 132 105  1
 133 105  1
 167 105  1
 168 105  1
 274 105  1
 275 105  1
  55 106  1
 112 106  1
 175 106  1
  22 107  1
 128 107  1
 165 108  1
  38 109  1
 276 109  1
  13 110  1
  93 110  1
 141 110  1
  27 111  1
  44 111  1
  85 111  1
  32 112  1
 104 112  1
 150 112  1
 151 112  1
  45 113  1
  52 113  1
  54 113  1
  85 113  1
  86 113  1
 117 113  1
 202 113  1
 138 114  1
  12 115  1
 193 115  1
  27 116  1
 134 116  1
 248 116  2
 249 116  1
 250 116  1
  85 117  1
  86 117  1
  90 117  1
 280 117  1
 281 117  1
 187 118  1
 188 118  1
 208 118  1
 213 118  1
 214 118  1
  92 119  1
  74 120  1
  81 120  1
  82 120  1
 185 120  1
  21 121  1
  58 121  1
  96 121  1
 116 121  1
 117 121  1
   8 123  1
 270 123  1
 277 123  1
  24 124  1
  55 124  1
  56 124  1
  75 124  1
 190 124  1
 273 124  1
 274 124  1
 275 124  1
  84 125  1
  85 125  1
 250 125  1
  56 126  1
 101 126  1
 183 126  1
 203 126  1
  10 127  1
  38 127  1
  64 127  1
  89 127  1
  94 127  1
 145 127  1
 197 127  1
 198 127  1
  56 128  1
  57 128  1
  61 128  1
 203 128  1
 207 128  1
 223 128  1
 236 129  1
 274 129  1
  45 130  1
  74 130  1
 173 130  1
 202 130  1
 262 130  1
  89 131  1
  90 131  1
 100 131  1
 142 131  1
 183 131  1
 252 131  1
  37 132  1
  52 132  1
  53 132  1
  65 132  1
  79 132  2
 180 132  1
 197 132  1
 218 132  1
 228 132  1
  10 133  1
  42 133  1
  93 133  1
  94 133  1
 186 133  1
 212 133  1
   1 134  1
   2 134  1
  58 134  1
  76 134  1
  98 134  1
 131 134  1
 165 134  1
  87 135  1
  88 135  1
 176 135  1
 193 136  1
 198 136  1
 227 136  1
 259 136  1
  34 137  1
  35 137  1
  69 137  1
  82 137  1
 203 137  1
   1 138  1
  44 138  1
  45 138  1
  71 138  1
  72 138  1
 282 138  1
 283 138  1
  35 139  1
  51 139  1
 120 139  1
 142 139  1
 148 139  1
 223 139  1
 165 140  1
 174 140  1
 178 140  1
 194 140  1
 199 140  1
 109 141  1
 123 141  1
 187 141  1
 206 142  1
 260 142  1
   1 143  1
 139 143  1
 148 143  1
 159 143  1
 188 143  1
 227 143  1
 118 144  1
 143 144  1
 173 144  1
 262 144  1
   9 145  1
  10 145  1
  42 145  1
 161 145  1
 162 145  1
 282 145  1
 283 145  1
   1 146  1
   2 146  1
 114 146  1
  10 147  1
  40 147  1
  42 147  1
 138 147  1
 156 147  1
 208 147  1
 271 147  1
  42 149  1
  50 149  1
  16 150  1
 104 150  1
 158 150  1
 162 150  1
  61 151  1
 139 151  1
 169 151  1
 173 151  1
 211 151  1
 216 151  1
  19 152  1
  20 152  1
  89 152  1
 232 152  1
 280 152  1
 281 152  1
 125 153  1
  87 154  1
 118 154  1
 142 154  1
 143 154  1
 144 154  1
 223 154  1
 224 154  1
 132 155  1
 139 155  1
 178 155  1
 219 155  1
 220 155  1
 279 155  1
 280 155  1
 114 156  1
 146 156  1
 217 156  1
 269 156  1
 110 157  1
 124 157  1
 129 157  1
  17 158  1
  18 158  1
 186 158  1
 122 159  1
 188 159  1
 225 159  1
  94 160  1
  96 160  1
 159 162  1
 160 162  1
 194 162  1
 268 162  1
 230 163  1
 184 164  1
 185 164  1
 270 164  1
 165 165  1
 188 165  1
   9 166  1
  10 166  1
  28 168  1
 173 169  1
  18 170  1
 264 171  1
  12 173  1
  13 173  1
 179 173  1
 182 173  1
 268 173  1
 269 173  1
  28 175  1
  33 175  1
 203 175  1
 204 175  1
 185 177  1
  24 178  1
  25 178  1
 170 178  1
 172 178  1
 195 179  1
 242 179  1
 252 179  1
 168 180  1
 197 181  1
 201 181  1
 240 181  1
  16 183  1
  17 183  1
 245 183  1
 269 183  1
 270 183  1
 168 184  1
 165 187  1
 173 187  1
 269 187  1
 240 188  1
  30 190  1
 178 191  1
 171 192  1
 172 192  1
  24 193  1
 129 193  1
 164 193  1
 178 193  1
 179 193  1
 274 195  1
 275 195  1
 124 196  1
 152 196  1
 170 196  1
  27 197  1
 160 197  1
 176 197  1
 177 197  1
 178 197  1
 171 198  1
 217 198  1
 151 200  1
  30 201  1
 215 201  1
 167 202  1
 225 202  1
 143 203  1
 160 203  1
 104 204  1
 110 204  1
 111 204  1
 215 204  1
 116 205  1
 117 205  1
 168 205  1
 229 205  1
 158 206  1
 187 206  1
 199 206  1
 269 206  1
 117 208  1
 118 208  1
 208 208  1
 239 208  1
 241 208  1
 243 208  1
 232 209  1
 100 210  1
 174 210  1
 182 210  1
  41 211  1
 106 211  1
 122 211  1
 166 211  1
 185 212  1
 198 212  1
 199 212  1
 217 212  1
 239 212  1
  53 213  1
  58 213  1
  92 213  1
 164 213  1
 190 213  1
 221 213  1
 115 214  1
 173 214  1
 174 214  1
 234 214  1
  47 217  1
  48 217  1
 186 217  1
 187 217  1
 222 217  1
 242 217  1
  56 218  1
 114 218  1
 173 218  1
 232 218  1
  88 219  1
 171 219  1
 238 219  1
  88 221  1
  60 222  1
  61 222  1
  65 222  1
  76 223  1
  78 223  1
 189 223  1
 225 223  1
 232 224  1
 220 225  1
  67 226  1
 223 226  1
  74 227  1
  75 227  1
 166 227  1
 191 227  1
  94 229  1
 113 229  1
  67 230  1
  68 230  1
 104 230  1
  73 232  1
 170 232  1
 195 232  1
 197 232  1
 199 232  1
  81 234  1
  82 234  1
  92 234  1
 109 234  1
 242 234  1
  98 235  1
 199 236  1
 107 237  1
 144 237  1
 237 237  1
 172 238  1
 173 238  1
 206 238  1
  94 239  1
 142 239  1
 114 240  1
 138 240  1
 233 240  1
 119 241  1
  99 242  1
 154 242  1
 166 242  1
 201 242  1
 208 242  1
 210 242  1
 198 243  1
 212 243  1
 213 243  1
 163 244  1
 225 244  1
 105 245  1
 107 245  1
 121 245  1
 135 245  1
 140 245  1
 135 247  1
 112 248  1
 140 249  1
 168 249  1
 217 249  1
 211 250  1
 121 251  1
 163 251  1
 124 252  1


count = 658