 150   4  1
 143   6  1
 134   8  1
 181   8  1
 166   9  1
 184   9  1
 108  10  1
 217  10  1
 181  12  1
 219  12  1
 222  14  1
 205  15  1
 113  16  1
 114  16  1
 126  16  1
 170  16  1
 225  16  1
 175  17  1
 179  17  1
 204  18  1
  82  19  1
 189  19  1
 200  19  1
  99  20  1
 112  20  1
 127  20  1
  91  21  1
 119  21  1
 133  21  1
 134  21  1
 101  22  1
 124  22  1
 174  22  1
 175  22  1
 233  22  1
 109  23  1
 110  23  1
  88  25  1
  92  25  1
 191  25  1
  84  26  1
  85  26  1
 108  26  1
 200  26  1
  68  27  1
 212  27  1
  77  28  1
  81  28  1
  82  28  1
 106  28  1
 170  28  1
  62  30  1
 125  30  1
 126  30  1
 174  30  1
 175  30  1
 134  31  1
 135  31  1
 168  31  1
 214  31  1
 233  32  1
  78  33  1
  79  33  1
  84  33  1
 170  33  1
 195  33  1
  57  34  1
  70  34  1
 227  34  1
 244  34  1
  65  35  1
  85  35  1
  50  37  1
  79  37  1
 169  37  1
 231  37  1
 188  38  1
 247  38  1
 208  39  1
 126  41  1
  64  42  1
  68  42  1
  85  42  1
  87  42  1
 137  42  1
 198  42  1
 160  43  1
 226  44  1
 119  45  1
 121  45  1
  61  46  1
 138  46  1
 197  46  1
 218  46  1
 219  46  1
 220  46  1
  55  47  1
 109  47  1
 254  47  1
  66  48  1
 103  48  1
 115  48  1
 158  48  1
  35  49  1
  83  49  1
  85  49  1
 125  49  1
 145  49  1
 208  49  1
  72  50  1
 191  50  1
  43  51  1
 121  51  1
  31  52  1
  66  52  1
 118  52  1
 224  52  1
 258  52  1
  62  53  1
  74  53  1
  75  53  1
 103  53  1
 200  53  1
 215  53  1
  64  54  1
 128  54  1
 204  54  1
  40  55  1
 109  55  1
 148  55  1
  55  56  1
  63  56  1
 151  56  1
 106  57  1
 108  57  1
  43  58  1
 212  58  1
 262  58  1
  48  59  1
 208  59  1
 232  59  1
 234  59  1
  24  60  1
  63  60  1
  65  61  1
  77  61  1
 111  61  1
 132  61  1
 136  61  1
 137  61  1
 256  61  1
  65  63  1
  36  64  1
  51  64  1
  75  64  1
 228  64  1
 229  64  1
  65  65  1
 258  65  1
 260  65  1
  44  66  1
 251  66  1
 206  67  1
 207  67  1
  59  68  1
 226  68  1
 227  68  1
  39  69  1
  71  69  1
 268  69  1
  18  70  1
  42  70  1
  73  70  1
 231  70  1
 252  70  1
  61  72  1
 205  73  1
 207  73  1
 247  73  1
  42  74  1
  55  74  1
  61  74  1
 242  74  1
  38  75  1
 232  75  1
 210  76  1
 211  76  1
 228  76  1
 242  76  1
  51  77  1
 179  77  1
 214  77  1
  12  78  1
  43  78  1
 188  78  1
 195  78  1
 242  78  1
 243  78  1
  36  79  1
 201  79  1
  11  80  1
  44  80  1
  45  80  1
  46  80  1
  29  82  1
 193  82  1
 194  82  1
 237  82  1
 238  82  1
 242  82  1
 274  83  1
 275  83  1
  37  84  1
  41  84  1
 187  84  1
 243  84  1
 275  86  1
 276  86  1
 167  87  1
 174  87  1
 135  88  1
 128  89  1
   6  90  1
   7  90  1
  37  90  1
  40  90  1
 109  90  1
 110  90  1
 122  90  1
 158  90  2
 178  93  1
 207  93  1
 211  93  1
 219  94  1
  13  95  1
  14  95  1
  56  95  1
  40  96  1
  49  96  1
 204  96  1
 111  97  1
 112  97  1
 169  97  1
 170  97  1
  30  98  1
  58  98  1
 108  98  1
  16  99  1
  26  99  1
  34  99  1
 186  99  1
 209  99  1
 221  99  1
  45 100  1
 164 100  1
  11 101  1
  20 101  1
 155 101  1
  31 102  1
  29 103  1
 129 103  1
 271 103  1
 272 103  1
 273 103  1
 117 104  1
 187 104  1
 226 104  1
 260 104  2
 261 104  1
  29 105  1
 106 105  1
 142 105  1
 230 105  1
  21 106  1
  22 106  1
 267 106  1
 278 106  1
 279 106  1
  29 107  1
 109 107  1
 119 107  1
 129 107  1
 159 107  1
 263 107  1
 111 108  1
 186 108  1
 213 108  1
 133 109  1
 157 109  1
 127 110  1
  25 111  1
 113 111  1
 149 111  1
  13 112  1
  15 112  1
 143 112  1
 207 112  1
 119 113  1
 129 113  1
 136 113  1
 151 114  1
 209 114  1
 214 114  1
 268 114  1
  22 115  1
 156 115  1
  16 116  1
 139 116  1
 140 116  1
 263 116  1
 264 116  1
 276 116  1
  24 117  1
 130 117  1
 131 117  1
 240 117  1
 273 117  1
 274 117  1
  12 120  1
  68 121  1
 226 121  1
 264 121  1
 269 121  1
  12 122  1
  31 122  1
 142 122  1
 203 122  1
 244 122  1
  36 123  1
  97 123  1
  55 124  1
  73 124  1
   7 126  1
   8 126  1
  27 126  1
  39 126  1
  71 126  1
 178 126  1
 179 126  1
  80 127  1
 116 127  1
 210 127  1
 254 127  1
 265 127  1
  20 128  1
  57 128  1
  78 128  1
  84 128  1
  98 128  1
  99 128  1
 105 128  1
 197 128  1
 202 128  1
 269 128  1
  12 129  1
  17 129  1
  26 129  1
 180 129  1
 184 129  1
 230 129  1
 272 129  1
 276 129  1
 277 129  1
  96 130  1
 199 131  1
 230 131  1
  50 132  1
 211 132  1
  48 133  1
  78 133  1
  83 133  1
  91 133  1
 177 133  1
 178 133  1
 199 133  1
 214 133  1
  28 134  1
 105 134  1
 106 134  1
 185 134  1
 189 134  1
  44 135  1
  78 135  1
 197 135  1
 274 135  1
  11 136  1
 220 136  1
  31 137  1
  35 137  1
  36 137  1
  44 137  1
  73 137  1
  82 137  1
 204 137  1
 215 137  1
 229 137  1
 112 138  1
  44 139  1
 143 139  1
 160 139  1
   2 140  1
  28 140  1
 100 140  1
 200 140  1
 262 140  1
  19 141  1
  30 141  1
  93 141  1
  94 141  1
 103 141  1
 130 141  1
 211 141  1
 225 141  1
 226 141  1
 229 141  1
 241 141  1
 260 141  1
  23 142  1
 125 142  1
  10 143  1
  16 143  1
  17 143  1
 211 143  1
  99 144  1
 114 144  1
  26 145  1
  27 145  1
  40 145  1
 167 145  1
 239 145  1
 259 145  1
 265 145  1
 111 146  1
 131 146  1
 132 146  1
 142 146  1
 143 146  1
 207 146  1
 120 147  1
 121 147  1
 159 147  1
 127 148  1
 128 148  1
 242 148  1
 249 148  1
  44 149  1
 155 149  1
 164 149  1
 166 149  1
 169 149  1
 170 149  1
 209 149  1
 210 149  1
 270 149  1
 274 149  1
   1 150  1
  11 150  1
  12 150  1
  38 150  1
  53 150  1
  99 150  1
 151 150  1
 188 150  1
 197 150  1
 252 150  1
 253 150  1
 201 151  1
  27 152  1
  96 152  1
 103 153  1
 116 153  1
 117 153  1
 269 153  1
   1 154  1
  50 154  1
 175 154  1
 204 154  1
 231 154  1
 102 155  1
 103 155  1
 211 155  1
 273 155  1
  47 156  1
  94 156  1
 100 156  1
 108 156  1
 109 156  1
 117 156  1
 184 156  1
 255 156  1
 256 156  1
 266 156  1
 205 157  1
 215 157  1
  11 158  1
  12 158  1
 225 158  1
  42 159  1
 146 159  1
 150 159  1
 195 159  1
 251 159  1
 262 159  1
 270 159  1
   1 160  1
 249 160  1
 159 161  1
  22 162  1
  74 162  1
 164 162  1
 211 162  1
 214 162  1
 239 162  1
 256 162  1
 258 162  1
  80 163  1
  87 163  1
  88 163  1
 198 163  1
 263 163  1
  24 164  1
  25 164  1
 270 164  1
 171 165  1
 187 165  1
 253 165  1
 259 165  1
  73 166  1
 231 166  1
 232 166  1
 241 166  1
 273 166  1
   1 167  1
  18 167  1
  78 167  1
 100 167  1
 173 167  1
 204 167  1
 207 168  1
 176 169  1
 177 169  1
 213 169  1
 257 169  1
   1 170  1
   2 170  1
  11 170  1
  21 170  1
  31 170  1
  87 170  1
 233 170  1
 253 170  1
 275 170  1
  80 171  1
 183 171  1
 190 171  1
 199 171  1
 234 172  1
  33 173  1
 270 174  1
  11 175  1
  12 175  1
  28 175  1
  29 175  1
 161 176  2
 162 176  1
   3 177  1
   4 177  1
   8 177  1
 197 177  1
 162 178  1
 163 178  1
  12 181  1
 166 181  1
 246 181  1
 266 181  1
 172 182  1
 280 182  1
 281 182  1
  17 183  1
  25 183  1
 181 183  1
 199 183  1
 246 183  1
  30 185  1
  31 185  1
  38 185  1
 204 185  1
 205 185  1
   7 186  1
  15 186  1
 168 186  1
 169 186  1
  21 187  1
 198 187  1
 179 188  1
  17 189  1
  25 189  1
  45 189  1
 200 189  1
 167 190  1
 168 190  1
 175 190  1
  44 191  1
 188 191  1
 191 192  1
 192 192  1
  19 193  1
 165 193  1
 196 193  1
 201 193  1
  48 194  1
 206 194  1
 211 195  1
 213 195  1
  38 197  1
  39 197  1
  50 197  1
  55 197  1
 161 197  1
 191 198  1
  58 200  1
  62 200  1
 164 200  1
  75 202  1
  76 202  1
 164 202  1
  18 203  1
  46 203  1
 148 203  1
 160 203  1
 194 204  1
  31 205  1
  39 205  1
 200 207  1
  42 209  1
 221 209  1
 270 209  1
  36 210  1
  27 211  1
 194 211  1
 218 211  1
 224 211  1
 227 212  1
  29 213  1
  40 213  1
 194 213  1
 215 214  1
 112 215  1
 186 215  1
 194 215  1
 148 216  1
 202 216  1
 210 216  1
 108 217  1
 191 217  1
 165 219  1
  40 220  1
 207 220  2
  88 223  1
 162 223  1
 163 223  1
 186 223  1
 187 223  1
 215 223  1
 216 223  1
 257 223  1
 191 224  1
  84 225  1
 105 225  1
 110 226  1
 189 226  1
 190 226  1
 224 226  1
 225 226  1
  49 227  1
 102 227  1
 103 227  1
 181 227  1
 182 227  1
 162 228  1
 163 228  1
 214 228  1
  86 229  1
  87 229  1
  54 231  1
  87 231  1
 223 232  1
 224 232  1
  86 233  1
  87 233  1
 160 233  1
 211 233  1
  80 235  1
  89 236  1
 157 236  1
 201 236  1
 241 236  1
 113 237  1
 114 237  1
 145 237  1
 149 237  1
 187 237  1
 203 237  1
 207 237  1
 208 237  1
 209 237  1
 213 237  1
 185 238  1
 219 238  1
 238 238  1
  74 239  1
 151 239  1
 166 239  1
 167 239  1
  81 241  1
 163 241  1
 168 241  1
 201 241  1
 202 241  1
 235 241  1
  83 242  1
  93 242  1
 102 242  1
 162 243  1
 163 243  1
  87 244  1
 106 244  1
 191 244  1
 192 244  1
 112 245  1
 134 245  1
 131 246  1
 179 246  1
 180 246  1
 183 246  1
 184 246  1
  90 247  1
  91 247  1
 173 247  1
 139 248  1
 154 248  1
 194 248  1
 107 249  1
 144 249  1
 184 249  1
 212 249  1
 113 250  1
 166 250  1
 171 250  1
 209 250  1
 161 251  1
 207 251  1
 126 252  1


count = 753