 189   1  1
 199   1  1
 203   1  1
 140   4  1
 221   5  1
 133   7  1
 130   8  1
 213   8  1
 127   9  1
 164   9  1
 136  13  1
 154  13  1
 239  13  1
 242  15  1
  94  16  1
 156  16  1
 157  16  1
 163  16  1
 164  16  1
 103  17  1
 113  17  1
 127  17  1
 133  17  1
 119  19  1
 120  19  1
  73  20  1
 100  20  1
  70  21  1
 163  21  1
  94  22  1
  96  24  1
  97  24  1
  84  25  1
 116  26  3
 118  26  1
  84  27  1
 158  28  1
 214  28  1
 215  28  1
  66  29  1
  50  30  1
  80  30  1
  61  31  1
  62  31  1
 101  31  1
 115  31  1
 116  31  1
  89  32  1
  93  32  1
  94  32  1
 102  35  1
 215  36  1
  41  37  1
  65  37  1
  37  39  1
 104  40  1
 105  40  1
 157  40  1
 268  41  1
 211  42  1
 105  43  1
 106  43  1
 133  45  1
 270  45  1
  83  46  1
  84  46  1
 127  48  1
 122  49  1
 272  50  1
 273  50  1
  35  51  1
  36  51  1
 164  51  1
 157  53  1
 273  53  1
 274  53  1
 114  54  1
 120  54  1
 126  55  1
 141  55  1
 142  55  1
 155  55  1
 168  57  1
 100  58  1
 109  59  1
 113  59  1
 120  59  1
 150  59  1
 151  59  1
 182  59  1
  24  60  1
  28  60  1
 172  60  1
 140  61  1
 262  61  1
 263  61  1
 276  61  1
 277  61  1
 238  62  1
 239  62  1
 271  62  1
  89  63  1
 179  63  1
  95  64  1
 109  64  1
 111  64  1
 121  64  3
 122  64  2
 123  64  1
 151  64  1
 174  64  1
 169  65  1
  83  66  1
  87  66  1
 264  66  1
 258  67  1
 273  67  1
  10  69  1
 196  73  1
  14  75  1
  15  75  1
   7  76  1
   8  76  1
  24  76  1
  25  76  1
 192  76  1
 190  77  1
 201  77  1
 204  77  1
  12  79  1
  20  79  1
  30  79  1
 197  79  1
 184  80  1
 205  81  1
  11  82  1
  12  82  1
 198  82  1
  24  83  1
  27  83  1
 176  86  1
  10  88  1
 169  90  1
 164  91  1
 166  91  1
   2  92  1
   3  92  1
 161  92  1
 238  92  1
 241  93  1
 234  94  1
 176  96  1
 199  96  1
 221  96  1
 172  97  1
 249  97  1
   1  98  1
 158  98  1
 221  98  1
 148 100  1
 153 100  1
 154 100  1
 170 100  1
 137 101  1
 245 102  1
  42 103  1
 119 103  1
 239 103  1
 248 103  1
 249 103  1
 251 103  1
   1 104  1
  46 104  1
  85 104  1
 191 104  1
  40 105  1
 127 105  1
  10 106  1
 153 106  1
 154 106  1
 149 109  1
  40 110  1
 128 110  1
 182 110  1
 200 110  1
 131 111  1
 197 114  1
 147 115  1
 151 115  1
 178 115  1
  11 116  1
  12 116  1
  17 116  1
 145 116  1
 276 116  1
 143 117  1
 175 117  1
 245 117  1
 246 117  1
 132 118  1
 181 118  1
 272 118  1
  28 119  1
  24 120  1
  54 120  1
 180 120  1
 199 120  2
 200 120  1
 201 120  1
 236 120  1
  42 121  1
  88 121  1
 266 121  1
  32 122  1
  39 122  1
  57 122  1
 122 122  1
  11 123  1
  46 123  1
  79 123  1
 176 123  1
 203 123  1
 247 123  1
  28 124  1
  81 124  1
  82 124  1
  93 124  1
  94 124  1
 115 124  1
 196 125  1
 232 125  1
  55 126  1
  56 126  1
 182 126  1
 208 126  1
 223 126  1
 271 126  1
  11 127  1
  27 127  1
  35 127  1
 200 127  1
 127 128  1
 171 128  1
 172 128  1
 238 128  1
 255 128  1
 256 128  1
   6 129  1
 200 129  1
 235 129  1
 275 129  1
   4 130  1
  49 130  1
  60 130  1
  61 130  1
  65 130  1
 116 130  1
 193 130  1
 227 130  1
  18 131  1
  53 131  1
 128 131  1
 212 131  1
   4 132  1
  28 132  1
 180 132  1
 194 132  1
 196 132  1
 198 132  1
  30 133  1
  32 133  1
  69 133  1
  70 133  1
 176 133  1
 243 133  1
  34 134  1
 133 134  1
 155 134  1
 189 135  1
 191 135  1
 204 135  1
   1 136  1
   2 136  1
   9 136  1
  15 136  1
  34 136  1
  52 136  1
  53 136  1
  62 136  1
 131 136  1
 280 136  1
 281 136  1
  38 137  1
  39 137  1
 176 137  1
 184 137  1
 191 137  1
 201 137  1
 245 137  1
 246 137  1
   1 139  1
   6 139  1
  53 139  1
  54 139  1
  68 139  1
 192 139  1
 236 139  1
  39 140  1
  40 140  1
  85 140  1
 142 140  1
  34 141  1
  35 141  1
 194 142  1
 131 143  1
 154 143  1
  41 144  1
  42 144  1
  55 144  1
  82 144  1
 145 144  1
 179 144  1
  36 145  1
 156 145  1
   5 146  1
 231 146  1
 198 147  1
  19 148  1
  38 148  1
 126 148  1
  40 149  1
  89 150  1
   5 151  1
   6 151  1
  77 151  1
 157 151  1
  24 152  1
  82 152  1
  84 152  1
 108 152  1
 191 154  1
 278 154  1
 279 154  1
   9 155  1
  28 156  1
  29 156  1
  40 156  1
 238 156  1
 278 156  1
   1 157  1
  82 157  1
 164 157  1
 165 157  1
 170 157  1
 193 157  1
 229 158  1
 277 158  1
 278 158  1
  12 159  1
   1 160  1
   2 160  1
  67 160  1
  68 160  1
  74 161  1
 151 161  1
 155 161  1
 234 161  1
 235 161  1
  64 162  1
  65 162  1
 169 162  1
 197 162  1
   7 164  1
   8 164  1
 161 164  1
 171 164  1
  24 165  1
  26 165  1
  68 167  1
  69 167  1
  18 169  1
  19 169  1
  69 171  1
 164 171  1
   3 172  1
   4 172  1
  14 172  1
  71 172  1
 201 173  1
 268 173  1
 168 174  1
 249 174  1
  10 175  1
 245 175  1
 263 175  1
  84 176  1
 173 176  1
  82 177  1
 242 177  1
 265 178  1
 266 178  1
  74 179  1
  79 180  1
 180 180  1
 248 180  1
 249 180  1
 252 182  1
  85 183  1
 183 183  1
 201 184  1
 240 184  1
  84 185  1
  85 185  1
 271 185  1
 272 185  1
  70 187  1
  10 188  1
  11 188  1
  91 189  1
 103 189  1
  86 190  1
  19 191  1
 105 192  1
  96 193  1
 113 194  1
  14 195  1
  67 195  1
  86 195  1
  96 195  1
  97 195  1
  81 196  1
 162 196  1
  22 197  1
  65 197  1
 119 197  1
  47 198  1
 266 198  1
 147 199  1
 177 199  1
 178 199  1
  17 200  1
  79 200  1
 133 200  1
  48 203  1
  49 203  1
  95 203  1
  96 203  1
 163 203  1
  21 204  1
  67 204  1
 143 204  1
  47 205  1
  52 205  1
 122 205  1
  65 206  1
  63 207  1
 121 207  1
 122 207  1
 160 207  1
 223 207  1
 150 208  1
 154 208  1
 260 208  1
 225 209  1
  53 210  1
 137 210  1
 149 210  1
 115 211  1
 116 211  1
 221 211  1
 258 211  1
  36 212  1
  37 212  1
  86 212  1
  87 212  1
 136 212  1
 137 212  1
 162 212  1
 174 212  2
 176 212  1
  43 213  1
  50 213  1
 141 213  1
 164 215  1
  41 216  1
  42 216  1
 135 216  1
  49 217  1
 168 217  1
 181 217  1
 182 217  1
 119 218  1
 144 218  1
 186 218  1
 253 218  1
 115 219  1
 168 219  1
  55 220  1
 187 221  1
 188 221  1
 173 222  1
 166 223  1
 183 223  1
 184 223  1
 233 223  1
  53 224  1
  54 224  1
 235 224  1
  46 225  1
 101 225  1
 102 225  1
 105 225  1
  59 226  1
 181 226  1
 148 227  1
 151 227  1
 191 228  1
 195 228  1
  53 229  1
  54 229  1
 167 229  1
  70 231  1
 161 231  1
  85 232  1
 104 232  1
 179 232  1
 180 232  1
 194 232  1
 195 232  1
  76 233  1
 119 233  1
  68 235  1
  80 235  1
  81 235  1
  96 235  1
 137 235  1
 234 236  1
  90 237  1
 155 237  1
 156 237  1
 183 238  1
 116 239  1
 117 239  1
 178 239  1
  93 240  1
 154 240  1
 155 240  1
 159 240  1
  82 242  1
 115 242  1
 154 242  1
 226 242  1
 103 244  1
 153 244  1
 154 244  1
 136 245  1
 137 245  1
  92 246  1
 221 246  1
  95 247  1
 116 247  1
 152 247  1
 153 247  1
 189 247  1
 190 247  1
  98 248  1
 123 248  1
 101 249  1
 139 250  1
 212 250  1
 213 250  1
 188 251  1
 151 252  1
 160 252  1
 128 254  1
 185 257  1


count = 576