 136   1  1
 142   1  1
 152   1  1
 160   1  1
 133   2  1
 170   2  1
 172   3  1
 174   3  1
 185   6  1
 114   7  1
 191   8  1
 194   9  1
 120  11  1
 199  12  1
 101  14  1
 109  15  1
 205  15  1
  97  16  1
 119  17  1
 106  19  1
 108  19  1
 195  20  1
 108  21  1
 196  23  1
  90  25  1
  91  25  1
 129  25  1
  66  26  1
 192  27  1
  93  28  1
 137  28  1
 105  31  1
 107  31  1
  93  32  1
 190  32  1
 191  32  1
 223  32  1
  93  34  1
  95  34  1
  45  35  1
 101  35  1
 142  35  1
 228  35  1
 114  36  1
 189  36  1
 190  36  1
  41  38  1
 114  38  1
 232  38  1
 140  39  1
 108  41  1
 109  41  1
 117  42  1
 237  42  1
 141  44  1
 122  45  1
 109  46  1
 118  46  1
 229  46  1
 139  47  1
 186  47  1
 187  47  1
 112  48  1
 113  48  1
 129  48  1
 134  48  1
 134  50  1
 142  50  1
 143  50  1
 116  51  1
 155  51  1
 139  52  1
 147  53  1
 183  53  1
 169  54  1
 130  55  1
 141  55  1
 142  55  1
 249  55  1
 152  56  1
 144  57  1
 158  59  1
  27  60  1
 243  60  1
 252  60  1
 253  60  1
 150  62  1
  24  63  1
 173  63  1
 225  63  1
 226  63  1
  15  66  1
 239  67  1
 172  69  1
 173  69  1
 263  69  1
 170  72  1
  12  73  1
  13  73  1
 139  73  1
 144  73  1
 204  73  1
 134  74  1
 207  74  1
 129  75  1
 146  75  1
 151  75  1
 209  75  1
 268  76  1
 180  77  1
 247  77  1
 145  79  1
 219  79  1
 239  79  1
 250  79  1
 201  80  1
 152  81  1
 198  81  1
   7  82  1
 146  83  1
 180  83  1
 181  83  1
 182  83  1
 232  83  1
 233  83  1
 249  83  1
 250  83  1
   6  84  1
  16  84  1
 195  84  1
 215  84  1
 217  84  1
 237  85  1
 241  85  1
  16  86  1
 139  86  1
 189  86  1
 114  87  1
 193  87  1
 230  87  1
 245  87  1
 247  87  1
 273  87  1
 274  87  1
   4  88  1
 152  88  1
 186  89  1
 251  89  1
 151  90  1
 130  91  1
 135  91  1
 110  92  1
 146  92  1
 147  92  1
 182  92  1
 227  92  1
  91  93  1
 101  93  1
 251  93  1
 252  93  1
 110  94  1
 275  94  1
 276  94  1
  75  96  1
 103  96  1
 115  96  1
 189  96  1
 231  96  1
 234  97  1
 119  98  1
 186  98  1
   1  99  1
  63  99  1
 130  99  1
 179  99  1
 180  99  1
 192  99  1
 243  99  1
 277  99  1
 278  99  1
  13 100  1
  18 100  1
  68 101  1
 122 101  1
 137 101  1
 133 102  1
 182 102  1
   7 103  1
 120 103  1
  18 104  1
 191 104  1
 244 104  1
  73 107  1
  81 107  1
 174 107  1
  10 108  1
 237 109  1
 246 109  1
 257 109  1
  75 110  1
  83 110  1
 170 110  1
   1 112  1
   7 112  1
   8 112  1
 241 112  1
 167 114  1
 172 114  1
 173 114  1
 104 116  1
  80 117  1
  81 117  1
 115 117  1
 165 118  1
 172 118  1
  11 121  1
  20 122  1
 120 122  1
 162 122  1
 165 123  1
   1 125  1
   2 125  1
 124 125  1
 125 125  1
 182 125  1
 192 125  1
  19 126  1
  20 126  1
  21 126  1
  90 126  1
 119 126  1
 196 126  1
   8 127  1
  42 127  1
  48 127  1
 115 127  1
 137 127  1
 189 127  1
   2 128  1
   3 128  1
  38 128  1
 127 128  1
 159 128  1
 170 128  1
 178 128  1
 209 128  1
 272 128  1
 129 129  1
 199 129  1
 211 129  1
   3 130  1
 181 130  1
 125 131  1
 132 131  1
 267 131  1
 268 131  1
 269 131  1
   3 132  1
   4 132  1
   9 132  1
  25 132  1
  33 132  1
 168 132  1
 170 132  1
 218 132  1
 223 132  1
  16 133  1
  21 133  1
  40 133  1
 148 133  1
 163 133  1
 173 134  1
 181 134  1
 187 134  1
 273 134  1
 277 134  1
 278 134  1
  95 135  1
 119 135  1
 177 135  1
 199 135  1
 209 135  1
 210 135  1
 225 135  1
  38 136  1
 156 136  1
 227 136  1
   2 137  1
   3 137  1
  17 137  1
  93 137  1
 123 137  1
 133 137  1
 217 137  1
 230 137  1
 276 137  1
 187 138  1
 236 138  1
 251 138  1
 130 139  1
 131 139  1
 172 139  1
 192 139  1
 198 139  1
 212 139  1
 215 139  1
 277 139  1
 231 140  1
 237 140  1
 219 141  1
 220 141  1
 221 141  1
 277 141  1
 278 141  1
 195 142  1
 217 142  1
 172 143  1
 200 143  1
 239 143  1
  85 144  1
  86 144  1
 227 144  1
 228 144  1
 230 145  1
 235 145  1
 110 146  1
 116 146  1
 174 146  1
 177 147  1
 236 147  1
 273 147  1
  90 148  1
  91 148  1
 195 148  1
 280 148  1
 281 148  1
 271 149  1
 273 149  1
 240 150  1
   9 151  1
 179 151  1
  11 152  1
 235 153  1
  85 154  1
 229 154  1
 269 154  1
 270 154  1
  75 156  1
 185 157  1
 234 157  1
 259 157  1
  73 158  1
 265 158  1
 179 159  1
 188 159  1
 230 159  1
 252 159  1
  17 160  1
 248 160  1
 119 161  1
 120 161  1
 124 161  1
 126 161  1
 269 162  1
 193 163  1
  20 164  1
 127 164  1
  77 166  1
  78 166  1
 183 167  1
 242 167  1
 251 170  1
 253 170  1
 194 172  1
 199 172  1
 236 172  1
 237 172  1
 135 174  1
 139 174  1
 197 175  1
 143 177  1
 202 177  1
 230 177  1
 243 177  1
 146 179  1
 193 179  1
 199 179  1
 240 179  1
 225 180  1
 207 182  1
 208 182  1
 221 182  1
  10 183  1
 218 183  1
 198 184  1
 141 185  1
 142 185  1
 191 185  1
 192 185  1
 196 186  1
 229 186  1
 252 186  1
 260 186  1
 184 187  1
  13 189  1
 276 189  1
 277 189  1
 187 190  1
 197 192  1
 274 194  1
  26 195  1
  30 195  1
  31 200  1
 256 200  1
  27 205  1
 137 207  1
 138 207  1
 141 208  1
 133 209  1
 261 209  1
  31 210  1
 153 210  1
 121 214  1
 142 214  1
 257 215  1
 148 216  1
 144 217  1
  39 218  1
 133 218  1
 134 218  1
 144 219  1
  41 220  1
 121 220  1
 143 221  1
  44 222  1
  45 222  1
 117 224  1
  50 225  1
 101 225  1
 125 225  1
 122 228  1
  58 230  1
 102 230  1
 103 230  1
 126 230  1
 138 230  1
 242 230  1
  60 232  1
 102 232  1
 238 232  1
  63 234  1
  64 234  1
  99 235  1
  93 237  1
  99 237  1
  84 239  1
 102 240  1
 227 241  1
 223 243  1
  98 244  1
  99 244  1
 220 245  1
 196 254  1
 187 256  1
 145 257  1


count = 465