 162   1  1
 167   1  1
 141   4  1
 128   7  1
 207   7  1
 156   8  1
 157   8  1
 161   8  1
 117  10  1
 213  10  1
 114  11  1
 216  12  1
 218  14  1
 100  16  1
 122  17  1
 118  18  1
 108  19  1
 115  19  1
 116  19  1
 121  20  1
 226  20  1
 104  21  1
 105  21  1
 109  25  1
 123  26  1
 124  26  1
 125  26  1
 100  27  1
 106  27  1
 112  27  1
 114  27  1
  58  28  1
  91  28  1
 125  28  1
  55  30  1
 135  30  1
  69  32  1
 100  32  1
 109  32  1
  49  33  1
  50  33  1
 103  33  1
  70  35  1
 132  35  1
  46  36  1
  62  37  1
 134  37  1
 135  37  1
  54  38  1
 138  38  1
  87  39  1
  94  39  1
 247  39  1
  77  40  1
  78  40  1
 128  40  1
 129  40  1
  97  41  1
 107  43  1
 134  43  1
  37  45  1
  63  45  1
  95  46  1
  96  46  1
 126  46  1
 128  46  1
 130  46  1
 156  48  1
  32  49  1
 133  49  1
  62  50  1
  63  50  1
 101  50  1
 102  50  1
 110  50  1
 123  50  1
 129  50  1
 147  51  1
 158  51  1
  67  52  1
 125  52  1
 135  53  1
 109  54  1
 110  54  1
 118  54  1
 151  54  1
 263  54  1
  95  55  1
  96  55  1
 128  55  1
 129  55  1
 101  56  1
 102  56  1
 155  56  1
  71  57  1
 114  58  1
 146  58  1
 200  58  1
 108  59  1
 129  59  1
 204  59  1
 267  59  1
 110  61  1
 258  61  1
 113  62  1
 204  63  1
 262  63  1
  70  64  1
 198  64  1
 199  64  1
 251  64  1
 256  64  1
 257  64  1
  72  65  1
 197  66  1
 259  66  1
 272  66  1
 120  67  1
 125  67  1
 157  67  1
  71  69  1
  72  69  1
 150  69  1
 156  69  1
 274  69  1
 199  70  1
 100  71  1
 150  71  1
 204  71  1
  11  72  1
  17  72  1
  88  72  1
 236  72  1
 276  72  1
  22  73  1
 125  73  1
 138  73  1
 155  73  1
 109  74  1
  86  75  1
 228  75  1
  71  76  1
  72  76  1
 117  76  1
 265  76  1
  23  77  1
  24  77  1
 209  77  1
 250  77  1
 272  77  1
  19  78  1
  84  78  1
 104  78  1
 105  78  1
 127  78  1
 242  78  1
 267  78  1
  89  79  1
 132  79  1
 209  79  1
 271  79  1
  17  80  1
 101  80  1
 102  80  1
 204  80  1
  74  81  1
 245  81  1
 250  81  1
  96  82  1
 132  82  1
 117  83  1
 151  83  1
 259  83  1
  12  84  1
  13  84  1
 126  84  1
 206  84  1
 118  85  1
 119  85  1
 130  85  1
 281  85  1
 282  85  1
  17  86  1
  18  86  1
 206  86  1
 190  87  1
  10  88  1
 132  88  1
 146  88  1
 263  88  1
 188  89  1
 195  89  1
 203  89  1
  18  91  1
 213  92  1
 244  92  1
 255  92  1
 256  92  1
 257  92  1
  78  93  1
 177  93  1
 178  93  1
  14  94  1
  99  95  1
 125  95  1
  73  96  1
 190  96  1
 128  97  1
 177  97  1
   9  98  1
  10  98  1
  47  98  1
  54  98  1
  73  98  1
 251  98  1
 271  98  1
  75  99  1
 244  99  1
 277  99  1
  21 100  1
 189 100  1
 202 100  1
 209 100  1
 210 100  1
  24 101  1
  70 101  1
 127 101  1
 128 101  1
 178 101  1
  60 102  1
  62 102  1
  99 102  1
 100 102  1
 265 102  1
 266 102  1
  64 103  1
 178 103  1
 103 104  1
 198 104  1
  83 105  1
 265 105  1
 266 105  1
  74 106  1
 109 106  1
 121 106  1
 122 106  1
 128 106  1
 209 106  1
 210 106  1
 104 107  1
 188 107  1
 189 107  1
 196 107  1
 183 108  1
 184 108  1
 251 108  1
 267 108  1
 277 108  1
   9 110  1
 173 110  1
  19 111  1
 140 111  1
 208 111  1
 210 111  1
 132 112  1
 182 112  1
 185 114  1
 259 114  1
 281 114  1
  83 115  1
  87 116  1
 188 116  1
 189 116  1
 198 117  1
 218 117  1
 225 117  1
   9 118  1
 279 118  1
  27 119  1
  50 119  1
 216 119  1
 277 119  1
  25 120  1
  89 120  1
 122 120  1
 181 120  1
 268 120  1
   4 121  1
   5 121  1
  56 121  1
  58 121  1
 203 121  1
 204 121  1
  60 122  1
  64 122  1
 174 122  1
 218 122  1
 223 122  1
 239 122  1
 274 122  1
  19 123  1
  21 123  1
  55 123  1
 135 123  1
 137 123  1
 178 123  1
 194 123  1
 246 123  1
 247 123  1
  11 124  1
  12 124  1
  49 124  1
 185 124  1
 213 124  1
 214 124  1
  96 125  1
  98 125  1
 108 125  1
 137 125  1
 180 125  1
 233 125  1
 239 125  1
 243 125  1
 244 125  1
 163 126  1
 173 126  1
 182 126  1
 208 126  1
 209 126  1
 122 127  1
 168 127  1
 258 127  1
  48 128  1
  59 128  1
 197 128  1
 198 128  1
  19 129  1
 146 129  1
 202 129  1
 205 129  1
 236 129  1
 253 129  1
 274 129  1
 275 129  1
 192 130  1
  13 131  1
  19 131  1
  58 131  1
 146 131  1
  11 132  1
  15 132  1
 136 132  1
 169 132  1
 173 132  1
 174 132  1
 222 132  1
 242 132  1
  18 133  1
  54 133  1
  64 133  1
  96 133  1
 140 133  1
 146 133  1
 197 133  1
 204 133  1
  25 134  1
 121 134  1
 122 134  1
 169 134  1
 201 134  1
 226 134  1
 281 134  1
 112 135  1
 148 135  1
 236 135  1
 245 135  1
 252 135  1
 140 136  1
 166 136  1
  15 137  1
  21 137  1
  91 137  1
   8 138  1
  52 138  1
  53 138  1
 165 138  1
 209 138  1
 215 138  1
 221 138  1
 222 138  1
 232 138  1
 243 138  1
 195 139  1
 255 139  1
 124 140  1
 200 140  1
 214 140  1
 215 140  1
  54 141  1
  90 141  1
 158 141  1
 159 141  1
 167 141  1
 230 141  1
 231 141  1
 176 142  1
 177 142  1
 218 142  1
 219 142  1
 247 142  1
  45 143  1
  54 143  1
 223 144  1
 237 144  1
  47 145  1
  85 146  1
  96 146  1
 117 146  1
 179 146  1
 195 146  1
 199 146  1
 223 146  1
 228 146  1
  55 147  1
  56 147  1
  92 147  1
  94 147  1
 273 147  1
 252 148  1
 259 148  1
 264 148  1
  88 149  1
   9 150  1
 185 150  1
 211 150  1
 179 151  1
 197 151  1
  44 152  1
  87 152  1
 252 152  1
 265 152  1
 179 153  1
  55 154  1
 186 154  1
 235 154  1
 236 154  1
   7 155  1
   8 155  1
 175 155  1
 257 155  1
 263 155  1
 264 155  1
  73 156  1
  75 156  1
  52 157  1
 223 158  1
 224 158  1
  69 159  1
  70 159  1
 175 159  1
  73 160  1
  75 160  1
 234 160  1
 247 160  1
 251 160  1
 255 160  1
 256 160  1
 208 161  1
 219 161  1
 130 163  1
 260 163  1
 261 163  1
 213 164  1
  25 165  1
  26 165  1
 253 165  1
 213 166  1
  83 167  1
 177 167  1
  29 168  1
  30 168  1
 213 168  1
 248 168  1
   3 169  1
   4 169  1
  70 169  1
  71 169  1
  92 169  1
 131 169  1
 132 169  1
 261 169  1
  32 170  1
  33 170  1
  78 170  1
 169 170  1
 170 170  1
  75 171  1
  76 171  1
  82 172  1
  83 172  1
  85 172  1
 237 172  2
 280 173  1
 281 173  1
 176 174  1
 279 175  1
 137 176  1
 176 176  1
   6 177  1
   7 177  1
  85 177  1
  86 177  1
  83 180  1
 150 180  1
  28 181  1
  32 181  1
 179 181  1
  76 182  1
  77 182  1
  37 183  1
 158 183  1
  48 184  1
  74 184  1
 190 184  1
 263 184  1
 265 184  1
  35 187  1
  68 187  1
 156 187  1
 260 187  1
  20 188  1
  50 189  1
  60 189  1
  68 189  1
  22 190  1
 160 191  1
 269 191  1
  22 193  1
  61 193  1
  62 193  1
 154 193  1
 164 193  1
 257 193  1
 258 193  1
 267 194  1
 103 195  1
 168 197  1
 169 197  1
  96 198  1
 152 198  1
 244 198  1
 265 198  1
 214 199  1
 232 199  1
 226 200  1
  91 201  1
 218 201  1
 108 203  1
 261 203  1
  96 204  1
 148 204  1
 164 204  1
 226 205  1
  71 206  1
  72 206  1
  93 206  1
  94 206  1
 145 206  1
 231 206  1
 232 206  1
 233 206  1
 138 207  1
  94 208  1
 127 208  1
 151 208  1
 119 209  1
 160 209  1
  94 210  1
  95 210  1
 115 210  1
 207 210  1
  72 212  1
  73 212  1
 154 212  1
 137 213  1
 119 214  1
 120 214  1
 163 214  1
 164 214  1
 123 215  1
 158 215  1
 159 215  1
 169 215  1
 211 215  1
 129 217  1
 169 217  1
 131 218  1
 217 218  1
  93 219  1
  94 219  1
 153 219  1
 144 220  1
 145 220  1
 208 220  1
  44 221  1
  72 221  1
 186 221  1
 190 221  1
  79 222  1
 150 222  1
 161 222  1
 242 222  1
  83 224  1
 106 224  1
 171 224  1
 176 224  1
 209 224  1
 157 225  1
 200 225  1
 204 225  1
  50 226  1
 168 226  1
 192 226  1
 194 226  1
 156 227  1
 179 227  1
 210 228  1
  55 229  1
  83 229  1
  72 230  1
 108 230  1
 150 230  1
 154 230  1
 189 230  1
 190 230  1
 101 231  1
 158 231  1
 171 234  1
 215 234  1
  62 235  1
 151 236  1
  83 237  1
 169 237  1
 170 237  1
  74 238  1
  88 238  1
  99 238  1
 100 238  1
 159 238  1
 160 238  1
 189 238  1
 225 238  1
 157 239  2
  79 240  1
  89 240  1
 164 240  1
 165 240  1
 188 240  1
 199 240  1
 200 240  1
  92 241  1
 192 241  1
 193 241  1
 209 241  1
 210 241  1
  96 242  1
 196 242  1
 197 242  1
 220 242  1
  82 243  1
  83 243  1
  86 245  1
 125 245  1
 126 245  1
 214 246  1
 130 247  1
 131 247  1
 127 253  1
 194 254  1


count = 679