 141   1  1
 163   1  1
 175   1  1
  93   5  1
 152   5  1
 200   5  1
  89   6  1
 203   6  1
 152   7  1
 144   8  1
 165   8  1
 170   8  1
 211   8  1
  99  10  1
 149  10  1
 150  10  1
 154  10  1
 155  10  1
 216  11  1
  81  12  1
  93  12  1
 185  13  1
 222  14  1
 211  16  1
 225  16  1
  69  17  1
  87  17  1
  99  17  1
 100  17  1
  81  18  1
 145  18  1
 146  18  1
 184  18  1
  65  19  1
  95  19  1
 176  19  1
 151  20  1
 155  20  1
 164  20  1
  88  21  1
  59  22  1
  90  22  1
  91  22  1
 207  22  1
 152  23  1
 166  23  1
 167  23  1
 196  23  1
  57  24  1
 214  24  1
  70  25  1
 105  25  1
 106  25  1
 160  25  1
 206  25  1
 226  25  1
  73  26  1
 119  26  1
 174  26  1
 175  26  1
  52  27  1
  91  27  1
 206  27  1
 201  28  1
 228  28  1
  48  29  1
  61  29  1
  99  29  1
 104  29  1
 118  30  1
 122  30  1
 192  30  1
 194  30  1
 241  30  1
  61  31  1
 154  31  1
 208  32  1
 225  32  1
 233  32  1
 242  32  1
  58  33  1
 245  33  1
  50  34  1
  97  34  1
  98  34  1
  68  35  1
 182  35  1
 183  35  1
 187  35  1
 163  36  1
 164  36  1
 233  36  1
 235  36  1
 249  36  1
  56  37  2
  57  37  1
  58  37  1
  65  37  1
 143  37  1
  34  38  1
 164  38  1
 115  39  1
 159  39  1
 207  39  1
 208  39  1
  52  40  1
  53  40  1
 155  40  1
 254  40  1
 164  41  1
 165  41  1
 166  41  1
 186  41  1
 187  41  1
 214  41  1
 125  42  1
 227  42  1
  94  43  1
 219  43  1
  62  44  1
  91  44  1
 117  44  1
 160  44  1
 215  44  1
  87  45  1
  88  45  1
 200  47  1
 221  48  1
 222  48  1
 223  48  1
 139  49  1
 200  49  1
 205  49  1
 207  49  1
 227  49  1
 229  49  1
 238  49  1
  19  50  1
 217  50  1
  57  51  1
 199  51  1
  53  52  1
 129  52  1
 147  52  1
 152  52  1
 263  52  1
 136  53  1
 155  54  1
 123  55  1
 140  55  1
 153  57  1
 240  57  1
 248  57  1
 266  57  1
  55  58  1
  93  58  1
 255  58  1
 238  59  1
 261  59  1
  13  60  1
 122  61  1
 133  61  1
 154  61  1
 155  61  1
  53  63  1
  54  63  1
  90  63  1
 111  63  1
  86  64  1
  96  64  1
  97  64  1
 102  64  1
  47  65  1
 107  65  1
 239  65  1
  70  66  1
  91  66  1
   9  67  1
  10  67  1
 273  67  1
 274  67  1
  76  68  1
  83  68  1
 149  68  1
  88  69  1
 158  69  1
   8  70  1
   9  70  1
 141  70  1
  97  71  1
 154  71  1
 190  71  1
  14  72  1
  79  72  1
 186  72  1
 245  72  1
 150  73  1
 183  73  1
   7  74  1
   8  74  1
 135  75  1
 155  75  1
  54  76  1
 144  76  1
 193  76  1
 254  76  1
 178  77  1
 179  77  1
 189  77  1
 220  77  1
 229  77  1
 263  77  1
 184  78  1
 215  78  1
 213  79  1
 136  80  1
 237  80  1
   5  81  1
   6  81  1
  12  81  1
 172  81  1
 173  81  1
 174  81  1
 193  81  1
 194  81  1
 213  81  1
 255  81  1
 129  82  1
 134  82  1
 222  82  1
 180  83  1
 181  83  1
 188  83  1
 212  83  1
 256  83  1
 168  84  1
 225  84  1
 267  84  1
 280  84  1
 281  84  1
 163  85  1
 217  85  1
 260  85  1
   3  86  1
   4  86  1
 139  86  1
 141  86  1
  99  87  1
 153  87  1
 191  87  1
 209  87  1
 210  87  1
 156  88  1
 216  88  1
 239  88  1
 240  88  1
 101  89  1
 183  89  1
 222  89  1
 223  89  1
 263  90  1
 112  91  1
 239  91  1
 169  92  1
 210  92  1
 254  92  1
 255  92  1
 233  93  1
 225  94  1
 249  94  1
 255  94  1
 167  95  1
 168  95  1
 208  95  1
   1  96  1
   2  96  1
 204  96  1
 255  96  1
 269  96  1
 282  96  1
 283  96  1
   6  97  1
   7  97  1
 163  97  1
 198  97  1
 175  98  1
 176  98  1
 210  98  1
 211  98  1
 226  98  1
 227  98  1
 169  99  1
 265  99  1
 266  99  1
 167 101  1
 193 101  1
 207 101  1
 208 101  1
 223 101  1
 232 101  1
 180 102  1
 181 102  1
 218 102  1
 266 103  1
 267 103  1
 214 104  1
 215 104  1
 236 104  1
 229 105  1
  75 106  1
  76 106  1
 164 107  1
 132 108  1
 250 108  1
  69 109  1
  70 109  1
 136 109  1
  78 110  1
 127 110  1
   9 111  1
 217 111  1
 218 111  1
  87 112  1
 133 112  1
 156 112  1
 204 112  1
 208 112  1
 259 112  1
 226 113  1
  93 114  1
 126 114  1
 139 114  1
 155 114  1
 167 114  1
   7 115  1
  14 115  1
 197 115  1
 213 115  1
 231 115  1
 105 116  1
 132 116  1
 203 116  1
 220 116  1
 222 116  1
 223 116  1
 234 116  1
  86 117  1
 192 117  1
 206 117  1
 252 117  1
 281 117  1
 282 117  1
  14 118  1
 167 118  1
 126 119  1
 142 119  1
 151 119  1
 159 119  1
 163 119  1
 187 119  1
 225 119  1
 227 119  1
 101 120  1
 232 120  1
 237 120  1
  67 121  1
 106 121  1
 107 121  1
 215 121  1
 225 121  1
 252 121  1
 276 121  1
 277 121  1
   1 122  1
   2 122  1
   7 122  1
  62 122  1
  91 122  1
 232 122  1
  19 123  1
  25 123  1
  37 123  1
  43 123  1
  44 123  1
 116 123  1
 166 123  1
 167 123  1
 275 123  1
 101 124  1
 188 124  1
 272 124  1
  48 125  1
 157 125  1
  22 126  1
 185 126  1
 237 126  1
   3 127  1
   4 127  1
 192 127  1
 264 127  1
  28 128  1
  30 128  1
  63 128  1
  48 129  1
 182 129  1
   4 130  1
   5 130  1
  41 130  1
  42 130  1
  57 130  1
 110 130  1
 160 130  1
  62 131  1
 184 131  1
 185 131  1
 200 131  1
 265 131  1
  35 132  1
 105 132  1
 120 132  1
  39 133  1
 116 133  1
 142 133  1
 188 133  1
 191 133  1
 140 135  1
 150 135  1
 151 135  1
 159 135  1
 199 135  1
  48 136  1
 146 136  1
 194 137  1
 199 137  1
 236 137  1
 237 137  1
  68 138  1
 276 138  1
  63 139  1
 222 139  1
 226 140  1
 125 141  1
 126 141  1
 136 141  1
 173 141  1
 202 141  1
 203 141  1
 107 142  1
 165 142  1
 190 142  1
 191 142  1
  68 143  1
  77 143  1
  81 143  1
 111 143  1
  99 144  1
 122 144  1
 178 144  1
 193 144  1
 220 144  1
  18 145  1
  21 145  1
 212 145  1
 214 145  1
 226 145  1
 227 145  1
  94 146  1
 114 146  1
 161 146  1
 162 146  1
 247 146  1
 170 147  1
 171 147  1
 198 147  1
 203 147  1
 204 147  1
  25 148  1
 111 148  1
 125 148  1
 166 148  1
  31 149  1
 138 149  1
 154 150  1
 255 150  1
   2 151  1
   3 151  1
   8 152  1
 133 152  1
 163 152  1
 173 152  1
 216 152  1
 168 153  1
  60 154  1
 111 154  1
 112 154  1
 175 154  1
  38 155  1
 126 155  1
 152 155  1
 204 155  1
 146 156  1
  10 157  1
  11 157  1
  39 157  1
  43 157  1
 126 157  1
 164 157  1
 216 157  1
 268 157  1
 271 157  1
  72 158  1
 209 158  1
 126 159  1
 147 159  1
 178 159  1
 184 159  1
 154 160  1
 156 160  1
 249 160  1
  45 161  1
 147 161  1
 148 161  1
 265 161  1
  23 162  1
 187 162  1
 258 162  1
 130 163  1
 152 163  2
 153 163  1
 273 163  1
  12 164  1
  83 164  1
  91 164  1
 224 164  1
  27 165  1
  79 165  1
 150 165  3
 158 165  1
 174 165  1
 272 165  1
 273 165  1
 248 166  1
 259 166  1
  41 167  1
  76 167  1
 111 167  1
 128 167  1
 134 167  1
 139 167  1
 163 167  1
 152 168  1
 190 168  1
 267 168  1
 185 170  1
 194 170  1
 104 172  1
 141 173  1
 145 173  1
 155 173  2
 156 173  1
 157 173  1
 181 173  1
  21 174  1
  22 174  1
 104 174  1
 194 174  1
 138 175  1
 139 175  1
 246 175  1
 241 176  1
 191 177  1
  10 179  1
  11 179  1
 275 179  1
 276 179  1
  18 181  1
  19 181  1
 192 181  1
 193 181  1
  77 182  1
 229 182  1
 237 182  1
  12 183  1
  13 183  1
  60 183  1
 159 184  2
 160 184  1
 161 184  1
 234 185  1
  34 186  1
  35 186  1
  79 186  1
 129 186  1
 239 186  1
  58 187  1
 164 187  1
 168 187  1
 120 188  1
 156 188  1
 245 188  1
 249 188  1
 254 188  1
 109 189  1
  76 191  1
 161 191  1
 170 193  1
 269 194  1
 104 195  1
 105 195  1
 241 197  1
 267 197  1
 171 198  1
 101 199  1
 183 199  1
 193 199  1
 247 199  1
 251 200  1
 177 201  1
 101 202  1
 219 202  1
 241 203  1
 242 203  1
 264 203  1
 171 204  1
 192 204  1
 223 204  1
  82 205  1
 165 205  1
 177 205  1
 241 205  1
 187 206  1
 249 206  1
 262 206  1
  89 207  1
 203 207  1
 241 207  1
  85 209  1
 222 209  1
 223 209  1
 234 209  1
 102 210  1
 107 210  1
 108 210  1
 109 210  1
 166 210  1
 197 210  1
 238 210  1
 239 210  1
 203 211  1
 205 211  1
 222 211  1
 250 211  1
  41 212  1
  77 212  1
 185 212  1
 190 212  1
 197 212  1
 231 212  1
 258 212  1
 183 213  1
 228 213  1
 229 213  1
 248 213  1
  73 214  1
 240 214  1
 161 215  1
 165 215  1
 210 216  1
  66 217  1
  81 217  1
 116 218  1
 168 218  1
 206 218  1
 208 218  1
 211 218  1
 212 218  1
 215 218  1
 191 219  1
 240 219  1
 186 220  1
 187 220  1
 121 221  1
 227 221  1
 217 222  1
 218 222  1
 235 222  1
 204 223  1
 248 223  1
  86 224  1
 161 224  1
 164 224  1
 166 224  1
 178 224  1
 214 224  1
 215 224  1
 129 225  1
 187 225  1
 189 225  1
 229 225  1
  62 226  1
  83 226  1
 191 226  1
 109 227  1
 110 227  1
  95 228  1
  96 228  1
 139 229  1
 161 229  1
 182 229  1
  80 230  1
 132 230  1
 191 230  1
  83 231  1
 113 231  1
  74 232  1
 132 232  1
 142 232  1
 195 232  1
 213 232  1
 173 233  1
 221 233  1
  77 234  1
 120 234  1
 131 234  1
 138 234  1
 113 235  1
 114 235  1
 167 235  1
 177 235  1
 179 235  1
 185 235  1
 186 235  1
 187 235  1
  98 236  1
 129 236  1
 131 236  1
 140 236  1
 141 236  1
 158 236  1
 187 237  1
 192 237  1
 193 237  1
 226 237  1
 102 238  1
 171 238  1
 181 238  1
 182 238  1
  95 240  1
 188 240  1
 159 241  1
 160 241  1
 192 241  1
 104 242  1
 117 242  1
 118 242  1
 176 242  1
 186 242  1
 187 242  1
  86 243  1
 136 243  1
 181 243  1
 111 244  1
 112 244  1
 189 244  1
 190 244  1
 165 245  1
 213 245  1
  88 246  1
 132 246  1
 133 246  1
 129 247  1
 187 247  1
 188 247  1
 206 247  1
 204 248  1
 173 249  1
 197 251  1
 198 251  1
 129 254  1
 173 255  1
 157 257  1


count = 781