 184   1  1
 132   2  1
 107   7  1
 139   7  1
 205   7  1
 104   8  1
 133   9  1
 145   9  1
 146   9  1
 209   9  1
  98  10  1
 128  10  1
 195  10  1
  95  11  1
 118  11  1
 152  11  1
 112  12  1
 201  12  1
 118  13  1
 218  13  1
 116  14  1
 136  16  1
 201  16  1
 202  16  1
 222  16  1
  77  18  1
  78  18  1
  90  18  1
  91  18  1
 116  18  1
 117  18  1
 144  18  1
 121  19  1
 122  19  1
 166  19  1
 189  19  1
  83  20  1
  93  20  1
 130  20  1
 131  20  1
 185  20  1
 187  20  1
  72  21  1
 196  21  1
 200  21  1
 187  22  1
 138  23  1
 173  23  1
 142  24  1
 144  24  1
 157  24  1
 158  24  1
 231  24  1
  64  25  1
  65  25  1
 131  25  1
 132  25  1
 149  25  1
 183  25  1
 200  25  1
 201  25  1
  78  26  1
 119  26  1
  60  27  1
  61  27  1
  83  27  1
  84  27  1
 100  27  1
 101  27  1
 175  27  1
 188  27  1
 110  28  1
 111  28  1
  56  29  1
 157  29  1
  65  30  1
  66  30  1
 222  30  1
 138  31  1
 142  31  1
 155  31  1
 178  32  1
 182  32  1
 193  32  1
 194  32  1
 239  33  1
 112  35  1
 204  35  2
 242  35  1
 105  36  1
 106  36  1
 133  37  1
 198  37  1
 212  37  1
 227  37  1
 179  38  1
 221  38  1
 117  39  1
 169  39  1
 106  40  1
 123  40  1
  40  41  1
 104  41  1
 151  41  1
 152  41  1
 219  42  1
 227  42  1
 158  43  1
 159  43  1
 163  43  1
 183  43  1
 192  45  1
 193  45  1
  32  46  1
 102  46  1
 103  46  1
 132  46  1
 133  46  1
 212  46  1
 154  47  1
 155  47  1
 184  47  1
 217  47  1
 231  47  1
 160  48  1
  89  49  1
 160  50  1
 155  52  1
 224  52  1
 128  54  1
 129  54  1
 259  54  1
  97  55  1
  98  55  1
  23  56  1
 179  56  1
  90  57  1
 160  57  1
 178  58  1
 171  59  1
 149  60  1
 180  60  1
 197  60  1
 263  60  1
 143  61  1
 187  61  1
  94  62  1
 181  62  1
 155  63  1
 156  63  1
 171  63  1
 172  63  1
 120  64  1
 127  64  1
 191  64  1
 140  65  1
 203  65  1
  24  66  1
  37  66  1
 135  66  1
 191  66  1
 197  66  1
 140  67  1
 150  67  1
 171  67  1
 172  67  1
  14  68  1
 153  68  1
 154  68  1
 155  68  1
 206  68  1
 121  69  1
 132  69  1
 140  69  1
 141  69  1
 217  70  1
 132  71  1
  18  72  1
 164  72  1
 177  72  1
 181  72  1
 186  72  1
 157  73  1
 171  73  1
 208  73  1
 221  73  1
 222  73  1
  21  74  1
 135  74  1
 159  74  1
  10  75  1
  11  75  1
  34  75  1
  41  75  1
 141  75  1
 271  75  1
 191  76  1
 205  76  1
 220  76  1
  27  77  1
  28  77  1
 144  77  1
 243  77  1
  14  78  1
 150  78  1
 156  78  1
 177  78  1
 184  78  1
 210  78  1
 215  78  1
  55  79  1
 119  79  1
 120  79  1
 231  79  1
 274  79  1
   8  80  1
   9  80  1
  37  80  1
 163  80  1
 164  80  1
 168  80  1
  59  81  1
 191  81  1
 220  81  1
 248  81  1
  23  82  1
 204  82  1
 233  82  1
 253  82  1
 254  82  1
 269  82  1
  47  83  1
 173  83  1
 215  83  1
  53  84  1
 166  84  1
 276  84  1
 152  85  1
 212  85  1
 146  86  1
 176  86  1
 177  86  1
 183  86  1
 232  86  1
 233  86  1
 170  87  1
 264  87  1
  50  88  1
 200  88  1
 201  88  1
  46  89  1
  47  89  1
 155  89  1
 253  89  1
 221  90  1
 238  90  1
 264  90  1
   5  91  1
   6  91  1
  11  91  1
  12  91  1
 161  91  1
 179  91  1
 217  91  1
 106  92  1
 107  92  1
 108  92  1
 121  92  1
 136  92  1
 207  92  1
 102  93  1
 146  93  1
  98  94  1
 119  94  1
 139  94  1
 256  94  1
   4  95  1
   5  95  1
 162  95  1
  15  96  1
  41  96  1
 217  96  1
 267  96  1
 214  97  1
  65  98  1
 139  98  1
 172  98  1
 194  98  1
 225  98  1
 226  98  1
  55  99  1
 161  99  1
 162  99  1
 208  99  1
   3 100  1
   4 100  1
 264 100  1
 269 101  1
  44 102  1
  45 102  1
  54 102  1
  69 102  1
  71 102  1
 139 102  1
 150 102  1
 169 102  1
 160 103  1
 244 103  1
 270 103  1
 271 103  1
  24 104  1
  37 104  1
 152 104  1
 223 104  1
 227 104  1
 237 104  1
 248 104  1
 256 104  1
  33 105  1
  55 105  1
  62 105  1
 128 105  1
 191 105  1
 216 105  1
 243 105  1
  48 106  1
 195 106  1
 211 106  1
 212 106  1
 241 106  1
  51 107  1
 231 107  1
   8 108  1
   9 108  1
  32 108  1
 119 108  1
 135 108  1
 219 108  1
 233 108  1
 241 108  1
 272 108  1
 273 108  1
  40 109  1
  41 109  1
  61 109  1
 237 109  1
   9 110  1
 214 110  1
 216 110  1
  35 111  1
 179 111  1
 180 111  1
 190 111  1
 195 111  1
  57 112  1
  87 112  1
 112 112  1
  74 113  1
  82 113  1
 132 113  1
 154 113  1
 155 113  1
 224 113  1
  62 114  1
 147 114  1
 164 114  1
 213 114  1
 273 114  1
   7 115  1
   8 115  1
  45 116  1
 103 116  1
 125 116  1
  57 117  1
  70 117  1
 111 117  1
 115 117  1
 122 117  1
 162 117  1
 231 117  1
 269 117  1
  10 118  1
  17 119  1
  45 119  1
  46 119  1
  96 119  1
 109 119  1
 151 119  1
 157 119  1
 158 119  1
 185 119  1
 103 120  1
 115 120  1
 147 120  1
 193 120  1
  68 121  1
 159 121  1
 261 121  1
 274 121  1
   1 122  1
  35 122  1
 124 122  1
 137 122  1
 138 122  1
 227 122  1
  41 123  1
  51 123  1
  71 123  1
  78 123  1
 269 123  1
  45 124  1
 232 124  1
  71 125  1
  95 125  1
 136 125  1
 143 125  1
 247 125  1
 254 125  1
 255 125  1
  14 126  1
  47 126  1
 115 126  1
 128 126  1
 197 126  1
 205 126  1
 262 126  1
  40 127  1
  70 127  1
 178 127  1
 227 127  1
 242 127  1
 248 127  1
  21 128  1
  78 128  1
 182 128  1
 192 128  1
 196 128  1
 279 128  1
 280 128  1
  49 129  1
  85 129  1
 211 129  1
 215 129  1
 216 129  1
 242 129  1
 131 130  1
 235 130  1
 268 130  1
  87 131  1
 123 131  1
 140 131  1
 257 131  1
 259 131  1
  74 132  1
 222 132  1
 255 132  1
  90 133  1
  91 133  1
 111 133  1
 159 133  1
 160 133  1
  43 134  1
  58 134  1
  59 134  1
 101 134  1
 205 134  1
 214 134  1
 246 134  1
 247 134  1
 271 134  1
 272 134  1
 273 134  1
   7 135  1
 130 135  1
 185 135  1
 192 135  1
 120 136  1
 142 136  1
  41 137  1
  42 137  1
 136 137  1
 145 137  1
 209 137  1
 210 137  1
 211 137  1
  69 138  1
  76 138  1
  77 138  1
  81 138  1
 126 138  1
 159 138  1
 217 138  1
 269 138  1
  47 139  1
  48 139  1
 191 139  1
 211 139  1
 212 139  1
 231 139  1
 265 139  1
 280 139  1
 116 140  1
 217 140  1
 260 140  1
   7 142  1
   8 142  1
  55 142  1
 108 142  1
 114 142  1
 162 142  1
 163 142  1
 274 142  1
  48 143  1
  60 143  1
  61 143  1
  90 143  1
 125 143  1
 153 143  1
 268 143  3
 269 143  1
 128 144  1
 271 144  1
 272 144  1
  17 145  1
  52 145  1
  66 145  1
 184 145  1
 185 145  1
 282 145  1
 283 145  1
 106 146  1
 128 146  1
 272 146  1
  20 147  1
  22 147  1
  52 147  1
  61 147  1
  71 147  1
  98 148  1
 272 148  1
   7 149  1
  13 149  1
 113 149  1
 154 149  1
 164 149  1
 267 149  1
  68 150  1
 131 150  1
 255 150  1
 257 150  1
 259 150  1
  73 151  1
  48 152  1
  50 152  1
 102 152  1
 234 152  1
   7 153  1
  58 153  1
  59 153  1
 105 153  1
 184 153  1
 252 153  1
  44 154  1
 153 154  1
 246 154  1
  39 155  1
 112 155  1
 129 155  1
 264 155  1
  23 156  1
 110 156  1
 137 156  1
 138 156  1
 180 156  1
 181 156  1
 282 156  1
 283 156  1
  17 157  1
  18 157  1
 129 157  1
  41 159  1
 147 159  1
 233 159  1
 170 160  1
 187 160  1
 188 160  1
 212 160  1
 255 160  1
   8 161  1
 163 161  1
 231 161  1
  21 163  1
 159 163  1
 201 163  1
 204 164  1
 231 164  1
 249 164  1
   9 165  1
  10 165  1
  98 165  1
 156 165  1
 157 165  1
 167 165  1
 193 165  1
 245 165  1
  40 166  1
  88 166  1
 104 166  1
 105 166  1
 172 166  1
 253 166  1
 269 166  1
 270 166  1
 271 166  1
 280 166  1
  35 167  1
  36 167  1
  47 167  1
  99 167  1
 196 167  1
 197 167  1
 208 168  1
  29 169  1
 159 169  1
 160 169  1
 166 169  1
 167 169  1
 174 169  1
 230 169  1
 231 169  1
 241 169  1
 255 169  1
 256 169  1
 257 169  1
 278 169  1
  88 170  1
  10 171  1
 240 171  1
 241 171  1
   4 172  1
   5 172  1
  39 172  1
 170 172  1
 171 172  1
 267 172  1
  18 173  1
  52 173  1
 207 173  1
 208 173  1
  28 174  1
 163 175  1
 189 175  1
 226 175  1
 273 175  1
   6 176  1
   7 176  1
 165 177  1
 208 177  1
 212 177  1
 226 177  1
 185 178  1
 198 178  1
  58 179  1
 191 179  1
  20 180  1
 128 180  1
 215 180  1
 216 180  1
 220 180  1
 225 180  1
 270 180  1
 193 181  1
 202 181  1
 212 181  1
 242 181  1
 130 182  1
  14 183  1
 126 183  1
 217 183  1
 218 183  1
 121 184  1
 181 184  1
 185 184  1
 205 184  1
  10 185  1
  11 185  1
 171 185  1
 196 185  1
 199 185  1
 209 185  1
 267 185  1
 268 185  1
 188 186  1
  28 187  1
 126 187  1
 127 187  1
 131 187  1
 145 187  1
 157 187  1
 177 187  1
 202 187  1
 235 187  1
 238 187  1
 141 188  1
 265 188  1
 118 190  1
 152 190  1
  14 191  1
 112 191  1
 204 191  1
  75 192  1
 206 192  1
 133 193  1
 129 195  1
 150 196  1
 235 196  1
 236 196  1
  19 197  1
 129 197  1
  61 198  1
 113 199  1
 129 199  1
  68 200  1
  72 201  1
  77 201  1
  78 201  1
 113 201  1
 242 201  1
 118 202  1
 161 203  1
 244 203  1
 245 203  1
 143 204  1
 144 204  1
 231 204  1
 232 204  1
 233 204  1
 141 205  1
 156 205  1
 164 205  1
 118 206  1
 135 206  1
  58 207  1
  61 207  1
  82 207  1
 113 207  1
 172 207  1
 129 209  1
 165 209  1
  73 210  1
  88 210  1
  89 210  1
 136 211  1
 170 211  1
  73 212  1
 138 212  1
 151 212  1
 247 212  1
  78 213  1
  80 215  1
  37 216  1
  53 216  1
  89 216  1
  73 217  1
 133 217  1
 134 217  1
 149 217  1
 116 218  1
 118 218  1
 120 218  1
 138 218  1
 139 218  1
  90 219  1
  97 219  1
 163 219  1
  52 220  1
 105 220  1
 106 220  1
 149 220  1
 159 220  1
 161 220  3
  71 221  1
  79 221  1
 156 221  1
 154 223  1
  81 224  1
 118 225  1
  49 226  1
 152 226  1
 162 226  1
 163 226  1
 233 226  1
 113 227  1
 221 228  1
 231 228  1
 136 229  1
 227 230  1
  56 231  1
 105 231  1
 139 231  1
 140 231  1
  91 232  1
  93 232  1
  59 233  1
  60 233  1
 103 233  1
 112 233  1
 145 233  1
 107 234  1
  65 235  1
  76 235  1
 141 235  1
 142 235  1
 221 235  1
 105 236  1
 123 236  1
 135 236  1
 136 236  1
 159 236  1
 160 236  1
  99 238  1
 215 238  1
 216 238  1
 160 239  1
 161 239  1
 132 240  1
  86 241  1
 161 241  1
  78 242  1
  79 242  1
 117 242  1
 211 242  1
 109 243  1
 141 243  1
  82 244  1
 104 245  1
 105 245  1
 113 246  1
 127 247  1
 145 247  1
 198 247  1
  93 248  1
 149 248  1
 102 249  1
 132 249  1
 142 249  1
 143 249  1
 149 250  1
 191 251  1
 192 251  1
 159 257  1


count = 851