 140   1  1
 168   1  1
 118   6  1
 146   7  1
 159   7  1
 201   7  1
 140   8  1
 205   8  1
  97   9  1
 159   9  1
 211  10  1
  91  11  1
 121  11  1
 214  11  1
  88  12  1
 141  12  1
 196  12  1
 217  12  1
 108  13  1
  78  14  1
 156  14  1
 219  14  1
 115  15  1
 201  15  1
  66  17  1
  95  17  1
  97  17  1
  90  18  1
 116  18  1
 117  18  1
 155  18  1
 156  18  1
 164  19  1
 196  19  1
 201  19  1
  97  21  1
  98  21  1
 117  21  1
 118  21  1
  70  22  1
  69  24  1
  70  24  1
 118  24  1
 165  24  1
 166  24  1
 181  25  1
  51  26  1
  63  26  1
  93  26  1
 133  27  1
 197  27  1
 198  27  1
  47  28  1
  48  28  1
 151  29  1
 152  29  1
 168  29  1
 191  29  1
 195  30  1
 200  30  1
  64  31  1
 160  31  1
 189  31  1
 206  31  1
 155  32  1
 172  32  1
 173  32  1
 241  32  1
  98  33  1
  99  33  1
  40  34  1
 178  34  1
 179  34  1
 198  35  1
  68  36  1
 104  36  1
 183  36  1
 101  37  1
 132  37  1
 138  37  1
 139  37  1
 176  37  1
  42  38  1
  60  38  1
  61  38  1
 104  38  1
 105  38  1
 156  38  1
 181  38  1
 225  38  1
  66  40  1
 167  40  1
 153  41  1
 159  41  1
 191  42  1
 224  42  1
  36  44  1
  37  44  1
  66  44  1
 142  44  1
  62  45  1
 171  46  1
 255  46  1
 169  47  1
 182  47  1
  31  49  1
 135  49  1
 147  49  1
 148  49  1
  22  50  1
  49  51  1
  50  51  1
 160  52  1
  19  53  1
  50  53  1
 139  53  1
 150  53  1
 152  53  1
 190  53  1
  34  54  1
 134  54  1
 135  54  1
 176  54  1
 183  54  1
 184  54  1
  29  55  1
  49  55  1
  50  55  1
 189  55  1
 195  55  1
 233  57  1
  26  58  1
 240  58  1
 263  58  1
 264  58  1
  15  59  1
 216  59  1
 173  60  1
 163  61  1
 236  61  1
 265  61  1
 266  61  1
 228  62  1
 229  62  1
 267  64  1
 268  64  1
 236  66  1
  16  70  1
 168  70  1
 161  71  1
 185  71  1
 148  72  1
 149  72  1
 211  72  1
 220  72  1
 226  72  1
 196  73  1
 206  73  1
 214  73  1
 219  74  1
 191  75  1
 226  77  1
 232  77  1
 222  78  1
 139  79  1
 221  80  1
  14  81  1
  15  81  1
 148  81  1
 220  82  1
 276  82  1
 277  82  1
  14  83  1
  15  83  1
  20  83  1
 139  83  1
 171  84  1
 198  85  1
  95  86  1
 141  86  1
 277  86  1
 278  86  1
   3  87  1
   4  87  1
 197  89  1
 198  89  1
 278  89  1
 279  89  1
   8  90  1
  93  90  1
 196  91  1
 251  91  1
 168  92  1
 256  92  1
  85  93  1
  86  93  1
 161  93  1
 175  93  1
 155  95  1
 156  95  1
 175  95  1
   7  96  1
   8  96  1
  88  96  1
 191  96  1
 193  96  1
 256  96  1
 171  97  1
 173  97  1
  83  98  1
   1  99  1
 269 100  1
 174 101  1
 252 101  1
  54 102  1
 148 102  1
  48 103  1
  86 103  1
 142 103  1
 259 103  1
 261 103  1
 263 103  1
  96 104  1
  60 105  1
  81 105  1
 148 105  1
 149 105  1
   5 106  1
   6 106  1
  50 106  1
  62 106  1
  66 107  1
 141 108  1
 153 108  1
  42 109  1
  98 109  1
 110 109  1
  87 110  1
 119 110  1
 126 110  1
 143 110  1
 165 110  1
 147 111  1
  62 112  1
  92 112  1
 209 112  1
 210 112  1
   1 115  1
  40 115  1
  41 115  1
 141 115  1
 142 115  1
 150 115  1
   6 116  1
  83 116  1
 186 116  1
 187 116  1
 215 116  1
 216 116  1
 274 116  1
  73 117  1
  77 117  1
 168 117  1
 159 118  1
 239 118  1
  73 119  1
  77 119  1
 125 119  1
 138 119  1
 155 119  1
 166 119  1
 197 119  1
 221 119  1
 269 119  1
  62 120  1
  83 120  1
 133 120  1
 225 120  1
  56 121  1
 127 121  1
  39 122  1
  13 123  1
  32 123  1
 196 123  1
 197 123  1
 251 123  1
 269 123  1
 100 124  1
 145 124  1
 201 124  1
 231 124  1
 275 124  1
  43 125  1
  44 125  1
 103 125  1
 206 125  1
 233 125  1
   9 126  1
  54 126  1
  55 126  1
 107 126  1
 129 126  1
 194 126  1
 231 126  1
  19 127  1
 149 127  1
  64 128  1
 194 128  1
 239 128  1
  40 129  1
 167 129  1
 202 129  1
 220 129  1
 221 129  1
 225 129  1
 227 129  1
  16 130  1
 143 130  1
 187 130  1
 188 130  1
 191 130  1
 192 130  1
   9 131  1
  52 131  1
  55 132  1
 139 132  1
 213 132  1
  58 133  1
  92 133  1
 124 133  1
 105 134  1
 252 134  1
  41 135  1
  99 135  1
 144 136  1
 138 137  1
 188 137  1
 189 137  1
  36 138  1
  66 138  1
  72 138  1
 165 138  1
  11 139  1
  41 139  1
 129 139  1
 170 139  1
 140 140  1
 154 140  1
 163 140  1
 127 141  1
   9 142  1
 104 142  1
 121 142  1
 122 142  1
 160 142  1
  97 144  1
  98 144  1
 104 144  1
 109 144  1
 125 144  1
 130 144  1
  72 145  1
 134 145  1
  93 146  1
 149 146  1
   7 147  1
   8 147  1
  89 147  1
 137 147  1
 140 147  1
 141 147  1
 164 147  1
 168 147  1
 169 147  1
 200 147  1
 100 148  1
 191 148  1
 192 148  1
 196 148  1
 119 149  1
 282 149  1
 283 149  1
  67 150  1
 152 150  1
  31 151  1
 130 151  1
   2 152  1
   3 152  1
  67 152  1
 125 152  1
 202 152  1
 203 152  1
 116 153  1
 162 153  1
 164 153  1
 166 153  1
  72 154  1
 103 154  1
 131 154  1
  35 156  1
 126 156  1
 121 157  1
 122 157  1
 169 157  1
   3 158  1
   4 158  1
 146 158  1
   9 159  1
  59 159  1
  11 160  1
  40 160  1
  41 160  1
  52 160  1
  95 161  1
 155 161  1
 161 161  1
 257 163  1
  92 164  1
 167 164  1
 168 164  1
 188 164  1
 189 164  1
  11 165  1
  12 165  1
 174 165  1
 236 165  1
 279 165  1
 280 165  1
 203 166  1
 257 167  1
 184 168  1
 228 168  1
 240 168  1
 267 168  1
 252 169  1
 269 169  1
 270 169  1
 278 169  1
 279 169  1
 272 170  1
  81 172  1
 187 172  1
 214 172  1
 215 172  1
 183 173  1
 232 173  1
 188 174  1
 174 175  1
 230 175  1
 238 175  1
 266 175  1
 276 175  1
 277 175  1
   7 176  1
   8 176  1
 270 176  1
  33 177  1
 178 177  1
 180 177  1
  14 178  1
  15 178  1
   8 179  1
   9 179  1
 196 179  1
  36 181  1
  37 181  1
  75 181  1
   9 182  1
  10 182  1
  15 182  1
 164 185  1
  37 186  1
  12 187  1
 270 187  1
 174 188  1
 168 189  1
  21 190  1
  26 191  1
 164 191  1
 178 191  1
 152 192  1
 156 192  1
 170 192  1
 180 193  1
 184 193  1
 266 193  1
 160 194  1
 161 194  1
 180 196  1
  18 197  1
  28 197  1
  29 197  1
 165 198  1
 166 198  1
 176 198  1
  28 200  1
 158 201  1
 167 202  1
 203 203  1
 193 205  1
 194 205  1
  46 206  1
 153 206  1
 161 206  1
 204 208  1
 205 208  1
 255 208  1
  42 210  1
 157 210  1
 181 210  1
  38 211  1
  96 211  1
 151 211  1
 205 211  1
 206 211  1
 252 213  1
 103 214  1
 158 215  1
 197 215  1
 198 215  1
 249 215  1
 162 217  1
 186 217  1
 187 217  1
  45 218  1
 181 219  1
 193 219  1
 200 220  1
 201 220  1
 146 221  1
 109 222  1
 110 222  1
 102 223  1
 242 223  1
  74 224  1
  76 224  1
 161 224  1
 162 224  1
 240 224  1
  95 225  1
  96 225  1
 102 225  1
 103 225  1
 143 225  1
 144 225  1
 176 225  1
 210 225  1
 211 225  1
  71 226  1
 111 226  1
 186 226  1
 187 226  1
 151 228  1
 161 228  1
 175 228  1
 176 228  1
  61 229  1
  62 229  1
 109 229  1
 209 229  1
 210 229  1
 154 230  1
 100 232  1
 101 232  1
 118 232  1
 147 232  1
 186 232  1
 124 233  1
 178 233  1
 179 233  1
 183 233  1
 200 233  1
 229 233  1
  78 235  1
  79 235  1
 130 235  1
 204 235  1
  63 236  1
  76 236  1
  85 236  1
 106 236  1
 157 236  1
 158 236  1
 116 237  1
 117 237  1
 221 237  1
  65 238  1
 206 238  1
 145 239  1
 146 239  1
 154 239  1
 176 239  1
 177 239  1
 102 240  1
 215 240  1
 170 241  1
 171 241  1
 213 241  1
  76 242  1
  88 242  1
 111 243  1
 113 243  1
 121 243  1
 122 243  1
  81 244  1
  94 244  1
  84 245  1
 117 247  1
 123 247  1
 144 247  1
 176 247  1
 196 247  1
 150 248  1
 123 249  1
 135 249  1
 136 249  1
 154 249  1
 101 250  1
 170 250  1
 107 251  1
 111 252  1
 160 252  1
 171 254  1
 126 255  1
 134 257  1


count = 625