 167   2  1
 116   3  1
 112   4  1
 105   6  1
 102   7  1
 184   7  1
 167   9  1
  93  10  1
  87  12  1
 107  12  1
  96  15  1
  97  15  1
 167  15  1
 104  16  1
 108  16  1
 204  18  1
  88  19  1
 172  19  1
  77  22  1
 111  22  1
 112  22  1
 209  22  1
  71  23  1
  88  23  1
  66  24  1
  81  25  1
 172  25  1
 173  25  1
 215  25  1
  58  26  1
  93  26  1
  56  27  1
 170  27  1
  93  28  1
 222  31  1
  96  32  1
  48  33  1
 204  33  1
 144  34  1
 206  35  1
  43  36  1
  61  36  1
 113  36  1
  66  37  1
 146  37  1
 147  37  1
  52  38  1
  91  38  1
 114  38  1
 169  38  1
 211  38  1
 240  39  1
  62  40  1
  71  40  1
  75  40  1
  76  40  1
  98  40  1
  65  41  1
 204  41  1
 105  42  1
 111  42  1
 208  42  1
  45  43  1
  91  43  1
  92  43  1
 178  43  1
 204  43  1
 206  43  1
 119  44  1
  54  45  1
  92  45  1
 147  45  1
 214  45  1
 215  45  1
  65  46  1
  70  46  1
  71  46  1
  85  46  1
  63  48  1
 205  48  1
  30  49  1
  31  49  1
  89  49  1
  93  49  1
  87  50  1
 116  50  1
 139  50  1
 180  50  1
 217  50  1
 218  50  1
  98  52  1
 124  52  1
 189  52  1
 193  52  1
 217  52  1
  36  53  1
  37  53  1
 118  54  1
 254  54  1
 255  54  1
 216  55  1
 196  56  1
 207  56  1
 212  56  1
 222  56  1
  84  57  1
 118  58  1
 139  58  1
 212  58  1
 194  59  1
  20  60  1
 185  60  1
 192  60  1
 258  60  1
 209  61  1
 168  62  1
 198  62  1
 217  62  1
 218  62  1
  60  63  1
  75  63  1
 116  63  1
  39  64  1
  40  64  1
  63  64  1
 167  64  1
  67  65  1
 209  65  1
 218  65  1
 219  65  1
  44  66  1
  63  66  1
  84  66  1
  85  66  1
 195  67  1
 206  67  1
  49  68  1
  11  69  1
 137  69  1
 138  69  1
 179  69  1
 180  69  1
 217  69  2
 226  69  1
 235  69  1
  60  70  1
  82  70  1
  84  70  1
 119  70  1
 140  70  1
  44  71  1
 114  71  1
 128  71  1
 133  71  1
 219  71  1
 230  71  1
  38  72  1
 233  72  1
   7  73  1
  57  73  1
 105  73  1
 109  73  1
 223  73  1
 224  73  1
  60  75  1
 142  75  1
  24  76  1
 101  76  1
 169  76  1
 233  76  1
  95  77  1
 178  77  1
 179  77  1
 225  77  1
  20  78  1
  21  78  1
 165  78  1
   9  80  1
  18  80  1
  20  80  1
   3  81  1
   4  81  1
  93  81  1
  94  81  1
  24  82  1
  32  83  1
  85  83  1
   2  84  1
   3  84  1
  34  84  1
 269  84  1
 270  84  1
  37  86  1
  84  86  1
  85  86  1
   7  87  1
   8  87  1
  20  87  1
  43  87  1
 133  89  1
  36  90  1
 190  90  1
 198  90  1
 202  90  1
  85  91  1
 181  91  1
 182  91  1
 186  91  1
  95  92  1
  87  93  1
  15  94  1
  79  94  1
   1  95  1
  42  95  1
  43  95  1
  97  95  1
  98  95  1
 107  95  1
  15  96  1
  32  96  1
  45  97  1
  24  98  1
 159  99  1
 166  99  1
 177  99  1
 178  99  1
  70 100  1
  72 100  1
  72 102  1
  66 103  1
 159 103  1
 167 103  1
 169 103  1
  85 104  1
  12 105  1
  13 105  1
  38 105  1
  74 105  1
  55 106  1
 176 106  1
  57 108  1
  11 109  1
  37 109  1
 183 109  1
  26 110  1
  78 110  1
 166 110  1
  58 112  1
   1 113  1
  10 113  1
  80 114  1
 170 114  1
 176 114  1
  66 115  1
 267 115  1
  29 116  1
  71 116  1
 188 116  1
 259 116  1
 261 116  1
  83 117  1
 250 117  1
  71 118  1
 261 118  1
  22 119  1
  67 119  1
 102 119  1
 193 119  1
 274 119  1
 275 119  1
 108 120  1
  29 121  1
 256 121  1
 257 121  1
  34 122  1
  80 122  1
 184 122  1
 263 123  1
 189 124  1
 190 124  1
 253 125  1
 255 125  1
  64 126  1
 104 126  1
 107 126  1
 186 126  1
 193 126  1
 264 126  1
  95 127  1
  90 128  1
  92 128  1
 250 128  2
 251 128  1
 252 128  1
  27 129  1
 119 129  1
 179 129  1
  49 130  1
  50 130  1
  51 130  1
 143 130  1
  35 131  1
 193 131  1
 194 131  1
   6 132  1
   7 132  1
 256 132  1
  23 133  1
  52 133  1
  53 133  1
 113 133  1
 187 133  1
  61 134  1
  92 134  1
 110 134  1
 111 134  1
 118 134  1
 137 134  1
 144 134  1
 182 134  1
 257 134  2
  13 135  1
  99 135  1
 123 135  1
 186 136  1
  48 137  1
  55 137  1
  66 137  1
 269 137  1
 278 138  1
  12 139  1
  37 139  1
 268 139  1
 269 139  1
 186 140  1
  23 141  1
  35 141  1
 104 141  1
 273 141  1
 195 142  1
  75 143  1
  91 144  1
  92 144  1
 184 144  1
  82 145  1
 111 145  1
 238 145  1
 269 145  1
  12 146  1
  60 146  1
  61 146  1
  74 146  1
  56 147  1
 238 147  1
 245 147  1
 281 147  1
 282 147  1
   5 148  1
   6 148  1
  10 148  1
 179 148  1
 188 148  1
 231 149  1
 232 149  1
 243 149  1
  64 150  1
 268 150  1
  55 151  1
  70 151  1
 172 151  1
 237 151  1
  43 152  1
  44 152  1
  52 152  1
  84 153  1
 237 153  1
  11 154  1
  46 154  1
  59 154  1
 170 154  1
 185 154  1
 186 154  1
 232 155  1
  48 156  1
 137 157  1
  16 159  1
 266 159  1
  73 160  1
  80 160  1
 171 160  1
  25 161  1
  26 161  1
 166 161  1
 167 161  1
  21 162  1
  30 162  1
  47 162  1
  48 162  1
 104 162  1
 112 162  2
 136 162  1
 157 162  1
 158 162  1
 117 163  1
 119 163  1
  34 164  1
 161 164  1
 162 164  1
  76 167  1
  21 168  1
  22 168  1
  32 168  1
 101 168  1
  28 169  1
 158 169  1
 139 171  1
 140 171  1
 139 174  1
  29 175  1
  38 177  1
  79 177  1
 141 177  1
 142 177  1
 155 178  1
  75 179  1
 151 180  1
  24 181  1
 278 181  1
 279 181  1
  45 182  1
   7 183  1
   8 183  1
  27 185  1
 152 185  1
  75 186  1
   8 187  1
   9 187  1
  67 187  1
  29 188  1
  30 188  1
  20 189  1
  25 189  1
 155 190  1
 159 191  1
 275 191  1
 276 191  1
  29 192  1
  30 192  1
  46 192  1
  68 192  1
 152 192  1
  11 193  1
  19 193  1
  20 193  1
  40 194  1
 161 195  1
  36 196  1
  68 197  1
  69 197  1
 161 197  1
  45 198  1
 154 198  1
 272 198  1
  17 199  1
  41 200  1
  70 202  1
  59 204  1
  68 204  1
 268 204  1
  37 205  1
  38 205  1
  51 205  1
  66 208  1
  71 208  1
 265 208  1
  26 209  1
  38 209  1
  42 209  1
  43 209  1
  55 209  1
  99 210  1
  47 211  1
  71 212  1
 147 212  1
 262 212  1
  60 213  1
  93 213  1
 142 213  1
  95 214  1
 110 214  1
 114 214  1
 119 214  1
  53 215  1
  60 215  1
  71 215  1
  90 215  1
  91 215  1
  42 216  1
 107 216  1
 259 216  1
  59 217  1
  71 217  1
  72 217  1
 133 217  1
  47 218  1
  48 220  1
  55 220  1
  67 221  1
 150 221  1
  59 222  1
  76 222  1
 152 222  1
 221 222  1
 225 222  1
  67 223  1
  90 223  1
  91 223  1
 104 224  1
  42 225  1
  80 225  1
  81 225  1
 167 225  1
 248 226  1
 170 227  1
  74 228  1
 217 228  1
 218 228  1
  78 229  1
 103 229  1
 104 229  1
 171 229  1
  51 230  1
 242 230  1
  90 231  1
 214 232  1
 240 232  1
 120 233  1
 124 233  1
  66 236  1
 101 238  1
  94 239  1
 209 240  1
 117 242  1
 205 242  1
 206 242  1
  99 244  1
 100 244  1
 105 246  1
 109 247  1
 127 250  1
 196 250  1
 192 253  1
 185 256  1
 187 256  1


count = 554