 139   1  1
 149   1  1
 150   1  1
 155   1  1
 115   4  1
 177   4  1
 112   5  1
 181   5  1
 109   6  1
 147   6  1
 102   8  1
 174   9  1
  97  10  1
 147  10  1
 148  10  1
 181  11  1
 197  11  1
 199  11  1
  91  12  1
 181  13  1
 182  13  1
  89  14  1
 148  14  1
 149  14  1
 175  14  1
 176  14  1
 154  16  1
 210  16  1
  84  17  1
 105  19  1
 157  20  1
 178  20  1
 180  20  1
  91  21  1
 102  21  1
 103  21  1
 110  21  1
  72  22  1
 219  22  1
  69  23  1
 113  23  1
  83  24  1
 154  24  1
 224  25  1
  55  26  1
  94  28  1
 101  28  1
 228  28  1
  70  29  1
 157  30  1
  72  31  1
  73  31  1
 118  32  1
 233  32  1
  40  33  1
  54  33  1
 121  35  1
  45  36  1
  51  36  1
 133  37  1
  85  38  1
  93  39  1
  97  41  1
 112  43  1
 113  43  1
  87  45  1
  88  45  1
  89  45  1
 109  46  1
 110  46  1
  26  47  1
 107  47  1
  89  49  1
 149  49  1
 105  50  1
 106  50  1
 133  51  1
  23  52  1
 121  52  1
 125  52  1
 151  52  1
 109  53  1
 116  54  1
 140  54  1
 113  55  1
  85  56  1
  86  56  1
 257  56  1
  76  57  1
  77  59  1
 153  59  1
  16  61  1
  82  61  1
  78  62  1
 152  62  1
 186  63  1
 187  63  1
 191  63  1
 193  63  1
 201  65  1
 266  66  1
  25  67  1
  31  67  1
 205  67  1
  80  68  1
  76  69  1
  77  69  1
  34  71  1
  11  73  1
  12  73  1
  21  73  1
 206  73  1
 207  73  1
 271  74  1
  10  76  1
  11  76  1
  16  76  1
  18  76  1
 170  76  1
 189  77  1
 193  77  1
 273  77  1
  31  78  1
 175  78  1
 205  80  1
 206  80  1
 178  82  1
  19  83  1
  20  83  1
 189  83  1
 184  84  1
 185  84  1
 180  85  1
 276  85  1
 277  85  1
   7  87  1
   8  87  1
  17  87  1
 188  87  1
 189  87  1
 170  88  1
  48  90  1
 172  91  1
   4  94  1
   5  94  1
  71  94  1
  47  95  1
  67  95  1
  73  96  1
 183  96  1
  67  97  1
 172  97  1
 187  98  1
  61  99  1
 246 100  1
 250 100  1
 168 102  1
   1 103  1
  68 104  1
  79 104  1
 181 105  1
  45 106  1
  47 106  1
 169 106  1
 178 106  1
  81 107  1
  85 108  1
  72 109  1
 103 109  1
 252 109  1
 253 109  1
 113 110  1
  93 111  1
  98 111  1
   5 113  1
   6 113  1
 169 113  1
   1 114  1
 255 115  1
 248 116  1
 276 116  1
 160 118  1
 248 118  1
 252 118  1
 269 118  1
   2 119  1
 258 120  1
 245 121  1
 272 121  1
   4 122  1
  25 122  1
  61 122  1
  69 122  1
 107 122  1
 115 122  1
 116 122  1
  33 123  1
  34 123  1
  37 123  1
  86 123  1
  99 123  1
 135 123  1
 239 123  1
 251 123  1
  22 124  1
  43 124  1
  44 124  1
 266 124  1
 117 125  1
  15 126  1
  55 126  1
  58 126  1
  73 126  1
 128 126  1
 272 126  1
 273 126  1
  44 127  1
  45 127  1
  71 127  1
 122 127  1
 175 127  1
 181 127  1
 182 127  1
 206 127  1
 231 127  1
 275 127  1
 128 128  1
 238 128  1
  22 129  1
  31 129  1
  38 129  1
  48 129  1
  65 129  1
  71 129  1
  90 129  1
 107 129  1
 119 129  1
 181 129  1
  15 130  1
  16 130  1
  84 130  1
  35 131  1
  54 131  1
  57 131  1
  73 131  1
 207 131  1
 211 131  1
  11 132  1
 220 132  1
  42 133  1
   4 134  1
   5 134  1
  22 134  1
  26 134  1
  52 134  1
  60 134  1
  62 134  1
  64 134  1
 171 134  1
 173 134  1
  68 135  1
 157 135  1
 158 135  1
 176 136  1
 281 136  1
 282 136  1
 163 137  1
  70 138  1
  78 138  1
 233 138  1
 234 138  1
 235 138  1
 176 140  1
 282 140  1
 283 140  1
 241 141  1
  91 143  1
 104 143  1
 112 144  1
  87 145  1
  88 145  1
 165 146  1
 244 147  1
  71 148  1
 180 150  1
 170 151  1
 171 151  1
 254 151  1
 261 151  1
  80 152  1
 188 152  1
  77 156  1
 190 156  1
  10 157  1
  11 157  1
 193 157  1
 186 158  1
 247 158  1
 282 158  1
 283 158  1
  70 160  1
  71 160  1
   5 161  1
   6 161  1
 281 161  1
 282 161  1
 175 162  1
 185 162  1
  12 164  1
 185 164  1
 237 165  1
 280 165  1
 281 165  1
 170 166  1
 178 167  1
  12 168  1
  27 168  1
 235 168  1
  30 170  1
 191 170  1
 220 170  1
  20 171  1
 196 171  1
 222 171  1
   7 172  1
   8 172  1
  12 172  1
  13 172  1
 177 172  1
 178 172  1
 191 175  1
 211 175  1
  14 179  1
 176 180  1
  71 181  1
  75 182  1
 210 182  1
 272 183  1
  16 184  1
  79 185  1
 205 185  1
 184 187  1
 198 188  1
  97 189  1
  18 190  1
 268 190  1
  21 191  1
 157 191  1
  13 192  1
 161 192  1
  96 194  1
  97 194  1
  24 195  1
 146 196  1
 151 196  1
 264 196  1
 157 197  1
  17 198  1
  26 200  1
  74 200  1
  75 200  1
  19 201  1
  94 201  1
 143 201  1
  89 203  1
  90 203  1
 220 204  1
 224 204  1
 112 206  1
  90 208  1
 135 208  1
 137 209  1
 230 209  1
  35 210  1
  79 210  1
  80 210  1
 146 210  1
 222 210  1
 110 211  1
 117 211  1
 119 211  1
  90 212  1
  91 212  1
  39 213  1
  40 213  1
 107 213  1
 224 213  1
 143 214  1
 150 214  1
 140 217  1
  36 218  1
 233 218  1
  86 220  1
  87 220  1
 134 220  1
 135 220  1
 148 220  1
  41 221  1
  99 222  1
 103 222  1
 126 222  1
 132 222  1
  44 223  1
  80 223  1
 153 223  1
 228 223  1
  49 226  1
  62 226  1
  68 226  1
  74 226  1
 116 226  1
 123 226  1
 150 226  1
  70 227  1
  86 228  1
 149 228  1
 126 229  1
 228 229  1
  88 230  1
  63 231  1
 145 231  1
 225 231  1
  66 232  1
  93 232  1
 110 232  1
 111 232  1
 126 233  1
  94 236  1
  76 237  1
  77 237  1
 125 237  1
 126 237  1
 141 237  1
 214 239  1
 106 242  1
  90 243  1
 206 243  1
 118 244  1
 124 244  1
 137 245  1
 198 246  1
 133 247  1
 134 247  1
 156 248  1
 106 250  1
 108 250  1
 152 250  1
 162 250  1
 110 251  1
 155 251  1
 156 251  1
 132 252  1
 146 253  1
 147 253  1
 119 254  1
 174 254  1
 169 255  1
 132 257  1


count = 458