 144   1  1
 165   1  1
 114   4  1
 194   4  1
 101   6  1
 144   6  1
  96   8  1
  92   9  1
 187   9  1
 205   9  1
 186  11  1
  81  12  1
 144  12  1
 145  12  1
 197  12  1
 111  13  1
 162  13  1
 166  13  1
 183  15  1
 184  15  1
 202  15  1
  95  16  1
 127  16  1
  87  17  1
  91  17  1
 115  17  1
 123  17  1
 125  17  1
 194  17  1
 219  17  1
  81  18  1
  97  19  1
 199  19  1
 213  20  1
  63  21  1
  86  21  1
  87  21  1
 166  21  1
 167  21  1
 102  23  1
 213  23  1
 214  23  1
  56  24  1
  82  24  1
  83  24  1
 161  24  1
 162  24  1
 197  24  1
 230  24  1
 117  25  1
 163  28  1
 237  29  1
 100  30  1
 133  30  1
 240  31  1
 137  32  1
  40  34  1
 161  34  1
 129  35  1
 169  35  1
 170  35  1
 126  37  1
 158  37  1
 159  37  1
 116  38  1
 139  39  1
 208  39  1
 135  40  1
 161  41  1
 116  42  1
 134  42  1
 140  42  1
  28  43  1
 225  43  1
 226  43  1
 164  46  1
 132  47  1
 133  47  1
 126  48  1
 127  48  1
 168  48  1
 216  49  1
 221  49  1
 133  51  1
 134  51  1
 140  51  1
 141  51  1
 205  51  1
  27  53  1
 213  53  1
  32  54  1
 128  54  1
 130  54  1
 125  58  1
 126  58  1
 213  58  1
 260  58  1
 261  58  1
 136  60  1
 198  60  1
  30  62  1
  19  63  1
  12  64  1
  30  65  1
  22  66  1
  27  67  1
  17  68  1
  21  71  1
  16  72  1
 268  73  1
  14  74  1
 178  75  1
 270  76  1
 192  77  1
 193  77  1
 240  77  1
 212  79  1
  29  80  1
 272  80  1
 242  81  1
  19  82  1
  20  82  1
 190  82  1
 208  82  1
 229  82  1
  13  83  1
  23  85  1
 234  85  1
 247  85  1
 248  85  1
 239  86  1
 240  86  1
   9  87  1
 210  87  1
 235  88  1
 236  88  1
 275  88  1
 276  88  1
 204  89  1
 205  89  1
 185  92  1
 211  93  1
 234  95  1
  72  96  1
  76  96  1
 175  97  1
  72  98  1
 233  99  2
 235  99  1
  71 100  1
  72 100  1
 210 100  1
 211 100  1
 219 100  1
 220 100  1
 230 100  1
 158 101  1
 206 101  1
 207 101  1
 208 101  1
 224 101  1
  82 102  1
 224 103  1
 123 104  1
 166 104  1
 220 104  1
 161 105  1
  76 106  1
  87 106  1
  97 107  1
 203 107  1
 118 108  1
  74 109  1
 157 109  1
  98 110  1
 121 110  1
 152 111  1
  86 114  1
   2 115  1
   3 115  1
 130 115  1
 131 115  1
 146 115  1
  10 117  1
 272 117  1
 131 118  1
 138 118  1
 268 118  1
  13 119  1
  84 119  1
  91 119  1
   4 120  1
   5 120  1
  36 120  1
  37 120  1
 131 120  1
 161 120  1
  81 121  1
 249 121  1
  27 122  1
 160 122  1
  30 123  1
  64 123  1
 261 123  1
  52 124  1
  66 124  1
 144 124  1
  90 125  1
  91 125  1
  97 125  1
  98 125  1
 246 125  1
  36 126  1
 100 126  1
 186 126  1
 251 126  1
  72 127  1
  73 127  1
  93 127  1
 109 127  1
 128 127  1
 134 127  1
 136 127  1
 197 127  1
 200 127  1
 262 127  1
 274 127  1
  18 128  1
 214 128  1
  23 129  1
 239 130  1
 261 130  1
  44 131  1
  53 131  1
 138 131  1
 139 131  1
 144 131  1
 147 131  1
  73 132  1
 213 132  1
  13 133  1
  35 133  1
 187 133  1
  25 134  1
  39 134  1
  77 134  1
  94 134  1
 198 134  1
 252 134  1
 274 134  1
 133 135  1
 270 135  1
  79 136  1
  89 136  1
 138 136  1
 192 136  1
  92 137  1
 109 137  1
 280 137  1
 281 137  1
  39 138  1
 271 139  1
 272 139  1
 192 140  1
 139 141  1
 147 141  1
 166 141  1
 267 141  1
 268 141  1
  92 142  1
 102 142  1
 161 142  1
 239 142  1
   8 143  1
 150 143  1
 234 143  1
   1 144  1
   2 144  1
  89 144  1
  95 144  1
 136 144  1
  84 145  1
 155 145  1
 132 146  1
 133 146  1
  94 147  1
 193 147  1
  82 148  1
 151 148  1
 271 148  1
 101 149  1
 127 149  1
 128 149  1
 244 150  1
 245 150  1
  81 151  1
 198 151  1
 203 151  1
 255 151  1
  77 152  1
 230 152  1
 231 152  1
  83 153  1
  84 153  1
 126 154  1
 130 154  1
 202 154  1
  92 156  1
  93 156  1
 164 156  1
 263 156  1
  98 157  1
 243 157  1
 247 157  1
  78 158  1
  89 159  1
 100 159  1
 105 159  1
 253 159  1
 191 161  1
 242 161  1
  87 162  1
  88 162  1
 122 162  1
 164 162  1
 281 163  1
 282 163  1
 149 164  1
 163 164  1
 164 164  1
 235 164  1
 152 165  1
  93 166  1
 154 166  1
 249 166  1
 280 166  1
 281 166  1
 127 167  1
 247 167  1
 158 168  1
 225 168  1
 162 170  1
 229 170  1
  15 171  1
 248 171  1
 127 172  1
 229 172  1
 114 173  1
 118 173  1
 250 173  1
  12 174  1
 233 175  1
 253 176  1
   5 177  1
   6 177  1
 175 177  1
 176 177  1
 203 177  1
 204 177  1
 261 178  1
 200 179  1
   6 180  1
   7 180  1
 182 180  1
 274 181  1
 275 181  1
 206 182  1
 189 183  1
 202 184  1
 203 184  1
  26 186  1
  32 186  1
 266 186  1
 272 187  1
 273 187  1
  28 192  1
  30 192  1
  22 195  1
  55 199  1
 175 201  1
 181 201  1
  46 205  1
  49 205  1
 147 205  1
 151 205  1
 173 205  1
 221 205  1
 263 205  1
 166 207  1
  70 209  1
 261 209  1
 180 210  1
 181 210  1
  30 211  1
  41 211  1
  67 211  1
 146 211  1
 164 211  1
 259 212  1
  65 214  1
 175 214  1
  35 215  1
  47 215  1
 179 215  1
 159 216  1
 168 216  1
  62 217  1
 176 217  1
 174 218  1
 232 218  1
 233 218  1
  65 219  1
  66 219  1
 143 219  1
 144 219  1
 170 219  1
 233 220  1
 171 221  1
  60 222  1
 146 222  1
 234 222  1
 252 222  1
  48 223  1
  66 223  1
  73 223  1
 125 223  1
 185 223  1
 193 225  1
  86 226  1
  89 226  1
 184 226  1
 185 226  1
 231 226  2
 232 226  1
  70 227  1
 161 227  1
  58 228  1
 104 228  1
 166 229  1
 167 229  1
 246 229  1
 104 230  1
 190 230  1
 191 230  1
  63 231  1
 146 231  1
 112 233  1
 148 233  1
 174 234  1
 191 234  1
 192 234  1
 106 235  1
 176 235  1
  83 236  1
 143 236  1
 144 236  1
 102 237  1
 192 237  1
 193 237  1
 130 238  1
 178 238  1
 233 238  1
  88 239  1
  81 241  1
  82 241  1
 169 241  1
 170 241  1
 176 241  1
 112 243  1
  87 244  1
 113 245  1
 148 246  1
 149 246  1
 169 246  1
 170 246  1
  98 247  1
 102 248  1
 199 248  1
 193 249  1
 194 249  1
 217 249  1
 144 251  1
 149 251  1
 174 251  1
 122 252  1
 208 252  1
 129 254  1
 199 255  1
 184 257  1


count = 489