 154   1  1
 179   4  1
 184   5  1
 114   6  1
 189   6  1
 104   9  1
 129   9  1
 134   9  1
 139   9  1
 101  10  1
 164  10  1
 169  10  1
 179  12  1
 170  13  1
 207  13  1
 184  14  1
  85  15  1
 119  15  1
 135  15  1
 137  15  1
 169  15  1
 170  15  1
 179  15  1
 180  15  1
 123  16  1
  92  17  1
 130  17  1
 169  17  1
  72  18  1
 169  19  1
 170  19  1
 198  19  1
 101  20  1
 102  20  1
 110  20  1
 205  20  1
  93  21  1
 137  21  1
  97  22  1
 202  22  1
 222  22  1
  61  23  1
  64  23  1
 131  23  1
  58  24  1
  82  24  1
  88  24  1
  91  24  1
 109  24  1
 176  24  1
  71  25  1
 126  25  2
 172  25  1
 197  25  1
 201  25  1
  95  26  1
 227  26  1
  67  27  1
  49  28  1
 110  28  1
 165  28  1
 179  28  1
  60  29  1
 104  29  1
 107  29  1
  65  30  1
  66  30  1
 112  31  1
 200  31  1
 116  32  1
 121  32  1
 160  33  1
 161  33  1
  53  34  1
  60  34  1
 175  34  1
 158  35  1
  63  38  1
 198  38  1
 199  38  1
 203  38  1
  43  39  1
 149  39  1
 169  41  1
  42  42  1
  43  42  1
  66  43  1
  67  43  1
 162  43  1
 163  43  1
 149  44  1
 172  45  1
  28  46  1
 150  46  1
  36  47  1
  40  47  1
  64  47  1
  65  47  1
  69  47  1
 144  47  1
 162  48  1
 186  48  1
 187  48  1
 196  48  1
 197  48  1
 147  49  1
 207  49  1
  75  50  1
  82  51  1
 166  51  1
 167  51  1
 195  51  1
 196  51  1
 253  51  1
 157  52  1
  85  53  1
 152  53  1
 188  53  1
 245  53  1
 147  54  1
 148  54  1
 160  54  1
 161  54  1
 194  54  1
  20  55  1
 185  55  1
 243  55  1
 181  56  1
  89  57  1
 227  57  1
 239  57  1
  89  59  1
 247  59  1
  17  60  1
  86  60  1
 155  60  1
 156  60  1
 179  60  1
  64  61  1
  75  61  1
 152  61  1
 223  61  1
 241  61  1
 245  61  1
 160  63  1
 161  63  1
 174  63  1
 175  63  1
  13  65  1
 149  65  1
  20  66  1
  47  66  1
  91  66  1
 165  66  1
  29  67  1
  56  67  1
  58  67  1
  85  67  1
 133  67  1
 226  67  1
 262  67  1
 263  67  1
  11  69  1
  29  69  1
 263  70  1
 264  70  1
  29  71  1
  45  72  1
 135  72  1
  26  73  2
  32  74  1
  32  76  1
  33  76  1
  44  76  1
  39  77  1
  13  80  1
   5  81  1
   6  81  1
   4  84  1
   5  84  1
  11  85  1
  12  85  1
 215  85  1
 216  85  1
 231  85  1
  20  86  1
 211  88  1
 212  88  1
 234  88  1
 238  89  1
 223  90  1
 209  91  1
 257  91  1
 171  94  1
 213  94  1
 216  94  1
 223  94  1
 190  95  1
 139  96  1
 147  96  1
 221  96  1
 152  97  1
 153  97  1
 183  97  1
 210  98  1
 175  99  1
 176  99  1
 234  99  1
 257  99  1
 262  99  1
  58 100  1
 232 100  1
 164 101  1
 186 101  1
  72 102  1
 157 102  1
 263 102  1
 241 103  1
 265 103  1
  60 104  1
 157 104  1
 171 104  1
 228 104  1
 255 104  1
 236 105  1
  67 106  1
  98 106  1
 145 106  1
 147 106  1
 205 106  1
 225 106  1
 241 106  1
 142 107  1
 212 107  1
 104 108  1
 204 108  1
 260 108  1
 131 109  1
 132 109  1
 155 109  1
 156 109  1
 157 109  1
 166 109  1
  99 110  1
 178 110  1
 262 110  1
 263 110  1
 134 111  1
 225 111  1
 226 111  1
   1 112  1
  72 112  1
  95 113  1
 167 113  1
 173 113  1
 199 113  1
 218 113  1
 249 113  1
  72 114  1
 151 114  1
 163 114  1
 211 114  1
 262 114  1
 263 114  1
 143 115  1
 144 115  1
 233 115  1
 253 115  1
 130 116  1
 150 116  1
 205 116  1
 206 116  1
  80 117  1
  85 117  1
 212 117  1
   1 118  1
  77 118  1
  94 118  1
 221 118  1
 260 118  1
 100 119  1
 104 119  1
 253 119  1
 137 120  1
 161 120  1
 196 120  1
 218 120  1
  31 121  1
 155 121  1
 247 121  1
  25 122  1
  38 122  1
  45 122  1
  86 122  1
 146 122  1
 160 122  1
 161 122  1
 202 122  1
 224 122  1
  33 123  1
 198 123  1
 213 123  1
 214 123  1
 246 123  1
  24 124  1
  51 124  1
 104 124  1
 131 124  1
 132 124  1
 230 124  1
 275 124  1
 279 124  1
 280 124  1
 126 125  1
 257 125  1
 170 126  1
 176 126  1
 264 126  1
 269 126  1
 272 126  1
   4 127  1
  39 127  1
  40 127  1
  45 127  1
 254 127  1
 197 128  1
 230 128  1
 184 129  1
 214 129  1
 244 129  1
 251 129  1
  52 130  1
  53 130  1
  88 130  1
 170 130  1
 176 130  1
 202 130  1
 216 130  1
 240 130  1
  35 131  1
 186 131  1
 218 131  1
 222 131  1
 228 131  1
 263 131  1
 198 132  1
 212 132  1
 235 132  1
 146 133  1
 252 133  1
  31 134  1
  32 134  1
  33 134  1
  47 134  1
 119 134  1
 129 134  1
 142 134  1
 179 134  1
 198 134  1
 200 134  1
 244 134  1
 256 134  1
 275 134  1
 276 134  1
  28 135  1
  43 135  1
 133 135  1
 175 135  1
 242 135  1
 128 136  1
 213 136  1
 218 136  1
 223 136  1
 228 136  1
  11 137  1
 109 137  1
 169 137  1
 189 137  1
 258 137  1
 268 137  1
 132 138  1
 133 138  1
 220 138  1
 262 138  1
 148 139  1
 196 139  1
 231 139  1
 232 139  1
  37 140  1
 212 140  1
   9 141  1
  80 141  1
  97 141  1
 127 141  1
 134 141  1
 144 141  1
 274 141  1
  89 142  1
  74 143  1
  82 143  1
 268 143  1
 145 144  1
 195 144  1
 212 144  1
  64 145  1
  85 145  1
  86 145  1
 131 145  1
 132 145  1
 136 145  1
 219 145  1
 230 145  1
 235 145  1
  71 146  1
  73 146  1
 222 146  1
 247 146  1
   8 147  1
 138 147  2
 151 147  1
 204 148  1
 205 148  1
 118 149  1
 119 149  1
 232 149  1
 233 149  1
 261 149  1
 160 150  1
 161 150  1
 208 150  1
 220 150  1
 256 150  1
 106 151  1
 107 151  1
 115 151  1
 262 151  1
 123 152  1
 141 152  1
 239 152  1
 218 153  1
 226 153  1
 262 153  1
  13 154  1
  99 154  1
 117 154  1
 147 154  1
 224 154  1
 171 155  1
 262 155  1
  14 156  1
  57 156  1
  58 156  1
  97 156  1
 231 157  1
 106 158  1
 153 158  1
 175 158  1
 255 158  1
 136 159  1
 145 159  1
 158 159  1
 179 160  1
 218 160  1
  92 161  1
 231 161  1
  16 162  1
  58 162  1
  59 162  1
 209 162  1
 181 163  1
 182 163  1
 227 163  1
 103 164  1
 104 164  1
 105 164  1
 170 165  1
 227 165  1
 252 165  1
 248 166  1
 172 167  1
 257 167  1
  26 168  1
  27 168  1
  28 168  1
 175 168  1
 225 168  1
 236 168  1
 178 169  1
 243 169  1
 252 169  1
 265 169  1
 266 169  1
  35 170  1
 231 170  1
 247 170  1
 254 170  1
 181 171  1
 249 172  1
  12 173  1
  21 173  1
 186 173  1
 225 173  1
  37 174  1
 190 174  1
 193 174  1
 258 174  1
  35 175  1
  23 176  1
  26 177  1
  17 180  1
 280 180  1
 281 180  1
 224 181  1
 228 181  1
  24 182  1
  24 184  1
 240 184  1
 236 185  1
 230 186  1
 249 187  1
 253 187  1
 278 187  1
 279 187  1
  26 188  1
 255 188  2
  34 189  1
 246 190  1
 277 190  1
 278 190  1
 242 192  1
 251 192  1
  35 193  1
 249 195  1
 250 195  1
 234 198  1
 239 200  1
 255 200  1
 248 201  1
 254 202  1
 201 203  1
 242 203  1
 246 204  1
  41 206  1
 209 207  1
 222 207  1
 224 207  1
 218 208  1
 219 208  1
  42 209  1
  87 209  1
  91 209  1
  92 209  1
 204 209  1
 167 210  1
 168 210  1
 177 210  1
 202 210  1
 228 210  1
 229 210  1
 112 212  1
 171 212  1
 107 213  1
  38 214  1
  86 214  1
  91 214  1
 112 214  1
 206 214  1
 195 215  1
 200 215  1
 201 215  1
 114 216  1
 115 216  1
 171 216  1
 172 216  1
 206 216  1
  42 218  1
  84 218  1
  85 218  1
 136 218  1
  44 219  1
  90 219  1
 103 219  1
 194 219  1
 211 219  1
 228 220  1
 118 221  1
 197 221  1
  88 222  1
 126 222  1
 175 222  1
 176 222  1
 171 223  1
  68 224  1
  83 224  1
 230 224  1
  72 225  1
 108 225  1
 171 225  1
  86 227  1
 178 227  1
 254 227  1
  74 229  1
 138 229  1
 174 229  1
  80 230  1
  86 230  1
 102 230  1
 103 230  1
  67 231  1
  97 231  1
 107 231  1
 108 231  1
 137 231  1
  82 232  1
 175 233  1
 243 235  1
 151 236  1
 159 237  1
  90 238  1
  91 238  1
 100 238  1
 101 238  1
 240 238  1
 104 239  1
 236 239  1
  82 241  1
  83 241  1
  86 242  1
 230 242  1
 228 243  1
 103 244  1
 147 244  1
 148 244  1
 184 244  1
 185 244  1
 108 246  1
 158 246  1
 220 246  1
 222 246  1
 111 247  1
 214 249  1
 215 249  1
 171 250  1
 181 250  1
 166 251  1
 129 252  1
 156 252  1
 132 253  1
 137 254  1
 198 254  1
 146 256  1
 151 257  1


count = 652