 144   1  1
 149   1  1
 152   1  1
 157   1  1
 167   1  1
 177   2  1
 179   3  1
 181   3  1
 134   4  1
 188   7  1
 117  11  1
 195  11  1
 104  15  1
 202  16  1
  94  18  1
 195  20  1
  88  21  1
  89  21  1
 199  23  1
 191  26  1
 197  26  1
  78  28  1
 196  28  1
 219  29  1
  84  31  1
  45  36  1
 226  36  1
 229  36  1
 232  37  1
  83  39  1
  84  39  1
 127  40  1
  65  41  1
 114  41  1
  48  42  1
 106  42  1
  89  43  1
  43  44  1
  45  44  1
  29  45  1
  75  45  1
 122  45  1
 125  45  1
  36  46  1
  37  46  1
  92  46  1
 130  46  1
 131  46  1
 242  48  1
  73  49  1
  74  49  1
  88  49  1
  90  49  1
 234  50  1
  83  51  1
 121  51  1
  22  52  1
 124  52  1
 104  53  1
 126  53  1
 236  53  1
 237  53  1
 238  53  1
  27  55  1
  28  55  1
  87  55  1
 130  56  1
  80  57  1
  81  57  1
 140  57  1
  24  58  1
  71  59  1
 176  59  1
 178  59  1
  77  61  1
 172  61  1
 189  61  1
 169  62  1
 170  62  1
  12  63  1
 192  63  1
 193  63  1
  90  64  1
 101  64  1
 184  64  1
  11  65  1
 201  65  1
  80  66  1
  93  66  1
 101  66  1
 169  66  1
  87  67  1
 173  68  1
 190  68  1
  86  69  1
  82  70  1
 192  70  1
 254  70  1
 113  71  1
 180  71  1
 248  71  1
 249  71  1
   7  73  1
   8  73  1
 109  73  1
 181  73  1
 188  73  1
 255  75  1
 256  75  1
 191  77  1
 213  77  1
 185  78  1
 270  78  1
   3  79  1
  91  79  1
 185  80  1
 189  80  1
 257  80  1
 179  81  1
 182  82  1
 272  82  1
  91  83  1
 259  83  1
 176  84  1
  92  85  1
   4  86  1
   5  86  1
 249  86  1
  88  88  1
  89  88  1
 246  89  1
  84  90  1
 172  90  1
  91  91  1
 150  91  1
 258  91  1
 259  91  1
  96  92  1
  82  93  1
  94  93  1
 204  94  1
 205  94  1
  10  96  1
 201  96  1
 262  97  1
 153  98  1
 158  98  1
 271  98  1
 173 100  1
  13 102  1
 159 102  1
 160 102  1
 198 103  1
  17 104  1
  70 104  1
  71 104  1
 160 104  1
 194 104  1
   2 105  1
   3 105  1
 174 106  1
 180 106  1
  72 107  1
 155 107  1
  11 108  1
 161 108  1
 162 108  1
 165 108  1
 190 108  1
  73 109  1
   1 110  1
  76 110  1
 178 112  1
   8 113  1
  21 113  1
  23 113  1
  80 113  1
 199 113  1
 160 114  1
 193 114  1
 194 114  1
  81 115  1
 165 115  1
 197 115  1
  85 116  1
  94 116  1
 104 116  1
 271 116  1
  16 117  1
 190 117  1
 206 117  1
   1 118  1
 151 118  1
 152 118  1
 154 118  1
 166 118  1
 167 118  1
 211 118  1
 212 118  1
 231 118  1
 233 118  1
  16 119  1
 192 119  1
 201 119  1
 229 119  1
  24 121  1
 178 121  1
 264 121  1
 265 121  1
 168 122  1
 225 122  1
  11 123  1
 149 123  1
 193 123  1
 221 123  1
 250 123  1
 112 124  1
 189 124  1
 234 124  1
 206 126  1
  20 127  1
  55 127  1
  88 127  1
 152 127  1
 161 127  1
 166 127  1
 219 127  1
 255 127  1
  13 128  1
  86 128  1
 156 128  1
 227 128  1
 228 128  1
  15 129  1
  17 129  1
  34 129  1
  27 130  1
  42 130  1
  63 130  1
 238 130  1
 239 130  1
   2 131  1
  24 131  1
  66 131  1
 104 131  1
 252 131  1
  20 132  1
 112 132  1
 152 132  1
 156 132  1
 162 132  1
 261 132  1
 228 133  1
 234 133  1
 252 133  1
  65 134  1
  85 134  1
 148 134  1
 230 134  1
 262 134  1
 263 134  1
 264 134  1
  67 135  1
 115 135  1
 251 135  1
  92 136  1
 105 136  1
 148 136  1
 210 136  1
 258 136  1
 259 136  1
 222 137  1
 223 137  1
 248 137  1
 249 137  1
 254 137  1
 256 137  1
 150 138  1
 167 138  1
 152 139  1
  10 140  1
  93 140  1
 154 140  1
 156 140  1
 246 140  1
 253 140  1
 268 141  1
 106 142  1
 246 142  1
  11 143  1
  99 143  1
 278 143  1
  84 144  1
  85 144  1
 101 144  1
 250 144  1
 260 144  1
 166 145  1
 190 146  1
 237 146  1
 238 146  1
  12 147  1
  79 147  1
 242 147  1
 182 148  1
 188 148  1
 162 149  1
 165 151  1
 260 152  1
 281 152  1
 282 152  1
  72 153  1
 256 153  1
  87 154  1
 142 154  2
 144 154  1
 233 154  1
 235 154  1
 239 154  1
 254 154  1
   4 156  1
   5 156  1
 231 156  1
 261 156  1
  70 157  1
 265 157  1
   4 158  1
  84 158  1
  95 158  1
 255 158  1
 152 159  1
 174 159  1
 175 159  1
 274 159  1
   3 160  1
   4 160  1
 169 160  1
 264 160  1
  71 161  1
  81 161  1
  93 161  1
  12 162  1
  13 162  1
 168 162  1
 180 162  1
 100 163  1
  90 164  1
 186 164  1
 274 164  1
 102 165  1
 155 165  1
 248 165  1
 243 166  1
 244 166  1
  13 167  1
 168 167  1
 169 167  1
 173 167  1
 268 168  1
 168 169  1
   5 170  1
   6 170  1
 184 170  1
 191 170  1
 246 170  1
 167 171  1
 179 171  1
 258 172  1
 263 172  1
  84 173  1
 245 173  1
 281 173  1
 282 173  1
  84 175  1
 185 176  1
 233 176  1
 190 177  1
 203 177  1
 264 178  1
 176 179  1
 177 179  1
 183 179  1
 191 179  1
 239 179  1
 240 179  1
  73 180  1
 158 180  1
 159 180  1
 206 180  1
 221 180  1
 237 180  1
 260 180  1
 266 180  1
 267 180  1
  91 181  1
 166 181  1
 218 181  1
 271 181  1
   6 182  1
   7 182  1
  96 182  1
 164 183  1
 193 183  1
  73 184  1
 184 184  1
 185 184  1
 199 184  1
  66 185  1
 174 185  1
 175 185  1
 204 185  1
 205 185  1
 232 185  1
  71 186  1
 274 187  1
 220 189  1
 173 190  1
 188 190  1
 266 190  1
  66 191  1
  67 191  1
 215 191  1
 190 192  1
 177 193  1
 206 194  1
  70 195  1
  73 195  1
 182 196  1
 267 196  1
  12 197  1
  77 198  1
 199 198  1
 138 200  1
 139 200  1
  67 201  1
  68 201  1
  89 201  1
  91 201  1
 263 201  1
  72 202  1
  85 202  1
  87 202  1
 144 202  1
  80 204  1
  96 204  1
  97 204  1
  22 205  1
 130 205  1
 132 205  1
 143 206  1
  93 207  1
  28 208  1
 138 210  1
  87 211  1
  88 211  1
 208 211  1
 209 211  1
  31 212  1
  67 213  1
 113 213  1
 131 213  1
 133 213  1
 250 213  1
  73 214  1
 217 214  1
 100 215  1
 101 215  1
  38 216  1
 219 217  1
 117 218  1
 118 218  1
 109 219  1
 110 219  1
 214 219  1
 215 219  1
  85 220  1
  98 220  1
  68 221  1
 105 221  1
 106 221  1
 113 221  1
  97 222  1
 241 222  1
  89 223  1
 103 223  1
 104 223  1
 105 223  1
 217 223  1
 223 223  1
 111 225  1
  86 226  1
  98 226  1
 110 227  1
  91 228  1
 221 229  1
  79 230  1
 129 230  1
 103 231  1
 229 232  1
  84 233  1
  85 233  1
 102 233  1
 224 235  1
 225 235  1
  93 236  1
 125 237  1
 130 237  1
 123 239  1
 124 239  1
 125 239  1
 121 240  1
 103 241  1
 105 241  1
 127 241  1
 128 241  1
 217 241  1
 113 243  1
 116 244  1
 213 244  1
 125 247  1
 205 247  1
 207 247  1
 200 249  1
 133 250  1
 197 250  1
 136 251  1
 195 251  1
 143 253  1
 152 255  1
 155 256  1


count = 530