 178   1  1
 186   1  1
 196   2  1
 150   3  1
 204   4  1
 135   8  1
 213   9  1
 131  10  1
 132  10  1
 128  12  1
 151  12  1
 123  14  1
 158  15  1
 159  15  1
 118  16  1
 115  17  1
 112  18  1
 232  18  1
 107  20  1
 235  20  1
 104  21  1
 160  22  1
 161  22  1
 238  22  1
  98  23  1
  94  25  1
  95  25  1
 153  25  1
 231  26  1
 243  26  1
 141  27  1
 147  27  1
 151  27  1
 152  27  1
 153  27  1
 103  28  1
 228  28  1
  97  29  1
  98  29  1
 149  29  1
 220  29  1
  88  30  1
 236  30  1
  99  32  1
 120  32  1
 158  32  1
  66  33  1
 115  33  1
 116  33  1
  63  34  1
 150  34  1
 156  34  1
 233  34  1
  93  35  1
 162  35  1
  85  36  1
  95  36  1
  97  36  1
 123  36  1
  56  37  1
 254  38  1
  76  39  1
  77  39  1
 232  39  1
  67  40  1
  94  40  1
 230  40  1
  84  41  1
 127  41  1
 128  41  1
  58  43  1
  59  43  1
 213  43  1
 257  43  1
  42  45  1
  70  45  1
 120  45  1
 121  45  1
 140  46  1
  50  47  1
  54  47  1
  55  47  1
 124  47  1
 125  47  1
 126  47  1
 132  47  1
 105  49  1
 120  49  1
 132  49  1
 211  49  1
 212  49  1
 138  50  1
  33  51  1
 103  51  1
 141  51  1
 153  51  1
 192  51  1
 111  52  1
 211  52  1
  51  53  1
  52  53  1
 171  53  1
 172  53  1
 207  54  1
  35  55  1
  36  55  1
  87  55  1
 151  55  1
 197  55  1
 202  56  1
 203  56  1
 151  57  1
 152  57  1
  37  58  1
 158  58  1
 247  58  1
 252  58  1
 253  58  1
  31  59  1
  32  59  1
  54  59  1
  55  59  1
  58  59  1
 243  59  1
  73  60  1
 173  60  1
 197  60  1
 243  61  1
  33  62  1
 178  62  1
 179  62  1
 247  62  1
  39  63  1
  57  63  1
  59  63  1
  71  63  1
  72  63  1
  80  63  1
  81  63  1
 103  63  1
 104  63  1
 237  63  1
 243  63  1
 268  64  1
 269  64  1
  19  66  1
 144  66  1
 146  66  1
 160  66  1
 108  67  1
  45  69  1
 177  69  1
  16  71  1
 175  71  1
 177  71  1
 160  72  1
 161  72  1
  63  73  1
 185  73  1
 195  73  1
 205  74  1
 207  74  1
  49  76  1
 250  76  1
 274  76  1
  41  77  1
  45  77  1
 188  77  1
  74  79  1
  11  80  1
  12  80  1
  16  80  1
  17  80  1
 183  81  1
 224  81  1
  10  82  1
  37  83  2
  38  83  1
  44  83  1
 194  83  1
 195  83  1
 203  83  1
 220  83  1
 188  84  1
 255  84  1
  14  85  1
 191  86  1
 224  86  1
 177  88  1
 178  88  1
 179  88  1
  22  89  1
  92  89  1
  99  89  1
 174  89  1
 183  89  1
 184  89  1
 198  89  1
 239  89  1
 265  90  1
  10  91  1
  11  91  1
 101  91  1
 209  91  1
 241  91  1
   5  92  1
   6  92  1
  25  92  1
  27  92  2
 106  92  1
 195  92  1
 205  92  1
 250  92  1
 180  93  1
 253  93  1
  12  94  1
  25  94  1
  86  94  1
 269  94  1
 273  94  1
  15  95  1
 172  95  1
  24  96  1
  73  96  1
  79  96  1
  97  96  1
 192  96  1
 260  96  1
  11  97  1
  34  97  1
 102  99  1
 188  99  1
  72 100  1
 266 100  1
  14 101  1
  70 101  1
  76 101  1
  77 101  1
   2 102  1
   3 102  1
 266 102  1
  70 103  1
 172 103  1
 185 103  1
 168 104  1
 267 104  1
  70 105  1
   1 106  1
   2 106  1
  25 106  1
 183 107  1
  10 108  1
  44 108  1
  50 108  1
 160 108  1
 161 108  1
 199 109  1
 200 109  1
  21 110  1
  89 110  1
   1 111  1
 157 111  1
 197 111  1
 203 111  1
 271 111  1
 276 111  1
  19 112  1
 143 112  1
 144 112  1
 145 112  1
 149 112  1
 194 112  1
 195 112  1
 126 113  1
 100 114  1
 128 114  1
 195 114  1
 203 115  1
 204 115  1
 208 115  1
  19 116  1
 195 116  1
  12 117  1
  13 117  1
  61 117  1
  80 117  1
  81 117  1
 197 117  1
  54 118  1
 128 118  1
 215 118  1
 125 119  1
 197 119  1
 202 119  1
 142 120  1
 143 120  1
   1 121  1
 119 121  1
 197 121  1
 217 121  1
  10 122  1
  70 122  1
 201 122  1
  86 123  1
 123 123  1
  90 124  1
 193 124  1
 233 125  1
 275 125  1
 276 125  1
 277 125  1
   4 126  1
   8 126  1
  33 126  1
 217 126  1
 272 126  1
 112 127  1
 202 127  1
 262 127  1
  14 128  1
  78 128  1
  79 128  1
  80 128  1
  84 128  1
 199 128  1
 108 129  1
 119 130  1
  22 131  1
  38 131  1
  53 131  1
  66 131  1
 190 131  1
 208 131  1
 221 131  1
  36 132  1
 119 132  1
 206 132  1
 215 132  1
 243 132  1
 251 132  1
  49 133  1
 100 133  1
 110 133  1
  15 134  1
  79 134  1
  80 134  1
  84 134  1
 125 134  1
 203 134  1
  13 135  1
  94 135  1
 274 135  1
 275 135  1
  19 136  1
  28 136  1
  32 136  1
  34 136  1
  51 136  1
  91 137  1
 118 137  1
  46 138  1
  59 138  1
 189 138  1
 201 138  1
   4 139  1
  24 139  1
  80 139  1
  90 139  1
 131 139  1
  15 140  1
 123 140  1
 124 140  1
 196 140  1
  24 141  1
  28 142  1
 140 142  1
 196 142  1
 127 143  1
  71 144  1
 111 144  1
   8 145  1
  22 145  1
  56 145  1
  58 145  1
 202 145  1
  14 146  1
 152 146  1
 197 146  1
  12 147  1
 131 147  1
  96 148  1
 158 148  1
 179 148  1
 180 148  1
 173 149  1
 175 149  1
 176 149  1
  61 150  1
 111 150  1
 120 150  1
 180 150  1
 140 151  1
 141 151  1
 168 151  1
 180 152  1
 101 154  1
 177 154  1
  74 155  1
  75 155  1
  93 155  1
  94 155  1
 172 155  1
 137 156  1
 141 157  1
   9 158  1
 277 158  1
 278 158  1
  79 159  1
 268 159  1
 271 159  1
 145 161  1
 276 161  1
 277 161  1
  81 162  1
 168 163  1
  80 165  1
 157 165  1
 158 165  1
 195 165  1
 161 166  1
  75 167  1
 163 167  1
  11 168  1
 264 170  1
  33 171  1
  73 172  1
  81 172  1
  83 172  1
  21 174  1
  40 174  1
 196 174  1
 197 174  1
 176 175  1
  14 177  1
  16 177  1
 193 177  1
 195 177  1
 223 180  1
 225 180  1
  10 182  1
  16 182  1
 223 182  1
 231 183  1
 248 184  1
 227 185  1
 231 185  1
 239 185  1
 250 185  1
 253 186  1
  73 188  1
 224 188  1
  60 189  1
  14 190  1
  17 195  1
  73 196  1
  74 196  1
 260 200  1
  75 201  1
  73 204  1
 105 204  1
  71 205  1
  28 207  1
  29 209  1
  67 211  1
  68 211  1
  69 211  1
 108 211  1
 109 211  1
 252 213  1
  72 214  1
  92 214  1
 101 214  1
 109 214  1
 135 215  1
 135 217  1
  68 218  1
  97 218  1
  41 219  1
  52 219  1
  90 219  1
  91 219  1
 101 219  1
 106 220  1
 131 220  1
  58 221  1
  99 222  1
  86 223  1
  87 223  1
  94 223  1
  63 225  1
 107 226  1
 112 226  1
 126 226  1
 127 226  1
  90 227  1
 238 227  1
  86 228  1
  95 228  1
  99 228  1
 112 228  1
  60 230  1
 233 231  1
  90 233  1
 101 233  1
  95 234  1
  96 234  1
 227 235  1
  74 236  1
  88 237  1
 118 237  1
 223 237  1
 224 237  1
  79 238  1
  92 239  1
  94 240  1
 102 241  1
 143 241  1
 144 241  1
 162 242  1
 164 242  1
  86 243  1
 115 243  1
  95 244  1
 130 245  1
 101 246  1
 127 246  1
 208 246  1
 209 246  1
 106 248  1
 168 249  1
 141 250  1
 119 251  1
 159 251  1
 164 251  1
 147 252  1
 190 253  1
 134 254  1
 161 257  1


count = 548