 135   1  1
 138   1  1
 160   1  1
 177   1  1
 113   3  1
 188   4  1
 108   5  1
 196   6  1
 155   7  1
 198   7  1
 133   8  1
 116   9  1
 203  10  1
 204  10  1
  91  11  1
 112  11  1
 131  12  1
  86  13  1
  87  13  1
 154  13  1
 210  13  1
 129  14  1
  83  15  1
 212  15  1
 117  16  1
 118  16  1
 156  16  1
 196  16  1
 151  17  1
 201  17  1
 218  18  1
  76  19  1
 136  20  1
 137  20  1
 145  20  1
  88  21  1
 114  21  1
 176  21  1
 193  21  1
 195  21  1
 137  22  1
 151  22  1
 197  22  1
 132  23  1
 225  23  1
  65  24  1
  66  24  1
  62  26  1
 157  26  1
 153  27  1
 176  27  1
 213  27  1
 231  27  1
  58  28  1
  59  28  1
 188  28  1
 201  28  1
 205  29  1
 206  29  1
  55  30  1
 187  30  1
 196  30  1
  75  31  1
 206  31  1
  51  32  1
  52  32  1
  64  32  1
 118  32  1
 211  33  1
  60  35  1
  61  35  1
 162  35  1
 155  36  1
 122  37  1
 135  37  1
 205  37  1
 210  37  1
 211  37  1
 242  37  1
  43  38  1
  68  38  1
 165  38  1
 169  38  1
 226  38  1
 119  39  1
 230  39  1
  66  40  1
 129  41  1
 130  41  1
 137  41  1
 201  41  1
  72  42  1
  73  42  1
  74  42  1
 125  42  1
 176  42  1
 224  42  1
 225  42  1
  70  43  1
 189  43  1
 198  43  1
 136  44  1
 139  44  1
 140  44  1
 170  44  1
 229  44  1
  66  45  1
 187  45  1
 132  46  1
 205  46  1
 229  46  1
 250  46  1
  70  47  1
 198  47  1
 199  47  1
 238  47  1
  73  48  1
  74  48  1
 166  48  1
 175  48  1
 183  48  1
 203  48  1
 225  48  1
 162  50  1
 236  50  1
 128  51  1
 133  51  1
 177  51  1
 204  52  1
 229  52  1
 125  53  1
 126  53  1
 256  53  1
  32  55  1
  40  56  1
 132  56  1
 169  56  1
 170  56  1
 226  56  1
 128  57  1
 140  57  1
 161  57  1
 247  57  1
  21  58  1
 168  58  1
 222  58  1
  27  59  1
  70  59  1
 134  59  1
 136  59  1
 175  59  1
 210  59  1
 260  59  1
 261  59  1
 222  60  1
 243  60  1
 197  61  1
 239  61  1
  33  62  1
 132  62  1
 134  62  1
 169  62  1
  47  64  1
 219  64  1
 220  64  1
 250  64  1
 262  64  1
 263  64  1
  17  65  1
 136  65  1
 137  65  1
 215  65  1
 235  65  1
  49  66  1
 146  66  1
  39  67  1
 201  67  1
 208  69  1
 245  69  1
  13  70  1
  33  70  1
 214  70  2
 215  70  1
 223  70  1
  38  71  1
 159  71  1
 163  71  1
 167  71  1
 232  71  1
 247  72  1
 143  73  1
 144  73  1
 152  73  1
 221  73  1
  11  74  1
  19  74  1
 212  74  1
 217  74  1
  50  75  1
  51  75  1
 145  75  1
 134  76  1
 135  76  1
  38  77  1
  39  77  1
 147  77  1
 182  77  1
  17  78  1
  47  78  1
 137  78  1
   7  79  1
 146  79  1
 186  79  1
 218  79  1
 248  79  1
 232  80  1
 146  81  1
 207  82  1
 233  82  1
 238  82  1
 245  82  1
  14  83  1
  23  83  1
  47  83  1
 253  83  1
 271  83  1
  16  84  1
 135  84  1
 136  84  1
 180  84  1
 230  85  1
  20  87  1
  42  87  1
 186  87  1
 187  87  1
 212  87  1
 145  88  1
 152  88  1
 243  88  1
 244  88  1
 163  89  1
 206  89  1
 212  89  1
 229  89  1
 259  89  1
 126  90  1
 127  90  1
 220  90  1
 233  90  1
 159  92  1
 216  92  1
 217  92  1
 274  92  1
 275  92  1
 124  93  1
 155  93  1
 245  93  1
 254  93  1
 213  95  1
 241  95  1
 184  96  1
 247  96  1
 218  97  1
 257  97  1
 259  97  1
 260  97  1
 182  98  1
 205  98  1
 206  98  1
 244  98  1
 264  98  1
  92  99  1
  99  99  1
 115  99  1
 116  99  1
  60 100  1
 103 100  1
 107 100  1
  87 101  1
  89 101  1
 250 101  1
 266 101  2
 268 101  1
 134 102  1
 214 102  1
  42 103  1
  43 103  1
  54 103  1
 111 103  1
  64 104  1
  65 104  1
 104 104  1
 178 104  1
 247 104  1
 270 104  1
 277 104  1
 278 104  1
 257 106  1
 271 106  1
 272 106  1
  19 107  1
  65 108  1
 168 108  1
 177 108  1
 210 108  1
 234 108  1
 272 108  1
  59 109  1
 108 109  1
 114 109  1
 172 109  1
 198 109  1
 199 109  1
 259 109  1
 278 109  1
 279 109  1
  40 110  1
  96 110  1
 194 110  1
 227 110  1
 272 110  1
  33 111  1
  35 111  1
  47 111  1
 100 111  1
 101 111  1
 102 111  1
 111 111  1
 164 111  1
 165 111  1
 172 111  1
  21 112  1
  27 112  1
  43 112  1
  81 112  1
  66 113  1
 120 113  1
 171 113  1
 254 113  1
 255 113  1
  24 114  1
  52 114  1
 116 114  1
 160 114  1
  37 115  1
 194 115  1
 195 115  1
 196 115  1
  16 116  1
  17 116  1
  32 116  1
  40 116  1
  57 116  1
 166 116  1
   1 117  1
  21 117  1
  22 117  1
  28 117  1
 124 118  1
 158 118  1
 193 118  1
  14 119  1
  47 119  1
  61 119  1
 131 119  1
 134 119  1
 138 119  1
 145 119  1
 154 120  1
 162 120  1
 163 120  1
  22 121  1
  35 121  1
  37 121  1
 275 121  1
   6 122  1
   7 122  1
  20 122  1
   1 123  1
 129 123  1
 260 123  1
  45 124  1
 109 124  1
 175 124  1
 206 124  1
 209 124  1
 149 125  1
 156 125  1
 184 125  1
 192 125  1
 232 125  1
 238 125  1
 242 125  1
  17 126  1
  39 126  1
 160 126  1
 175 126  1
  11 127  1
 113 127  1
 129 127  1
 167 127  1
 221 127  1
 222 127  1
 227 127  1
  20 128  1
 175 128  1
 207 128  1
 275 128  1
  45 129  1
 117 129  1
 125 129  1
 255 129  1
 180 130  1
 189 130  1
 195 130  1
 253 130  1
  12 131  1
  18 131  1
  63 131  1
  80 131  1
 156 131  1
 203 131  1
 245 131  1
   8 132  1
 112 132  1
 123 132  1
 241 132  1
  29 133  1
  36 133  1
  38 133  1
 168 133  1
 175 133  1
  43 134  1
  52 134  1
  57 134  1
  72 134  1
 164 134  1
 209 134  1
 219 134  1
  13 135  1
  14 135  1
  31 135  1
 102 135  1
 170 136  1
 247 136  1
 101 137  1
 176 137  1
 204 137  1
 214 137  1
  72 138  1
 160 138  1
 269 138  1
  17 139  1
  37 139  1
  38 139  1
  39 139  1
 101 139  1
 120 139  1
 200 139  1
 237 139  1
  93 140  1
  97 140  1
  98 140  1
 110 140  1
 113 140  1
 160 140  1
  69 141  1
 172 141  1
 214 141  1
 237 141  1
  11 142  1
  12 142  1
 176 142  1
 268 142  1
 269 142  1
  29 143  2
  30 143  1
  31 143  1
  74 143  1
  75 143  1
 108 143  1
 158 143  1
 202 143  1
 203 143  1
  40 144  1
 154 144  1
 165 144  1
 166 144  1
 167 144  1
 169 144  1
 211 144  1
 225 144  1
 106 145  1
 172 145  1
 241 145  1
 244 145  1
  27 146  1
  43 146  1
  50 146  1
 154 146  1
 161 146  1
 223 146  1
  31 147  1
  66 147  1
  67 147  1
  73 147  1
 176 147  1
 238 147  1
  59 148  1
 154 148  1
 155 148  1
 208 148  1
 213 148  1
 219 148  1
 249 148  1
  31 149  1
  38 149  1
  55 149  1
 169 149  1
 254 149  1
 255 149  1
  78 150  1
 213 150  1
 177 151  1
 243 151  1
 253 151  1
  82 152  1
  91 152  1
 183 152  1
 213 152  1
 223 152  1
 248 152  1
 249 152  1
 102 153  1
 171 153  1
   5 154  1
   6 154  1
 125 154  1
 184 154  1
 246 154  1
  12 155  1
 131 155  1
 224 155  1
 274 155  1
  16 156  1
  26 156  1
 102 156  1
  18 157  1
  20 157  1
  40 157  1
  86 157  1
  88 157  1
 134 157  1
 217 157  1
 218 157  1
 274 157  1
  52 158  1
  56 158  1
  57 158  1
 140 158  1
 184 158  1
 223 158  1
 123 159  1
 191 159  1
 230 159  1
 116 160  1
 234 160  1
 248 160  1
 263 160  1
 275 160  1
 125 161  1
 130 161  1
 254 161  1
 255 161  1
  24 162  1
  28 162  1
 258 162  1
 120 163  1
 121 163  1
 231 163  1
 266 163  1
   9 164  1
  10 164  1
 116 164  1
 184 164  1
 256 164  1
 155 165  1
 244 165  1
  44 166  1
 189 167  1
  51 168  1
 120 168  1
 196 168  1
 221 168  1
  38 169  1
  42 169  1
  62 169  1
 237 169  1
 254 169  1
 256 169  1
 171 170  1
 197 170  1
 268 170  1
 269 170  1
 175 171  1
 191 171  1
 227 171  1
 239 171  1
 178 172  1
 277 172  1
  23 173  1
  27 173  1
 196 173  1
 239 173  1
 246 173  1
 247 173  1
  64 174  1
  65 174  1
 223 174  1
 268 174  1
 269 174  1
  20 175  1
 227 176  1
 251 176  1
 194 177  1
 236 178  1
 255 178  1
 256 178  1
  23 179  1
  60 179  1
 195 179  1
  16 180  1
 266 180  1
 267 180  1
  40 183  1
  67 183  1
  61 184  1
  62 184  1
  20 185  1
  30 185  1
 271 185  1
 272 185  1
 252 186  1
 104 187  1
 216 187  1
 217 187  1
  58 188  1
  99 188  1
 261 188  1
 262 188  1
  89 189  1
 250 189  1
 257 189  1
 269 189  1
 270 189  1
  83 190  1
  85 191  1
  98 191  1
 177 191  1
 178 191  1
 220 191  1
 241 192  1
  27 193  1
 119 193  1
 152 194  1
 180 194  1
 247 194  1
  28 195  1
  60 195  1
 107 195  1
 146 195  1
  30 196  1
  67 197  1
 140 198  1
 143 198  1
  34 199  1
  68 199  1
  71 199  1
  72 199  1
 153 199  1
 170 199  1
 178 199  1
 111 200  1
 265 200  1
 107 201  1
 170 201  1
 139 202  1
 170 203  1
 171 203  1
 111 204  1
 248 204  1
 250 204  1
  42 206  1
 120 206  1
 124 206  1
 184 206  1
  76 207  1
 114 207  1
 132 207  1
  73 209  1
 251 209  1
 119 210  1
 138 210  1
 175 210  1
 260 210  1
  49 211  1
  69 211  1
 202 211  1
 117 212  1
 190 212  1
 220 213  1
 257 214  1
 115 215  1
 179 215  1
  83 216  1
  84 216  1
 197 216  1
  67 217  1
 170 217  1
 171 217  1
 105 218  1
 255 218  1
 177 219  1
 189 219  1
 190 219  1
 226 219  1
  59 220  1
 183 220  1
 184 220  1
  76 221  1
 199 221  1
 208 221  1
 227 221  1
  82 222  1
 172 222  1
 182 222  1
 195 222  1
  64 223  1
 214 223  1
 218 223  1
  81 224  1
  82 224  1
  88 224  1
 191 225  1
 199 225  1
 200 225  1
  72 226  1
  90 226  1
 182 226  1
 236 226  1
 134 227  1
 187 227  1
 100 228  1
 209 228  1
 214 228  1
 132 229  1
 217 229  1
  76 230  1
  77 230  1
 209 230  1
 232 230  1
  99 231  1
 104 231  1
 105 231  1
 124 231  1
 132 231  1
 159 231  1
 160 231  1
 190 231  1
 191 231  1
 217 231  1
  97 232  1
 137 232  1
 155 232  1
 210 232  1
  82 233  1
 128 233  1
 222 233  1
  93 234  1
  94 234  1
 121 234  1
 189 234  1
 190 234  1
 236 234  1
  85 235  1
 218 235  1
 101 236  1
 134 237  1
 152 238  1
 231 238  1
  91 239  1
 209 239  1
 128 240  1
 152 240  1
 153 240  1
 159 240  1
 103 241  1
 120 241  1
 161 241  1
 228 241  1
 107 243  1
 222 243  1
 223 243  1
 160 245  1
 161 245  1
 114 246  1
 117 247  1
 170 248  1
 172 250  1
 179 250  1
 152 251  1
 184 251  1
 158 252  1
 197 253  1


count = 814