 122   1  1
 154   1  1
 107   3  1
 176   4  1
 140   7  1
 148   7  1
 149   7  1
 191   7  1
 135   8  1
 136   8  1
 194   8  1
 157  10  1
  83  11  1
 160  12  1
 205  12  1
 146  13  1
 189  15  1
  68  16  1
 130  16  1
 134  16  1
 140  17  1
  63  18  1
 149  18  1
 155  18  1
 187  18  1
  76  20  1
  78  20  1
  86  20  1
  87  20  1
 220  20  1
  73  21  1
 103  21  1
 104  21  1
 140  21  1
  69  22  1
  84  22  1
 150  23  1
 151  23  1
 143  24  1
  94  25  1
 214  25  1
 227  25  1
  83  26  1
 162  26  1
 208  26  1
 209  26  1
 100  27  1
 101  27  1
 112  27  1
 217  27  1
  96  29  1
 135  29  1
 136  29  1
 157  29  1
 158  29  1
 187  29  1
  57  30  1
  86  30  1
 153  30  1
 163  31  1
 100  32  1
 101  32  1
 148  32  1
 151  32  1
 203  32  1
 217  32  1
 236  32  1
  67  33  1
 142  33  1
 187  33  1
  46  34  1
 131  34  1
 203  34  1
 204  34  1
 205  34  1
 136  35  1
 220  36  1
 221  36  1
 243  36  1
  72  37  1
  89  37  1
 126  37  1
  82  38  1
 129  38  1
 176  38  1
 200  38  1
 201  38  1
 211  39  1
 212  39  1
 129  40  1
 135  40  1
 136  40  1
 176  40  1
 121  41  1
 140  41  1
 166  41  1
 167  41  1
 197  41  1
 221  41  1
  69  42  1
  79  42  1
 177  42  1
 178  42  1
  86  43  1
  87  43  1
 142  43  1
 148  43  1
 249  43  1
 136  44  1
 212  44  1
 213  44  1
 100  45  1
 223  45  1
  77  46  1
 123  47  1
 124  47  1
 228  47  1
 231  47  1
  81  49  1
 130  49  1
 182  49  1
 188  49  1
 193  49  1
  88  51  1
 150  51  1
 151  51  1
 208  51  1
 225  51  1
  27  52  1
 145  52  1
  67  53  1
  80  53  1
 138  54  1
 166  54  1
 222  54  1
  23  55  1
  61  55  1
 244  55  1
  84  56  1
 149  56  1
 150  56  1
 164  56  1
 123  57  1
  21  58  1
  33  58  1
  69  58  1
  70  58  1
 130  58  1
 207  58  1
 220  58  1
 134  59  1
  37  60  1
  38  60  1
  83  60  1
  84  60  1
 130  60  1
 261  60  1
  27  61  1
 123  61  1
 144  61  1
 145  61  1
 210  61  1
  32  62  1
 217  62  1
  72  63  1
 129  63  1
 138  63  1
 140  63  1
 171  63  1
 210  63  1
  83  64  1
 163  64  1
  34  65  1
  35  65  1
  61  65  1
 206  66  1
 265  66  1
  15  67  1
  61  67  1
  21  68  1
  64  68  1
 137  68  1
 143  68  1
 157  68  1
  66  69  1
  34  70  1
  35  70  1
  46  71  1
  25  73  1
  67  73  1
  10  74  1
  31  74  1
  32  74  1
  33  74  1
  63  74  1
 232  74  1
 233  74  1
 269  74  1
  35  76  1
 271  77  1
   8  78  1
 242  78  1
 247  78  1
 248  78  1
  28  79  1
 217  79  1
 260  80  1
 232  81  1
 176  82  1
 180  82  1
 220  82  1
  33  83  1
 171  83  1
 201  83  1
 210  83  1
 211  83  1
 213  83  2
 215  83  1
 224  83  1
 244  83  1
 253  83  1
 258  83  1
 197  84  1
   4  85  1
   5  85  1
  36  85  1
 151  85  1
 152  85  1
  15  86  1
  19  86  1
 224  86  1
 228  86  1
 229  86  1
 237  86  1
 238  86  1
 276  86  1
 277  86  1
 168  87  1
 212  87  1
 218  87  1
 250  87  1
  27  88  1
 206  88  1
 208  88  1
 214  88  1
 216  88  1
 152  89  1
 165  89  1
 243  89  1
 244  89  1
 252  89  1
 253  89  1
 278  89  1
 279  89  1
  41  90  1
 221  90  1
  35  91  1
  36  91  1
 238  91  1
 253  91  1
 149  92  1
 179  92  1
 203  92  1
  32  93  1
 131  93  1
 160  93  1
 253  93  1
   9  94  1
 114  94  1
 137  94  1
 155  94  1
 225  94  1
 227  94  1
 259  94  1
 280  94  1
 281  94  1
  98  95  1
  99  95  1
 142  95  1
 144  95  1
 221  95  1
  10  96  1
  26  96  1
  43  96  1
 223  96  1
  13  98  1
  48  98  1
 116  98  1
 134  99  1
 157  99  1
 241  99  1
  23 100  1
  25 100  1
 146 100  1
 221 100  1
 260 100  1
   1 101  1
 122 101  1
 141 101  1
 170 101  1
 235 101  1
 236 101  1
  47 102  1
 102 102  1
 221 102  2
  40 103  1
 204 103  1
 238 103  1
 124 104  1
 126 104  1
 139 104  1
 206 104  1
 218 104  1
 260 104  1
  14 105  1
 120 105  1
 170 105  1
   7 106  1
  21 106  1
 151 106  1
  67 107  1
 214 107  1
 215 107  1
  33 108  1
  34 108  1
 133 108  1
 244 108  1
  50 109  1
  18 110  1
  47 110  1
  56 110  1
  96 110  1
 115 110  1
 156 110  1
 170 110  1
  29 111  1
  39 111  1
 147 111  1
 208 111  1
 237 111  1
  45 112  1
 135 112  1
 211 112  1
 212 112  1
 213 112  1
 244 112  1
 245 112  1
 124 113  1
 131 113  1
  19 114  1
  20 114  1
  37 114  1
 119 114  1
 217 114  1
 245 114  1
 271 114  1
  32 115  1
  33 115  1
 129 115  1
 131 115  1
 146 115  1
 148 115  1
 161 115  1
 190 115  1
 191 115  1
   6 116  1
  14 116  1
  67 116  1
 111 116  1
 125 116  1
 127 116  1
 142 116  1
 195 116  1
 245 116  1
  47 117  1
  51 117  1
  91 117  1
  96 117  1
 148 117  1
 152 117  1
   1 118  1
  28 118  1
  78 118  1
 197 118  1
 216 118  1
 266 118  1
  38 119  1
  39 119  1
  55 119  1
  60 119  1
  62 119  1
 120 119  1
 175 119  1
 276 119  1
  53 120  1
  77 120  4
 117 120  1
  79 121  1
  88 121  1
  12 122  1
  45 122  1
  46 122  1
  98 122  1
 100 122  1
  10 123  1
 114 123  1
 176 123  1
  52 124  1
  64 124  1
 142 124  1
 186 124  1
 197 124  1
 218 124  1
 232 124  1
 260 124  1
 264 124  1
 153 125  1
 181 125  1
 248 125  1
   4 126  1
   5 126  1
  64 126  1
  86 126  1
  93 126  1
 137 126  1
 255 126  1
  16 127  1
  33 127  1
  42 127  1
  43 127  1
  44 127  1
  10 128  1
  52 128  1
  84 128  1
 187 128  1
 188 128  1
 244 128  2
 277 128  1
 278 128  1
  24 129  1
  39 129  1
  48 129  1
 151 129  1
 213 129  1
  67 130  1
  79 130  1
  84 130  1
 146 130  1
 147 130  1
 156 130  1
 158 130  1
 164 130  1
 216 130  1
 263 130  1
  12 131  1
  75 131  1
 152 131  1
 169 131  1
 191 131  1
 254 131  1
 255 131  1
 259 131  1
 261 131  1
   5 132  1
   6 132  1
  50 132  1
  83 132  1
  84 132  1
 112 132  1
 146 132  1
 225 132  1
 226 132  1
  27 133  1
  31 133  1
  36 133  1
  53 133  1
 104 133  1
 172 133  1
 273 133  1
  19 134  1
  45 134  1
  47 134  1
 137 134  1
 146 134  1
 230 134  1
 231 134  1
  24 135  1
  39 135  1
  58 135  1
  59 135  1
  73 135  1
  97 135  1
 148 135  1
 162 135  1
 246 135  1
  65 136  1
  88 136  1
 132 136  1
 154 136  1
 157 136  1
 158 136  1
  91 137  1
 119 137  1
 248 137  1
 249 137  1
 113 138  1
 255 138  1
  61 139  1
  96 139  1
 104 139  1
 105 139  1
 135 139  1
 283 139  1
   9 140  1
  64 140  1
 162 140  1
 219 140  1
 237 140  1
 264 140  1
 265 140  1
 100 141  1
 101 141  1
 165 141  1
 171 141  1
 172 141  1
 214 141  1
 104 142  1
 141 142  1
 250 142  1
 254 142  1
 271 142  1
  65 143  1
 119 143  1
 151 143  1
 155 143  1
 203 143  1
 237 143  1
 283 143  1
 167 144  1
 242 144  1
  65 145  1
  98 145  1
 105 145  1
 127 145  1
 147 145  1
 148 145  1
 218 145  1
 219 145  1
 264 145  1
 267 145  1
 268 145  1
 159 146  1
 235 146  1
 236 146  1
 135 147  1
 139 147  1
 144 147  1
 169 147  1
 212 147  1
 213 147  1
  26 148  1
  62 148  1
  69 148  1
 131 148  1
 142 148  1
 154 148  1
  10 149  1
 119 149  1
 148 149  1
 150 149  1
 152 149  1
 160 149  1
 255 149  1
  54 150  1
  27 151  1
  31 151  1
  16 152  1
  24 152  1
 120 152  1
 237 152  1
 144 153  1
 131 154  1
 156 154  1
 248 154  1
 249 154  1
 282 154  1
 283 154  1
  12 155  1
  14 155  1
  35 156  1
  39 156  1
 154 156  1
  52 157  1
 128 157  1
 176 157  1
 239 157  1
 255 157  1
 281 158  1
 282 158  1
 202 159  1
 254 159  1
 255 159  1
 262 159  1
   8 160  1
   9 160  1
  56 160  1
 127 160  1
 245 160  1
 127 162  1
 138 162  1
 179 162  1
 237 162  1
 242 162  1
 118 163  1
 248 163  1
 103 164  1
 137 164  1
 232 164  1
 267 164  1
 111 165  1
 120 165  1
 223 165  1
 252 165  1
 257 165  1
 262 165  1
 208 166  1
 210 166  1
 180 167  1
 279 168  1
 280 168  1
   2 169  1
   3 169  1
  38 169  1
 248 169  1
 257 170  1
  42 171  1
 170 172  1
 250 172  1
 255 172  1
  31 173  1
 180 173  1
  24 174  1
 249 174  1
  23 177  1
   5 178  1
   6 178  1
  15 178  1
 183 179  1
  25 181  1
 252 182  1
   8 183  1
  30 183  1
  55 183  1
 244 183  1
  53 184  1
 152 185  1
 271 185  1
  57 186  1
  58 186  1
  69 186  1
  70 186  1
 255 186  1
 256 186  1
  21 187  1
 151 187  1
 156 187  1
 258 187  1
  69 188  1
  70 188  1
 270 188  1
  76 190  1
  80 190  1
 119 190  1
 266 190  1
  14 192  1
  62 193  1
 121 193  1
 125 193  1
 160 193  1
 161 193  1
  75 194  1
 215 194  1
 216 194  1
  51 195  1
 119 195  1
 259 195  1
 241 196  1
 114 197  1
  71 198  1
  72 198  1
 164 198  1
 240 198  1
  66 199  1
  76 199  1
  77 199  1
  56 200  1
  58 200  1
 165 200  1
 256 200  1
  63 201  1
 208 201  1
 232 201  1
 203 202  1
 204 202  1
 223 202  1
 235 202  1
  46 203  1
  75 203  1
  76 203  1
 190 203  1
 229 203  1
 230 203  1
 246 203  1
 171 204  1
 172 204  1
 200 204  1
 254 204  1
  39 205  1
 194 205  1
  26 206  1
  89 206  1
  93 206  1
 189 206  1
 222 206  1
  40 207  1
 232 207  1
 233 207  1
  43 208  1
  66 208  1
  74 208  1
 187 208  1
 208 208  1
 243 208  1
  86 209  1
 119 209  1
 197 209  1
 221 209  1
 251 209  1
  55 210  1
  84 210  1
 145 211  1
 213 211  1
  43 212  1
 112 212  1
 114 212  1
 236 212  1
  98 213  1
 100 213  1
 110 213  1
 185 213  1
  65 214  1
  73 214  1
 119 214  1
 120 214  1
 124 214  1
 125 214  1
 107 215  1
 183 215  1
 201 215  1
 202 215  1
  37 216  1
  38 216  1
  55 216  1
 153 216  1
 223 216  1
 235 216  1
 163 217  1
 168 217  1
 170 217  1
 202 217  1
 218 217  1
 219 217  1
  82 218  1
  62 219  1
 133 219  1
 218 219  1
 120 220  1
  41 221  1
 112 221  1
 171 221  1
 198 221  1
 202 221  1
 226 221  1
 139 222  1
 140 222  1
 221 222  1
 238 222  1
  42 223  1
  72 223  1
 103 223  1
 133 223  1
 162 223  1
 163 223  1
 180 223  1
 181 223  1
  44 224  1
  96 224  1
 127 224  1
 129 224  1
 175 224  1
 177 224  1
 144 225  1
 149 225  1
 150 225  1
 232 226  1
  72 227  1
  94 227  1
  99 227  1
 160 227  1
  60 228  1
  62 228  1
 123 228  1
 132 228  1
 137 229  1
 227 229  1
 122 230  1
 189 230  1
 190 230  1
 175 231  1
 223 231  1
  82 232  1
  86 232  1
 143 232  1
 219 233  1
 220 233  1
  92 235  1
 138 235  1
 139 235  1
 140 235  1
 216 235  1
 122 236  1
 193 236  1
 113 237  1
 122 238  1
 212 238  1
 114 239  1
 144 239  1
  80 240  1
  84 240  1
 129 240  1
  99 241  1
 206 241  1
  93 242  1
 114 242  1
 121 242  1
  96 244  1
  97 244  1
 110 244  1
 117 244  1
 118 244  1
  81 245  1
 103 245  1
  84 246  1
 197 246  1
 108 247  1
 109 247  1
  92 248  1
 119 249  1
 128 249  1
 190 249  1
 136 250  1
 138 250  1
 145 250  1
 101 251  1
 175 252  1
 114 255  1


count = 866