 141   1  1
 153   1  1
 157   1  1
 163   1  1
 167   1  1
 180   4  1
 116   5  1
 155   6  1
 186   6  1
 150   7  1
 189   7  1
 106   8  1
 161   9  1
 163  10  1
 126  11  1
 136  11  1
 120  12  1
 132  12  1
  93  13  1
 111  14  1
 113  14  1
 132  14  1
  85  16  1
 201  16  1
 217  16  1
  83  17  1
 130  17  1
 104  18  1
 153  18  1
  78  20  1
 128  20  1
 194  20  1
 112  21  1
 229  22  1
 108  23  1
 140  24  1
 141  24  1
 200  24  1
 158  25  1
 234  25  1
 109  26  1
 110  26  1
 140  26  1
 165  26  1
 199  26  1
 203  26  1
 217  26  1
 238  27  1
 140  28  1
 143  28  1
  58  29  1
  59  29  1
 125  29  1
 126  29  1
 165  30  1
 197  31  1
 198  31  1
 227  31  1
 110  32  1
 142  32  1
 218  32  1
 161  33  1
 162  33  1
 169  33  1
 222  33  1
  51  34  1
 172  35  1
 222  35  1
 216  36  1
 163  37  1
 164  37  1
 195  37  1
 140  38  1
 141  38  1
 220  38  1
 127  40  1
 190  40  1
 234  40  1
 243  40  1
 126  42  1
 139  42  1
 140  42  1
 160  42  1
 176  42  1
 255  43  1
 195  44  1
 196  44  1
 144  45  1
 183  46  1
 234  46  1
 244  46  1
 196  47  1
 197  47  1
 258  48  1
 114  49  1
 198  50  1
 241  50  1
  32  51  1
 125  51  1
 166  51  1
 201  51  1
 171  52  1
 111  53  1
 106  54  1
 141  54  1
 163  54  1
 239  54  1
 214  55  1
 218  55  1
 143  56  1
 200  56  1
 236  56  1
  61  57  1
 211  57  1
 265  57  1
 266  57  1
 219  58  1
 220  58  1
 226  58  1
 232  58  1
  25  59  1
  63  59  1
 102  59  1
 122  59  1
 118  60  1
  40  61  1
 141  61  1
 230  61  1
  53  62  1
  97  62  1
 125  62  1
 126  62  1
 244  62  1
  23  63  1
  55  63  1
  56  63  1
 137  63  1
 138  63  1
 171  63  1
 269  63  1
  64  64  1
  65  64  1
  42  65  1
 232  65  1
  21  66  1
  89  66  1
 145  67  1
  37  68  1
  44  68  1
  64  68  1
  65  68  1
  19  69  1
 149  69  1
 162  69  1
 206  69  1
  45  70  1
  76  70  1
  86  71  1
  69  72  1
  63  73  1
  64  73  1
 151  73  1
 242  73  1
 245  73  1
  15  74  1
 200  74  1
 201  74  1
 205  74  1
 248  75  1
  51  76  1
  55  76  1
 205  76  1
  58  77  1
  60  77  1
 196  78  1
 250  78  1
  12  79  1
 202  79  1
 111  80  1
 176  80  1
 226  80  1
 253  80  1
  35  81  1
  44  82  1
  52  82  1
 193  82  1
 221  82  1
 222  82  1
 106  83  1
 214  83  1
   9  84  1
 177  84  1
 249  84  1
 112  85  2
 113  85  1
 121  85  1
 169  85  1
 204  85  1
 252  85  1
 253  85  1
  52  86  1
  53  86  1
  30  87  1
 175  87  1
 187  87  1
 189  87  1
 191  87  1
 226  87  1
 265  87  1
   7  88  1
  19  88  1
 261  88  1
 262  88  1
 109  89  1
 206  89  1
 213  89  1
 229  89  1
 235  89  1
  29  90  1
  34  91  1
 258  91  1
 269  91  1
 270  91  1
 279  91  1
 280  91  1
  45  92  1
 114  92  1
 121  92  1
 158  92  1
 186  92  1
 192  92  1
 193  92  1
 194  92  1
  18  93  1
  21  93  1
  23  93  1
 119  93  1
 272  93  1
  51  94  1
 131  94  1
 155  94  1
 238  94  1
  47  95  1
 125  95  1
 140  95  1
 165  95  1
 111  96  1
 131  96  1
 132  96  1
 252  96  1
 254  96  1
   3  97  1
   4  97  1
  28  97  1
 121  97  1
 142  97  1
 272  98  1
 165  99  1
 189  99  1
 190  99  1
 281  99  1
 282  99  1
 116 100  1
 156 100  1
  28 101  1
 143 101  1
 145 101  1
  72 102  1
 137 102  1
 121 103  1
  29 104  1
 189 104  1
 190 104  1
  73 105  1
 114 105  1
  22 106  1
  39 106  1
  45 106  1
  56 106  1
 119 106  1
 252 106  1
   9 107  1
 146 107  1
 188 107  1
 189 107  1
 265 107  1
  62 108  1
  31 109  1
  32 109  1
  69 109  1
 150 109  1
 151 109  1
 274 110  1
  67 111  1
 143 111  1
 153 111  1
  40 112  1
  65 112  1
  78 112  1
 175 112  2
 199 112  1
 261 112  1
  33 113  1
  83 113  1
 184 114  1
 192 114  1
 193 114  1
 270 114  1
 271 114  1
 282 114  1
 283 114  1
   1 115  1
  26 115  1
   9 116  1
 139 116  1
 150 116  1
 188 116  1
  39 117  1
  40 117  1
 103 117  1
 113 117  1
 210 117  1
 214 117  1
 228 117  1
 233 117  1
 122 118  1
 149 118  1
 166 118  1
 216 118  2
 280 118  1
   1 119  1
 133 119  1
 175 119  1
 239 119  1
 227 120  1
 237 120  1
  16 121  1
  17 121  1
 181 121  1
 182 121  1
 199 121  1
 200 121  1
 252 121  1
  37 122  1
 204 122  1
 214 122  1
 278 122  1
 279 122  1
 118 123  1
 119 123  1
 127 123  1
 128 123  1
 132 123  1
 195 123  1
 210 123  1
 227 123  1
 233 123  1
 271 123  1
   8 124  1
   9 124  1
  41 124  1
  69 124  1
 136 124  1
 268 124  1
 122 125  1
 247 125  1
 248 125  1
 254 125  1
 255 125  1
 265 125  1
 191 126  1
 192 126  1
 212 126  1
 214 126  1
 219 126  1
 259 126  1
 260 126  1
  89 127  1
  26 128  1
  32 128  1
 150 128  1
  74 129  1
 133 129  1
 136 129  1
 138 129  1
 155 129  1
 157 129  1
  22 130  1
  32 130  1
  42 130  1
  69 130  1
 104 130  1
 145 130  1
 146 130  1
 205 130  1
 242 130  1
 243 130  1
 258 130  1
 262 130  1
  10 131  1
  15 131  1
  95 131  1
 179 131  1
 196 131  1
 203 131  1
 238 131  1
 250 131  1
 265 131  1
  31 132  1
  32 132  1
 126 132  1
 128 132  1
 201 132  1
 233 132  1
 269 132  1
  25 133  1
  29 133  1
  39 133  1
 143 133  1
  48 134  1
 133 134  1
 134 134  1
 158 134  1
 252 134  1
  28 136  1
  29 136  1
  48 136  1
  94 136  1
 105 136  1
  15 137  1
 177 137  1
 238 137  1
 254 137  1
  58 138  1
 138 138  1
 151 138  1
 203 138  1
 214 138  1
  41 139  1
  50 139  1
  75 139  1
 265 139  1
  18 140  1
  73 140  1
  87 140  1
 155 140  1
 235 140  1
 275 140  1
 276 140  1
  69 141  1
  79 141  1
 103 141  1
 105 141  1
  33 142  1
  36 142  1
 155 142  1
 238 142  1
 239 142  1
 265 142  1
  20 143  1
  30 143  1
  71 143  1
  72 143  1
 199 143  1
 211 143  1
 215 143  1
 270 143  1
 276 143  1
 277 143  1
 100 144  1
 121 144  1
 130 144  1
 139 144  1
 177 144  1
  43 145  1
 102 145  1
 119 145  1
 246 145  1
 262 145  1
 268 145  1
 228 146  1
 241 146  1
  33 147  1
  48 147  1
  90 147  1
  94 147  1
 209 147  1
 215 147  1
 223 147  1
  37 148  1
  55 148  1
 184 148  1
 213 148  1
 257 148  1
  18 149  1
 139 149  1
 140 149  1
 232 149  1
 233 149  1
 268 149  1
  50 150  1
  51 150  1
  52 150  1
 227 150  1
 251 150  1
  97 151  1
 128 151  1
 129 151  1
 246 151  1
 261 151  1
 276 151  1
 119 152  1
 220 152  1
  32 153  1
  85 153  1
 145 153  1
 171 153  1
 267 153  1
 268 153  1
 139 154  1
 206 154  1
 220 154  1
 227 154  1
 230 154  1
 241 154  1
 244 154  1
 260 154  1
  79 155  1
  80 155  1
 239 155  1
 274 155  1
  70 156  1
 104 156  1
 111 156  1
 112 156  1
 120 156  1
 211 156  1
 218 156  1
 234 156  1
 263 156  1
 257 157  1
  35 158  1
 107 158  1
 216 158  1
 217 158  1
 125 159  1
 160 159  1
 161 159  1
  37 160  1
 186 160  1
 187 160  1
 210 160  1
 234 160  1
  75 161  1
 262 161  1
 263 161  1
 169 162  1
 251 162  1
 130 163  1
 131 163  1
 223 163  1
 156 164  1
 211 164  1
 232 164  1
 247 164  1
 270 164  1
 271 164  1
 143 167  1
 222 167  1
 245 167  1
 269 167  1
 270 167  1
  46 168  1
  76 168  1
  77 168  1
 172 168  1
 190 168  1
 191 168  1
 192 168  1
 241 169  1
 150 170  1
 146 171  1
 159 172  1
 181 173  1
 160 174  1
 172 174  1
 196 174  1
 193 175  1
 211 175  1
 204 176  1
 236 176  1
  47 177  1
  55 177  1
 227 178  1
 229 178  1
 256 178  1
  68 179  1
 193 179  1
 194 179  1
 254 179  1
 163 180  1
 164 180  1
 173 180  1
 200 180  1
 221 180  1
 235 180  1
  73 181  1
 181 181  1
 189 181  1
  30 182  1
  38 182  1
  39 182  1
  63 182  1
  64 182  1
 244 182  1
 245 182  1
 252 182  1
  77 183  1
 175 183  1
 206 183  1
 213 183  1
  56 184  1
 241 184  1
  74 185  1
 208 185  1
 220 185  1
  69 186  1
 229 186  1
  54 187  1
  89 187  1
 174 187  1
 175 187  1
 239 187  1
  20 189  1
  30 189  1
  31 189  1
  46 189  1
 157 189  1
 246 189  1
  94 190  1
 162 190  1
 228 190  1
 174 191  1
 187 191  1
 193 192  1
  49 193  1
  50 193  1
 260 193  1
 261 193  1
  43 194  1
  57 194  1
 153 194  1
 154 194  1
 200 194  1
 204 194  1
 222 194  1
  25 195  1
  63 195  1
  64 195  1
  65 195  1
 236 195  1
 247 195  1
 101 196  1
 188 196  1
 189 196  1
 191 196  1
 194 197  1
 199 197  1
 212 197  1
 239 197  1
 103 198  1
 104 198  1
 167 199  1
 196 199  1
 197 199  1
 208 199  1
 244 201  1
  40 202  1
  93 202  1
  94 202  1
 188 202  1
 211 203  1
 236 203  1
 256 203  1
  97 204  1
 104 204  1
 166 204  1
 167 204  1
  99 205  1
 187 205  1
 242 205  1
 244 205  1
 245 205  1
 238 206  1
 240 206  1
 185 208  1
  39 209  1
 164 209  1
 207 209  1
 222 209  1
  41 210  1
 194 210  1
 215 211  1
 217 211  1
 238 211  1
 239 211  1
 131 212  1
 183 212  1
 195 213  1
 196 213  1
 102 214  1
 103 214  1
 171 215  1
 117 216  1
 149 216  1
 150 216  1
 244 216  1
 122 217  1
 182 217  1
 220 217  1
 221 217  1
 215 218  1
 216 218  1
 123 219  1
 198 219  1
  89 220  1
  90 220  1
 127 220  1
 128 220  1
 129 220  1
  52 221  1
 205 221  1
  75 222  1
 132 222  1
 164 223  1
 165 223  1
  55 224  1
  56 224  1
  72 224  1
  73 224  1
  80 224  1
  91 224  1
 109 224  1
 149 224  1
 172 224  1
 221 224  1
 103 225  1
 164 225  1
 205 225  1
  59 226  1
  71 226  1
 114 226  1
 115 226  1
 145 226  1
 176 226  1
 177 226  1
 124 227  1
 111 228  1
 132 228  1
 166 228  1
 199 228  1
 200 228  1
  64 229  1
 154 229  1
 183 229  1
 184 229  1
  99 230  1
 131 230  1
 178 230  1
 229 230  1
  67 231  1
 212 231  1
 123 232  1
 136 233  1
 148 234  1
 207 234  1
  75 235  1
  98 235  1
 134 235  1
 182 235  1
 183 235  1
  88 236  1
  90 236  1
 127 236  1
 134 237  1
  90 238  1
 119 238  1
 213 238  1
 107 239  1
 150 240  1
 151 240  1
 188 241  1
 207 241  1
 208 241  1
 190 242  1
 104 243  1
 129 243  1
 130 243  1
 182 244  1
 184 244  1
 203 244  1
  90 246  1
  91 246  1
 117 246  1
 124 246  1
 149 246  1
 153 246  1
 200 246  1
  96 248  1
 126 248  1
 105 251  1
 188 251  1
 112 253  1
 162 256  1
 158 257  1


count = 815