 151   1  1
 158   1  1
 159   1  1
 164   1  1
 188   5  1
 190   6  1
 115   7  1
 145   8  1
 140   9  1
 155  10  1
 198  10  1
 183  11  1
 122  12  1
 166  12  1
 145  13  1
 117  14  1
 140  14  1
 173  14  1
 203  14  1
 113  15  1
 163  15  1
 137  16  1
 186  16  1
 209  17  1
 109  18  1
  79  19  1
  80  19  1
 113  19  1
 136  19  1
 179  19  1
 100  20  1
 121  20  1
 145  20  1
 149  20  1
 173  20  1
 190  20  1
 191  20  1
 205  22  1
 184  23  1
  69  24  1
  70  24  1
  82  24  1
  98  24  1
 134  24  1
 193  24  1
 196  24  1
 130  25  1
 205  25  1
 206  25  1
  66  26  1
 166  26  1
 209  26  1
  76  27  1
  80  27  1
 192  27  1
  61  28  1
  91  28  1
 134  28  1
 135  28  1
 128  29  1
 129  29  1
 222  29  1
 223  29  1
  55  30  1
  96  30  1
 100  30  1
 101  30  1
 228  31  1
  71  32  1
  72  32  1
  84  32  1
 157  32  1
 189  32  1
 129  33  1
 130  33  1
 161  33  1
 169  33  1
 203  33  1
 204  33  1
  47  34  1
  48  34  1
  63  34  1
 140  35  1
 147  35  1
 187  35  1
  44  36  1
  80  36  2
  81  36  1
  83  36  1
  89  36  1
  90  36  1
  54  37  1
  55  37  1
  75  37  1
  76  37  1
 115  37  1
  41  38  1
  98  38  1
 236  38  1
 150  39  1
 160  39  1
 190  40  1
 240  40  1
  60  41  1
  76  41  1
  88  41  1
 115  41  1
 117  41  1
 119  41  1
 156  41  1
 184  41  1
 185  41  1
  94  42  1
 128  42  1
 129  42  1
  80  43  1
 121  43  1
 122  43  1
 136  43  1
 148  43  1
 156  43  1
 168  43  1
 182  43  1
 194  43  1
 195  43  1
 122  45  1
 138  45  1
 142  45  1
 157  45  1
 158  45  1
 173  45  1
 178  46  1
 201  46  1
 123  47  1
  37  48  1
 117  48  1
 137  48  1
 159  48  1
 162  50  1
  89  51  1
 135  51  1
 148  51  1
 125  53  1
 126  53  1
 128  53  1
 161  53  1
 205  53  1
 206  53  1
  36  54  1
  65  54  1
  66  54  1
 103  54  1
  88  55  1
 101  55  1
 157  55  1
  76  56  1
  77  56  1
  78  56  1
 120  56  1
  95  57  1
  99  57  1
 105  57  1
 154  57  1
 196  57  1
 116  58  1
 224  58  1
  27  59  1
 132  59  1
 207  59  1
 208  59  1
 100  60  1
 198  60  1
 224  60  1
  86  61  1
 111  61  1
 122  61  1
 237  61  1
  90  62  1
 130  63  1
 208  63  1
 216  63  1
 237  63  1
  15  64  1
  63  64  1
  21  65  1
  22  65  1
 116  65  1
 219  65  1
 220  65  1
 265  65  1
 126  66  1
 233  66  1
 234  66  1
  61  67  1
  83  67  1
 101  67  1
 142  67  1
 144  67  1
 220  67  1
 154  68  1
 194  68  1
  12  69  1
  85  69  1
  67  70  1
 179  70  1
 180  70  1
 237  70  1
  62  71  1
  98  71  1
 130  71  1
 198  71  1
 269  71  1
 140  72  1
 176  72  1
  73  73  1
  78  73  1
  85  73  1
 144  73  1
 191  73  1
 208  73  1
  56  74  1
  75  74  1
  94  74  1
 201  74  1
 146  75  1
 184  75  1
 186  75  1
 214  75  1
 110  76  1
 239  76  1
 184  77  1
 197  77  1
 215  77  1
 243  77  1
 177  78  1
 249  78  1
 252  78  1
  52  79  1
 138  79  1
 183  79  1
 171  80  1
 243  80  1
 275  80  1
 276  80  1
 196  81  1
 221  81  1
 115  82  1
 125  82  1
 154  82  1
  11  83  1
  14  83  1
 102  83  1
 169  83  1
 170  83  1
 227  83  1
 277  83  1
 278  83  1
 136  84  1
 137  84  1
 220  84  1
 160  85  1
 166  86  1
 180  86  1
 193  86  1
 247  86  1
 279  86  1
 280  86  1
  22  87  1
 150  87  1
 189  87  1
 257  87  1
 130  88  2
 233  88  1
   9  89  1
 158  89  1
 168  89  1
 223  89  1
 172  90  1
 178  91  1
 187  91  1
 234  91  1
 235  91  1
 262  91  1
 256  92  1
 267  92  1
  81  93  1
  86  93  1
 148  93  1
  89  94  1
 226  94  1
 227  94  1
 145  95  1
 243  95  1
 244  95  1
 123  96  1
 138  96  1
  92  97  1
 233  97  1
 223  98  1
 224  98  1
 241  98  1
 105  99  1
 166  99  1
   1 100  1
 131 100  1
 192 100  1
 193 100  1
 235 100  1
 236 100  1
 224 101  1
 130 102  1
 137 102  1
 159 103  1
  39 104  1
  40 104  1
  47 104  1
 129 104  1
 265 104  1
  78 105  1
 126 105  1
  30 106  1
 193 106  1
 256 106  1
  49 107  1
  50 107  1
 110 107  1
 169 107  1
 174 107  1
  35 108  1
 121 108  1
 240 108  1
 241 108  2
 256 108  1
  50 109  1
 159 109  1
 188 109  1
 232 109  1
  80 110  1
 178 110  1
 255 110  1
 256 110  1
 127 111  1
 128 111  1
  42 112  1
  43 112  1
 228 112  1
  34 113  1
  35 113  1
  49 113  1
 133 113  1
 134 113  1
 124 114  1
 168 114  1
 242 114  1
  82 115  1
  83 115  1
 112 115  1
 119 115  1
 230 115  1
   7 116  1
 176 116  1
  33 117  1
  34 117  1
 114 117  1
 115 117  1
 258 117  1
 264 117  1
 167 118  1
 177 118  1
 242 118  1
  37 119  1
 123 119  1
 156 119  1
  85 120  1
 121 120  1
 181 120  1
 238 120  1
 240 120  1
 262 120  1
 167 121  1
 236 121  1
 267 121  1
   6 122  1
 192 122  1
 244 122  1
 262 122  1
 159 123  1
 279 123  1
 280 123  1
   1 124  1
  67 124  1
  53 125  1
  60 125  1
 114 125  1
 136 125  1
 144 125  1
 149 125  1
 217 125  1
 249 125  1
  50 126  1
  96 126  1
 166 126  1
 246 126  1
  38 127  1
 154 127  1
 173 127  1
 220 127  1
 221 127  1
 240 127  1
   2 128  1
   3 128  1
  10 128  1
  29 128  1
 168 128  1
 227 128  1
 228 128  1
 269 128  1
 272 128  1
  34 129  1
  47 129  1
 155 129  1
 195 129  1
 255 129  1
 225 130  1
  27 131  1
  28 131  1
 131 131  1
 147 131  1
 240 131  1
 273 131  1
 151 132  1
 193 132  1
 263 132  1
 264 132  1
  12 133  1
  92 133  1
 185 133  1
 206 133  1
 242 133  1
 243 133  1
  87 134  1
 165 134  1
 166 134  1
 204 134  1
 233 134  1
  29 135  1
  47 135  1
 118 135  1
 213 135  1
 227 135  1
  20 136  1
 124 136  1
 246 136  1
  16 137  1
  85 137  1
 191 137  1
 192 137  1
 210 137  1
 242 137  1
 252 137  1
 272 137  1
  10 138  1
 157 138  1
 224 138  1
 235 138  1
  28 139  1
 118 139  1
 280 139  1
 281 139  1
  97 140  1
 115 140  1
 219 140  1
 274 140  1
  80 141  1
  92 141  1
 180 142  1
  29 143  1
  30 143  1
  89 143  1
 208 144  1
 223 144  1
  35 146  1
  85 146  1
 194 146  1
 198 146  1
 219 146  1
 223 146  1
 176 147  1
 280 147  1
 281 147  1
  32 148  1
 190 148  1
 198 148  1
 200 148  1
 203 148  1
   8 150  1
  37 150  1
 162 150  1
 166 150  1
 167 150  1
 178 150  1
 105 151  1
 106 151  1
 110 151  1
 111 151  1
 208 151  1
  23 152  1
  24 152  1
 190 152  1
  99 153  1
 162 153  1
 181 153  1
 185 153  1
 204 153  1
 101 154  1
 165 154  1
 173 154  1
 175 154  1
 177 154  1
 213 154  1
 214 154  1
 179 157  1
 186 157  1
 191 157  1
 192 157  1
  96 158  1
 158 158  1
 198 158  1
  87 159  1
 165 159  1
 182 159  1
  77 160  1
 171 160  1
 188 160  1
  62 161  1
 217 161  1
  81 162  1
 119 162  1
 121 162  1
 143 162  1
  66 163  1
  92 163  1
 149 163  1
 206 163  1
 217 163  1
  60 164  3
  62 164  1
  81 164  1
 153 164  1
 154 164  1
 155 164  1
 212 164  1
 274 164  1
 110 165  1
 219 165  1
 220 165  1
   3 166  1
   4 166  1
 112 166  1
 113 166  1
 132 166  1
 189 166  1
 191 166  1
 193 166  1
  68 167  1
 102 167  1
 158 167  1
 247 167  1
  79 168  1
  89 168  1
 142 168  1
 150 168  1
 239 168  1
 261 168  1
  85 169  1
 133 169  1
 187 169  1
 188 169  1
 206 169  1
 160 170  1
 179 170  1
 267 170  1
 272 170  1
 207 171  1
 208 171  1
 128 172  1
 166 172  1
 171 172  1
 260 172  1
 265 173  1
 258 175  1
  93 176  1
 147 176  1
 170 176  1
 171 176  1
 172 176  1
 186 176  1
 193 176  1
 246 176  1
 251 176  1
 141 177  1
 180 177  1
 229 177  1
  20 178  1
 167 178  1
 254 178  1
 101 179  1
 278 179  1
 167 180  1
 196 180  1
 197 180  1
 180 181  1
 188 181  1
 228 181  1
  81 182  1
 108 182  1
 112 182  1
 146 182  1
 147 182  1
 207 182  1
 209 183  1
   9 184  1
 155 184  1
 173 184  1
 221 184  1
  31 185  1
 124 185  1
 217 185  1
  17 186  1
 104 187  1
 136 187  1
 202 187  1
 209 187  1
  17 188  1
  73 188  1
  80 189  1
 136 189  1
 150 189  1
 177 189  1
 114 190  1
 152 190  1
 188 190  1
 192 190  1
 136 191  1
 198 191  1
 271 191  1
 100 192  1
 180 192  1
 104 193  1
 115 193  1
 125 193  1
 127 193  1
 141 193  1
 200 193  1
 201 193  1
  14 194  1
  41 194  1
  81 194  1
  85 194  1
 123 194  1
 184 194  1
 178 195  1
 201 195  1
 120 196  1
 142 196  1
 154 196  1
 155 196  1
 182 196  1
 136 197  1
 137 197  1
  27 198  1
  28 198  1
 127 200  1
 140 200  1
 144 200  1
  20 201  1
 104 201  1
 105 201  1
  27 202  1
 160 202  1
 161 202  1
 180 202  1
 181 202  1
 135 203  1
 142 204  1
 100 205  1
 101 205  1
 210 205  1
 170 206  1
  65 207  1
 110 207  1
 111 207  1
 124 207  1
 125 207  1
 136 207  1
 183 207  1
 199 207  1
 134 208  1
 175 208  1
 202 208  1
 203 208  1
 103 209  1
 140 209  1
 142 209  1
 162 210  1
 215 210  1
 114 212  1
 122 212  1
 156 212  1
  33 213  1
  97 213  1
 208 213  1
 209 213  1
 251 213  1
  70 214  1
 193 214  1
 203 214  1
 204 214  1
  72 215  1
 246 217  1
  39 218  1
  80 218  1
  94 218  1
  95 218  1
 192 220  1
 193 220  1
 243 220  1
  44 221  1
  72 221  1
  73 221  1
 221 222  1
 225 222  1
 227 222  1
  82 223  1
  83 223  1
 240 223  1
 131 224  1
  73 226  1
  56 227  1
  77 227  1
  78 227  1
 194 227  1
  58 229  1
  74 229  1
  84 230  1
  88 230  1
 170 230  1
 170 232  1
  79 233  1
  80 233  1
 228 233  1
  70 234  1
 132 234  1
 133 234  1
  93 235  1
 141 235  1
 143 235  1
  75 236  1
 139 237  1
 196 237  1
  83 239  1
 196 239  1
 129 240  1
 169 240  1
 170 240  1
 112 241  1
 212 241  1
 138 242  1
 139 242  1
 170 242  1
 122 243  1
 143 243  1
 161 243  1
 162 243  1
 209 243  1
 169 244  1
 170 244  1
 106 245  1
 135 245  1
 136 245  1
 205 246  1
 146 247  1
 122 248  1
 161 248  1
 200 248  1
 167 249  1
 168 249  1
 152 250  1
 156 250  1
 170 251  1
 171 251  1
 184 254  1
 178 256  1


count = 793