 173   1  1
 180   1  1
 189   1  1
 196   2  1
 158   3  1
 205   4  1
 211   6  1
 141   8  1
 164   8  1
 214   8  1
 136   9  1
 180   9  1
 186   9  1
 132  10  1
 134  10  1
 164  10  1
 191  10  1
 180  11  1
 181  11  1
 188  11  1
 126  12  1
 169  13  1
 188  13  1
 146  14  1
 209  14  1
 118  15  1
 213  15  1
 140  16  1
 112  17  1
 182  17  1
 229  17  1
 110  18  1
 212  18  1
 213  18  1
 170  19  1
 103  20  1
 105  20  1
 101  21  1
 120  21  1
 121  21  1
 150  21  1
 167  21  1
 204  21  1
 152  23  1
 209  23  1
  93  24  1
 146  24  1
  88  26  1
 165  26  1
 177  26  1
 238  26  1
 105  27  1
 153  27  1
 202  27  1
 205  28  1
 107  29  1
  98  30  1
 126  30  1
 243  30  1
  89  31  1
 126  32  1
 127  32  1
 211  32  1
 246  32  1
 206  33  1
 207  33  1
 213  33  1
 215  33  1
 119  34  1
 218  34  1
 110  35  1
 123  35  1
 110  37  1
 138  37  1
 141  37  1
 103  38  1
 105  38  1
 106  38  1
 114  38  1
 130  39  1
 220  39  1
  53  40  1
 114  40  1
 133  41  1
 142  41  1
 255  41  1
  49  42  1
  71  44  1
  96  44  1
  92  45  1
 148  45  1
 259  46  1
 130  47  1
 137  48  1
  74  49  1
  85  50  1
 139  51  1
  47  52  1
  77  52  1
  82  52  1
  38  54  1
 148  55  1
 158  57  1
 264  57  1
 151  58  1
 193  58  1
 197  58  1
 155  59  1
  24  60  1
 193  60  1
 209  60  1
  32  61  1
  34  61  1
 267  61  1
  78  62  1
 193  62  1
  34  63  1
  38  63  1
  82  63  1
 203  63  1
  28  64  1
  29  64  1
 198  64  1
 199  64  1
 214  64  1
  20  65  1
 205  65  1
 259  65  1
  31  66  1
  32  66  1
 187  66  1
 214  66  1
  25  67  1
  26  67  1
  75  67  1
  76  67  1
 214  68  1
 215  68  1
  18  69  1
 206  69  1
 226  69  1
 184  70  1
 185  70  1
 201  70  1
 252  70  1
 253  70  1
  76  71  1
  28  73  1
 206  73  1
 267  73  1
 184  74  1
 200  74  1
 264  74  1
 265  74  1
 274  74  1
 275  74  1
  13  75  1
  76  75  1
  24  76  1
  21  77  1
  31  77  1
 201  77  1
 202  77  1
 258  77  1
 259  77  1
 261  77  1
 276  77  1
 277  77  1
 102  78  1
 251  78  1
  18  79  1
  19  79  1
  94  79  1
 172  79  1
 142  80  1
 174  80  1
 180  80  1
 192  80  1
 251  80  1
  10  81  1
  11  81  1
 194  81  1
 266  81  1
  17  82  1
  92  82  1
 104  82  1
 136  83  1
 256  83  1
 257  83  1
 154  84  1
 155  84  1
 246  84  1
  14  86  1
 140  86  1
 141  86  1
 251  86  1
 152  88  1
 265  88  1
 280  88  1
 281  88  1
  89  89  1
 187  89  1
 188  89  1
 260  89  1
  94  90  1
 253  91  1
 281  91  1
 282  91  1
  90  92  1
 264  92  1
 265  92  1
   6  93  1
   7  93  1
  81  93  1
  97  93  1
 259  93  1
  11  95  1
 130  95  1
  77  96  1
  87  96  1
 180  96  1
 181  96  1
 103  97  1
 108  98  1
 122  98  1
 183 100  1
  10 101  1
  87 101  1
  93 101  1
 101 102  1
  42 103  1
  70 104  1
  71 104  1
 109 104  1
 110 104  1
  44 105  1
  45 105  1
 104 107  1
 107 109  1
 110 109  1
 174 109  1
 175 109  1
  46 110  1
 115 111  1
  46 112  1
  49 113  1
 229 113  1
 241 114  1
  75 115  1
 167 115  1
  85 116  1
  86 116  1
 190 116  1
 241 116  1
   7 117  1
   8 117  1
 163 117  1
 164 117  1
 230 118  1
 232 118  1
 234 118  1
 241 118  1
 279 118  1
 280 118  1
  53 119  1
  60 119  1
  77 119  1
 121 120  1
 244 120  1
 245 120  1
  80 121  1
 201 121  1
  22 123  1
 164 123  1
 181 123  1
 207 123  1
 246 123  1
 273 123  1
 274 123  1
 275 123  1
  20 124  1
  29 124  1
  85 124  1
 124 124  1
 125 124  1
 188 124  1
 190 124  2
 156 125  1
 209 125  1
  58 126  1
  59 126  1
  90 126  1
 108 126  1
 118 126  1
 130 126  1
 215 126  1
  35 127  1
 161 127  1
   4 128  1
   5 128  1
  10 128  1
  55 128  1
 133 128  1
 171 128  1
 188 128  1
 189 128  1
 222 128  1
 269 128  1
  50 129  1
 241 129  1
 248 129  1
 250 129  1
 254 129  1
 259 129  1
 263 129  1
  38 130  1
 193 130  1
 206 130  1
 231 130  1
 118 131  1
 119 131  1
 165 131  1
 168 131  1
 263 131  1
  19 132  1
  20 132  1
  39 132  1
  61 132  1
 131 132  1
 212 132  1
 279 132  1
 280 132  1
  42 133  1
  50 133  1
 201 133  1
  34 134  1
  59 134  1
 103 134  1
 126 134  1
 127 134  1
 158 134  1
 185 134  1
 270 134  1
   4 135  1
  42 135  1
  86 135  1
 149 135  1
 192 135  1
 239 135  1
  19 136  1
  36 136  1
 152 136  1
 178 136  1
  27 137  1
  45 137  1
 156 137  1
 162 137  1
 163 137  1
 211 137  1
 272 137  1
   2 138  1
 228 138  1
  39 139  1
  15 140  1
 185 140  1
 240 140  1
   1 141  1
  79 141  1
  93 141  1
 119 141  1
  12 142  1
 227 142  1
  26 143  1
  88 143  1
 101 143  1
 238 143  1
 110 144  1
 162 144  1
 163 144  1
 226 144  1
 103 145  1
 104 145  1
 250 145  1
 251 145  1
  85 146  1
 166 146  1
 225 146  1
   1 147  1
  19 147  1
  81 147  1
  73 148  1
 170 148  1
 244 148  2
  17 149  1
 180 149  1
 238 149  1
 242 149  1
  79 151  1
 180 151  1
 181 151  1
  71 152  1
 173 152  1
   2 156  1
   3 156  1
  76 156  1
 168 156  1
   3 159  1
   4 159  1
  61 159  2
  62 159  1
  63 159  1
  68 159  1
 179 160  1
 180 160  1
   4 162  1
   5 162  1
 178 163  1
 179 163  1
 188 166  1
  73 168  1
  74 168  1
  66 169  1
  67 169  1
 172 170  1
 173 170  1
  80 171  1
 177 171  1
 188 173  1
  81 174  1
 276 174  1
 194 175  1
  80 176  1
  87 177  1
  11 178  1
  82 178  1
 173 179  1
 174 179  1
   6 180  1
   7 180  1
  67 180  1
 181 180  1
 185 180  1
  61 181  1
 195 181  1
 196 181  1
  54 182  1
 271 182  1
 124 183  1
 191 183  1
 192 183  1
  84 184  1
 129 184  1
   9 185  1
 188 185  1
 101 187  1
 123 188  1
 124 188  1
  47 189  1
  54 189  1
  97 189  1
 200 189  1
 201 189  1
  95 190  1
 103 190  1
 184 190  1
 267 190  1
 268 190  1
 132 191  1
  20 192  1
  57 192  1
  58 192  1
  97 192  1
 113 192  1
  25 194  1
  97 194  1
  91 196  1
 101 196  1
 102 196  1
 105 196  1
 106 196  1
 264 197  1
  25 198  1
  26 198  1
  56 198  1
  53 200  1
 262 201  1
  22 202  1
  87 202  1
  89 202  1
  50 203  1
  84 204  1
  85 204  1
 145 204  1
 151 204  1
 152 204  1
  80 206  1
 259 206  1
 260 206  1
  26 208  1
 135 208  1
  28 209  1
 130 209  1
 131 209  1
 144 210  1
 146 210  1
  31 211  1
  32 211  1
 123 211  1
 137 211  1
  85 212  1
 128 212  1
  35 213  1
  90 213  1
  91 213  1
  38 215  1
  39 215  1
 116 216  1
 112 217  1
 125 217  1
 135 218  1
 136 218  1
  46 219  1
  52 222  1
  54 224  1
 112 225  1
  57 226  1
  58 226  1
  88 227  1
  62 228  1
  64 230  1
 196 231  1
 199 231  1
 201 231  1
  77 232  1
  78 232  1
  94 232  1
  69 233  1
 146 233  1
 197 233  1
 144 234  1
  72 235  1
  95 236  1
  96 236  1
 114 236  1
 182 237  2
 123 238  1
 142 238  1
 143 238  1
 198 239  1
 205 240  1
 227 240  1
 114 241  1
 118 241  1
 123 241  1
 138 242  1
 139 242  1
 223 242  1
 224 242  1
 123 243  1
 202 243  1
 101 244  1
 133 244  1
 128 245  1
 189 245  1
 217 245  1
 141 246  1
 189 247  1
 210 247  1
 140 248  1
 122 249  1
 189 249  1
 124 250  1
 126 250  1
 185 250  1
 204 250  1
 205 250  1
 189 256  1


count = 577