 169   1  1
 139   3  1
 180   3  1
 121   8  1
 123   8  1
 119   9  1
 157   9  1
 135  12  1
 156  12  1
 102  13  1
 130  14  1
 131  14  1
 157  15  1
 158  15  1
 215  16  1
 216  16  1
  89  17  1
 117  17  1
 200  19  1
 203  19  1
 107  20  1
 129  20  1
 141  20  1
  96  21  1
 136  21  1
 225  21  1
 142  22  1
 206  23  1
  90  24  1
 131  24  1
 159  24  1
 160  24  1
  97  25  1
 119  25  1
 186  25  1
 200  25  1
 205  25  1
 206  25  1
 230  25  1
  71  26  1
 198  26  1
 108  27  1
 119  27  1
 144  27  1
 182  27  1
 191  27  1
 193  27  1
 161  28  1
  88  29  1
 111  29  1
 112  29  1
 137  29  1
 138  29  1
 190  30  1
 236  30  1
  65  31  1
 113  31  1
 124  31  1
 139  32  1
 190  32  1
 122  33  1
 154  33  1
 185  33  1
 207  34  1
 185  35  1
 202  35  1
 211  35  1
  85  36  1
  86  36  1
 150  37  1
 184  37  1
 185  37  1
 246  37  1
  83  38  1
 117  38  1
 124  38  1
 156  38  1
 157  38  1
  55  40  1
 152  40  1
 127  41  1
 137  41  1
 183  41  1
 184  41  1
 212  41  1
 213  41  1
 119  42  1
 154  43  1
 139  45  1
 141  46  1
 209  46  1
  57  47  1
 132  47  1
 164  47  1
 203  47  1
  59  48  1
  60  48  1
 158  48  1
 167  48  1
 168  48  1
 186  48  1
  97  50  1
 188  50  1
 189  50  1
 200  51  1
 260  51  1
  60  52  1
  73  52  1
  81  55  1
  82  55  1
  64  57  1
  96  57  1
  97  57  1
 201  57  1
 105  58  1
 117  58  1
  71  59  1
 101  59  1
 192  59  1
  49  60  1
 197  60  1
 227  60  1
 231  60  1
  78  61  1
  51  62  1
 221  62  1
  76  63  1
  77  63  1
 247  63  2
 269  63  1
 270  63  1
  31  64  1
  44  64  1
  61  64  1
 113  64  1
  53  65  1
 101  65  1
 249  65  1
  56  66  1
 243  66  1
 107  67  1
 259  67  1
 265  67  1
  39  68  1
 257  69  1
  50  70  1
 232  70  1
 241  70  1
  35  71  1
 247  71  1
 248  71  1
  59  72  1
 222  72  1
 223  72  1
 235  72  1
  52  73  1
  53  73  1
 268  73  1
 273  73  1
 274  73  1
  23  74  1
 235  74  1
  43  75  1
 243  75  1
 235  76  1
  52  78  1
  53  78  1
  18  80  1
 225  80  1
 266  81  1
 230  82  1
 237  82  1
  62  83  1
 248  83  1
 263  83  1
 264  83  1
  30  84  1
  14  85  1
 219  85  1
 225  85  1
  30  86  1
 230  87  1
  28  88  1
  29  88  1
 178  89  1
 218  89  1
 259  89  1
 164  90  1
 262  90  1
  18  91  1
 158  91  1
 230  91  1
  11  92  1
  12  92  1
  29  92  1
 220  92  1
 144  93  1
  10  94  1
 167  94  1
 178  94  1
 232  94  1
 141  95  1
 175  95  1
 176  95  1
 236  95  1
 247  95  1
 219  96  1
 220  96  1
 130  98  1
 131  98  1
 214  99  1
 215  99  1
 239  99  1
 234 100  1
 251 100  1
 260 101  1
  40 103  2
  50 103  1
 129 103  1
 130 103  1
 173 103  1
 232 103  1
 233 103  1
 150 104  1
 216 104  1
  41 105  1
 146 105  1
 192 105  1
 240 105  1
 260 105  1
 273 105  1
 281 105  1
 282 105  1
  34 106  1
 184 106  1
 185 106  1
 208 106  1
 235 106  1
   4 107  1
   5 107  1
  31 107  1
 154 107  1
 160 107  1
  28 108  1
   4 109  1
 216 109  1
 218 109  1
 219 109  1
  22 110  1
 133 110  1
 142 110  1
 246 110  1
   3 111  1
   4 111  1
  33 111  1
 254 111  1
  43 112  1
  55 112  1
 150 112  1
 259 112  1
  46 113  1
   9 114  1
  40 114  1
 242 114  1
  45 115  1
  51 116  1
 136 116  1
 137 116  1
  45 117  1
  56 117  1
  20 120  1
  35 120  1
  40 120  1
  97 121  1
 135 122  1
 136 122  1
 161 122  1
  33 123  1
  47 123  1
  90 123  1
 154 123  1
 270 123  1
 121 124  1
  71 125  1
  72 125  1
 230 125  1
 252 125  1
  19 126  1
  90 126  1
 137 126  1
 212 126  1
  10 127  1
  42 127  1
  48 127  1
 180 127  2
 246 127  1
 247 127  1
 248 127  1
 255 127  1
 263 127  1
 265 127  1
   6 128  1
 171 128  1
 229 128  1
 275 128  1
 276 128  1
 270 129  1
   9 130  1
  97 130  1
 115 130  1
 116 130  1
 117 130  1
 204 130  1
 250 130  1
 266 130  1
  33 131  1
  51 131  1
 128 131  1
 144 131  1
 184 131  1
 206 131  1
 218 131  1
 261 131  1
  72 132  1
  73 132  1
  90 132  1
 137 132  1
 209 132  1
 263 132  1
 264 132  1
   7 133  1
  84 133  1
 120 133  1
 227 133  1
 246 133  1
  89 134  1
 230 134  1
 236 134  1
 149 135  1
 180 135  1
 252 135  1
 266 135  1
  43 136  1
  45 136  1
  61 136  1
  62 136  1
 131 136  1
 136 136  1
  50 137  1
  51 137  1
 180 137  1
  43 138  1
 156 138  1
 198 138  1
 199 138  1
  59 139  1
 226 139  1
 227 139  1
 231 139  1
  31 140  1
 117 140  1
 132 140  1
 163 140  1
 164 140  1
 277 140  1
 179 141  1
 185 141  1
  25 142  1
  42 142  1
  45 142  1
  47 142  1
 155 142  1
 233 142  1
  21 143  1
  51 143  1
 150 143  1
  19 144  1
  39 144  1
 268 144  2
  28 145  1
  34 145  1
  51 145  1
  57 145  1
 156 145  1
 170 146  1
 233 146  1
  53 147  1
 129 147  1
 261 147  1
 266 147  1
  41 148  1
 100 148  1
 140 148  1
 152 148  1
   8 149  1
  19 149  1
 133 149  1
 145 149  1
 213 149  1
 218 149  1
 136 150  1
 172 150  1
 181 150  1
 235 150  1
 236 150  1
 282 150  1
 283 150  1
  21 151  1
 168 151  1
 179 151  1
  32 152  1
 105 152  1
 113 152  1
  88 153  1
 127 154  1
  12 155  1
  13 155  1
  78 156  2
  84 156  1
  85 156  1
 107 156  1
 137 156  1
 157 156  1
 161 156  1
 201 156  1
 208 156  1
  93 157  1
 140 157  1
 230 157  1
  22 158  1
  23 158  1
 177 158  1
 271 159  1
  79 160  1
  86 160  1
   3 161  1
   4 161  1
  10 161  1
  12 161  1
  17 161  1
  95 161  1
 100 161  1
 147 161  1
 217 161  1
 252 161  1
  83 162  1
  92 162  1
 132 162  1
 221 162  1
 225 162  1
  92 164  1
 138 164  1
 262 164  1
 263 164  1
 154 165  1
 155 165  1
 273 165  1
 158 167  1
 215 167  1
 216 167  1
 267 167  1
 268 167  1
 273 167  1
 174 168  1
 181 168  1
 163 170  1
 177 170  1
 200 170  1
 201 170  1
 258 171  1
  49 172  1
 170 172  1
 225 172  1
 226 172  1
 265 173  1
   6 174  1
   7 174  1
 158 174  1
 159 174  1
 261 174  1
 263 174  1
 277 174  1
 231 175  1
 261 176  1
  50 177  1
  44 178  1
 143 179  1
   8 180  1
 231 181  1
 274 182  1
 275 182  1
 236 184  1
 158 185  1
 159 185  1
  33 186  1
  44 186  1
  13 187  1
  14 187  1
 144 187  1
 156 188  1
  43 189  1
  15 190  1
  16 190  1
  36 191  1
  37 191  1
  46 191  1
  94 191  1
  95 191  1
 236 191  1
  30 192  1
 147 193  1
 148 193  1
 197 193  1
 238 193  1
 245 193  1
 267 193  1
  33 194  1
  34 194  1
 142 194  1
 191 194  1
  94 195  1
 156 195  1
  19 196  1
  59 196  1
 135 196  1
 197 196  1
  75 197  1
  90 197  1
 264 197  1
 147 198  1
 191 198  1
 197 198  1
 215 198  1
 219 198  1
 245 198  1
  46 199  1
  66 199  1
  86 200  1
 147 200  1
 185 200  1
 213 200  1
  48 201  1
  54 201  1
 132 201  1
 181 201  1
 182 201  1
 122 202  1
 126 202  1
 138 202  1
 146 202  1
 147 202  1
 163 202  1
 228 202  1
  63 203  1
  76 203  1
  77 203  1
 141 203  1
 165 203  1
 166 203  1
 260 203  1
  35 204  1
 156 204  1
 224 204  1
  47 205  1
 192 205  1
 193 205  1
  52 206  1
  53 206  1
  81 206  1
  82 206  1
 258 206  1
  94 207  1
  95 207  1
 229 208  1
  40 209  1
  59 209  1
 144 209  1
 168 209  1
 169 209  1
 181 209  1
 224 209  1
  97 210  1
 199 210  1
  30 211  1
  31 211  1
  52 211  1
 207 211  1
 226 211  1
  83 212  1
 154 212  1
 203 212  1
 214 212  1
  57 213  1
 183 213  1
 210 213  1
  81 214  1
 137 214  1
  97 215  1
 218 215  1
 219 215  1
 228 215  1
 151 216  1
 166 216  1
 116 217  1
 202 217  1
 230 217  1
 231 217  1
  79 218  1
  80 218  1
  84 218  1
 114 218  1
  77 219  1
 138 219  1
  36 220  1
 132 220  1
 245 220  1
  87 221  1
  88 221  1
 112 221  1
 142 221  1
 154 221  1
 158 221  1
 169 221  1
  76 222  1
 147 222  1
 148 222  1
 241 222  1
 242 222  1
  68 223  1
 135 223  1
 142 223  1
 152 223  1
 196 223  1
 228 223  1
 230 223  1
 161 224  1
 219 224  1
  66 225  1
 223 225  1
 224 225  1
  90 226  1
  91 226  1
 138 226  1
 104 227  1
 143 227  1
 234 228  1
  46 229  1
  79 229  1
  80 229  1
 158 229  1
 160 229  1
  50 231  1
  89 231  1
  98 231  1
 229 231  1
 135 233  1
 136 233  1
  82 234  1
  87 234  1
 221 235  1
 222 235  1
  80 236  1
  59 237  1
 149 238  1
 155 238  1
 156 238  1
 215 238  1
  61 239  1
  86 239  1
 213 239  1
 136 240  1
 137 240  1
  90 241  1
 207 242  1
  78 243  1
 148 243  1
  69 245  1
 163 245  1
 164 245  1
 134 246  1
 198 246  1
  76 248  1
  77 248  1
 152 248  1
 153 248  1
 196 248  1
 162 250  1
 190 250  1
 192 250  1
  85 251  1
 126 251  1
 186 252  1
 187 252  1
 104 254  1
 110 255  1
 179 255  1
 181 255  1
 126 256  1


count = 698