 169   1  1
 179   1  1
 194   2  1
 144   3  1
 199   4  1
 133   5  1
 201   5  1
 157   7  1
 122  10  1
 119  12  1
 139  12  1
 140  12  1
 134  14  1
 128  15  1
 130  16  1
 153  17  1
 106  18  1
 108  18  1
 158  18  1
 159  18  1
 161  18  1
 101  20  1
 118  20  1
 229  20  1
  98  21  1
  94  22  1
 110  23  1
 111  23  1
 165  23  1
 178  23  1
 235  23  1
 119  24  1
 223  24  1
 169  25  1
 170  25  1
 237  25  1
  82  26  1
 115  26  1
 116  26  1
 162  26  1
 178  27  1
  75  28  1
  97  29  1
 175  30  1
 245  30  1
  97  31  1
 136  31  1
 247  31  1
 104  32  1
 169  32  1
 176  32  1
 181  32  1
 248  33  1
  97  34  1
 131  34  1
 133  34  1
  89  35  1
 128  35  1
 129  35  1
 210  35  1
  53  38  1
 135  38  1
 172  38  1
  66  39  1
 145  40  1
 150  40  1
 152  40  1
 213  40  1
 205  41  1
  64  42  1
  91  42  1
  92  42  1
 113  42  1
 146  42  1
 256  42  1
  72  43  1
  73  43  1
  82  43  1
 154  43  1
  73  45  1
  92  45  1
  93  45  1
 145  45  1
 146  45  1
 105  46  1
 106  46  1
 114  46  1
 154  46  1
  57  48  1
  81  48  1
 106  48  1
  74  49  1
  76  49  1
 143  49  1
 161  49  1
 162  49  1
 138  50  1
 197  50  1
  89  51  1
  96  51  1
 129  51  1
 157  51  1
 210  52  1
 107  54  1
 150  55  1
 198  55  1
 208  55  1
 264  55  1
  59  56  1
  99  56  1
 100  56  1
 101  56  1
 249  56  1
 172  57  1
 201  57  1
 222  57  1
 253  57  1
 226  58  1
 259  58  1
  28  59  1
 146  59  1
 172  59  1
 159  60  1
 211  60  1
 244  60  1
 101  61  1
 105  61  1
 164  61  1
 228  61  1
 159  62  1
 170  62  1
 205  62  1
 268  62  1
 269  62  1
  55  63  1
 193  63  1
 236  63  1
 238  63  1
 190  64  1
  57  65  1
  58  65  1
  49  66  1
 159  66  1
 207  66  1
  45  67  1
 146  67  1
 163  67  1
 173  67  1
 270  67  1
 271  67  1
 192  68  1
 239  68  1
  44  69  1
  57  69  1
 151  69  1
 152  69  1
 196  69  1
 234  69  1
  19  70  1
 145  70  1
 154  70  1
 156  70  1
 191  70  1
  52  71  1
 195  71  1
 168  72  1
 186  72  1
 190  72  1
 265  72  1
 258  73  1
 272  73  1
 273  73  1
  62  74  1
 162  74  1
 234  74  1
 228  75  1
  62  76  1
  67  76  1
  84  76  1
  88  76  1
 164  76  1
 168  76  1
 169  76  1
 197  76  1
 273  76  1
 274  76  1
 172  77  1
 173  77  1
 187  77  1
 247  77  1
  62  78  1
  63  78  1
  84  78  1
 154  78  1
 155  78  1
  21  79  1
  83  80  1
 238  80  1
 239  80  1
  89  81  1
 251  81  1
 275  81  1
 276  81  1
  66  82  1
  67  82  1
  72  82  1
 106  82  1
 120  82  1
 154  82  1
 237  82  1
  11  83  1
  33  83  1
  34  83  1
  39  83  1
 149  83  1
  26  84  1
  67  84  1
 118  84  1
 143  84  1
 219  84  1
 237  84  1
 238  84  1
  18  85  1
 177  85  1
 186  85  1
 111  86  1
 157  86  1
  70  87  1
 181  87  1
 277  87  1
 278  87  1
  97  88  1
 104  88  1
 120  88  1
 199  88  1
 234  88  1
  21  89  1
  27  89  1
 189  89  1
 205  89  1
 241  89  1
 256  89  1
 185  91  1
 259  91  1
 110  92  1
 119  92  1
 177  93  1
 178  93  1
 185  93  1
  18  94  1
 147  94  1
 171  94  1
  28  95  1
 182  95  1
  61  98  1
   6  99  1
   7  99  1
  56  99  1
 109 102  1
  54 103  1
  92 103  1
 178 103  1
 179 103  1
 208 103  1
 255 103  1
  58 105  1
  59 105  1
  60 105  1
 115 105  1
 117 105  1
 249 105  1
 185 106  1
   4 109  1
   5 109  1
  88 109  1
 248 109  1
 254 110  1
 255 110  1
  45 111  1
 129 111  1
 260 111  1
  57 112  1
  93 112  1
 244 112  1
 265 112  1
 171 113  1
 205 113  1
 259 113  1
 139 114  1
 251 114  1
   9 115  1
 183 115  1
 209 115  1
 267 115  1
 132 116  1
 202 116  1
 250 116  1
  93 117  1
 194 117  1
 100 118  1
 124 118  1
 130 118  1
 189 118  1
 198 118  1
 168 119  1
  46 121  1
 171 121  1
  41 122  1
  94 122  1
  96 122  1
 155 122  1
 182 122  1
 202 122  1
 226 122  1
 230 122  1
 231 122  1
 214 123  1
   7 124  1
 101 124  1
 129 124  1
 158 124  1
 162 124  1
 163 124  1
 197 124  1
 199 124  1
  49 125  1
 106 125  1
 136 125  1
 185 125  2
 186 125  1
 193 125  1
 194 125  1
 215 125  1
 283 125  1
  21 126  1
 276 126  1
  17 127  1
 121 127  1
 188 127  1
 190 127  1
 271 127  1
 273 127  1
   5 128  1
   6 128  1
  46 128  1
 106 128  1
 107 128  1
 141 128  1
 183 128  1
 200 128  1
 208 128  1
 213 128  1
 238 128  1
 263 128  1
  11 129  1
  38 129  1
  70 129  1
 147 129  1
 244 129  1
  22 130  1
 233 130  1
 259 130  1
 263 130  1
   8 131  1
  19 131  1
  37 131  1
  51 131  1
 151 131  1
 153 131  1
 154 131  1
 155 131  1
   5 132  1
 226 132  1
 229 132  1
 269 132  1
   1 133  1
 143 133  1
 168 133  1
 195 133  1
 243 133  1
 273 133  1
  19 135  1
 130 135  1
 132 135  1
 173 135  1
 174 135  1
 198 135  1
 199 135  1
 265 135  1
 110 136  1
 122 136  1
 146 136  1
 190 136  1
 261 136  1
 107 137  1
 102 138  1
 103 138  1
 180 138  1
 214 138  1
   6 139  1
   7 139  1
 169 139  1
  96 140  1
 214 140  1
 253 140  1
 189 142  1
 184 143  1
 110 144  1
 111 144  1
 167 144  1
 211 144  1
 248 144  1
 126 145  1
 253 145  1
 257 145  1
   9 146  1
 171 146  1
 248 146  1
 123 147  1
 130 147  1
 131 147  1
 243 147  1
 252 147  1
  49 149  1
 130 149  1
 131 149  1
 234 149  1
  44 150  1
 167 150  1
 169 150  1
 185 150  1
 239 150  2
 240 150  1
 241 150  1
  95 151  1
 180 151  1
 248 151  1
 128 152  1
 242 152  1
  23 154  1
 252 154  1
  17 155  1
  43 155  1
 176 155  1
 257 155  1
 262 155  1
 266 155  1
  20 156  1
  62 156  1
  66 156  1
  74 156  1
 169 156  1
  14 157  1
 210 157  1
  20 158  1
  93 158  1
 206 158  1
 181 159  1
 269 159  1
 167 160  1
   8 161  1
   9 161  1
  14 161  1
  15 161  1
 155 161  1
 251 161  1
  22 162  1
   9 164  1
  10 164  1
  28 164  1
 126 164  1
 132 164  1
 146 164  1
 172 164  1
 173 164  1
 232 164  1
 238 164  1
 257 164  1
  18 165  1
 153 165  1
 257 166  1
  92 167  1
 272 167  1
  34 168  1
 124 168  1
  27 169  1
 112 169  1
 176 169  1
 178 169  1
 220 169  1
  39 171  1
 103 171  1
 221 171  1
 246 171  1
  18 173  1
  31 173  1
 161 173  1
 165 173  1
  33 174  1
  52 174  1
 219 174  1
  25 175  1
 215 175  1
 216 175  1
 167 176  1
 203 176  1
 204 176  1
 243 176  1
 171 177  1
  22 178  1
  54 178  1
  55 178  1
 266 178  1
 267 178  1
  57 179  1
  22 180  1
 218 180  1
 212 181  1
 245 181  1
 246 181  1
  59 186  1
  63 186  1
 248 186  1
 241 187  1
 253 188  1
 255 189  1
 256 189  1
 159 190  1
 222 190  1
 235 190  1
 250 190  1
 130 191  1
 167 192  1
 140 193  1
 252 193  1
  78 194  1
 149 194  1
 224 194  1
 225 194  1
  83 195  1
 126 195  1
 143 195  1
 144 195  1
 169 195  1
 217 195  1
  70 196  1
 225 197  1
 179 198  1
  29 199  1
 117 199  1
 150 199  1
 258 199  1
 259 199  1
 137 201  1
  69 202  1
 135 202  2
 179 202  1
 257 202  1
 258 202  1
 227 203  1
 114 204  1
 208 205  1
 229 205  1
 155 206  1
 218 206  1
 235 206  1
  78 207  1
  82 207  1
 148 207  1
 205 207  1
 150 208  1
 151 208  1
 152 208  1
 243 208  1
 246 208  1
  74 209  1
  75 209  1
 156 210  1
 203 210  1
 107 211  1
 108 211  1
 114 211  1
 181 211  1
 218 211  1
 226 211  1
 233 211  1
 241 211  1
  42 212  1
 142 212  1
 145 212  1
 148 212  1
 150 212  1
  73 214  1
  95 215  1
 122 215  1
  71 216  1
  79 216  1
  80 216  1
 110 216  1
 111 216  1
 180 216  1
  67 217  1
 137 217  1
  95 220  1
 104 220  1
 106 220  1
  51 221  1
  66 221  1
 181 221  1
 187 221  1
  94 222  1
  95 222  1
 127 222  1
 196 222  1
 203 222  1
  62 223  1
 181 223  1
 183 223  1
 191 223  1
 242 223  1
 119 224  1
 120 224  1
 121 224  1
 129 225  1
  88 226  1
 130 227  1
 135 227  1
 175 227  1
  59 228  1
  88 228  1
  95 228  1
  96 228  1
 139 228  1
 201 228  1
 109 229  1
 110 229  1
  87 231  1
 109 231  1
 208 231  1
 124 232  1
 203 232  1
 109 233  1
  67 234  1
  85 234  1
  86 234  1
 109 235  1
 177 235  1
 210 235  1
 230 235  1
 188 236  1
  92 237  1
  93 237  1
 108 237  1
 109 237  1
 127 237  1
  96 239  1
 186 239  1
 213 239  1
 108 240  1
 200 240  1
 204 240  1
 208 240  1
 163 241  1
 209 242  1
 150 243  1
 154 243  1
 218 243  1
  91 244  1
 122 244  1
 147 244  1
 159 244  1
  94 245  1
 134 245  1
 138 245  1
 171 245  1
 122 246  1
 142 246  1
 167 246  1
 125 247  1
 126 247  1
 134 247  1
 213 247  1
 101 248  1
 103 249  1
 133 249  1
 207 249  1
 209 249  1
 204 250  1
 113 252  1
 117 253  1
 194 253  1
 190 254  1
 130 255  1
 187 255  1
 134 256  1


count = 695