 135   1  1
 143   1  1
 115   7  1
 116   7  1
 143   7  1
 198   7  1
 131   8  1
 107  10  1
 137  11  1
 207  11  1
 126  12  1
 191  12  1
 162  17  1
 175  18  1
  76  19  1
 223  19  1
 134  20  1
 173  20  1
  98  21  1
 126  21  1
 225  21  1
  70  22  1
 101  24  1
 230  24  1
  64  25  1
 202  25  1
 211  25  1
 218  25  1
 214  26  1
 233  26  1
 125  27  1
 236  28  1
 188  29  1
  58  30  1
 154  30  1
 155  30  1
 190  30  1
 202  30  1
 207  31  1
 213  31  1
 153  32  1
  97  33  1
 175  33  1
 205  33  1
 244  33  1
 127  34  1
 128  34  1
 190  34  1
 185  35  1
 214  36  1
 215  36  1
 148  37  1
 109  38  1
 110  38  1
 182  38  1
 184  38  1
  96  39  1
 170  39  1
 193  40  1
 176  41  1
 185  41  1
  45  43  1
 244  43  1
  97  44  1
  98  44  1
 195  44  1
 255  45  1
 176  47  1
 112  48  1
  50  49  1
  99  49  1
 108  50  1
 114  50  1
  50  51  1
 124  51  1
 125  51  1
 199  52  1
 259  52  1
 106  53  1
 110  53  1
 170  53  1
 232  53  1
 236  53  1
  61  54  1
 102  54  1
 195  54  1
 227  54  1
  63  55  1
 115  55  1
 117  55  1
 119  55  1
 126  55  1
 210  55  1
 262  57  1
 126  60  1
  65  61  1
 111  61  1
 265  62  1
 184  63  1
  97  64  1
  98  64  1
  25  65  1
  63  65  1
 268  66  1
 104  67  1
 161  67  1
  23  68  1
 184  68  1
 157  69  1
 225  69  1
  65  70  1
 218  70  1
  21  71  1
 154  72  1
 155  72  1
 272  72  1
  51  74  1
 159  74  1
 215  74  1
 255  75  1
 155  76  1
 235  76  1
 240  76  1
 241  76  1
 274  77  1
 275  77  1
 159  78  1
 177  78  1
 182  78  1
 210  78  1
 213  78  1
 222  78  1
 223  78  1
 238  78  1
  49  79  1
 268  79  1
  62  80  1
 258  80  1
 223  81  1
  13  82  1
 178  82  1
 179  82  1
 187  82  1
 207  82  1
 258  82  1
  57  83  1
 182  85  1
 262  85  1
 263  85  1
 165  86  1
 207  86  1
 208  86  1
 233  86  1
 234  86  1
 254  86  1
 255  86  1
 278  86  1
 279  86  1
  18  88  1
 251  88  1
   9  89  1
  10  89  1
 229  89  1
 249  89  1
 279  89  1
 280  89  1
  19  91  1
  20  91  1
 186  91  1
 242  91  1
 205  93  1
 206  93  1
 221  93  1
 252  93  1
   7  94  1
   8  94  1
 254  94  1
  18  95  1
  20  95  1
 153  95  1
 230  95  1
 241  95  1
 263  95  1
 281  95  1
 282  95  1
  13  96  1
 147  96  1
 148  96  1
 156  96  1
 238  96  1
 246  96  1
 268  96  1
 272  96  1
 161  97  1
 178  97  1
 223  98  1
 224  98  1
 225  98  1
 233  99  1
 234  99  1
  13 100  1
  99 100  1
 132 100  1
 133 100  1
 245 100  1
  10 101  1
 107 101  1
 258 101  1
 274 101  1
  16 102  1
  65 102  1
 137 102  1
  50 103  1
  56 103  1
  58 103  1
  81 103  1
 131 103  1
 215 104  1
 172 105  1
 208 105  1
 219 105  1
 257 105  1
   3 106  1
   4 106  1
  94 106  1
  95 106  1
 124 106  1
 211 106  1
  81 107  1
 156 107  1
 248 107  1
   2 109  1
   3 109  1
  37 109  1
 129 109  1
  85 110  1
  87 110  1
 106 110  1
 199 110  1
 116 111  1
 145 111  1
 173 111  1
 189 111  1
 190 111  1
 203 111  1
  34 112  1
  88 112  1
   1 113  1
   2 113  1
  41 113  1
  58 113  1
  93 113  1
 149 113  1
 150 113  1
  13 114  1
 104 114  1
 130 114  1
 131 114  1
 171 114  1
 210 114  1
 211 114  1
   8 115  1
  15 115  1
  17 115  1
  43 115  1
  98 116  1
 144 116  1
  19 117  1
  91 117  1
 105 117  1
 135 117  1
 211 117  1
 124 118  1
  59 119  1
  84 119  1
 190 119  1
 133 120  1
 168 120  1
 169 120  1
  91 121  1
  62 122  1
  81 123  1
  82 123  1
  93 123  1
 189 123  1
 218 123  1
  98 124  1
  76 125  1
 110 125  1
 124 125  1
 164 125  1
 191 125  1
 199 125  1
  74 126  1
 262 126  1
 272 126  1
 276 126  1
  25 127  1
  80 128  1
 203 128  1
 209 128  1
 214 128  1
 219 128  1
 227 128  1
   8 129  1
  46 129  1
  65 129  1
  66 129  1
  86 129  1
  93 129  1
  94 129  1
 131 129  1
 221 129  1
 249 129  1
 260 129  1
   5 130  1
   6 130  1
  42 130  1
  75 130  1
 117 130  1
 134 130  1
 185 130  1
 186 130  1
 245 130  1
  16 131  1
 121 131  1
 122 131  1
 124 131  1
 167 131  1
 178 131  1
 258 131  1
  61 132  1
  87 132  1
 175 132  1
 212 132  1
 225 132  1
 267 132  1
  10 133  1
  12 133  1
  14 133  1
  95 133  1
 188 133  1
 189 133  1
 269 133  1
   6 134  1
  29 134  1
 135 134  1
 221 134  1
 255 134  1
 262 134  1
 263 134  1
  25 135  1
  41 135  1
 125 135  1
 170 135  1
 255 136  1
 273 136  1
  13 137  1
  41 137  1
 116 137  1
 267 137  1
  22 138  1
  43 138  1
  44 138  1
  10 139  1
  34 139  1
 113 139  1
 127 139  1
 173 139  1
 276 139  1
 191 140  1
   1 141  1
   6 141  1
  32 141  1
 125 141  1
 146 141  1
 202 141  1
 150 142  1
  91 143  1
  94 143  1
 115 143  1
 123 143  1
 241 143  1
 126 145  1
 141 145  1
 203 145  1
  31 147  1
  32 147  1
 144 147  1
 158 147  1
 202 147  1
 247 147  1
 253 147  1
 241 148  1
  31 149  1
 146 149  1
 181 149  1
 150 150  1
  46 152  1
 111 152  1
 223 152  1
 225 152  1
 239 152  1
  99 153  1
 242 153  1
  36 154  1
  38 154  1
  40 154  1
  48 154  1
 183 154  1
 184 154  1
 211 154  1
   1 155  1
 165 155  1
 166 155  1
 249 155  1
 257 155  1
  56 156  1
 109 156  1
 154 156  1
 204 156  1
  24 157  1
 102 157  1
 103 157  1
 255 157  1
 263 157  1
 264 157  1
 171 158  1
 121 159  1
 141 159  1
 209 159  1
 213 159  1
 264 159  1
  81 160  1
  99 160  1
 100 160  1
 186 160  1
  62 161  1
 145 161  1
 189 161  1
 274 161  1
 281 161  1
 282 161  1
   1 162  1
   2 162  1
  79 162  1
 192 162  1
 104 163  1
 105 163  1
 106 163  1
 263 163  1
 110 164  1
 129 164  1
 227 164  1
 239 164  1
 252 164  1
  68 165  1
  73 165  1
 116 165  1
 140 165  1
 149 165  1
  78 166  1
  79 166  1
  96 166  1
 142 166  1
 189 166  1
 238 166  1
  85 167  1
 110 167  1
 217 167  1
 191 168  1
  80 169  1
  82 169  1
  95 169  1
 154 169  1
 200 169  1
 201 169  1
 236 169  1
  85 171  1
 125 171  1
 126 171  1
 207 171  1
  69 172  1
  70 172  1
  85 173  1
 130 173  1
 212 173  1
 276 173  1
  92 174  1
 120 174  1
 154 174  1
 202 174  1
 203 174  1
 222 174  1
  85 175  1
 132 176  1
 158 176  1
  90 177  1
 136 177  1
 245 177  1
 189 178  1
 159 179  1
 160 179  1
 245 179  1
 139 180  1
 194 181  1
 133 182  1
 203 183  1
 154 184  1
 197 184  1
 143 185  1
 144 185  1
 156 185  1
 269 185  1
 148 186  1
 254 186  1
 255 186  1
 164 187  1
 165 187  1
 258 187  1
 243 188  1
  11 190  1
 145 190  1
 164 191  1
 216 191  1
 236 191  1
  49 192  1
 126 192  1
 212 192  1
 214 192  1
  26 194  1
  27 194  1
 146 194  1
 156 195  1
 250 195  1
  45 197  1
 124 197  1
 143 197  1
 227 197  1
 259 197  1
 126 198  1
 131 198  1
 197 198  1
  33 199  1
 193 199  1
  16 200  1
 128 200  1
 188 200  1
 204 200  1
 219 200  1
 232 200  1
 150 201  1
 109 202  1
 128 203  1
 238 203  1
  18 204  1
  19 204  1
 204 204  1
 205 204  1
 210 204  1
 114 205  1
 213 205  1
 218 205  1
 251 205  1
 180 206  1
 185 206  1
 186 206  1
 204 206  1
 125 208  1
 131 208  1
 193 208  1
 198 208  1
 139 210  1
 147 210  1
  98 211  1
 197 212  1
 198 212  1
 207 212  1
 124 213  1
 173 213  1
 174 213  1
  99 214  1
 143 214  1
 144 214  1
 218 214  1
 219 214  1
 109 215  1
 212 215  1
  29 216  1
 131 216  1
 132 216  1
 136 216  1
 117 217  1
 197 217  1
 198 217  1
  30 218  1
 102 218  1
 113 218  1
 219 218  1
 125 219  1
 237 219  1
 216 220  1
 223 220  1
  50 221  1
  51 221  1
 174 221  1
  95 222  1
 173 223  1
 199 223  1
 110 224  1
  39 225  1
 172 225  1
 104 226  1
 201 226  1
  52 227  1
  97 227  1
 142 228  1
  44 229  1
 201 229  1
 222 230  1
  48 231  1
  58 231  1
  63 231  1
 139 231  1
  96 232  1
 138 234  1
 139 234  1
 146 234  1
  53 235  1
  54 235  1
  63 235  1
 154 235  1
 160 236  1
 213 237  1
  95 239  1
  62 240  1
  82 240  1
 137 240  1
 141 240  1
 146 240  1
 156 240  1
 157 240  1
  80 241  1
  67 242  1
 108 242  1
 116 242  1
  91 243  1
 118 244  1
 156 245  1
  81 246  1
  97 246  1
 104 246  1
 105 246  1
 196 246  1
 197 246  1
  84 247  1
 159 247  1
  91 249  1
  95 250  1
 114 253  1
 177 254  1
 121 255  1
 170 256  1


count = 663