 156   1  1
 183   1  1
 144   2  1
 196   3  1
 137   4  1
 202   5  1
 132   6  1
 166   7  1
 167   7  1
 151   8  1
 191   8  1
 210   8  1
 111  10  1
 196  11  1
 131  13  1
 159  13  1
 168  13  1
 221  13  1
 124  14  1
 125  14  1
 152  14  1
 131  15  1
 162  15  1
 223  15  1
 197  16  1
 126  17  1
 127  17  1
 135  17  1
 136  17  1
 174  17  1
  91  18  1
 118  18  1
 178  18  1
 190  18  1
 229  18  1
 167  19  1
 170  19  1
 171  19  1
  86  20  1
  97  20  1
 115  20  1
  84  21  1
 106  21  1
 233  21  1
 173  22  1
 200  23  1
 201  23  1
 224  25  1
  74  26  1
 106  26  1
 120  26  1
 197  26  1
  87  27  1
 100  27  1
 101  27  1
 129  27  1
 218  27  1
 220  27  1
 240  27  1
  70  28  1
  71  28  1
 166  28  1
 167  28  1
 185  28  1
 187  28  1
 204  28  1
 124  29  1
 212  29  1
 213  29  1
  93  30  1
 115  30  1
 164  30  1
 183  30  1
 222  30  1
  67  31  1
 132  31  1
 194  31  1
 103  32  1
 222  32  1
 228  32  1
 233  32  1
 116  33  1
 194  33  1
  63  34  1
  90  34  1
  91  34  1
 133  34  1
 138  34  1
 168  34  1
 177  34  1
  85  35  1
  86  35  1
 172  35  1
 194  35  1
 195  35  1
 223  35  1
  98  36  1
 198  36  1
 202  36  1
 213  36  1
 218  36  1
 240  36  1
 226  37  1
 112  38  1
 114  38  1
 130  38  1
 131  38  1
 251  38  1
  55  39  1
 108  39  1
 243  39  1
 200  40  1
  70  41  1
  98  41  1
 130  41  1
  50  42  1
  84  42  1
  85  42  1
 223  42  1
  77  43  1
 219  43  1
 240  43  1
 180  44  1
 181  44  1
  45  45  1
 213  45  1
  85  47  1
 177  47  1
 210  47  1
 223  47  1
 224  47  1
 240  47  1
 149  48  1
 153  48  1
  39  49  1
  58  49  1
  84  50  1
  85  50  1
 200  50  1
 175  51  1
 216  51  1
 236  51  1
 148  52  1
 156  52  1
 220  52  1
 254  52  1
  54  53  1
 175  53  1
 213  53  1
 230  53  1
 231  53  1
 263  53  1
  78  54  1
 105  54  1
 170  54  1
 178  54  1
 209  54  1
  64  56  1
  86  56  1
 136  56  1
 186  56  1
 187  56  1
 234  56  1
 246  56  1
 257  56  1
 258  56  1
 259  56  1
  29  57  1
  53  57  1
  89  57  1
  90  57  1
  91  57  1
 109  57  1
 252  57  1
 266  57  1
  59  58  1
  64  58  1
 129  58  1
 246  58  1
  73  59  1
  77  59  1
 226  59  1
 242  59  1
  47  60  1
 221  60  1
  80  61  1
  81  61  1
 108  61  1
 124  61  1
 177  61  1
 252  61  1
 137  62  1
 138  62  1
 154  62  1
 155  62  1
 240  62  1
  84  63  1
 102  63  1
 107  63  1
 120  63  1
 135  63  1
 113  64  1
 115  64  1
 182  64  1
 239  64  1
 246  64  1
 255  64  1
  31  65  1
  34  65  1
  35  65  1
  53  65  1
  58  65  1
 140  65  1
 158  65  1
 159  65  1
 225  65  1
 108  66  1
 125  66  1
 134  66  1
 253  66  1
  65  67  1
  91  67  1
  99  67  1
 120  67  1
 186  68  1
 191  68  1
  49  69  1
  95  69  1
 161  69  1
  43  70  1
 116  70  1
 118  70  1
 157  70  1
 167  70  1
  14  71  1
  58  71  1
  59  71  1
  60  71  1
 183  71  1
 234  71  1
 119  72  1
 124  72  1
  44  73  1
 146  74  1
 187  74  1
 232  74  1
 260  74  1
 262  74  1
 183  75  1
 184  75  1
 275  75  1
 276  75  1
 161  77  1
 276  78  1
 277  78  1
 222  79  1
 249  80  1
   9  81  1
  10  81  1
 252  81  1
 261  82  1
 278  83  1
 279  83  1
  15  84  1
 221  84  1
  20  85  1
 240  85  1
 247  85  1
 270  85  1
 176  87  1
 250  87  1
 188  88  1
 221  88  1
 222  88  1
 233  88  1
  13  89  1
  53  89  1
 170  89  1
 171  89  1
 272  89  1
 191  90  1
 230  90  1
  59  91  1
   6  92  1
   7  92  1
 167  92  1
 225  93  1
 230  94  1
 239  94  1
 251  94  1
 259  94  1
 261  94  1
  13  95  1
  14  95  1
 190  95  1
 263  97  1
 188  98  1
 251  98  1
  17  99  1
  24  99  1
 144 100  1
 119 101  1
 170 101  1
 171 101  1
 183 101  1
 254 101  1
 168 102  1
 260 102  1
  32 103  1
 112 103  1
 230 105  1
  43 106  1
 152 106  1
 163 106  1
 175 106  1
 111 107  1
 119 107  1
 139 107  1
 203 107  1
 204 107  1
 206 107  1
 213 107  1
 214 107  1
  84 108  1
 159 108  1
  12 109  1
 237 109  1
   2 110  1
 129 110  1
 230 110  1
 231 110  1
  48 111  1
  56 111  1
  86 111  1
  90 111  1
   1 112  1
 143 112  1
 154 112  1
 180 112  1
 238 112  1
 134 113  1
 216 113  1
  92 114  1
  93 114  1
  71 115  1
 231 115  1
 249 115  1
 274 115  1
  97 116  1
  98 116  1
 102 116  1
 140 116  1
 186 116  1
 244 116  1
 220 117  1
 272 117  1
 123 118  1
 162 119  1
 179 119  1
 227 119  1
 251 119  2
   1 120  1
  15 120  1
 268 120  1
 269 120  1
  22 121  1
 230 121  1
  72 122  1
 168 122  1
 102 123  1
 124 123  1
 162 123  1
   7 124  1
  10 124  1
  15 124  1
 246 124  1
 269 124  1
  40 125  1
 159 125  1
  45 126  1
  71 126  1
  94 126  1
  95 126  1
 233 126  1
  24 127  1
  61 127  1
  66 127  1
  82 127  1
 157 127  1
 276 127  1
 107 128  1
 108 128  1
 140 128  1
   3 129  1
   4 129  1
 121 129  1
 127 129  1
 173 129  1
 195 129  1
 220 129  1
 238 129  1
  18 130  1
  96 130  1
  97 130  1
 101 130  1
 160 130  1
 243 130  1
 266 130  1
  72 131  1
 127 131  1
 157 131  1
 250 131  1
 262 131  1
  59 132  1
  82 132  1
 107 132  1
   8 133  1
  31 133  1
  32 133  1
  69 133  1
 111 133  1
 136 133  1
 138 133  1
 157 133  1
 159 133  1
 255 133  1
 256 133  1
  20 134  1
  25 134  1
  46 134  1
  90 135  1
 168 135  1
 195 135  1
 256 135  1
  25 136  1
  62 136  1
 222 136  1
 237 136  1
  68 137  1
 140 137  1
 228 137  1
 255 137  1
 256 137  1
   9 138  1
  32 138  1
  97 138  1
  81 139  1
  92 139  1
 189 139  1
  83 140  1
 149 140  1
 175 140  1
 198 140  1
 214 140  1
 226 140  1
 227 140  1
 228 140  1
  58 141  1
 122 141  1
 181 141  1
 195 141  1
 106 142  1
 107 142  1
 173 142  1
 185 142  1
 277 142  1
 126 143  1
 151 143  1
 187 143  1
   2 144  1
   3 144  1
  83 144  1
 101 144  1
 103 144  1
 132 144  1
 133 144  1
 137 144  1
 145 144  1
 155 144  1
 161 144  1
  60 145  1
  64 145  1
  78 145  1
 127 145  1
 173 145  1
 272 145  1
 166 146  1
 167 146  1
  79 147  1
 258 147  1
 263 147  1
 271 147  1
 132 148  1
 209 148  1
 210 148  1
 156 149  1
 157 149  1
 161 149  1
 174 149  1
  98 150  1
 121 150  1
 122 150  1
 257 150  1
 276 150  1
 211 151  1
 213 151  1
 215 151  1
 253 151  1
 254 151  1
  82 152  1
 131 152  1
 261 152  1
   4 153  1
   5 153  1
  72 153  1
  88 153  1
  29 154  1
  95 154  1
  78 155  1
 135 155  1
 265 155  1
  73 156  1
  74 156  1
  75 156  1
  94 156  1
 159 156  1
 160 156  1
 255 156  1
 256 156  1
  34 157  1
 163 157  1
 171 157  1
 175 157  1
 265 157  1
 276 158  1
  89 159  1
  90 159  1
 183 159  1
 184 159  1
 268 159  1
  61 161  1
  51 162  1
  82 162  1
 103 162  1
 183 162  1
 264 162  1
 265 162  1
  12 163  1
  61 163  1
 180 163  1
 271 163  1
  23 164  1
  32 164  1
  82 164  1
  87 164  1
 145 164  1
 261 164  1
 262 164  1
  16 165  1
  38 165  1
 273 165  1
  82 166  1
  16 167  1
  30 167  1
  54 167  1
 102 167  1
 109 168  1
 157 168  1
 258 168  1
  20 169  1
  31 169  1
  33 169  1
  35 169  1
  67 169  1
 113 169  1
 168 169  1
 181 169  1
  75 170  1
  81 170  1
 101 170  1
 222 170  1
 224 170  1
 229 170  1
 233 170  1
 152 171  1
 172 171  1
 263 171  1
 271 171  1
 272 171  1
  99 172  1
 104 172  1
 241 172  1
 259 172  1
  65 173  1
  78 173  1
 267 173  1
   7 174  1
  30 174  1
  31 174  1
 113 174  1
 216 174  1
 223 174  1
 224 174  1
 235 174  1
 243 174  1
  92 175  1
 214 175  1
 248 175  1
 267 175  1
  82 176  1
 101 176  1
 273 176  1
  14 177  1
 214 177  1
 231 177  1
 259 177  1
  78 178  1
  82 178  1
 104 178  1
 105 178  1
  30 179  1
  76 179  1
 269 179  1
 270 179  1
  32 180  1
  33 180  1
 213 180  1
 241 180  1
  81 181  1
  82 181  1
 243 181  1
 244 181  1
 266 181  1
 279 182  1
 280 182  1
 207 183  1
 233 183  1
  97 184  1
 254 184  1
 255 184  1
  38 185  1
  63 185  1
 210 185  1
  72 186  1
 200 187  1
 202 187  1
 204 187  1
 236 187  1
 247 187  1
 249 187  1
  39 189  1
  40 189  1
  82 189  1
  83 189  1
  88 189  1
 196 189  1
  26 190  1
  75 190  1
 112 190  1
 113 190  1
 211 190  1
 277 190  1
 278 190  1
 208 191  1
 251 191  1
  79 192  1
  44 193  1
  45 193  1
 187 193  1
 193 193  1
 257 193  1
 262 193  1
 276 193  1
 277 193  1
  74 194  1
 268 194  1
  91 195  1
 119 196  1
  35 197  1
 240 197  1
 241 197  1
 257 197  1
 262 197  1
 189 198  1
 201 198  1
 244 198  1
  96 199  1
 248 199  1
  40 200  1
  71 200  1
 123 200  1
 124 200  1
 193 200  1
 206 200  1
 265 200  1
 273 200  1
 147 201  1
  43 202  1
  71 202  1
 227 202  1
 246 203  1
 271 203  1
 146 205  1
 151 205  1
 152 205  1
 192 205  1
 193 205  1
  90 206  1
 102 206  1
 103 206  1
 104 206  1
 108 206  1
 199 206  1
 200 206  1
 228 206  1
 229 206  1
  50 207  1
 177 207  1
 246 207  1
  83 208  1
 118 208  1
 244 208  1
  98 209  1
 126 209  1
 127 209  1
 139 210  1
 154 210  1
  81 211  1
 148 211  1
 149 211  1
 176 211  1
  57 212  1
  99 212  1
 118 212  1
 206 212  1
 212 212  1
 136 213  1
 138 213  1
 151 213  1
 152 213  1
 153 213  1
 199 213  1
 200 213  1
 263 213  1
  72 214  1
  73 214  1
 216 214  1
 222 214  1
 235 214  1
 247 214  1
  62 215  1
  94 215  1
  95 215  1
  96 215  1
 160 215  1
 178 215  1
 179 215  1
 206 215  1
 208 215  1
 114 216  1
 146 216  1
 175 216  1
 128 217  1
 134 217  1
 169 217  1
 170 217  1
 260 217  1
 150 218  1
 151 218  1
 250 218  1
 108 219  1
 113 219  1
 114 219  1
 186 219  1
 241 219  1
 100 220  1
  79 221  1
 136 221  1
 198 221  1
 207 221  1
 219 221  1
 257 221  1
 122 222  1
 125 222  1
 170 222  1
 145 223  1
 116 224  1
 129 224  1
 141 224  1
 148 224  1
 149 224  1
 203 224  1
 210 224  1
 110 225  1
 111 225  1
 178 225  1
 179 225  1
 187 225  1
  94 226  1
  99 226  1
 149 226  1
 155 226  1
 159 226  1
 205 226  1
 210 226  1
 211 226  1
  86 227  1
  87 227  1
 133 228  1
 134 228  1
 206 228  1
 113 229  1
 192 229  1
 217 229  1
  93 230  1
 196 230  1
 128 231  1
 223 231  1
 224 231  1
  84 232  1
 137 232  1
 138 232  1
 132 233  1
 207 233  1
 218 233  1
  89 235  1
  90 235  1
 152 235  1
 153 235  1
 176 235  1
 196 235  1
 107 236  1
 225 236  1
 233 236  1
  93 237  1
 126 237  1
 147 237  1
 176 237  1
 241 237  1
 137 238  1
 166 238  1
 170 239  1
 184 239  1
 215 239  1
 216 239  1
 223 239  1
 228 239  1
 238 239  1
 157 240  1
 158 240  1
 179 240  1
 173 241  1
 236 241  1
 115 242  1
 206 242  1
 163 243  1
 216 243  1
 202 244  1
 149 245  1
 210 245  1
 230 245  1
 132 246  1
 155 246  1
 156 246  1
 135 247  1
 155 248  1
 141 249  1
 165 249  1
 207 249  1
 223 249  1
 201 250  1
 147 251  1
 174 251  1
 176 251  1
 172 252  1
 156 254  1
 161 255  1
 168 256  1


count = 878