 162   1  1
 142   2  1
 177   2  1
 130   5  1
 196   5  1
 125   6  1
 145   8  1
 112  10  1
 176  10  1
 207  10  1
 106  12  1
 145  12  1
  99  14  1
 118  14  1
  95  15  1
  97  15  1
 112  15  1
 186  15  1
 203  15  1
 199  16  1
 188  17  1
 189  17  1
 217  18  1
 218  18  1
 194  19  1
 195  19  1
 203  20  1
 199  21  1
 224  21  1
  78  22  1
 105  22  1
 102  23  1
 116  23  1
 156  23  1
 157  23  1
  87  24  1
 112  24  1
 116  25  1
 196  25  1
 229  25  1
  98  26  1
 204  26  1
  81  27  1
  89  27  1
 207  27  1
  60  28  1
  62  28  1
 199  28  1
 200  28  1
 209  28  1
  84  29  1
  85  29  1
  96  29  1
 211  29  1
 212  29  1
 132  30  1
 138  30  1
 236  30  1
  76  31  1
  80  31  1
  81  31  1
  85  31  1
  52  32  1
  67  32  1
  73  32  1
  85  33  1
  86  33  1
 142  33  1
  49  34  1
 201  34  1
 204  34  1
 136  35  1
 147  35  1
 137  37  1
 245  37  1
 149  38  1
  86  39  1
  90  39  1
 141  39  1
 142  39  1
 143  39  1
  42  40  1
  95  40  1
 152  41  1
 251  41  1
 100  42  1
 103  42  1
  38  43  1
 145  43  1
 151  43  1
 255  43  1
 139  44  1
  82  45  1
  83  45  1
 116  45  1
 117  45  1
 151  45  1
 112  46  1
  94  48  1
 135  48  1
 258  48  1
  92  50  1
  94  50  1
 139  50  1
  87  51  1
 110  52  1
 119  52  1
 120  52  1
 234  52  1
 114  53  1
 260  54  1
 261  54  1
  31  55  1
 124  55  1
 140  55  1
 225  55  1
 236  56  1
 227  59  1
  30  60  1
 238  60  1
  19  61  1
 242  61  1
  25  62  1
  26  62  1
 232  62  1
  35  63  1
 159  63  1
 236  64  2
 244  65  1
 245  65  1
  28  67  1
  34  67  1
  36  68  1
  38  68  1
 153  68  1
 191  70  1
  25  71  2
  26  71  1
  28  71  1
  45  71  1
 210  71  1
 212  71  1
  17  72  1
 152  72  1
 186  72  1
 264  73  1
  23  74  1
  27  76  1
  41  76  1
  45  76  1
   9  77  1
  15  77  1
  18  77  1
 182  77  1
 195  77  1
 217  77  1
 218  77  1
 209  78  1
 211  79  1
 140  80  1
 142  80  1
 144  80  1
 201  80  1
 202  80  1
 259  80  1
  13  81  1
  23  81  1
  24  81  1
 180  81  1
 181  81  1
 194  81  1
 191  82  1
 192  82  1
 201  82  1
 215  82  1
 223  82  1
 224  82  1
  12  83  1
 129  83  1
 198  83  1
 135  84  1
 190  84  1
 191  84  1
 258  84  1
 259  84  1
 245  85  1
 231  86  1
  16  87  1
 180  88  1
 255  88  1
   3  90  1
   4  90  1
  82  90  1
 236  90  1
  74  91  1
 274  91  1
 275  91  1
   2  93  1
   3  93  1
 195  93  1
 192  94  1
 255  95  1
   1  96  1
   2  96  1
   7  97  1
   9  97  1
 258  97  1
  83  99  1
 189  99  1
 202  99  1
 242  99  1
 179 100  1
 180 100  1
   1 102  1
 178 103  1
 179 103  1
 249 103  1
  10 104  1
 185 104  1
 251 104  1
  89 106  1
 177 106  1
   8 107  1
 173 107  1
 252 107  1
  78 108  1
 171 109  1
 202 109  1
 183 110  1
 259 110  1
  96 111  1
  78 112  1
 116 112  1
 206 112  1
 207 112  1
 175 114  1
 176 114  1
 132 115  1
 133 115  1
 243 115  1
 176 116  1
 209 116  1
 124 117  1
 127 117  1
 128 117  1
 248 117  1
 176 118  1
 195 118  1
 199 118  1
 200 118  1
 133 119  1
 134 119  1
 171 120  1
 173 120  1
 204 120  1
 271 120  1
   8 121  1
   1 122  1
  86 122  1
 129 122  1
 169 122  1
 170 122  1
 197 122  1
  70 123  2
  74 123  2
 160 123  1
   2 124  1
  10 124  1
  11 124  1
 204 124  1
 205 124  1
  46 125  1
  92 125  1
 126 125  1
 174 125  1
  42 126  1
  68 126  1
 164 126  1
 168 126  1
 199 126  1
 205 126  1
  31 127  1
 238 127  1
 255 127  1
 271 127  1
  53 128  1
 151 128  1
 152 128  1
 213 128  1
   6 129  1
  71 129  1
 173 129  1
 174 129  1
 245 129  1
  22 130  1
  46 130  1
  64 130  1
 157 130  1
 202 130  1
 268 130  1
  51 131  1
  68 131  1
 166 131  1
 208 131  1
  11 132  1
  31 132  1
  33 132  1
  98 132  1
 119 132  1
 268 132  1
   6 133  1
  93 133  1
 135 133  1
 217 133  1
 141 134  1
 155 134  1
 241 134  1
 205 135  1
 137 136  1
 161 136  1
 175 136  1
 242 136  1
  31 137  1
  68 137  1
 213 137  1
 248 137  1
   3 139  1
   4 139  1
  36 139  1
  55 139  1
  56 139  1
 133 139  1
 210 139  1
 131 140  1
 248 141  1
   2 142  1
   3 142  1
 182 142  1
  31 143  1
  64 144  1
 130 144  1
  55 145  1
  56 145  1
 208 145  1
 134 146  1
 184 146  1
 174 148  1
 186 149  1
 126 150  1
 130 150  1
   8 151  1
  79 151  1
  80 151  1
 123 151  1
 176 151  1
 181 152  1
 250 152  1
   3 153  1
   4 153  1
  98 153  1
 216 153  1
  10 154  1
 259 155  1
   4 156  1
   5 156  1
 183 157  1
 193 157  1
 216 157  1
 217 157  1
 218 157  1
 251 157  2
 253 157  1
  92 158  1
  72 159  1
  73 159  1
 100 159  1
 192 161  1
 185 162  1
 186 162  1
  99 163  1
 244 163  1
 252 163  1
  91 164  1
 186 164  1
 237 164  1
 238 164  1
  11 165  1
 252 165  1
 186 166  1
 187 166  1
  80 167  1
  93 168  1
 282 168  1
 283 168  1
 241 169  1
 179 170  1
  90 172  1
 186 173  1
 280 173  1
 281 173  1
  90 174  1
 182 174  1
 184 174  1
 265 175  1
 266 175  1
 279 175  1
 184 176  1
 212 177  1
 185 179  1
 269 179  1
  22 181  1
 217 181  1
  24 182  1
  26 182  1
 242 182  1
  18 183  1
 190 183  1
  13 184  1
  26 184  1
 239 185  1
  27 186  1
 199 187  1
 228 188  1
  17 189  1
  24 189  1
  25 189  1
 210 189  1
 214 189  1
 233 189  1
 235 189  1
 238 190  1
 169 191  1
 178 191  1
 217 191  1
 165 193  1
  21 194  1
 224 194  1
 240 196  1
  23 197  1
 178 197  1
 179 197  1
 244 197  1
 163 198  1
 185 198  1
 191 198  1
 155 199  1
 181 200  1
 254 200  1
 255 200  1
 176 202  1
 177 202  1
 186 203  1
 190 205  1
 191 205  1
 270 206  1
 271 206  1
 166 207  1
 193 209  1
 237 211  1
 238 211  1
 240 211  1
  42 212  1
 178 212  1
 179 212  1
 188 212  1
 190 212  1
 227 212  1
 177 214  1
 224 216  1
 225 216  1
 264 216  1
 168 218  1
 174 218  1
  98 222  1
 165 222  1
  94 223  1
 165 224  1
  58 225  1
  59 225  1
  92 225  1
  62 227  1
  98 227  1
 112 228  1
 157 228  1
 158 228  1
  74 229  1
  66 230  1
  91 230  1
 109 230  1
 110 230  1
 170 230  1
 172 230  1
  69 232  1
 114 232  1
 250 232  1
  95 233  1
 108 233  1
 241 237  1
  93 238  1
 110 238  1
 103 240  1
 104 240  1
 235 240  1
 109 241  1
 158 241  1
 231 242  1
 232 242  1
 103 244  1
 159 244  1
 160 244  1
 155 245  1
 226 246  1
 115 247  1
 120 249  1
 126 251  1
 155 251  1
 162 252  1
 216 252  1
 133 253  1
 205 256  1
 199 257  1


count = 521