 158   1  1
 169   1  1
 145   2  1
 129   5  1
 202   5  1
 124   6  1
 120   7  1
 165   7  1
 209   7  1
 153   8  1
 175   9  1
 176   9  1
 214  10  1
 107  11  1
  94  13  1
  91  14  1
 220  14  1
  88  15  1
 117  15  1
 224  16  1
  82  17  1
 157  17  1
 165  17  1
 131  18  1
 137  18  1
 138  18  1
 114  19  1
 115  19  1
 153  19  1
 157  19  1
  78  20  1
 111  20  1
 229  20  1
 121  21  1
 166  21  1
 168  21  1
 170  21  1
 126  22  1
  81  24  1
 117  26  1
 174  27  1
  60  28  1
  70  29  1
  72  29  1
  76  29  1
  77  29  1
  78  29  1
 240  29  1
 113  30  1
 114  30  1
 159  30  1
 242  30  1
 136  31  2
 124  33  1
 198  33  1
  52  34  1
 140  34  1
  79  35  1
 246  35  1
  48  37  1
 142  37  1
 143  37  1
 187  37  1
 193  37  1
  81  39  1
 154  39  1
 171  40  1
 185  40  1
 133  41  1
 157  41  1
 167  41  1
 198  41  1
 199  41  1
 253  41  1
  40  42  1
 215  42  1
 216  42  1
 222  42  1
 184  43  1
 185  43  1
 200  44  1
 165  45  1
 166  45  1
 211  45  1
 220  45  1
 135  46  1
 138  46  1
 183  46  1
 175  48  1
 160  49  1
 169  49  1
 175  50  1
 155  51  1
 170  51  1
 181  51  1
 155  53  1
 133  54  1
 216  54  1
  26  55  1
 177  55  1
 258  56  1
 218  58  1
 269  59  1
 270  59  1
 218  60  1
 253  60  1
 147  62  1
 238  63  1
 150  64  1
 151  64  1
 234  65  1
 232  66  1
 241  68  1
  22  70  1
  13  72  1
 242  74  1
 195  75  1
  17  76  1
  23  76  1
 274  76  1
 275  76  1
 244  77  1
 199  78  1
 225  78  1
  54  79  1
 228  79  1
 231  80  1
 216  81  1
 233  81  1
 248  81  1
 253  85  1
 276  85  1
 277  85  1
  41  87  1
  48  87  1
 214  87  1
 215  87  1
 243  87  1
 197  88  1
 198  88  1
 218  89  1
 219  89  1
 255  89  1
 196  91  1
 197  91  1
 213  91  1
 259  91  1
  39  92  1
 171  92  1
 173  92  1
 264  92  1
 268  92  1
 195  93  1
 211  93  1
 264  94  1
  28  95  1
  55  95  1
 129  95  1
 162  95  1
  25  96  1
 136  96  1
 137  96  1
  91  97  1
 212  97  1
 213  97  1
   3  98  1
   4  98  1
 137  98  1
 159  98  1
 160  98  1
 173  98  1
 264  98  1
 265  98  1
  87  99  1
 219  99  1
 223  99  1
  69 100  1
 167 100  1
 234 100  1
  66 101  1
  73 101  1
 121 101  1
  15 102  1
 150 102  1
 233 102  1
 144 103  1
 164 103  1
 225 103  1
  52 104  1
  87 104  1
 260 104  1
   9 105  1
 146 105  1
 238 105  1
   2 106  1
   3 106  1
  75 106  1
  94 106  1
 114 106  1
 219 106  1
 266 107  1
 279 107  1
 280 107  1
  44 108  1
  45 108  1
  90 108  1
 222 108  1
 228 108  1
 242 108  1
 243 108  1
  96 109  1
  97 109  1
 256 110  1
 267 110  1
  68 111  1
 265 111  1
  77 112  1
 212 112  1
 217 112  1
  48 113  1
  91 113  1
  92 113  1
 222 113  1
   1 114  1
  81 114  1
  82 114  1
 100 114  1
  96 116  1
   1 117  1
 140 118  1
 179 118  1
  80 119  1
  81 119  1
 145 119  1
 280 119  1
 281 119  1
   6 120  1
  86 120  1
 162 120  1
 164 120  1
 179 120  1
 226 120  1
  76 121  1
 177 121  1
  25 122  1
 203 122  1
 213 122  1
   2 123  1
   3 123  1
  80 123  1
  95 123  1
 274 123  1
  35 124  1
  83 124  1
 104 124  1
 106 124  1
 108 125  1
 120 125  1
 150 125  1
 160 125  1
 161 125  1
 220 125  1
  88 126  1
  90 126  1
  91 126  1
 134 126  1
 166 126  1
 167 126  1
 203 126  1
   4 127  1
   5 127  1
  54 127  1
  69 127  1
 271 127  1
 272 127  1
  46 128  1
  58 128  1
  59 128  1
 198 128  1
 199 128  1
 231 128  1
 262 128  1
  21 129  1
  41 129  1
  48 129  1
 166 129  1
  77 130  1
  83 130  1
 153 130  1
  64 131  1
 204 131  1
  36 132  1
  54 132  1
  60 132  1
 112 132  1
   4 133  1
   5 133  1
 214 133  1
 174 134  1
 178 135  1
   3 136  1
   4 136  1
  10 136  1
  26 136  1
 164 136  1
 227 136  1
  29 137  1
 218 137  1
 107 138  1
 109 138  1
   8 139  1
 170 141  1
 227 141  1
 104 142  1
 105 142  1
 110 142  1
 165 142  1
 166 142  1
 167 142  1
 156 143  1
 161 143  1
 184 143  1
 217 143  1
 222 144  1
 174 145  1
 217 145  1
 104 146  1
   8 147  1
   9 147  1
 100 147  1
 166 148  1
 184 148  1
 177 149  1
 170 150  1
 221 150  1
 189 152  1
  85 155  1
 114 155  1
  11 156  1
 134 156  1
  14 158  1
 109 158  1
 110 158  1
  80 159  1
  81 159  1
 137 159  1
  77 160  1
  90 160  1
 240 162  1
  85 163  1
 103 163  1
 131 163  1
 164 163  1
 242 163  1
 258 164  1
 246 165  1
 253 165  1
 162 166  1
 258 166  1
  11 167  1
 210 168  1
 211 168  1
 257 170  1
 176 171  1
 206 171  1
 251 172  1
   8 173  1
  14 174  1
  15 174  1
 252 174  1
 258 174  1
  48 175  1
 181 175  1
 214 175  1
 215 175  1
  10 176  1
  48 177  1
 214 179  1
 189 180  1
  30 181  1
  23 182  1
 210 182  1
  30 188  1
  56 188  1
  64 189  1
  74 189  1
 280 190  1
 281 190  1
  55 194  1
 182 195  1
 190 196  1
  30 197  1
  51 197  1
  53 197  1
  77 197  1
  89 197  1
 176 197  1
  72 199  1
 169 199  1
 186 199  1
  35 200  1
  57 200  1
 233 200  1
  80 202  1
 182 202  1
 248 202  1
 176 204  1
  94 205  1
  95 205  1
 240 205  1
  75 206  1
  76 206  1
 228 207  2
 229 207  1
 230 207  1
 267 207  1
  89 208  1
 275 208  1
 236 209  1
 179 210  1
 249 211  1
 265 211  1
  86 212  1
 213 212  1
 273 212  1
 246 213  1
 235 214  1
 271 214  1
 272 214  1
  69 216  1
  92 216  1
 253 216  1
 254 216  1
  78 217  1
 113 217  1
  56 218  1
  67 218  1
 174 218  1
  84 220  1
  86 220  1
 213 220  1
  78 221  1
 255 221  1
  82 222  1
 111 223  1
 112 223  1
 188 223  1
 233 223  1
 234 223  1
 217 226  1
  87 228  1
  88 228  1
 219 228  1
 233 230  1
 239 230  1
 184 231  1
 186 231  1
  89 232  1
  90 232  1
 117 232  1
 196 233  1
  90 234  1
 102 234  1
 249 234  1
 107 235  1
 109 235  1
 196 235  1
 197 235  1
 242 236  1
  99 237  1
 240 238  1
 107 239  1
 196 240  1
 237 240  1
  97 242  1
 182 243  1
 183 243  1
 198 243  1
 186 244  1
 112 245  1
 228 245  1
 115 246  1
 159 246  1
 190 247  1
 160 249  1
 161 249  1
 196 249  1
 222 249  1
 155 251  1
 161 252  1
 192 252  1
 212 253  1
 209 254  1


count = 493