 145   1  1
 173   1  1
 119   6  1
 204   8  1
 121  13  1
 123  13  1
 101  14  1
 203  14  1
  93  15  1
 115  15  1
 116  15  1
 218  15  1
  90  16  1
 109  16  1
 111  16  1
 104  18  1
 105  18  1
 125  18  1
 126  18  1
 204  18  1
  99  20  1
  91  21  1
 227  22  1
  86  23  1
 208  23  1
  62  24  1
 104  24  1
  77  25  1
 232  25  1
  49  30  1
  50  30  1
  73  30  1
 100  30  1
 132  30  1
 136  30  1
 141  31  1
 148  31  1
  46  32  1
 136  32  1
 210  32  1
  84  33  1
  85  33  1
  95  33  1
 143  33  1
 158  33  1
 198  33  1
  78  34  1
  97  34  1
 102  34  1
 136  34  1
 145  34  1
 146  34  1
  72  37  1
 155  37  1
 156  37  1
 204  37  1
 205  37  1
 206  37  1
 161  38  1
 162  38  1
 211  38  1
  77  39  1
  88  40  1
  89  40  1
 144  40  1
 146  40  1
 198  40  1
 209  40  1
 210  40  1
  81  41  1
 138  41  1
 212  41  1
 218  41  1
 224  41  1
 112  42  1
 149  42  1
 140  43  1
 156  43  1
 195  43  1
 196  43  1
 150  44  1
  76  45  1
  85  45  1
 160  45  1
 147  46  1
 145  47  1
 202  47  1
 203  47  1
  81  48  1
 188  48  1
 189  48  1
  83  49  1
  85  49  1
 164  49  1
 165  49  1
 169  49  1
  77  50  1
  89  50  1
 120  50  1
 121  50  1
 140  50  1
 143  50  1
 222  50  1
 223  50  1
 153  52  1
  92  53  1
  93  53  1
 190  53  1
 207  53  1
 220  53  1
 149  54  1
 116  55  1
 117  55  1
 121  55  1
 122  55  1
 137  55  1
 145  55  1
 164  55  1
  22  56  1
  88  56  1
 161  56  1
 199  56  1
 169  57  1
 170  57  1
 203  57  1
 116  60  1
  77  61  1
  84  61  1
  86  61  1
 132  61  1
 149  61  1
  79  62  1
  81  62  1
 156  62  1
 164  62  1
 165  62  1
 166  62  1
 242  62  1
 250  62  1
  91  63  1
 200  63  1
 255  63  1
 126  64  1
 146  64  1
 241  64  1
 160  65  1
 161  65  1
 247  65  1
  93  66  1
 272  66  1
 273  66  1
 164  67  1
 242  67  1
 266  67  1
  82  68  1
 128  68  1
 132  68  1
 245  68  1
  13  71  1
  88  71  1
 275  71  1
 276  71  1
 191  72  1
 244  73  1
 245  73  1
 259  73  1
 263  74  1
  11  75  1
 187  77  1
 191  77  1
 258  77  1
 244  78  1
   8  80  1
   9  80  1
 254  80  1
 280  82  1
 281  82  1
   7  83  1
   8  83  1
 174  83  1
 175  83  1
 197  85  1
 261  87  1
 178  88  1
 183  88  1
 190  89  1
 191  89  1
 220  89  1
 262  89  1
 171  90  1
 210  90  1
 156  91  1
 161  91  1
 226  91  1
 277  91  1
 185  92  1
 186  92  1
 187  92  1
 228  92  1
 169  93  1
 154  94  1
 177  96  1
 178  96  1
 187  96  1
   4  97  1
   5  97  1
 140  97  1
 200  99  1
 183 100  1
 172 101  1
 177 101  1
 126 103  1
 127 103  1
 212 104  1
 216 104  1
 282 105  1
 283 105  1
  72 106  1
  77 106  1
 137 106  1
 166 106  1
 204 106  1
  82 108  1
 131 108  1
 137 108  1
   1 109  1
  86 110  1
 212 110  1
 237 110  1
 281 110  1
 282 110  1
  77 111  1
  89 111  1
 232 111  1
 245 111  1
 246 111  1
 247 111  1
 253 111  1
 192 112  1
 218 112  1
 170 113  1
 215 113  1
 226 113  1
 280 113  1
 281 113  1
 230 114  1
  92 115  1
 111 115  1
 123 115  1
 129 115  1
 199 115  1
 201 115  1
 208 115  1
 234 115  1
   1 116  1
   6 116  1
  13 116  1
 108 116  1
 159 116  1
 120 117  1
 166 117  1
 218 117  1
 221 117  1
 223 117  1
  11 118  1
  75 118  1
 150 118  1
 278 118  1
 279 118  1
 130 119  1
 159 119  1
 194 119  1
 169 120  1
 209 120  1
 215 120  1
 216 120  1
  51 121  1
 184 121  1
 187 121  1
 189 121  1
  63 122  1
  80 122  1
 277 122  1
  83 123  1
  85 123  1
 124 123  1
 273 123  1
 274 123  1
  23 124  1
  24 124  1
  35 125  1
  91 125  1
 119 125  1
 123 125  1
 219 125  1
 227 125  1
 235 125  1
 236 125  1
 272 125  1
  13 126  1
  66 126  1
 106 126  1
 148 126  1
 204 126  1
 217 126  1
 221 126  1
   6 127  1
  16 127  1
  57 127  1
 187 127  1
 192 127  1
 195 127  1
 223 127  1
 247 127  1
 262 127  1
 265 127  1
  26 128  1
 199 128  1
  53 129  1
  54 129  1
 161 129  1
 162 129  1
 248 129  1
 257 129  1
 156 130  1
 199 130  1
 260 130  1
 267 130  1
   4 131  1
  40 131  1
 185 131  1
 218 131  1
 100 132  1
 222 132  1
 223 132  1
 233 132  1
  50 133  1
 150 133  1
 156 133  1
 188 133  1
 237 133  1
 246 133  1
   2 134  1
 121 134  1
 194 134  1
 200 134  1
 274 134  1
  50 135  1
  51 135  1
 229 135  1
  82 136  1
 133 136  1
 220 136  1
   1 137  1
  94 137  1
 151 137  1
 233 137  1
 144 138  1
 155 138  1
 192 138  1
  87 139  1
  94 139  1
 135 139  1
  54 140  1
 164 140  1
 165 140  1
 198 140  1
 229 140  1
 128 141  1
 150 141  1
  62 142  1
  78 142  1
 124 142  1
 152 142  1
 154 142  1
 201 142  1
 246 143  1
 247 143  1
 209 144  1
  90 145  1
 122 145  1
 221 145  1
   1 147  1
  57 147  1
 127 149  1
 211 149  1
   1 150  1
   2 150  1
  48 150  1
  76 150  1
  98 150  1
 155 150  1
 174 150  1
 243 150  1
 257 150  1
  87 151  1
 249 151  1
  92 152  1
 155 152  1
 251 152  1
 252 152  1
 267 152  1
   2 153  1
   3 153  1
  52 153  1
  81 153  1
  82 153  1
 165 153  1
  56 154  1
 257 154  1
 263 154  1
 217 155  1
 218 155  1
  80 157  1
 138 157  1
 155 157  1
  75 158  1
 159 158  1
 216 158  1
 266 158  1
 267 158  1
 137 159  1
 168 159  1
   3 160  1
   4 160  1
 176 160  1
 208 160  1
 216 160  1
 253 160  1
 182 161  1
 184 161  1
 238 162  1
  75 163  1
 210 163  1
 246 163  1
 138 164  1
 177 164  1
  17 165  1
 235 165  1
 278 165  1
 279 165  1
  22 166  1
 150 166  1
 177 166  1
 246 166  1
 266 166  1
 268 166  1
 270 166  1
 233 167  1
 260 168  1
 265 168  1
  26 169  1
  27 169  1
 212 169  1
  18 170  1
  19 170  1
 155 170  1
 254 170  1
  13 171  1
  14 171  1
 187 171  1
 216 171  1
  32 172  1
 162 172  1
 275 172  1
  13 173  1
 226 173  1
  25 174  1
  26 174  1
  38 174  1
 222 174  1
  18 175  1
 163 175  1
  22 176  1
 177 176  1
 262 176  1
 164 177  1
 272 177  1
 273 177  1
  32 178  1
 168 179  1
 174 179  1
 262 179  1
  26 180  1
  28 180  1
  37 180  1
  21 181  1
  22 181  1
 174 182  1
 270 182  1
 271 182  1
  17 183  1
  19 183  1
  33 183  1
 164 183  1
 159 184  1
  37 186  1
 170 186  1
 269 186  1
 270 186  1
  24 187  1
  42 188  1
  14 189  1
  21 189  1
  27 189  1
 154 189  1
  36 190  1
  37 190  1
 112 190  1
 164 191  1
 151 192  1
 129 193  1
 143 193  1
 148 193  1
 108 194  1
  29 195  1
 135 195  1
  35 196  1
 126 196  1
 140 196  1
 153 196  1
 265 196  1
 266 196  1
  29 197  1
 182 197  1
  19 198  1
  20 198  1
  27 198  1
 145 198  1
 264 198  1
  31 199  1
 120 199  1
 172 199  1
 173 199  1
 178 199  1
 201 199  1
 144 200  1
 161 200  1
 122 201  1
 178 201  1
 179 201  1
 200 201  1
 212 201  1
  22 202  1
 261 203  1
 184 204  1
 165 205  1
 218 205  1
 219 205  1
 150 206  1
 154 206  1
 155 206  1
 174 206  1
 175 206  1
  43 207  1
 136 207  1
 158 207  1
 205 207  1
  26 208  1
 115 208  1
  41 209  1
 220 209  1
  36 210  1
 140 210  1
 141 210  1
 184 210  1
 118 211  1
 122 211  1
 153 211  1
 186 211  1
 143 213  1
 149 213  1
 179 213  1
 156 214  1
 172 214  1
 173 214  1
 222 214  1
 166 215  1
 140 216  1
 141 216  1
 147 216  1
 148 216  1
 203 216  1
 176 217  1
 155 218  1
 227 218  1
  57 219  1
 199 219  1
 201 219  1
  38 220  1
 141 220  1
 194 220  1
  88 221  1
 119 221  1
 210 221  1
 116 222  1
 144 222  1
 145 222  1
 158 222  1
 113 224  1
 114 224  1
 111 225  1
  45 226  1
  46 226  1
  59 226  1
 183 226  1
 188 226  1
 129 227  1
 154 227  1
 194 227  1
 204 227  1
  83 228  1
  84 228  1
 146 228  1
 150 228  1
 151 228  1
 179 228  1
 204 229  1
  82 231  1
  83 231  1
 104 231  1
  57 232  1
  87 233  1
  88 233  1
 116 233  1
 117 233  1
 128 233  1
 148 234  1
 183 234  1
 187 234  1
 137 235  1
 145 235  1
 193 235  1
  67 236  1
  81 236  1
  82 236  1
 110 236  1
 121 236  1
 117 237  1
 125 237  1
 227 237  1
  72 238  1
 103 238  1
 132 238  1
 181 238  1
  98 239  1
 117 239  1
 126 239  1
  86 240  1
 177 240  1
  75 241  1
  76 241  1
 148 241  1
 218 241  1
  93 242  1
 152 242  1
 177 242  1
 101 243  1
 187 244  1
 200 244  1
 212 244  1
 213 244  1
 169 245  1
 142 246  1
 143 246  1
 209 246  1
 173 247  1
 103 248  1
 107 249  1
 203 249  1
 204 249  1
 128 250  1
 148 250  1
 149 250  1
 156 250  1
 113 251  1
 161 251  1
 166 251  1
 200 251  1
 142 252  1
 172 252  1
 124 254  1
 127 255  1
 157 257  1
 179 257  1


count = 685