 144   1  1
 151   1  1
 158   1  1
 167   1  1
 171   1  1
 172   1  1
 185   1  1
 189   2  1
 118   9  1
 114  10  1
 111  11  1
 210  11  1
 108  12  1
  97  14  1
 216  15  1
 117  16  1
  93  19  1
 208  19  1
 114  21  1
 103  23  1
 114  23  1
 115  23  1
 227  25  1
  90  26  1
 208  26  1
  59  27  1
  60  27  1
  85  27  1
 117  28  1
 206  28  1
  56  29  1
 199  29  1
 200  29  1
 186  30  1
  85  31  1
  89  31  1
 112  31  1
 113  31  1
 119  32  1
 135  32  1
 202  33  1
  49  34  1
 113  34  1
 190  34  1
 196  34  1
 226  34  1
 140  35  1
 141  35  1
 165  35  1
 159  36  1
 128  37  1
  42  38  1
 134  38  1
 223  40  1
 157  41  1
 158  41  1
 112  42  1
 113  42  1
 125  42  1
 126  42  1
 133  42  1
 243  42  1
 244  42  1
 139  43  1
 203  43  1
 205  43  1
 111  44  1
 164  44  1
  34  45  1
  47  45  1
 101  45  1
 157  45  1
 125  46  1
 126  46  1
 130  46  1
 199  47  1
 232  47  1
  41  48  1
  43  48  1
  45  48  1
 223  49  1
 224  49  1
 231  49  1
 206  50  1
 249  50  1
 214  51  1
 250  52  1
  51  53  1
 153  53  1
 232  53  1
  49  54  1
 253  54  1
  55  57  1
 173  57  1
 211  57  1
 235  58  1
 236  58  1
  91  59  1
 161  59  1
 217  59  1
  18  60  1
  83  60  1
  84  60  1
 250  60  1
 146  61  1
 153  61  1
 159  61  1
 161  61  1
 182  61  1
 216  61  1
 217  61  1
  59  62  1
  88  62  1
 177  63  1
  51  64  1
  52  64  1
  53  64  1
 164  64  1
 165  64  1
 171  64  1
  15  65  1
 150  65  1
 240  65  1
 175  67  1
  48  68  1
 137  68  1
 258  68  1
 183  69  1
 215  69  1
 245  69  1
  31  70  1
 153  70  1
 166  70  1
 217  70  1
 228  70  1
 230  70  1
 270  70  1
  11  72  1
  12  72  1
  23  72  1
 124  72  1
 194  72  1
 262  72  1
  35  73  1
  36  73  1
 184  73  1
 139  74  1
 153  74  1
  10  75  1
  11  75  1
 105  75  1
 106  75  1
 146  75  1
 149  75  1
 151  75  1
 176  75  1
 179  75  1
 257  75  1
 119  76  1
 124  76  1
  31  77  1
  43  77  1
 131  77  1
 134  77  1
 135  77  1
   9  78  1
  10  78  1
  97  78  1
 102  78  1
 111  78  1
 112  78  1
 211  78  1
 275  78  1
 276  78  1
 143  79  1
 246  79  1
 129  80  1
 159  80  1
   8  81  1
   9  81  1
  40  81  1
  41  81  1
 151  81  1
 183  81  1
 189  81  1
 246  81  1
 157  82  1
 243  82  1
  37  83  1
  95  83  1
 203  83  1
   7  84  1
   8  84  1
 131  84  1
 141  84  1
 161  84  1
  89  85  1
 145  85  1
 203  85  1
 204  85  1
 182  86  1
 218  86  1
 160  87  1
 161  87  1
 186  87  1
 230  87  1
 231  87  1
 173  88  1
 213  88  1
  41  90  1
 206  90  1
 217  90  1
 222  90  1
  36  91  1
  38  91  1
 133  91  3
 134  91  1
 135  91  1
 176  91  1
 262  91  1
  43  93  1
 139  93  1
 165  93  1
 177  93  1
 179  93  1
 224  93  1
   4  95  1
   5  95  1
 183  95  1
 205  95  1
 259  95  1
 154  96  1
  66  97  1
  80  97  1
 143  98  1
 154  98  1
   3  99  1
   4  99  1
  75  99  1
 256  99  1
  20 100  1
  26 100  1
 161 100  1
  80 101  1
  81 101  1
 157 101  1
 202 101  1
 253 101  1
 254 101  1
 255 101  1
 173 103  1
  39 104  1
  15 105  1
  16 105  1
  76 105  1
 178 105  1
  28 106  1
 152 106  1
 255 107  1
  21 108  1
 185 108  1
 201 108  1
 272 108  1
 192 109  1
 195 109  1
 263 109  1
   9 110  1
 161 110  1
 168 110  1
  15 111  1
 156 111  1
 252 111  1
 272 111  1
 273 111  1
  49 112  1
  85 112  1
 188 112  1
 248 112  1
 280 112  1
 281 112  1
 178 113  1
 136 114  1
 173 114  1
 182 114  1
   8 115  1
 158 115  1
  92 116  1
 136 116  1
 173 116  1
 268 116  1
  86 117  1
 124 117  1
 143 117  1
 184 117  1
 277 117  1
  55 118  1
  60 118  1
 136 118  1
  10 119  1
  11 119  1
 111 119  1
 121 119  1
 147 119  1
 193 119  1
  96 120  1
  97 120  1
 170 120  1
 187 120  1
 267 120  1
  26 121  1
  91 121  1
 174 121  1
 175 121  1
 240 121  1
  43 122  1
 142 122  1
 146 122  1
  66 123  1
 117 123  1
 173 123  1
  11 124  1
  56 124  1
  62 124  1
  63 124  1
  64 124  1
  69 125  1
 110 125  1
 172 125  1
 263 125  1
  24 126  1
  55 126  1
 107 126  1
 151 126  1
 260 126  1
  29 127  1
  61 127  1
 166 128  1
  33 129  1
   4 130  1
   5 130  1
  67 130  1
 244 130  1
 246 130  1
 257 130  1
  99 131  1
 102 131  1
 109 131  1
 192 131  1
 129 132  1
 166 132  1
 195 132  1
 196 132  1
 250 132  1
 251 132  1
 264 132  1
 268 132  1
  35 133  1
  60 133  1
 262 133  1
  93 134  1
 117 134  1
 231 134  1
 240 134  1
 194 135  1
 195 135  1
  13 136  1
  74 136  1
  75 136  1
  91 136  1
 244 136  1
  19 137  1
  60 137  1
 109 137  1
  27 138  1
  28 138  1
  57 138  1
  80 138  1
 231 138  1
 237 138  1
 238 138  1
 270 138  1
   8 139  1
   9 139  1
  88 139  1
  89 139  1
 278 139  1
 116 140  1
 146 140  1
 186 140  1
 233 140  1
 265 140  1
  22 141  1
  49 142  1
  53 142  1
 124 142  1
 128 142  1
 140 142  1
 136 143  1
 152 143  1
 246 143  1
 251 143  1
 281 143  1
   1 144  1
   2 144  1
 118 144  1
  18 145  1
  24 145  1
  25 145  1
 235 145  1
 245 145  1
 257 145  1
 267 145  1
  22 146  1
 272 146  1
 189 147  1
 201 147  1
  30 148  1
  31 148  1
  82 148  1
 119 148  1
 169 148  1
 197 148  1
  37 149  1
  54 149  1
  55 149  1
  87 149  1
 146 149  1
 165 149  1
 178 149  1
 255 149  1
 257 149  1
  52 150  1
  58 150  1
 142 150  1
 150 150  1
 246 150  1
 247 150  1
 124 151  1
 165 151  1
 251 151  1
 253 151  1
 259 151  1
 260 151  1
  20 152  1
 194 152  1
 206 152  1
  79 153  1
 267 153  1
  52 154  1
  59 154  1
 144 154  1
 199 154  1
 201 154  1
 132 155  1
  29 156  1
 153 156  1
 197 156  1
 208 156  1
  26 157  1
 122 157  1
 124 157  1
 182 157  1
 259 157  1
 267 157  1
  17 158  1
  82 158  1
  83 158  1
 177 158  1
 193 158  1
 194 158  1
 116 160  1
 118 160  1
 156 160  1
 194 160  1
  70 161  1
  78 161  1
  79 161  1
  32 162  1
 121 162  1
 159 163  1
  40 164  1
  93 164  1
 208 164  1
 209 164  1
 229 164  1
 258 164  1
 259 164  1
  73 165  1
 195 165  1
   6 166  1
   7 166  1
 167 166  1
  97 167  1
 225 167  1
 103 168  1
 144 168  1
 146 169  1
 270 169  1
  45 170  1
  81 170  1
  88 170  1
 193 170  1
   8 172  1
   9 172  1
 224 172  1
 259 172  2
  45 174  1
 152 174  1
 223 174  1
 224 174  1
   9 175  1
  10 175  1
  43 175  1
  77 175  1
  95 175  1
 155 175  1
 162 175  1
 191 175  1
 192 175  1
 213 175  1
 215 175  1
 235 175  1
 167 176  1
 210 176  1
 279 176  1
 280 176  1
  73 177  1
  74 177  1
 157 177  1
 158 177  1
 173 177  1
 264 177  1
 210 178  1
 231 178  1
 232 178  1
 272 178  1
  38 179  1
 150 179  1
 152 179  1
 196 180  1
  60 181  1
  69 181  1
 200 181  1
 227 181  1
 277 182  1
 278 182  1
 218 183  1
 108 184  1
 231 184  1
  60 185  1
  61 185  1
 219 185  2
 276 185  1
 277 185  1
 118 186  1
 231 186  1
  93 187  1
  94 187  1
 250 188  1
 275 188  1
 276 188  1
  93 189  1
 238 189  1
  60 190  1
 121 190  1
 154 190  1
 155 190  1
 160 190  1
 246 190  1
 116 191  1
 145 191  1
 132 192  1
 140 192  1
 247 192  1
 142 193  1
 144 193  1
  55 194  1
  99 194  1
 110 194  1
  18 195  1
 101 196  1
 112 196  1
 108 197  1
 160 197  1
 251 197  1
  94 198  1
  95 198  1
 208 198  1
 209 198  1
 163 199  1
 271 199  1
 169 200  1
 213 200  1
 254 200  1
 255 200  1
  54 201  1
  55 201  1
  95 204  1
 141 204  1
 215 204  1
 147 205  1
 217 205  1
 256 205  1
 140 207  1
 151 207  1
 161 207  1
 162 207  1
 220 207  1
 101 208  1
 133 208  1
 155 208  1
 160 209  1
 213 209  1
  48 210  1
  49 210  1
 126 210  1
 206 210  1
  35 211  1
  98 211  1
 197 211  1
 143 212  1
 177 212  1
 179 212  1
 199 212  1
  39 213  1
  72 213  1
  81 213  1
  96 213  1
 167 213  1
 218 213  1
 260 213  1
 102 214  1
 130 214  1
 157 215  1
 203 215  1
 224 216  1
 165 217  1
  67 218  1
  68 218  1
  70 218  1
 119 218  1
 121 219  1
  47 220  1
 219 220  1
  92 221  1
  97 221  1
 122 221  1
 250 221  1
  50 222  1
  71 223  1
  95 223  1
 123 224  1
 123 226  1
  62 227  1
  82 227  1
 103 228  1
 125 229  1
 229 229  1
  75 231  1
  93 231  1
 181 231  1
 227 231  1
  99 232  1
 100 232  1
 137 233  1
 236 233  1
 230 237  1
  95 239  1
 139 239  1
 143 239  1
 226 239  1
 227 239  1
 104 242  1
 117 242  1
 144 242  1
 220 243  1
 134 246  1
 148 247  1
 212 248  1
 139 249  1
 145 249  1
 205 251  1
 135 253  1
 187 255  1


count = 684