 174   2  1
 126   3  1
 120   5  1
 197   6  1
 147   7  1
 159   7  1
 200   7  1
 113   8  1
 203   8  1
 154   9  1
 108  10  1
 105  11  1
 212  11  1
  95  12  1
 126  14  1
 112  16  1
 116  17  1
 160  17  1
 221  17  1
  84  18  1
 104  18  1
 135  18  1
 144  20  1
 105  21  1
 106  21  1
 151  21  1
  71  22  1
 157  22  1
 163  22  1
  68  23  1
  86  24  1
  91  24  1
 106  24  1
 107  24  1
 164  24  1
  63  25  1
 130  26  1
 131  26  1
 161  28  1
 162  28  1
  56  29  1
  57  29  1
 237  29  1
  53  31  1
 162  32  1
 163  32  1
  50  33  1
 104  33  1
 159  34  1
 244  34  1
 246  35  1
 247  37  1
  43  38  1
 146  38  1
 147  38  1
 105  40  1
 146  42  1
 155  43  1
 156  43  1
 128  44  1
 129  44  1
 161  44  1
 254  46  1
 255  46  1
  31  47  1
  39  47  1
  40  47  1
 163  47  1
 136  48  1
 148  49  1
 135  50  1
 155  50  1
 148  53  1
 149  53  1
 259  53  1
 162  54  1
 139  55  1
 153  55  1
  44  56  1
  45  56  1
 141  57  1
 142  57  1
 261  57  1
 262  57  1
  53  59  1
 147  59  1
  55  60  1
 127  60  1
 131  60  1
 132  60  1
 170  61  1
 124  64  2
 125  64  1
 139  65  1
  47  67  1
 146  67  1
  10  68  1
  56  69  1
 265  69  1
 266  69  1
 154  70  1
  40  71  1
  46  71  1
 167  71  1
 182  71  1
 148  72  1
 156  72  1
  48  73  1
 179  73  1
 208  73  1
 202  74  1
 203  74  1
 268  74  1
 186  76  1
 187  76  1
 206  76  1
  14  78  1
 182  78  1
 270  78  1
 175  79  1
 206  79  1
 207  79  1
 143  80  1
 136  81  1
 173  81  1
 204  81  1
 221  81  1
 245  81  1
 201  83  1
  24  84  1
  25  84  1
 185  84  1
 246  84  1
   3  85  1
   4  85  1
   9  85  1
  10  85  1
 169  85  1
 175  85  1
 209  85  1
 222  85  1
 195  86  1
 196  86  1
 132  87  1
 263  87  1
 249  88  1
 132  89  1
 262  89  1
 166  90  1
 170  90  1
 188  90  1
 189  90  1
 182  91  1
 241  91  1
   8  92  1
 207  92  1
 231  92  1
 245  92  1
 266  92  1
 180  93  1
 277  93  1
 278  93  1
 264  94  1
 266  94  1
 164  95  1
 185  95  1
 256  95  1
 258  95  1
  73  96  1
 129  96  1
 242  96  1
  97  97  1
 268  97  1
 269  97  1
 229  98  1
   1  99  1
  70  99  1
  90  99  1
  99  99  1
 169  99  1
 242  99  1
 251  99  1
 179 100  1
 180 100  1
 246 100  1
 270 100  1
 279 100  1
 280 100  1
  70 101  1
 238 102  1
 262 102  1
 103 103  1
 104 103  1
 111 104  1
 176 104  1
 249 104  1
 250 104  1
 245 105  1
 201 106  1
 271 106  1
  87 107  1
 168 107  1
 245 107  1
  90 108  1
 266 108  1
 267 108  1
 245 109  1
 166 110  2
 185 111  1
  79 112  1
  80 112  1
  94 112  1
 230 112  1
 124 113  1
 170 113  1
 171 113  1
 233 114  1
 234 114  1
   1 115  1
 257 115  1
 267 115  1
 272 115  1
 273 115  1
 116 116  1
 262 116  1
 186 117  1
 193 117  1
 230 117  1
 118 118  1
 224 118  1
 255 118  1
 122 119  1
 250 119  1
   1 121  1
  88 121  1
  89 121  1
 199 121  1
 222 121  1
  21 122  1
  47 122  1
  48 122  1
 172 122  1
 232 122  1
 242 122  1
 268 122  1
 272 122  1
  16 123  1
  17 123  1
 174 123  1
 203 123  1
 222 123  1
 254 123  1
 255 123  1
   4 124  1
 136 124  1
 150 124  1
 154 124  1
 179 124  1
 189 124  1
 240 124  1
 249 124  1
 169 125  1
 170 125  1
 196 125  1
 197 125  1
 132 126  1
 146 126  1
 212 126  1
 245 126  1
 246 126  1
  20 127  1
  29 127  1
  30 127  1
 124 127  1
 128 127  1
 166 127  1
 167 127  1
 207 127  1
 268 127  1
  32 128  1
  37 128  1
  54 128  1
  55 128  1
  66 128  1
  71 128  2
  87 128  1
 152 128  1
 153 128  1
 181 128  1
 228 128  1
 229 128  1
 230 128  1
 243 128  1
  39 129  1
  58 129  1
 124 129  1
 125 129  1
 224 129  1
 238 129  1
 239 129  1
  47 130  1
  72 130  1
 165 130  1
 281 130  1
 282 130  1
 147 131  1
 175 131  1
  44 132  1
  45 132  1
  92 132  1
  93 132  1
 101 132  1
 165 132  1
 181 132  1
 182 132  1
 199 132  1
 205 132  1
 206 132  1
 214 132  1
  18 133  1
  19 133  1
  76 133  1
   7 134  1
   8 134  1
  32 134  1
  95 134  1
  96 134  1
 146 134  1
 165 134  1
 191 134  1
 211 134  1
 260 134  1
  57 135  1
  86 135  1
 116 135  1
 141 135  1
 155 135  1
 228 135  1
   4 136  1
  21 136  1
 266 136  1
 276 136  1
 132 137  1
 134 137  1
 136 137  1
 199 137  1
 209 137  1
 210 137  1
 235 137  1
 123 138  1
 174 138  1
 213 138  1
 241 138  1
  95 139  1
 131 139  1
 195 139  1
 235 139  1
  92 140  1
 228 140  1
 229 140  1
  86 141  1
 232 141  1
 237 141  1
 244 141  1
 249 141  1
 191 142  1
 267 143  1
 170 144  1
 234 144  1
 246 144  1
 247 144  1
 263 144  1
 122 145  1
 127 145  1
 128 145  1
 180 145  1
 181 145  1
 173 146  1
 282 146  1
 283 146  1
  11 147  1
 217 147  1
 218 147  1
 241 147  1
 242 147  1
 252 147  1
 190 148  1
 213 148  1
 247 148  1
 117 149  1
 201 149  1
  14 150  1
  91 151  1
 183 151  1
 184 151  1
 206 151  1
 171 152  1
 177 152  1
 216 153  1
 250 153  1
  19 154  1
 207 154  1
 281 154  1
 282 154  1
  25 155  1
 213 155  1
  28 157  1
 110 157  1
 213 157  1
 222 157  1
  17 158  1
 184 158  1
 185 158  1
  31 159  1
  70 159  1
 223 159  1
 224 159  1
 109 160  1
 210 160  1
 212 160  1
 278 160  1
 176 161  1
 195 161  1
 236 161  1
  34 162  1
  35 162  1
  18 163  1
 102 163  1
 124 163  1
 125 163  1
 183 163  1
 184 163  1
  32 164  1
  71 164  1
  72 164  1
 203 164  1
  21 165  1
 222 165  1
 223 165  1
 229 166  1
 231 166  1
 233 166  1
   7 167  1
   8 167  1
 142 167  1
 223 167  1
  27 168  1
  28 168  1
  85 168  1
 174 168  1
 194 168  1
 274 168  1
  18 169  1
  32 169  1
 124 169  1
 131 169  1
 196 169  1
 200 169  1
 146 170  1
 180 170  1
 210 170  1
 238 170  1
 248 170  1
  14 171  1
 196 171  1
 155 172  1
 192 172  1
 248 172  1
 131 173  1
 132 173  1
 219 173  1
 158 174  1
 181 174  1
 248 174  1
  37 175  1
 134 175  1
 135 175  1
 197 175  1
 201 175  1
  14 176  1
 139 176  1
 175 177  1
 180 177  1
 140 179  1
 267 179  1
   9 180  1
  10 180  1
 178 180  1
  39 181  1
 146 181  1
 148 181  1
 248 181  1
 249 181  1
 152 183  1
 204 183  1
 206 183  1
 213 183  1
 265 183  1
 266 183  1
 223 185  1
 185 186  1
 182 187  1
 190 187  1
 201 187  1
 225 187  1
 155 188  1
 205 188  1
 219 188  1
  75 189  1
 160 189  1
 216 189  1
 228 189  1
 229 191  1
 240 191  1
 261 191  1
 262 191  1
  64 192  1
  69 192  1
 235 192  1
  15 193  1
  80 193  1
 222 193  1
 260 193  1
  42 194  1
  44 194  1
  65 194  2
  99 194  1
 165 194  1
 166 194  1
 214 194  1
 215 194  1
 226 194  1
  93 195  1
 155 195  1
 240 195  1
 241 195  1
  82 196  1
 157 196  1
 158 196  1
 166 196  1
  88 197  1
 151 197  1
 152 197  1
 114 199  1
 164 199  1
  82 200  1
 100 200  1
 101 200  1
 108 200  1
 156 200  1
 243 200  1
  95 201  1
 145 202  1
 217 202  1
 255 202  1
  77 203  1
  84 203  1
  85 203  1
  90 203  1
 221 203  1
 243 203  1
 244 203  1
 139 204  1
 125 205  1
 130 205  1
  85 206  1
 160 206  1
 161 206  1
 100 207  1
 101 207  1
 110 207  1
 114 208  1
 132 208  1
 138 208  1
 156 208  1
 243 208  1
 250 208  1
 227 210  1
 232 210  1
 233 210  1
  97 211  1
  33 212  1
 124 212  1
 144 214  1
 229 214  1
 230 214  1
 246 214  1
 127 215  1
 128 215  1
 197 216  1
  39 217  1
  93 217  1
 136 217  1
 242 217  1
 118 218  1
 193 219  1
 230 219  1
  44 220  1
  86 220  1
  87 220  1
  92 221  1
  93 221  1
 114 223  1
 115 223  1
 126 223  1
 127 223  1
 135 224  1
 136 224  1
 198 224  1
 233 224  1
  51 225  1
 200 225  1
  82 226  1
  68 229  1
 108 230  1
 109 230  1
 129 231  1
  92 232  1
  98 233  1
 106 233  1
  85 234  1
  87 236  1
  99 236  1
 105 238  1
 128 238  1
 118 239  1
 202 239  1
 203 239  1
 216 239  1
  94 240  1
  95 240  1
 112 241  1
 120 242  2
 209 243  1
 148 244  1
 149 244  1
 109 246  1
 124 246  1
 114 248  1
 147 248  1
 198 248  1
 117 249  1
 120 250  1
 176 254  1
 142 256  1
 169 256  1
 163 257  1


count = 647