 160   1  1
 175   1  1
 137   2  1
 125   5  1
 122   6  1
 151   6  1
 159   6  1
 146   7  1
 117   8  1
 138   8  1
 157  10  1
 196  10  1
 105  11  1
 204  11  1
 166  12  1
 128  13  1
 129  13  1
 229  13  1
 201  15  1
 202  15  1
 232  15  1
  92  16  1
  93  16  1
 115  16  1
 223  16  1
 135  17  1
 234  17  1
 110  18  1
 127  18  1
 130  18  1
 131  18  1
 118  19  1
 239  20  1
 208  21  1
  80  22  1
  81  22  1
 135  22  1
 166  22  1
 206  22  1
 106  23  1
  77  24  1
 111  24  1
 119  24  1
 138  24  2
 182  24  1
 231  24  1
 169  25  1
 220  25  1
  97  26  1
 126  26  1
 113  27  1
 239  27  1
  71  28  1
 107  28  1
 108  28  1
 170  28  1
 174  28  1
 218  28  1
 231  28  1
 100  29  1
 229  29  1
  87  30  1
  88  30  1
 114  30  1
 115  30  1
 116  30  1
 118  30  1
 124  30  1
 136  30  1
 139  30  1
 236  30  1
  66  31  1
 130  31  1
  93  32  1
 219  32  1
  63  33  1
  97  33  1
 143  33  1
  74  34  1
  79  34  1
 219  34  1
 222  34  1
 233  34  1
  99  35  1
 116  35  1
 224  37  1
  56  38  1
  76  38  1
  80  38  1
  84  38  1
 105  39  1
 111  39  1
 120  39  1
 135  39  1
  53  40  1
 240  40  1
  89  41  1
 107  41  1
 108  41  1
 223  42  1
 224  42  1
 115  43  1
 116  43  1
 121  43  1
  45  44  1
  46  44  1
  92  44  1
 240  44  1
 241  44  1
 261  44  1
 221  45  1
  40  47  1
 263  47  1
  49  48  1
 110  48  1
 118  49  1
  54  50  1
 121  50  1
 213  50  1
 258  50  1
 123  51  1
 220  52  1
 221  52  1
 231  52  1
 234  52  1
  95  53  1
 212  53  1
 213  53  1
  31  54  1
  44  54  1
  49  54  1
  91  54  1
  56  55  1
  57  55  1
  58  55  1
 252  56  1
  28  57  1
 212  57  1
 216  57  1
 261  57  1
 241  58  1
 268  58  1
  61  59  1
  56  60  1
 234  60  1
  33  61  1
  34  61  1
  42  62  1
  67  62  1
 230  62  1
  34  63  1
  47  64  1
  69  64  1
  28  66  1
 220  66  1
 225  66  1
 265  66  1
 273  66  1
 274  66  1
  50  67  1
  55  67  1
  81  67  1
  85  67  1
 237  67  1
  18  68  1
 234  68  1
  35  69  1
  50  69  1
  56  69  1
  61  70  1
  87  70  1
  93  70  1
  49  71  1
  53  71  1
 233  71  1
  16  72  1
  83  73  1
  84  73  1
  96  74  1
  14  75  1
  65  76  1
  51  77  1
 219  77  1
 279  78  1
 280  78  1
  17  79  1
 214  79  1
  17  81  1
  35  81  1
  41  81  1
  50  82  1
 219  84  1
   9  85  1
  10  85  1
  23  85  1
 213  85  1
 225  85  1
  16  87  1
  36  87  1
 226  87  1
 232  87  1
 236  87  1
 275  87  1
  32  88  1
  43  88  1
  45  88  1
 218  88  1
  36  89  1
  37  89  1
 243  89  1
 154  90  1
  63  91  1
 260  91  1
 275  91  1
  39  92  1
 161  92  1
 212  92  1
 213  92  1
 272  92  1
  51  93  1
 233  93  1
 239  93  1
 268  93  1
  49  94  1
 168  94  1
 169  94  1
 244  94  1
 245  94  1
 112  95  1
 216  95  1
 218  95  1
  23  97  1
 169  97  1
 223  97  1
 275  97  1
 226  99  1
 254 100  1
  19 101  1
 202 101  1
   5 102  1
   6 102  1
 147 102  1
 165 102  1
 228 102  1
 117 103  2
 135 103  1
 257 103  1
  10 104  1
 144 104  1
 229 104  1
 156 105  1
 252 105  1
 259 105  1
 150 106  1
 198 106  1
   2 107  1
   9 107  1
 105 107  1
 146 107  1
 154 107  1
  14 108  1
 126 108  1
 235 108  1
 243 108  1
 113 109  1
 201 109  1
 252 109  1
  12 110  1
 104 110  1
 130 110  1
 138 110  1
 256 110  1
 259 110  1
 205 111  1
 206 111  1
  94 112  1
 138 112  1
 247 112  1
 248 112  1
   6 113  1
   7 113  1
 117 113  1
 124 113  1
 150 113  1
 151 113  1
 242 113  1
   1 114  1
 138 114  1
  24 115  1
  86 115  1
  88 115  1
 202 115  1
 206 115  1
 244 115  1
 248 115  1
 143 116  1
   1 117  1
  33 117  1
  34 117  1
 126 117  1
 130 117  1
 254 117  1
  89 118  1
 277 118  1
  15 119  1
  75 119  1
  79 119  1
  56 120  1
 135 120  1
 170 120  1
 214 120  1
 259 120  1
 156 121  1
 159 121  1
 174 121  1
 175 121  1
  49 122  1
  50 122  1
 190 122  1
  14 123  1
  17 123  1
  18 123  1
 262 123  1
  44 124  1
 247 124  1
 112 125  1
 116 125  1
 128 125  1
 132 125  1
 208 125  1
 209 125  1
 214 125  1
 233 125  1
 256 125  1
  21 126  1
  56 126  1
  94 126  1
 155 126  1
 189 126  1
 197 126  1
  45 127  1
 104 127  1
 149 127  1
 164 127  1
 268 127  1
  67 128  1
  75 128  1
 111 128  1
 264 128  1
   7 129  1
  14 129  1
  26 129  1
  34 129  1
  49 129  1
 104 129  1
 170 129  1
 193 129  1
 243 129  1
 249 129  1
 262 129  1
   3 130  1
   4 130  1
  21 130  1
  67 130  1
  72 130  1
  73 130  1
 121 130  1
 165 130  1
 229 130  1
 233 130  1
 188 131  1
 192 131  1
 236 131  1
 274 131  1
  40 132  1
  93 132  1
 154 132  1
 174 132  1
 183 132  1
  49 133  1
  67 133  1
  54 134  1
 154 134  1
 197 134  1
 261 134  1
  69 135  1
 128 135  1
 173 135  1
  11 136  1
  12 136  1
  37 136  1
  47 136  1
  77 136  1
  83 136  1
 125 136  1
 224 136  1
 225 136  1
 235 136  1
 256 136  1
  79 137  1
  81 137  1
 229 137  1
 250 137  1
  46 138  1
 169 138  1
 252 138  1
 260 138  1
  36 139  1
  52 139  1
  94 139  1
 163 139  1
  47 140  1
  48 140  1
 158 140  1
  36 141  1
  42 141  1
  43 141  1
 215 141  1
  85 142  1
 149 142  1
 150 142  1
 171 142  1
 224 142  1
 253 142  1
 254 142  1
 270 142  1
  10 143  1
 185 143  1
 273 143  1
 279 143  1
 280 143  1
 150 144  1
 164 144  1
 257 144  1
  82 145  1
 237 145  1
 179 146  1
 183 146  1
 184 146  1
 265 146  1
 168 147  1
 212 147  1
 219 147  1
  20 148  1
  32 148  1
  49 148  1
 173 148  1
 225 148  1
 229 148  1
  44 149  1
  79 149  1
 141 149  1
 185 149  1
 219 149  1
 264 149  1
  33 150  1
 158 150  1
 179 150  1
 180 150  1
 229 150  1
  16 151  1
  17 151  1
  73 151  1
  74 151  1
 163 151  1
 253 151  1
 145 152  1
 191 152  1
 264 152  1
 140 153  1
 142 153  1
 119 154  1
 167 154  1
 186 154  1
 187 154  1
 196 154  1
 271 154  1
 181 155  1
 182 155  1
 198 155  1
 246 155  1
  25 156  1
 125 156  1
 163 157  1
 198 157  1
 252 157  1
 260 157  1
  20 158  1
  42 158  1
 113 158  1
 143 158  1
 144 158  1
 156 158  1
 167 158  1
 266 158  1
 267 158  1
 271 158  1
  15 159  1
  46 159  1
 178 159  1
 179 159  1
 211 159  1
 244 159  1
 258 159  1
  48 160  1
  50 160  1
 113 160  1
 157 160  1
 187 160  1
 216 160  1
 238 160  1
 240 160  1
 241 160  1
 266 160  1
 172 161  1
 201 161  1
 202 161  1
 234 161  1
 250 161  1
  36 162  1
 174 162  1
 185 162  1
 270 162  1
 271 162  1
 105 163  1
 108 163  1
 178 163  1
 245 163  1
 247 163  1
 122 164  1
 242 164  1
  62 165  1
 118 165  1
 225 165  1
 226 165  1
 255 165  1
 256 165  1
  21 166  1
 222 167  1
 267 167  1
  59 168  1
 233 168  1
 246 168  1
 272 168  1
  30 169  1
  66 169  1
 150 169  1
 186 169  1
 187 169  1
  13 170  1
  14 170  1
  51 170  1
  71 170  1
  76 170  1
 253 171  1
 257 171  1
  36 172  1
 225 172  1
 229 172  1
 262 172  1
  25 173  1
 174 173  1
  24 175  1
  46 175  1
  17 176  1
 177 176  1
 239 176  1
  34 178  1
  35 178  1
 244 178  1
  65 179  1
  92 180  1
 234 180  1
  58 181  1
 101 181  1
 111 181  1
 245 182  1
 266 182  1
 267 182  1
 268 182  1
 204 183  1
 260 183  1
  30 184  1
  35 184  1
  68 184  1
  69 184  1
 200 184  1
 202 184  1
  24 185  1
  56 185  1
  63 185  1
 119 185  1
 236 185  1
  66 186  1
 115 186  1
 124 187  1
 224 187  1
 240 187  1
  35 188  1
  36 188  1
 198 188  1
 209 188  1
 210 188  1
 261 188  1
 266 189  1
 267 189  1
  53 190  1
 195 190  1
 217 191  1
  50 192  1
  57 193  1
  58 193  1
 237 193  1
  62 194  1
 122 195  1
 191 195  1
 192 195  1
 206 195  1
 212 195  1
 225 195  1
 230 195  1
 209 196  1
 129 197  1
 190 198  1
 191 198  1
 125 199  1
 269 199  1
 270 199  1
 233 200  1
 211 201  1
 217 201  1
 218 201  1
  83 202  1
  93 202  1
  87 203  1
 118 203  1
 235 203  1
  56 204  1
  65 204  2
 122 204  1
 213 204  1
 127 205  1
 209 206  1
 237 206  1
 238 206  1
  48 207  1
 234 207  1
 119 208  1
 148 208  1
  85 209  1
 221 209  1
 225 209  1
  80 210  1
 118 210  1
 137 210  1
 138 210  1
  64 211  1
  74 211  1
 130 211  1
 212 211  1
 236 211  1
 237 211  1
  78 212  1
 218 212  1
 264 213  1
  67 214  1
  68 214  1
 131 214  1
 241 214  1
  83 215  1
 141 215  1
 147 215  1
 106 216  1
 125 216  1
 129 216  1
 236 216  1
  94 217  1
 149 217  1
 150 217  1
  81 218  1
 100 218  1
 260 218  1
  87 219  1
  88 219  1
 178 219  1
 127 220  1
 133 220  1
 240 220  1
 251 220  1
 103 221  1
 137 221  1
 138 221  1
 142 221  1
 143 221  1
 150 221  1
 162 221  1
 245 221  1
 170 222  1
 219 222  1
  70 223  1
  81 223  1
  85 223  1
 101 223  1
 136 223  1
 213 223  1
  78 224  1
  96 224  1
  97 224  1
 211 224  1
  72 225  1
  87 225  1
 124 225  1
 125 225  1
 254 226  1
  89 227  1
  93 227  1
 102 227  1
 120 227  1
 252 227  1
 133 229  1
 134 229  1
 202 229  1
 220 229  1
 154 230  1
 158 230  1
 213 230  1
 120 231  1
  88 232  1
  98 232  1
 126 232  1
 200 232  1
  91 233  1
 108 233  1
 218 233  1
 106 234  1
 136 234  1
 137 234  1
 166 234  1
 195 234  1
 115 235  1
 117 235  1
 147 235  1
 173 235  1
 227 235  1
 228 235  1
  97 236  1
 221 236  1
 241 236  1
 120 237  1
 125 237  1
 190 237  1
 238 238  1
 102 239  1
 158 239  1
 160 239  1
 161 239  1
 123 240  1
 193 240  1
 224 240  1
 236 240  1
 136 241  1
 108 242  1
 122 242  1
 135 243  1
 113 244  1
 127 244  1
 128 244  1
 228 244  1
 119 246  1
 135 246  1
 150 246  1
 151 246  1
 162 246  1
 166 247  1
 129 249  1
 144 249  1
 166 249  1
 168 249  1
 195 250  1
 189 251  1
 213 251  1
 150 252  1
 210 252  1
 142 255  1
 144 255  1
 195 256  1
 178 257  1


count = 787