 157   1  1
 167   1  1
 178   1  1
 189   1  1
 204   3  1
 161   4  1
 207   4  1
 212   6  1
 191   7  1
 198   7  1
 131   8  1
 160   8  1
 175   8  1
 177   8  1
 169   9  1
 150  11  1
 225  11  1
 165  12  1
 181  12  1
 186  12  1
 192  13  1
 155  14  1
 139  15  1
 147  15  1
 188  15  1
 231  15  1
 111  16  1
 112  16  1
 131  16  1
 195  16  1
 134  17  1
 233  17  1
 108  18  1
 144  19  1
 149  19  1
 194  19  1
 188  22  1
 200  22  1
 201  22  1
 137  23  1
 138  23  1
 143  23  1
 151  23  1
 153  23  1
 194  23  1
 195  23  1
 233  23  1
 149  24  1
  79  25  1
 187  26  1
 195  26  1
 196  26  1
 238  27  1
  65  28  1
 196  29  1
 197  29  1
 205  29  1
  60  30  1
  85  31  1
  90  31  1
 231  31  1
 235  31  1
  71  32  1
  73  32  1
  74  32  1
  97  32  1
 102  32  1
 187  32  1
 188  32  1
 197  32  1
 198  32  1
  80  33  1
 144  33  1
  50  34  1
  51  34  1
  65  34  1
 233  35  1
  96  36  1
 101  36  1
 189  36  1
 198  36  1
  47  37  1
  69  38  1
  78  39  1
  73  41  1
 141  45  1
 139  46  1
 266  48  1
 267  48  1
 139  50  1
  94  53  1
 194  54  1
 195  54  1
 270  54  1
 100  57  1
  23  59  1
 190  61  1
 275  61  1
  20  63  1
 269  63  1
  18  67  1
 270  69  1
 279  71  1
 280  71  1
 274  73  1
 248  74  1
  12  75  1
 262  75  1
 265  76  1
 250  78  1
 251  78  1
 272  78  1
 281  78  1
 282  78  1
 264  82  1
 267  82  1
 276  83  1
  94  84  1
 248  84  1
 261  84  1
 246  85  1
 201  86  1
 177  88  1
 178  88  1
 267  88  1
 105  89  1
 274  89  1
   5  90  1
   6  90  1
 174  90  1
 201  90  1
  83  91  1
 168  92  1
 195  92  1
 197  92  1
   4  93  1
   5  93  1
  85  93  1
 116  93  1
 162  94  1
   3  96  1
   4  96  1
  87  97  1
 159  97  1
 237  97  1
 254  97  1
 143  98  1
 149  98  1
 246  98  1
 247  98  1
 277  99  1
  88 100  1
 147 101  1
 148 101  1
 186 101  1
 178 102  1
  92 103  1
  93 103  1
 143 103  1
 257 103  1
 236 104  1
 174 105  1
 241 105  1
 248 106  1
 252 106  1
 265 106  1
 170 107  1
 171 107  1
 104 108  1
 256 108  1
 272 109  1
 273 109  1
 274 109  1
 267 110  1
 270 110  1
 279 110  1
 280 110  1
  88 111  2
 256 112  1
 248 113  1
 259 113  1
 260 113  1
 278 113  1
 279 113  1
 165 114  1
 170 114  1
  11 115  1
 226 115  1
 227 115  1
 247 115  1
   4 116  1
  13 116  1
 277 117  1
  87 118  1
  98 118  1
  99 118  1
 233 118  1
 234 118  1
  17 119  1
 266 120  1
  21 121  1
 164 121  1
 170 121  1
 243 121  1
 275 121  1
  11 122  1
 143 122  1
 144 122  1
  27 123  1
  28 123  1
  32 123  1
  98 123  1
 191 123  1
 255 123  1
  34 124  1
  35 124  1
 233 124  1
 243 124  1
 247 124  1
 257 124  1
 273 124  1
 168 125  1
 189 125  1
 260 125  1
 261 125  1
  39 126  1
  43 126  1
 101 126  1
 114 126  1
 143 126  1
 197 126  1
 199 126  1
  15 127  1
 127 127  1
 216 127  1
 226 127  1
 271 127  1
  22 128  1
  23 128  1
  72 128  1
 137 128  1
 163 129  1
 189 129  1
 190 129  1
 267 129  1
  56 130  1
 260 130  1
  49 131  1
 104 131  1
 146 131  1
 156 131  1
 192 131  1
 193 131  1
 206 131  1
 226 131  1
 251 131  1
  32 132  1
  47 132  1
  73 132  1
 136 132  1
 150 132  1
  42 133  1
  54 133  1
  67 133  1
 219 133  1
 235 133  1
 242 133  1
 248 133  1
 271 133  1
 272 133  1
  36 135  1
 165 135  1
 229 135  1
 243 135  1
 252 135  1
  16 136  1
  18 136  1
 255 136  1
 272 136  1
 273 136  1
  95 137  1
 201 138  1
 216 138  1
 228 138  1
 236 138  1
 237 138  1
 244 138  1
 245 138  1
 263 138  1
  78 139  1
  79 139  1
 111 139  1
 194 139  1
  90 140  1
 104 140  1
 105 140  1
 106 140  1
 167 140  1
 130 141  1
 131 141  1
 136 141  1
 169 141  1
  13 142  1
 234 142  1
  10 143  1
 221 143  1
 264 143  1
 265 143  1
  95 144  1
 225 144  1
 267 144  1
  63 145  1
  91 145  1
 198 145  1
  58 146  1
 140 146  1
 248 146  1
  16 147  1
  87 147  1
 172 147  1
 173 147  1
 208 147  1
 209 147  1
 243 147  1
 219 148  1
 220 148  1
 147 149  1
 214 149  1
 215 149  1
 242 149  1
  34 150  1
 130 150  1
 131 150  1
   7 151  1
 242 151  1
   6 153  1
   7 153  1
  28 153  1
  58 153  1
 123 153  1
 135 153  1
 246 153  1
 217 154  1
 249 154  1
 250 154  1
  34 155  1
  94 155  1
 205 155  1
 206 155  1
 223 155  1
 228 155  1
 129 157  1
 146 157  1
 155 157  1
 213 157  1
 233 157  1
  78 158  1
  91 158  1
 241 158  1
 224 159  1
 245 159  1
  37 160  1
 204 160  1
 205 160  1
 215 160  1
 219 160  1
 230 160  1
  13 161  1
  14 161  1
  40 161  1
  42 161  1
 248 161  1
 249 161  1
 203 162  1
 229 163  1
 230 163  1
 272 163  1
 273 163  1
   7 164  1
  77 164  1
 209 164  1
 234 164  1
 235 164  1
 252 164  1
 255 164  1
  31 165  1
 158 165  1
 265 166  1
  40 167  1
 229 167  1
  84 168  1
 187 168  1
  76 169  1
  77 169  1
 251 169  1
 257 169  1
 258 169  1
   1 170  1
   2 170  1
 201 170  1
  45 171  1
  46 171  1
 253 171  1
  26 172  1
 228 172  1
 232 172  1
 184 173  1
 237 174  1
 255 175  1
  17 176  1
 177 176  1
 178 176  1
 225 176  1
 262 176  1
  14 177  1
  26 177  1
  41 178  1
 188 178  1
  21 179  1
  16 181  1
  38 184  1
  39 184  1
 257 184  1
  36 185  1
 160 185  1
 169 186  1
 156 187  1
 165 187  1
 233 188  1
  33 189  1
  39 189  1
  28 190  1
  44 190  1
 154 190  1
 167 192  1
  49 193  1
  50 193  1
 260 193  1
  31 195  1
  32 195  1
 149 195  1
 164 195  1
 232 195  1
  46 196  1
 145 196  1
 239 196  1
 247 196  1
  52 197  1
  62 197  1
 162 197  1
 243 197  1
 136 198  1
 152 198  1
 154 198  1
 223 198  1
 211 199  1
 213 199  1
  43 200  1
  64 200  1
 244 200  1
 133 201  1
 228 201  1
 239 202  1
  44 203  1
 144 203  1
 145 203  1
 158 203  1
 165 203  1
 166 203  1
 234 203  1
  65 204  1
 197 204  1
 210 204  1
 218 204  1
 224 204  1
 237 204  1
  39 205  1
 121 205  1
 122 205  1
 142 206  1
 200 206  1
 207 207  1
 221 207  1
 230 207  1
  30 208  1
  31 208  1
  42 208  1
  72 208  1
 132 208  1
 137 208  1
 141 208  1
 142 208  1
 147 208  1
 155 208  1
 162 208  1
 211 210  1
 223 210  1
 233 210  1
 234 210  1
  35 211  1
  71 211  1
 150 211  1
 195 211  1
 248 211  1
  54 212  1
  68 212  1
 139 212  1
 170 212  1
 214 213  1
 215 213  1
  63 214  1
 220 214  1
 147 215  1
 203 215  1
  60 216  1
 151 216  1
 177 218  1
 197 218  1
 212 218  1
 119 219  1
 120 219  1
 230 219  1
 157 220  1
 177 220  1
 192 220  1
 225 221  1
 162 222  1
 167 222  1
 204 222  1
 205 222  1
  47 223  1
 209 223  1
  52 224  1
  62 224  1
  83 224  1
  84 224  1
 234 224  1
  60 225  1
 152 225  1
  43 227  1
  82 227  1
  83 227  1
 179 227  1
 180 227  1
 218 227  1
 219 227  1
 220 227  1
 228 227  1
 229 227  1
  78 229  1
 126 229  1
 214 229  1
 225 230  1
  69 231  1
  70 231  1
  73 232  1
 119 232  1
  58 233  1
 180 233  1
  81 234  1
  92 234  1
 142 234  1
 219 234  1
 164 235  1
  84 236  1
  90 236  1
  97 236  1
  98 236  1
 142 236  1
 149 236  1
  71 237  1
 119 237  1
 120 237  1
 166 237  1
 167 237  1
 101 238  1
 102 238  1
 142 238  1
  76 239  1
 177 239  1
 145 241  1
 149 241  1
 184 241  1
 210 241  1
 120 243  1
 204 243  1
 205 243  1
 106 244  1
 165 245  1
 182 247  1
 199 247  1
 175 248  1
 116 249  1
 191 250  1
 145 251  1
 152 252  1
 185 252  1


count = 597