 152   1  1
 160   1  1
 181   2  1
 163   7  1
 173   7  1
 196   9  1
 101  11  1
 102  11  1
 161  11  1
  97  14  1
 163  15  1
 170  15  1
 171  15  1
 167  17  1
 104  18  1
 100  19  1
 102  19  1
 116  20  1
 208  20  1
  78  22  1
  79  22  1
 125  22  1
 212  22  1
 214  23  1
 126  25  1
 127  25  1
  91  26  1
  93  26  1
 215  26  1
  79  27  1
  80  27  1
 130  27  1
  63  28  1
  95  28  1
  58  29  1
 106  30  1
 112  31  1
 223  31  1
  95  32  1
 106  34  1
 227  34  1
  99  35  1
 112  35  1
 131  35  1
 132  35  1
 116  36  1
 150  37  1
 151  37  1
 136  39  1
 142  39  1
 149  39  1
  85  40  1
  99  40  1
  87  41  1
  89  41  1
 102  41  1
 116  42  1
  76  43  1
 141  43  1
 164  43  1
 150  45  1
 165  45  1
 170  45  1
 105  46  1
 120  46  1
 121  46  1
 144  46  1
 152  46  1
  84  48  1
 130  48  1
  73  50  1
  74  50  1
 100  50  2
 110  50  1
 131  50  1
 149  50  1
 167  50  1
 242  50  1
 139  51  1
 140  51  1
 103  52  1
 156  52  1
  65  53  1
 135  53  1
 186  53  2
 187  53  1
  85  54  1
 151  54  1
 152  54  1
  76  55  1
  77  55  1
  90  55  1
 119  55  1
 147  55  1
 197  55  1
 245  55  1
 107  56  1
 113  56  1
 170  56  1
 174  56  1
 175  56  1
  55  57  1
 191  57  1
 192  57  1
 105  58  1
 106  58  1
  60  59  1
 209  59  1
  74  60  1
 142  60  1
 178  60  1
 180  60  1
 197  60  1
  76  61  1
  77  61  1
  83  61  1
  84  61  1
 176  61  1
 212  61  1
 171  62  1
 214  63  1
 221  63  1
 147  64  1
 225  64  1
 252  64  1
 253  64  1
 173  65  1
  18  66  1
  19  66  1
  73  66  1
 109  66  1
 152  66  1
  76  67  1
 256  67  1
  21  68  1
  97  68  1
 101  68  1
 241  68  1
 242  68  1
  60  69  1
 142  69  1
 143  69  1
 225  69  1
 226  69  1
  87  70  1
  96  70  1
 171  70  1
 187  70  1
 188  70  1
 195  70  1
  61  71  1
  68  71  1
  76  71  1
  84  71  1
 107  71  1
 108  71  1
   9  72  1
  10  72  1
 199  72  1
 236  72  1
  21  73  1
 181  73  1
 185  73  1
 234  73  1
 153  74  1
  17  75  1
  25  75  1
  26  75  1
 148  75  1
 171  75  1
 173  75  1
 195  75  1
 205  75  1
 213  76  1
   7  77  1
   8  77  1
 142  77  1
 192  77  1
 265  77  1
  13  78  1
  14  78  1
  15  78  1
 205  78  1
 214  78  1
  26  79  1
 180  79  1
 184  79  1
 230  79  1
 218  80  1
 224  80  1
 138  82  1
 234  82  1
 268  82  1
   5  83  1
   6  83  1
  80  83  1
  81  83  1
 164  83  1
 195  83  1
 198  83  1
 207  83  1
 211  83  1
 131  84  1
 189  84  1
 150  85  1
 151  85  1
 244  85  1
  73  86  1
 182  86  1
  77  87  1
 147  87  1
 226  87  1
 238  87  1
  69  88  1
  70  88  1
 215  89  1
 129  90  1
 173  90  1
 180  90  1
 194  90  1
 230  90  1
 264  90  1
   3  91  1
   4  91  1
  73  91  1
 202  91  1
 258  91  1
 132  92  1
 187  92  1
 188  92  1
 200  92  1
 240  92  1
 250  92  1
 246  93  1
 258  93  1
 143  94  1
 225  94  1
 263  94  1
 268  94  1
 273  94  1
 274  94  1
  74  95  1
 181  95  1
 182  95  1
 223  95  1
 258  95  1
   2  96  1
   3  96  1
 176  96  1
 177  96  1
 243  96  1
 179  97  1
 254  97  1
 256  97  1
  18  98  1
 222  98  1
  13  99  1
 215 100  1
 243 100  1
  10 101  1
 113 101  1
 114 101  1
 174 101  1
 175 101  1
  70 102  1
  80 102  1
 170 102  1
 213 102  1
 240 102  1
 241 102  1
 251 102  1
 110 106  1
 243 106  1
 208 107  1
 120 108  1
 124 108  1
 171 108  1
 172 108  1
 202 108  1
 238 108  1
  65 109  1
  87 110  1
 179 110  1
 104 111  1
 110 111  1
 235 111  2
 236 111  1
 237 111  1
  57 112  1
 112 112  1
 120 112  1
 241 112  1
 168 113  1
 181 113  1
  75 114  1
 115 114  1
 270 114  1
  73 115  1
  83 115  1
 161 115  1
 162 115  1
 177 115  1
 178 115  1
 190 115  1
  60 116  1
  61 116  1
  84 117  1
 118 117  1
 158 117  1
 191 117  1
 242 117  1
   7 118  1
 184 118  1
 194 118  1
 195 118  1
 264 118  1
 270 118  1
  87 119  1
 177 119  1
 178 119  1
 250 119  1
 251 119  1
   9 120  1
  36 120  1
  92 120  1
 109 120  1
  30 121  1
  68 121  1
 220 121  1
 239 121  1
  59 122  1
 246 122  1
 157 123  1
 171 123  1
 193 123  1
 195 123  1
 233 123  1
   9 124  1
  57 124  1
  63 124  1
 146 124  1
 164 124  1
 166 124  1
 176 124  1
 269 124  1
   7 125  1
  11 125  1
  35 125  1
  45 125  1
 130 125  1
 135 125  1
 204 125  1
 217 125  1
 251 126  1
 257 126  1
  41 127  1
  57 127  1
 211 127  1
  11 128  1
  28 128  1
  61 128  1
  82 128  1
  83 128  1
  93 128  1
 113 128  1
 127 128  1
 128 128  1
 162 128  1
 171 128  1
 243 128  1
  15 129  1
 119 129  1
 133 129  1
 134 129  1
 168 129  1
 207 129  1
 208 129  1
 266 129  1
   6 130  1
   7 130  1
 147 130  1
 233 130  1
 256 130  1
  26 131  1
  87 131  1
  88 131  1
 121 131  1
 122 131  1
 154 131  1
 180 131  1
 221 131  1
 238 131  1
 248 131  1
  34 132  1
 130 132  1
 253 132  1
 254 132  1
 278 132  1
 184 133  1
 190 133  1
 201 133  1
 215 133  1
 247 133  1
   1 135  1
 234 135  2
 280 135  1
  68 136  1
  82 136  1
 177 136  1
 178 136  1
 194 136  1
 195 136  1
  28 137  1
 122 137  1
  68 138  1
  73 139  1
 163 139  1
  80 140  1
 173 140  2
 175 140  1
 207 140  1
 243 140  1
 254 140  1
 125 141  1
 179 141  1
  87 143  1
 190 143  1
 191 143  1
 195 143  1
  39 144  1
  41 144  1
  91 144  1
 127 144  1
 174 144  1
 193 144  1
   1 145  1
   2 145  1
  35 145  1
 132 145  1
 232 145  1
 127 146  1
  47 147  1
 127 148  1
 202 148  1
 203 148  1
 212 148  1
 213 148  1
 205 149  1
 207 149  1
 169 150  1
 180 150  1
 232 150  1
 236 150  1
  39 151  1
  33 152  1
 136 152  1
 137 152  1
 172 152  1
 173 152  1
 175 152  1
 241 152  1
 259 153  1
 183 154  1
  30 155  1
 177 155  1
  82 156  1
 187 156  1
 245 156  1
 256 156  1
  70 157  1
  71 157  1
  78 157  1
 178 157  1
 216 157  1
 132 158  1
 191 158  1
 281 158  1
 282 158  1
 237 159  1
 238 159  1
 243 159  1
 180 161  1
 243 162  1
 218 164  1
 242 164  1
 243 164  1
 124 165  1
 125 165  1
 196 165  1
 151 166  1
 171 166  1
 172 166  1
 259 166  1
 127 167  1
 181 167  1
 202 167  1
 241 167  1
 242 167  1
 198 168  1
 134 169  1
 156 169  1
 205 169  1
 207 169  1
 253 169  1
 254 169  1
 223 170  1
 236 170  1
 237 170  1
 144 171  1
 212 171  1
 138 172  1
 251 172  1
  16 173  1
 138 174  1
 147 174  1
 153 174  1
 155 174  1
 159 174  1
 163 174  1
 173 174  1
 231 174  1
 204 175  1
 259 175  1
 155 176  1
 156 176  1
 256 176  1
 143 177  1
 207 177  1
  57 178  1
  58 178  1
 168 178  1
  17 179  1
 213 179  1
  53 180  1
  54 180  1
 164 180  1
 250 180  2
 252 180  1
 274 180  1
 275 180  1
  62 181  1
  63 181  1
  52 182  1
 161 182  1
 171 182  1
 177 182  1
 205 182  1
 207 182  1
 202 184  1
 211 184  1
 220 184  1
  47 185  1
 166 185  1
 255 185  1
 257 185  1
  14 186  1
 163 187  1
 164 187  1
 259 187  1
 269 187  1
  58 188  1
  62 188  1
  63 188  1
 215 188  1
  39 189  1
  49 189  1
  56 189  1
 224 190  1
  18 192  1
 160 192  1
  35 193  1
 117 193  1
 164 193  1
  60 194  1
 112 194  1
 159 194  1
 160 194  1
 219 194  1
 104 195  1
 151 195  1
  21 196  1
  31 196  1
  32 196  1
 210 196  1
 108 197  1
 260 197  1
 119 198  1
 136 199  1
 148 200  1
 107 201  1
 208 201  1
 219 201  1
 258 201  1
 116 202  1
 117 202  1
 123 202  1
 124 202  1
  58 203  1
 132 203  1
 159 203  1
 143 204  1
 139 205  1
 255 205  1
  32 206  1
  76 206  1
  80 206  1
  81 206  1
 222 206  1
 223 206  1
 254 207  1
 118 208  1
 123 208  1
 124 208  1
 132 208  1
 133 208  1
 148 209  1
  36 210  1
  37 210  1
  56 210  1
  75 210  1
  76 210  1
  82 210  1
 167 210  1
 143 213  1
 250 213  1
  44 214  1
 165 215  1
 226 215  1
 227 215  1
 136 216  1
 165 217  1
 234 218  1
  54 219  1
 137 220  1
 231 220  1
 142 222  1
 143 222  1
 152 222  1
 207 222  1
 208 222  1
 107 224  1
 194 224  1
 239 224  1
 136 225  1
 137 225  1
  68 226  1
  70 226  1
 150 226  1
 151 226  1
 198 226  1
 199 226  1
  72 227  1
 225 227  1
 122 228  1
 123 228  1
 147 228  1
 167 228  1
  75 229  1
 167 230  1
 211 230  1
  94 231  1
  99 231  1
 137 231  1
 209 231  1
 229 231  1
  81 232  1
  82 232  1
 124 232  1
 125 232  1
 220 232  1
 141 233  1
  85 234  1
 118 234  1
 144 234  1
 168 234  1
 169 234  1
 105 235  1
 206 235  1
 118 236  1
 115 237  1
 134 237  1
 206 237  1
  99 238  1
 121 238  1
 220 238  1
 162 239  1
 163 239  1
 114 240  1
 120 240  1
 133 240  1
 218 240  1
 107 242  1
 142 242  1
 214 242  1
 210 246  1
 162 249  1
 163 249  1
 200 250  1
 162 252  1
 142 254  1


count = 700