 164   1  1
 171   1  1
 141   2  1
 138   3  1
 186   4  1
 187   4  1
 132   5  1
 190   5  1
 120   9  1
 201  10  1
 116  11  1
 117  11  1
 129  12  1
 114  13  1
 129  15  1
 195  17  1
 197  18  1
 121  19  1
 122  19  1
  97  20  1
 113  20  1
 118  23  1
 136  23  1
 137  23  1
 107  24  1
 112  24  1
 127  24  1
 128  24  1
  99  26  1
 118  27  1
 135  27  1
 105  28  1
 182  28  1
 189  28  1
  89  29  1
 120  29  1
 136  29  1
 187  29  1
 229  29  1
 184  30  1
  69  31  1
  83  31  1
  84  31  1
 128  31  1
 137  31  1
 105  32  1
 106  32  1
 178  32  1
 132  33  1
 137  33  1
 237  33  1
  62  34  1
 139  34  1
 140  34  1
 119  35  1
  58  36  1
  59  36  1
  82  36  1
  83  36  1
  88  36  1
  89  36  1
 122  36  1
 115  37  1
 116  37  1
  56  38  1
  65  38  1
  73  38  1
 128  38  1
 101  39  1
 172  39  1
 173  39  1
 182  39  1
  71  40  1
 233  40  1
  61  43  1
  68  43  1
 138  43  1
 170  43  1
 246  43  1
  79  44  1
 105  44  1
 131  44  1
  42  45  1
  43  45  1
  62  45  1
  72  45  1
 135  45  1
 182  45  1
 226  45  1
 233  45  1
 234  45  1
 101  46  1
 112  46  1
 118  46  1
 119  46  1
  39  47  1
 133  47  1
 144  47  1
 248  47  1
  54  48  1
 232  48  1
 233  48  1
  47  49  1
  77  49  1
  81  49  1
  82  49  1
 125  49  1
 126  49  1
 130  49  1
 131  49  1
 226  49  2
 227  49  1
 160  50  1
 168  50  1
 178  50  1
 192  50  1
 193  50  1
  43  51  1
 120  51  1
 125  51  1
 126  51  1
 138  51  1
 143  51  1
  64  52  1
 113  52  1
 156  52  1
 162  52  1
 190  52  2
  58  53  1
 111  54  1
 134  54  1
 229  54  1
  51  55  1
 145  55  1
  28  56  1
  78  56  1
  79  56  1
 106  56  1
 159  56  1
 168  56  1
 193  56  1
 255  56  1
  71  57  1
  92  57  1
 114  57  1
 137  57  1
 155  57  1
 164  57  1
 221  57  1
 109  58  1
 171  58  1
 172  58  1
 233  58  1
  96  59  1
 156  59  1
 165  59  1
 187  59  1
 200  59  1
 212  59  1
  34  60  1
  90  60  1
 104  60  1
 105  60  1
 219  60  1
 247  60  1
 248  60  1
  39  61  1
  77  61  1
  83  61  1
  85  61  1
 177  61  1
 183  61  1
  49  62  1
  50  62  1
  58  62  1
 161  62  1
 162  62  1
 243  62  1
  70  63  1
 188  63  1
 155  64  1
 102  65  1
 190  65  1
 194  65  1
 195  65  1
  75  66  1
  86  66  1
 203  66  1
  41  67  1
  42  67  1
  61  67  1
  66  67  1
  83  67  1
  18  68  1
 234  68  1
 261  68  1
 262  68  1
  48  69  1
 191  69  1
 254  69  1
 174  70  1
 176  72  1
 183  72  1
 195  72  1
 230  72  1
  21  73  1
  46  73  1
  52  73  1
  53  73  1
 193  73  1
 200  73  1
 167  74  1
 241  74  1
 242  74  1
 250  74  1
 251  74  1
  64  75  2
  65  75  1
  25  76  1
 235  76  1
  46  77  1
 247  77  1
 248  77  1
 249  77  1
 269  77  1
 158  78  1
 163  79  1
 164  79  1
 166  79  1
 171  79  1
  37  80  1
 154  80  1
 223  80  1
 231  80  1
  49  81  1
  90  81  1
 149  81  1
  78  82  1
  97  84  1
  11  85  1
 172  85  1
 191  85  1
 139  86  1
 240  86  1
  22  87  1
 175  87  1
 109  88  1
 253  88  1
 166  89  1
 187  89  1
 259  89  1
 102  90  1
 103  90  1
 163  90  1
 143  91  1
 175  91  1
 176  91  1
 244  91  1
 250  92  1
 107  93  1
 133  93  1
 267  93  1
 268  93  1
   2  94  1
   3  94  1
 158  94  1
 187  94  1
 188  94  1
 192  94  1
 199  94  1
 255  95  1
 267  95  1
   7  96  1
  23  96  1
  76  96  1
 129  96  1
 257  98  1
  71  99  1
  77  99  1
  79  99  1
  18 100  1
  84 100  1
 158 100  1
 268 100  1
 269 100  1
   7 101  1
   9 101  1
 148 101  1
 149 101  1
  19 102  1
  44 102  1
  56 102  1
 126 102  1
 265 102  1
  66 103  1
  20 104  1
 154 104  1
 179 104  1
  69 106  1
  72 106  1
   1 107  1
 270 107  1
   7 109  1
  19 109  1
  41 109  1
  25 110  1
  57 110  1
  78 110  1
  79 110  1
  87 110  1
  88 110  1
  36 111  1
  74 111  1
 261 111  1
  15 112  1
  27 112  1
  21 114  1
  58 114  1
 274 114  1
  92 115  1
  93 115  1
 265 115  1
   1 116  1
  27 116  1
  49 116  1
  56 116  1
  87 116  1
 113 116  1
 170 116  1
 191 116  1
 121 117  1
  10 119  1
 172 119  1
 269 119  1
  73 120  1
  24 123  1
  29 123  1
  41 123  1
  45 123  1
  90 123  1
 121 123  1
 193 123  1
 113 124  1
 162 124  1
 166 124  1
  63 125  1
  93 125  1
 175 125  1
  61 126  1
  69 126  1
 204 126  1
 282 126  1
   8 127  1
 159 127  1
  72 128  1
  92 128  1
 184 128  1
  28 129  1
  66 129  1
  99 129  1
 115 129  1
 158 129  1
 191 129  1
  55 130  1
  56 130  1
  96 130  1
 117 130  1
 184 130  1
 199 130  1
 278 130  1
  60 131  1
  48 132  1
  67 132  1
  68 132  1
  27 133  1
 171 133  1
 180 133  1
 219 133  1
 234 133  1
 235 133  1
 266 133  1
  20 134  1
  91 134  1
 197 134  1
 206 134  1
 207 134  1
  11 135  1
  40 135  1
 165 135  1
 176 135  1
 231 135  1
  29 136  1
  53 136  1
  54 136  1
  90 136  1
 106 136  1
 167 136  1
 178 136  1
 255 136  1
 112 137  1
 214 137  1
  25 138  1
  19 139  1
  43 139  1
  97 139  1
  25 140  1
  26 140  1
 188 140  1
 231 140  1
 264 140  1
   5 141  1
   6 141  1
 209 141  1
  13 142  1
 175 142  1
 181 142  1
  64 143  1
  65 143  1
  85 144  1
 117 144  1
 207 144  1
  16 145  1
  76 145  1
 198 145  1
 230 145  1
 231 145  1
   3 146  1
   4 146  1
  10 146  1
 258 146  1
 259 146  1
 271 146  1
 178 147  1
 179 147  1
 253 147  1
  66 148  1
 112 148  1
 136 148  1
 277 148  1
 230 149  1
  83 151  1
  84 151  1
 258 151  1
  60 152  1
  82 153  1
 135 153  1
 136 153  1
 148 153  1
 179 153  1
 197 153  1
 198 153  1
 107 154  1
 227 154  1
 147 155  1
 248 155  1
 185 156  1
 199 156  1
 227 156  1
  60 157  1
  86 157  1
  87 157  1
 105 157  1
 147 157  1
 234 157  1
 235 157  1
 198 158  1
 239 158  1
 252 158  1
  54 159  1
  80 159  1
 137 159  1
 194 159  1
  84 160  1
 240 160  1
 246 160  1
 133 161  1
  10 162  1
 232 162  3
 234 162  1
 240 162  1
 241 162  1
 253 162  1
 154 163  1
 258 163  1
 259 163  1
  10 164  1
  11 164  1
  52 164  1
  58 164  1
 188 164  1
 189 164  1
 222 164  1
 234 164  1
 137 165  1
 248 165  1
 249 165  1
 146 166  1
 220 166  1
 148 167  1
 228 167  1
 238 167  1
 272 167  1
  10 168  1
 176 168  1
 231 168  1
 233 168  1
 262 168  1
 112 169  1
 280 169  1
 281 169  1
  53 170  1
 107 170  1
 149 170  1
 170 170  1
 174 170  1
 189 170  1
 190 170  1
  49 171  1
  51 171  1
 220 171  1
 225 171  1
 196 172  1
 197 172  1
 152 173  1
 160 173  1
 263 173  1
 270 173  1
  88 174  1
 155 174  1
 180 174  1
 184 174  2
  42 175  1
  43 175  1
  56 175  1
  59 175  1
 173 175  1
 203 175  1
 205 175  1
 278 175  1
 279 175  1
  78 176  1
  90 176  1
 196 176  1
 242 176  1
  40 177  1
  95 177  1
  96 177  1
 157 177  1
 176 177  1
 177 177  1
 189 177  1
 104 178  1
 107 178  1
 277 178  1
 278 178  1
  35 179  1
 160 179  1
 162 179  1
 247 179  1
 100 180  1
 203 180  1
 204 180  1
 215 180  1
 228 180  1
  75 181  1
  76 181  1
  83 181  1
  95 181  1
 150 182  1
 151 182  1
 165 182  1
 166 182  1
 238 182  1
 239 182  1
  91 183  1
 107 183  1
 111 183  1
 210 183  1
 219 183  1
 168 184  1
 274 184  1
 275 184  1
  59 185  1
 204 185  1
  11 186  1
  12 186  1
 206 186  1
 208 186  1
 213 186  1
 243 186  1
 244 186  1
  55 187  1
  86 187  1
  90 187  1
 108 187  1
 232 187  1
  64 188  1
 156 188  1
 162 188  1
 170 188  1
 105 189  1
 106 189  1
 174 189  1
  18 190  1
  47 190  1
  48 190  1
 179 190  1
  71 191  1
  86 191  1
 176 191  1
  22 192  1
  51 192  1
  93 192  1
 103 192  1
  65 193  1
  15 194  1
 231 194  1
 232 194  1
  91 195  1
 177 196  1
 181 197  1
 238 197  1
  83 198  1
  88 199  1
  89 199  1
  90 199  1
 116 199  1
  85 200  1
 103 200  1
 174 200  1
 229 200  1
 230 200  1
 163 201  1
 170 201  1
  85 202  1
  94 202  1
  96 202  1
  98 202  1
 112 202  1
 237 202  1
 240 202  1
  72 203  1
  73 203  1
 148 203  1
 169 203  1
 181 203  1
 182 203  1
 193 203  1
  21 204  1
  94 204  1
 106 204  1
  41 205  1
  81 205  1
  85 205  1
  86 205  1
 235 205  1
  24 206  1
  91 206  1
 101 206  1
 130 206  1
 131 206  1
 138 206  1
  46 207  1
 170 207  1
 171 207  1
 108 208  1
 195 208  1
  49 209  1
 103 209  1
 151 209  1
 165 209  1
 211 209  1
 179 210  1
  91 211  1
 151 211  1
 168 211  1
 170 211  1
 212 211  1
 253 211  1
  80 212  1
 148 212  1
 216 212  1
 237 212  1
  33 213  1
  54 213  1
 130 213  1
 161 213  1
 212 213  1
 213 213  1
 148 214  1
 198 214  1
 199 214  1
  37 215  1
  65 215  1
  78 215  1
  87 215  1
 219 215  1
  56 216  1
  57 216  1
 106 216  1
 110 216  1
 213 216  1
 214 216  1
  66 217  1
  96 217  1
 156 217  1
 239 217  1
  70 218  1
  92 218  1
  94 218  1
 199 218  1
  75 219  1
  64 220  1
 145 220  1
 155 220  1
 169 220  1
  59 221  1
 151 221  1
 216 221  1
 245 221  1
 143 222  1
  47 223  1
  66 223  1
  67 223  1
  87 223  1
  88 223  1
 148 223  1
 242 223  1
  91 224  1
 169 224  1
  51 225  1
  52 225  1
  92 226  1
 142 226  1
 143 226  1
 202 226  1
 216 226  1
 222 226  1
  61 227  1
 164 227  1
 237 227  1
 105 229  1
 106 229  1
 206 229  1
 219 229  1
  87 231  1
  94 231  1
  84 232  1
  85 232  1
 168 232  1
 211 232  1
 230 232  1
  66 233  1
  67 233  1
 106 233  1
 172 233  1
  70 234  1
 225 234  1
 226 234  1
  73 235  1
  99 235  1
  84 237  1
 171 238  1
  91 239  1
 104 239  1
 215 240  1
 136 241  1
 126 242  1
 212 242  1
 208 244  1
 209 244  1
 109 245  1
 144 246  1
 205 247  1
 151 248  1
 125 249  1
 155 250  1
 156 250  1
 197 250  1
 141 252  1
 148 254  1
 182 255  1


count = 782