 150   1  1
 146   2  1
 148   2  1
 143   3  1
 184   3  1
 187   4  1
 130   7  1
 195   7  1
 144   9  1
 152  10  1
 144  11  1
 210  12  1
 148  13  1
 114  14  1
 213  15  1
 149  16  1
 150  16  1
 158  16  1
 125  17  1
 126  17  1
 170  17  1
 159  18  1
 218  18  1
 128  19  1
 163  19  1
 114  21  1
 150  21  1
 172  21  1
  91  23  1
 118  24  1
 228  25  1
  78  27  1
 175  27  1
  76  28  1
  96  28  1
  90  29  1
  70  30  1
  72  30  1
  67  31  1
  91  31  1
  97  31  1
  98  31  1
 110  31  1
 235  31  1
 208  32  1
  80  33  1
  93  34  1
 207  34  1
 229  34  1
  74  35  1
  98  36  1
 223  36  1
 242  36  1
 112  37  1
 113  37  1
 210  37  1
 221  38  1
 245  38  1
 127  39  1
 204  39  1
 205  39  1
 209  40  1
 230  40  1
  41  41  1
 209  42  1
 207  43  1
 218  43  1
  84  44  1
 111  44  1
 112  44  1
 212  44  1
  62  45  1
  63  45  1
  65  45  1
  68  45  1
  79  45  1
 203  45  1
 252  46  1
  55  47  1
 137  47  1
  36  48  1
 122  48  1
 229  48  1
 230  48  1
  81  49  1
 217  49  1
 254  49  1
  69  50  1
  70  50  1
  74  50  1
 114  50  1
 115  50  1
 208  50  1
  40  51  1
 103  51  1
 213  51  1
  27  52  1
  28  52  1
  41  53  1
  56  53  1
  81  53  1
  82  53  1
 135  53  1
 256  53  1
  34  54  1
  65  54  1
  67  54  1
  76  54  1
 127  54  1
 137  54  1
 139  54  1
  49  55  1
  50  55  1
  71  55  1
  38  56  1
  63  56  1
 145  56  1
 224  56  1
 234  56  1
 237  57  1
  21  58  1
 146  58  1
  41  59  1
  42  59  1
  69  59  1
 253  59  1
  76  60  1
  77  60  1
 153  60  1
 158  60  1
 213  60  1
 223  60  1
 253  61  1
  37  62  1
  39  62  1
  64  62  1
 102  62  1
 150  62  1
  18  63  1
  25  63  1
  36  64  1
 248  64  1
  29  65  1
  68  65  1
  44  66  1
  74  66  1
  75  66  1
  87  66  1
 103  66  1
 164  66  1
 238  66  1
 159  67  1
 248  67  1
  62  68  1
 203  68  1
  73  69  1
  74  69  1
 171  69  1
 267  69  1
  13  70  1
  38  70  1
  79  70  1
 186  70  1
  12  72  1
 144  72  1
 192  72  1
 193  72  1
 210  72  1
 141  73  3
 148  73  1
 150  73  1
 173  73  1
 197  75  1
 247  75  1
  79  76  1
 193  76  1
 221  76  1
 273  76  1
  16  77  1
 152  77  1
 153  77  1
 155  77  1
  19  78  1
  21  78  1
 178  78  1
 179  78  1
 216  78  1
  23  79  1
 183  79  1
 188  79  1
 228  79  1
 230  79  1
 198  80  1
 204  80  1
 276  80  1
   8  81  1
  27  81  1
  32  83  1
 199  84  1
  23  85  1
 170  85  1
 176  85  1
 236  85  1
 278  85  1
 279  85  1
 252  86  1
  26  87  1
  27  87  1
  36  87  1
 252  88  1
 263  88  1
  36  89  1
 177  89  1
 178  89  1
  10  90  1
 257  90  1
 140  91  1
 241  93  1
 242  93  1
 108  94  1
 109  94  1
 168  94  1
 169  94  1
 268  94  1
  99  95  1
 253  95  1
 101  96  1
 103  96  1
 166  96  1
 234  96  1
 235  96  1
 239  96  1
  95  97  1
  16  98  1
 133  98  1
 134  98  1
   2  99  1
   3  99  1
   9  99  1
  23  99  1
  25  99  1
 162  99  1
 163  99  1
  94 100  1
 267 100  1
  79 101  1
 161 101  1
 184 101  1
   1 102  1
   2 102  1
  14 102  1
  73 102  1
 120 102  2
 275 102  1
 276 102  1
  18 103  1
 104 103  1
 262 103  1
 263 103  1
 110 104  1
  10 105  1
  91 105  1
 241 105  1
 251 105  1
 266 105  1
  73 106  1
  82 106  1
 101 106  1
 118 106  1
 179 106  1
 180 106  1
 270 106  1
   1 107  1
 236 107  1
 103 108  1
 107 108  1
 113 108  1
 115 108  1
 179 108  1
 239 108  1
 276 108  1
 185 109  1
 190 109  1
  85 110  1
 109 110  1
 217 110  1
 218 110  1
 185 111  1
 241 111  1
   6 112  1
 117 112  1
 271 112  1
  88 113  1
 185 113  1
 223 113  1
 203 115  1
 212 115  1
 242 115  1
 243 115  1
 221 116  1
  86 118  1
  93 118  1
  94 118  1
 182 118  1
 216 118  1
 167 119  1
 188 119  1
 208 119  1
 101 120  1
 198 120  1
   1 121  1
   6 121  1
  89 121  1
 166 121  1
 175 121  1
 121 122  1
 180 122  1
 181 122  1
 259 122  1
   9 123  1
  10 123  1
 203 123  1
 204 123  1
 212 123  1
   2 124  1
 164 124  1
 188 124  1
  91 125  1
 241 125  1
  12 126  1
  41 126  1
 109 126  1
 117 126  1
 155 126  1
 176 126  1
 177 126  1
 190 126  1
 191 126  1
 197 126  1
 216 126  1
 226 126  1
 227 126  1
 253 126  1
 262 126  1
 264 126  1
  51 127  1
  96 127  1
  97 127  1
  98 127  1
 105 127  1
 107 127  1
 149 127  1
 238 127  1
 260 127  1
 136 128  1
 167 128  1
 210 128  1
 230 128  1
 231 128  1
 244 128  1
   7 129  1
 181 129  1
 219 129  1
 124 130  1
 185 130  1
 208 130  1
 224 130  1
 235 131  1
  41 132  1
  55 132  1
  87 132  1
 194 132  1
 195 132  1
 223 132  1
 243 132  1
 244 132  1
 251 132  1
 262 132  1
 264 132  1
  49 133  1
 176 133  1
 219 133  1
 237 133  1
 238 133  1
 260 133  1
   7 134  1
  81 134  1
  83 134  1
 166 134  1
 229 134  1
 102 135  1
 135 135  1
 161 135  1
 177 135  1
 181 135  1
 241 135  1
 270 135  1
 271 135  1
  83 136  1
 169 136  1
 199 136  1
 200 136  1
 232 136  1
 249 136  1
   9 137  1
  10 137  1
  14 137  1
  54 137  1
  59 137  1
 129 137  1
 188 137  1
  12 138  1
  78 138  1
  83 138  1
  84 138  1
 110 138  1
 164 138  1
 231 138  1
 249 138  1
  43 139  1
  71 139  1
  96 139  1
  97 139  1
 167 139  1
 176 139  1
 202 139  1
 203 139  1
  12 140  1
 118 140  1
  50 141  1
  51 141  1
  95 141  1
 124 141  1
 126 141  1
 271 141  1
 272 141  1
  54 142  1
 168 142  1
 215 142  1
 244 142  1
 252 142  1
 254 142  1
 262 142  1
  91 143  1
 181 143  1
  13 144  1
 105 144  1
 118 144  1
 185 145  1
 203 145  1
 205 145  1
 264 145  1
  58 146  1
  59 146  1
  96 146  1
  97 146  1
 245 146  1
 251 146  1
  64 147  1
 176 147  1
 177 147  1
 262 147  1
 194 148  1
  83 149  1
 274 149  1
  11 150  1
  31 150  1
  32 150  1
  60 150  1
  65 151  1
  31 152  2
 178 152  1
 179 152  1
  62 154  1
 277 154  1
  57 155  1
 179 155  1
 180 155  1
 184 156  1
 180 157  1
  75 158  1
  84 158  1
 184 158  1
  51 160  1
 279 160  1
 280 160  1
  28 161  1
  29 161  1
 182 161  1
  55 162  1
  81 162  1
  30 164  1
  33 165  1
  50 166  1
  59 168  1
  60 168  1
 188 168  1
 189 168  1
 278 168  1
 279 168  1
  19 170  1
 142 170  1
 163 170  1
  43 171  1
 277 171  1
 278 171  1
 177 173  1
  35 176  1
  36 176  1
  42 176  1
 151 176  1
   8 177  1
   9 177  1
 168 177  1
 172 177  1
 173 177  1
 186 177  1
 178 178  2
 194 178  1
 200 178  1
  37 179  1
  39 179  1
 204 179  1
 178 180  1
 147 181  1
 159 181  1
 196 181  1
 197 181  1
 184 182  1
 155 183  1
 162 183  1
 170 183  1
 171 183  1
 215 183  1
  37 184  1
  39 184  1
  40 184  1
 193 184  1
  17 185  1
  29 185  1
  30 185  1
 271 185  1
  34 186  1
  35 186  1
  75 186  1
  11 187  1
 186 187  1
 187 187  1
 219 187  1
  27 188  1
  42 188  1
  43 188  1
 202 188  1
 207 188  1
 269 188  1
 172 189  1
 187 189  1
  41 190  1
  73 190  1
 204 190  1
 187 191  1
 189 191  1
 267 191  1
  31 192  1
 202 192  1
 204 192  1
  14 193  1
  15 193  1
  99 193  1
 172 193  1
 198 193  1
  22 194  1
 265 194  1
  81 195  1
  86 195  1
 158 196  1
 168 196  2
 189 196  1
  95 197  1
 161 197  1
 195 197  1
 197 197  1
 222 197  1
 263 197  1
  16 198  1
 153 198  1
  82 199  1
  89 199  1
  91 199  1
 224 199  1
 225 199  1
 160 200  1
 161 200  1
 238 200  1
 261 200  1
 152 201  1
 153 201  1
 228 201  1
  97 202  1
  98 202  1
  99 202  1
 155 205  1
 257 205  1
  24 206  1
  86 206  1
 153 206  1
 145 207  1
 150 207  1
  80 208  1
  81 208  1
 234 208  1
 142 209  1
 131 210  1
 147 210  1
  73 211  1
  87 211  1
  88 211  1
 115 212  1
  70 213  1
 113 213  1
 252 213  1
  65 214  1
 120 214  1
 129 214  1
  88 216  1
  89 216  1
 134 216  1
  53 217  1
  54 217  1
  43 218  1
 247 218  1
  93 219  1
  94 219  1
 110 220  1
 133 221  1
 116 222  1
 117 222  1
 121 222  1
 194 222  1
 199 222  1
 200 222  1
  49 223  1
  92 223  1
 239 224  1
 188 225  1
 189 225  1
  55 226  1
 235 226  1
  65 230  1
 186 230  1
 196 230  1
  68 231  1
  82 231  1
 227 232  1
 186 233  1
  78 234  1
  95 234  1
  81 235  1
  99 235  1
 139 237  1
 198 237  1
 219 237  1
 106 238  1
 143 238  1
 144 238  1
 191 238  1
 192 238  1
 109 239  1
 127 239  1
 112 241  1
 135 241  1
 136 241  1
 211 244  1
 122 245  1
 140 245  1
 105 246  1
 125 246  1
 126 246  1
 139 247  1
 182 247  1
 117 250  1
 118 250  1
 189 252  1
 132 254  1
 181 255  1


count = 685