 122   1  1
 131   1  1
 134   1  1
 138   1  1
 109   3  1
 106   4  1
 104   5  1
 171   5  1
  95   8  1
 135   8  1
 182   8  1
 138   9  1
 143  11  1
  87  12  1
 194  12  1
 157  13  1
 158  13  1
 147  14  1
 155  15  1
 200  15  1
 100  16  1
 101  16  1
 109  17  1
 202  17  1
  95  18  1
 149  18  1
 108  19  1
  86  20  1
 103  20  1
 119  20  1
 125  22  1
 126  22  1
 152  22  1
 211  22  1
 147  23  1
 158  23  1
 159  23  1
  97  24  1
 109  24  1
  61  26  1
 136  27  1
 137  27  1
 148  27  1
 149  27  1
 114  28  1
 115  28  1
 158  29  1
  52  30  1
  92  30  1
 222  30  1
  64  31  1
  66  31  1
 111  31  1
 146  31  1
 148  31  1
 160  31  1
  62  32  1
 113  32  1
 224  32  1
 140  33  1
 145  33  1
 118  34  1
 228  34  1
 116  35  1
 128  36  1
 161  36  1
 162  36  1
  40  37  1
 144  37  1
 154  38  1
 155  38  1
 165  38  1
  93  40  1
 137  40  1
 185  40  1
 133  42  1
  33  43  1
 101  43  1
  31  44  1
 177  44  1
 184  44  1
 156  45  1
  30  46  1
 175  46  1
 243  46  1
  78  47  1
 152  48  1
 182  48  1
 246  49  1
 150  50  1
 167  50  1
 157  51  1
 158  51  1
 171  51  1
 172  51  1
 126  52  1
 147  52  1
 181  52  1
  99  57  1
 120  57  1
 149  57  1
 199  57  1
 149  59  1
  84  61  1
  85  61  1
 154  61  1
 204  61  1
 260  63  1
 158  64  1
 159  64  1
 226  64  1
 228  65  1
 247  65  1
 252  65  1
  85  66  1
  89  66  1
  95  66  1
 131  66  1
 243  67  1
 244  67  1
 150  68  1
 155  68  1
 241  69  1
  13  70  1
  80  70  1
 134  70  1
 140  71  1
 187  71  1
 266  71  1
  11  74  1
 146  74  1
 147  74  1
 148  74  1
 170  74  1
  67  75  1
  69  75  1
 143  75  1
 166  76  1
 167  76  1
 245  76  1
  74  77  1
 183  77  1
 151  78  1
  81  79  1
 156  79  1
 187  79  1
 239  79  1
   8  80  1
   9  80  1
  57  80  1
 183  80  1
 162  81  1
 199  81  1
 203  81  1
 240  81  1
 199  83  1
 240  83  1
 271  83  1
 272  83  1
  55  84  1
 166  84  1
 190  84  1
 191  84  1
 205  85  1
 243  85  1
 214  86  1
  79  87  1
 202  87  1
 272  87  1
 273  87  1
  55  88  1
 213  88  1
 252  88  1
 255  90  1
 273  90  1
 274  90  1
 151  91  1
 193  92  1
  60  93  1
 226  93  1
 260  93  1
 145  94  1
   3  95  1
   4  95  1
 136  95  1
 170  95  1
 131  96  1
 263  96  1
 141  97  1
 142  97  1
 230  98  1
 235  98  1
 260  98  1
  86  99  1
 219  99  1
 103 100  1
 260 100  1
 267 100  1
 268 100  1
  62 101  1
 208 101  1
 224 101  1
 239 101  1
 240 101  1
  56 102  1
  43 103  1
 269 103  1
  33 104  1
  85 104  1
 106 104  1
 222 104  1
  67 105  1
 123 105  1
 207 105  1
   1 106  1
   2 106  1
  30 106  1
  48 106  1
  52 106  1
  53 106  1
 103 107  1
 216 107  1
 217 107  1
 234 107  1
 148 108  1
 177 108  1
 220 108  1
 221 108  1
  36 109  1
  37 109  1
 102 109  1
 117 109  1
 118 109  1
 124 109  1
 163 109  1
 164 109  1
 181 109  1
  77 110  1
 214 110  1
  26 111  1
  81 111  1
 154 111  1
   1 112  1
  43 112  1
 158 112  1
 228 112  1
 233 112  1
  32 113  1
  33 113  1
  85 113  1
 161 113  1
 181 113  1
  70 114  1
 139 114  1
 140 114  1
 215 114  1
  89 115  1
 104 115  1
 186 115  1
 211 115  1
 232 115  1
 150 116  1
 205 116  1
 219 116  1
 221 116  1
  64 117  1
  65 117  1
  95 117  1
 106 117  1
 121 117  1
 135 117  1
 183 117  1
 209 117  1
   1 118  1
 125 118  1
 198 118  1
 199 118  1
 200 118  1
 223 118  1
  65 119  1
 114 119  1
 129 119  1
 134 119  1
  75 120  1
  99 120  1
 144 120  1
 205 120  1
 214 120  1
  65 121  1
 218 121  1
 151 122  1
 201 122  1
 210 122  1
  54 123  1
 188 123  1
 221 123  1
 147 124  1
 175 124  1
 101 125  1
 126 125  1
 127 125  1
 181 125  1
 186 125  1
 198 125  1
  56 126  1
   8 127  1
  16 127  1
  31 127  1
  80 127  1
  81 127  1
 219 127  1
 223 127  1
 232 127  1
  56 128  1
  70 128  1
 191 128  1
 178 129  1
 202 129  1
 203 129  1
 208 129  1
 237 129  1
 269 129  1
 270 129  1
 274 129  1
  40 130  1
 129 130  1
 134 130  1
 210 130  1
 266 130  1
 123 131  1
 157 131  1
 236 131  1
  24 132  1
 138 132  1
 151 132  1
 181 132  1
 196 132  1
 203 132  1
 224 132  1
 255 132  1
 256 132  1
  21 133  1
 103 133  1
 123 133  1
 222 133  2
 267 133  1
  29 134  1
  92 134  1
 107 134  1
 208 134  1
 270 134  1
 271 134  1
 278 134  1
 145 135  1
 146 135  1
 240 135  1
  17 136  1
  31 136  1
 185 136  1
 201 136  1
  14 137  1
  21 137  1
 137 137  1
 112 138  1
 133 139  1
   2 140  1
   3 140  1
 110 140  1
 152 140  1
 190 140  1
 269 140  1
 271 140  1
  93 141  1
 101 141  1
 102 141  1
   8 142  1
   9 142  1
  47 142  1
  48 142  1
 155 142  1
 131 143  1
 165 143  1
  51 144  1
 135 144  1
 136 144  1
  91 145  1
 187 145  1
 188 145  1
  44 146  1
  14 147  1
  99 147  1
 127 147  1
 167 147  1
 168 147  1
 174 147  1
  22 148  1
 151 148  1
 162 148  1
  48 149  1
  87 149  1
 124 149  1
 136 150  1
 179 150  1
  48 151  1
  97 151  1
  98 151  1
  43 152  1
 111 152  1
 163 152  1
  47 153  1
  88 153  1
 100 153  1
 106 153  1
  56 154  1
  75 154  1
 125 154  1
 179 154  1
 180 154  1
  36 155  1
  64 155  1
  71 155  1
   2 156  1
   3 156  1
  10 156  1
  13 156  1
  81 156  1
  82 156  1
  86 156  1
 105 156  1
 132 156  1
 165 156  1
 166 156  1
 183 156  1
 184 156  1
 249 156  1
 250 156  1
  59 157  1
  79 157  1
 102 157  1
 103 157  1
 173 157  1
 177 158  1
 250 158  1
   3 159  1
   4 159  1
  99 159  1
  23 160  1
  24 160  1
 249 160  1
 250 160  1
  82 161  1
 171 161  1
   4 162  1
   5 162  1
 120 162  1
 165 162  1
 179 162  1
 161 163  1
 162 163  1
 268 163  1
 133 164  1
 174 164  1
 175 164  1
 186 165  1
 192 166  1
  22 167  1
 282 167  1
 283 167  1
 167 168  1
 264 168  1
 162 169  1
 197 169  1
 243 169  1
 154 170  1
 155 170  1
 165 170  1
 174 170  1
 175 170  1
 262 170  1
 281 170  1
 282 170  1
 165 172  1
 191 172  1
 223 172  1
  24 173  1
 259 173  1
  20 175  1
 220 175  1
 241 175  1
 242 175  1
   9 176  1
  10 176  1
  17 176  1
 218 176  1
 279 177  1
 280 177  1
 169 178  1
 178 178  1
  10 179  1
  11 179  1
 188 179  1
 192 179  1
 209 179  1
 257 179  1
 170 180  1
 188 181  1
 176 183  1
 178 183  1
  69 184  1
 218 184  1
 219 184  1
 212 185  1
  40 186  1
  77 186  1
 208 187  1
  21 188  1
 156 188  1
 192 188  1
  32 190  1
 124 191  1
 125 191  1
 162 191  1
 229 191  1
 134 192  1
  25 194  1
  57 195  1
  61 195  1
  62 195  1
  63 195  1
 235 195  1
 166 196  1
 270 196  1
  19 197  1
  65 197  1
 162 197  1
 163 197  1
 171 197  1
 214 198  1
 269 198  1
  49 199  1
  60 199  1
 157 199  1
 222 199  1
  21 200  1
  62 201  1
  66 201  1
 240 202  1
 243 202  1
 170 203  1
 246 203  1
  23 204  1
 168 207  1
 169 207  1
 139 208  1
  27 209  1
 189 210  1
 132 211  1
 186 211  1
 133 213  1
 139 213  1
 175 215  1
  38 219  1
 195 220  1
 200 220  1
  40 221  1
 163 221  1
 172 221  1
 248 221  1
 215 222  1
  45 224  1
 207 225  1
 243 225  1
 217 226  1
 195 227  1
 222 228  1
 208 229  1
 238 229  1
 160 230  1
  58 231  1
  59 231  1
 112 231  1
 197 231  1
 212 231  1
 216 231  1
 108 232  1
 110 232  1
 170 232  1
 234 232  1
 158 233  1
 212 235  1
 108 237  1
 226 237  1
  73 238  1
  75 238  1
 116 238  1
 159 239  1
 152 240  1
 219 240  1
  80 241  1
 147 241  1
 159 241  1
 217 241  1
 170 243  1
 172 243  1
  87 245  1
  89 245  1
 111 245  1
 117 245  1
 209 245  1
  92 246  1
 157 246  1
 158 246  1
 176 246  1
 133 247  1
 204 247  1
 137 248  1
 158 248  1
 104 249  1
 111 251  1
 190 251  1
 114 252  1
 117 253  1
 121 254  1
 176 255  1


count = 624