 165   1  1
 168   1  1
 181   1  1
 183   2  1
 185   2  1
 124   9  1
 143  10  1
 138  11  1
 114  12  1
 110  13  1
 112  13  1
 108  14  1
 144  14  1
 198  15  1
 144  16  1
 138  17  1
 139  17  1
 219  17  1
 200  18  1
 223  19  1
 139  20  1
 149  22  1
  85  24  1
 229  24  1
 193  25  1
 144  26  1
  82  27  1
  94  27  1
 133  27  1
  88  29  1
  74  30  1
 148  30  1
 190  30  1
 196  30  1
 197  30  1
  95  31  1
 127  31  1
 189  32  1
 133  33  1
  55  34  1
 122  34  1
 194  34  1
 232  35  1
  51  36  1
  52  36  1
 142  36  1
  74  37  1
 153  37  1
 121  38  1
 122  38  1
 126  38  1
 127  38  1
 189  38  1
  74  39  1
  62  40  1
  63  40  1
  69  40  1
  83  40  1
  84  40  1
 182  40  1
 230  40  1
 235  40  1
  58  41  1
 156  41  1
 157  41  1
  43  42  1
  84  42  1
  53  43  1
  54  43  1
  72  43  1
  77  43  1
 107  44  1
 233  44  1
  50  45  1
 119  45  1
 120  45  1
 135  45  1
 154  45  1
 188  45  1
  72  46  1
 113  46  1
 159  46  1
  34  47  1
 104  48  1
 105  48  1
 154  48  1
 192  49  1
 193  49  1
  38  50  1
  52  50  1
  74  50  1
  75  50  1
 116  50  1
 182  50  1
  86  51  1
  87  51  1
  96  51  1
  59  52  1
 107  52  1
 112  52  1
 140  52  1
 161  52  1
  96  53  1
 129  53  1
 133  53  1
 154  53  1
 155  53  1
  47  55  1
  96  55  1
 247  55  1
  82  56  1
 117  56  1
 254  56  1
 255  56  1
  22  57  1
  50  57  1
  51  57  1
  61  57  1
 123  57  1
 239  59  1
  65  60  1
  81  60  1
  82  60  1
 151  61  1
  49  62  1
 256  62  1
 257  62  1
  77  63  1
  78  63  1
  35  65  1
  43  65  1
  82  66  1
  67  67  1
  83  68  1
  10  70  1
  39  71  1
  42  71  1
 187  71  1
 192  71  1
  67  73  1
  76  74  1
 173  74  1
 262  75  1
 189  79  1
 190  79  1
  74  80  1
 170  80  1
 175  80  1
 185  81  1
 239  81  1
 180  82  1
 188  84  1
 189  84  1
  71  85  1
 166  85  1
 239  85  1
  10  86  1
 201  86  1
 179  87  1
 244  87  1
 264  88  1
 210  89  1
 211  89  1
 212  89  1
 259  89  1
 170  90  1
 176  90  1
 186  90  1
 245  91  1
 198  92  1
 203  92  1
 213  92  1
 257  92  1
 176  93  1
 214  94  1
 215  94  1
   8  95  1
   9  95  1
  10  95  1
 192  95  1
 194  95  1
 196  95  1
 209  95  1
 168  96  1
 218  96  1
 168  98  1
 258 100  1
   2 101  1
   3 101  1
 211 101  1
 219 101  1
 179 102  1
 180 102  1
 278 102  1
 279 102  1
 164 103  1
   1 104  1
   2 104  1
  65 104  1
 221 104  1
 159 106  1
 265 106  1
 177 107  1
 178 107  1
 226 107  1
 227 107  1
 175 109  1
   1 110  1
 271 110  1
  66 111  1
 165 111  1
 172 111  1
 160 112  1
  16 114  1
  22 114  1
  68 114  1
 272 114  1
 103 115  1
 110 115  1
  84 116  1
  86 116  1
 168 116  1
 217 116  1
  88 117  1
  90 117  1
 117 117  1
  17 118  1
 214 118  1
   1 120  1
 150 121  1
 167 121  1
 172 121  1
 195 121  1
 219 121  1
 220 121  1
   2 122  1
  75 122  1
 206 122  1
 147 123  1
 149 123  1
 169 123  1
 214 123  1
  24 124  1
  25 124  1
 119 124  1
 169 125  1
 189 126  1
 112 127  1
 217 127  1
 235 127  1
 273 127  1
  14 128  1
  35 128  1
  36 128  1
  80 128  1
  86 128  1
 203 128  1
 204 128  1
 210 128  1
 269 128  1
 102 129  1
 103 129  1
 135 129  1
  36 130  1
  26 131  1
 187 131  1
 231 131  1
 205 132  1
 215 132  1
 271 132  1
  42 133  1
  77 133  1
  78 133  1
 101 133  1
 142 133  1
 239 133  1
 257 133  1
  21 134  1
  29 134  1
  30 134  1
  35 134  1
 145 134  1
 253 134  1
 276 134  1
  52 135  1
 119 135  1
 135 135  1
 212 135  1
  10 136  1
  37 136  1
  38 136  1
  83 136  1
 220 136  1
 260 136  1
 133 137  1
 155 137  1
 207 137  1
 239 137  1
 240 137  1
 223 138  1
 227 138  1
 242 138  1
 244 138  1
  17 139  1
  25 139  1
  78 139  1
 130 139  1
 252 139  1
 120 140  1
 159 140  1
 195 140  1
   5 141  1
  12 141  1
 175 141  1
 257 141  1
 124 142  1
 125 142  1
 159 142  1
 218 142  1
 201 143  1
 282 143  1
 283 143  1
  51 144  1
 210 144  1
 252 144  1
  41 145  1
  42 145  1
 106 145  1
 115 145  1
 195 145  1
  53 146  1
 161 146  1
 206 146  1
  59 147  1
  74 148  1
  42 149  1
  43 149  1
  61 150  1
  54 152  1
  82 152  1
 115 154  1
 167 154  1
  58 155  1
  59 155  1
  67 156  1
  80 156  1
 119 156  1
 126 156  1
 197 158  1
 204 158  1
  77 159  1
 113 159  1
 169 159  1
 211 160  1
 212 160  1
   1 161  1
   2 161  1
  91 162  1
  66 163  1
 185 163  1
  86 165  1
 167 165  1
 168 165  1
 180 165  1
 266 166  1
 271 166  1
 272 166  1
   3 167  1
   4 167  1
 279 167  1
 280 167  1
  94 169  1
 197 169  1
 181 170  1
 169 171  1
 213 171  1
 258 171  1
 259 171  1
  77 172  1
  81 172  1
  94 172  1
 223 173  1
 271 173  1
 179 174  1
 252 174  1
  73 175  1
  87 175  1
 202 175  1
 206 175  1
 228 175  1
 229 175  1
  36 176  1
  53 176  1
  17 177  1
  89 177  1
 209 177  1
 260 177  1
  56 178  1
 275 179  1
 276 179  1
  73 180  1
 156 180  1
  16 181  1
  61 181  1
 274 181  1
  75 182  1
  91 182  1
  92 182  1
 165 182  1
  35 183  1
  36 183  1
  87 183  1
 179 183  1
   7 185  1
   8 185  1
  13 185  1
  14 185  1
  66 185  1
  67 185  1
  68 185  1
 202 185  1
 208 185  1
 272 185  1
 185 186  1
  19 187  1
  74 187  1
  75 187  1
 156 187  1
 157 187  1
 206 187  1
 207 187  1
  15 188  1
  65 189  1
  70 189  1
 188 189  1
 202 189  1
  80 190  1
  22 191  2
  23 191  1
  30 191  1
 147 191  1
 161 192  1
 268 192  1
  65 193  1
  66 193  1
  70 194  1
 108 195  1
 158 195  1
  74 196  1
 142 196  1
 143 196  1
 156 196  1
  57 197  1
  63 197  1
  64 197  1
 125 198  1
 162 198  1
 166 198  1
  69 199  1
  73 200  1
 151 200  1
 152 200  1
 265 200  1
 266 200  1
  79 201  1
  94 201  1
 157 201  1
  75 202  1
 148 202  1
 249 202  1
  64 203  1
 131 203  1
 138 203  1
 245 203  1
  62 204  1
 110 204  1
 134 204  1
  84 205  1
 263 205  1
 264 205  1
 120 206  1
 154 206  1
 243 206  1
  23 207  1
  24 207  1
 104 207  1
 108 207  1
 128 207  1
 141 207  1
 147 207  1
 116 208  1
 262 208  1
 263 208  1
  90 209  1
  91 209  1
 139 209  1
 126 210  1
 253 210  1
 254 210  1
  26 211  1
  69 211  1
  74 211  1
 151 213  1
  30 214  1
 155 214  1
  35 217  1
  88 217  1
  89 217  1
 233 218  1
 234 218  1
 130 220  1
  52 221  1
  43 222  1
 133 222  1
 136 222  1
  60 223  1
  61 223  1
 213 223  1
  46 224  1
  76 224  1
  83 224  1
 155 224  1
  87 225  1
  72 226  1
 134 226  1
 238 226  1
 218 227  1
  76 228  1
 141 228  1
 149 229  1
 209 229  1
 210 229  1
  64 230  1
 233 230  1
 175 231  1
 176 231  1
  71 232  1
  74 233  1
  88 233  1
 230 234  1
  91 235  1
  92 235  1
 136 235  1
 222 235  1
  83 237  1
 225 237  1
 226 237  1
 175 238  1
 176 238  1
 234 239  1
 149 240  1
 142 242  1
 219 242  1
 228 242  1
  93 243  1
 148 244  1
 139 246  1
 141 246  1
 222 246  1
 125 248  1
 216 248  1
 153 249  1
 194 249  1
 159 250  1
 138 251  1
 167 251  1
 168 251  1
 187 251  1
 209 251  1
 141 252  1
 205 252  1
 207 252  1
 198 254  1


count = 573