 126   1  1
 141   1  1
 155   1  1
 184   6  1
  92   7  1
 190   8  1
 125   9  1
 130   9  1
 160  10  1
 114  11  1
 200  12  1
  92  16  1
 189  16  1
 114  17  1
 120  17  1
 157  17  1
  91  18  1
  98  18  1
 123  18  1
 124  18  1
 135  18  1
 136  18  1
  61  19  1
 214  19  1
  98  20  1
  99  20  1
  79  21  1
 192  21  1
 155  22  1
  64  23  1
  79  23  1
  92  23  1
  93  23  1
 165  23  1
 183  23  1
  74  24  1
  75  24  1
  86  24  1
 137  24  1
  79  25  1
  89  25  1
 199  25  1
 222  25  1
  52  26  1
 101  26  1
 195  26  1
  60  27  1
  61  27  1
  65  27  1
 127  27  1
  76  28  1
 170  28  1
 103  30  1
 196  30  1
 200  30  1
 228  30  1
  74  31  1
  87  35  1
 191  35  1
 120  36  1
 234  36  1
  83  37  1
 111  38  1
 113  38  1
 116  38  1
 117  38  1
 138  38  1
  76  39  1
 122  39  1
 123  39  1
 124  39  1
 176  40  1
 118  41  1
 178  42  1
 181  42  1
  89  43  1
  46  44  1
  90  45  1
  45  47  1
  46  47  1
 133  47  1
 187  47  1
 193  47  1
  95  48  1
  96  48  1
  29  49  1
 126  49  1
 132  49  1
  57  50  1
 136  50  1
 222  50  1
 124  51  1
 199  52  1
 222  52  1
  40  53  1
  41  53  1
  36  54  1
 203  54  1
 234  54  1
 124  55  1
 125  55  1
 146  55  1
  71  56  1
 230  56  1
  37  57  1
  38  57  1
  65  57  1
  30  58  1
  59  58  1
 161  58  1
 207  59  1
 225  59  1
  59  60  1
  85  60  1
 200  60  1
 201  60  1
  41  61  1
  49  61  1
  70  61  1
  95  61  1
 236  61  1
 237  61  1
 256  61  1
 257  61  1
 127  62  1
 160  62  1
  27  63  1
  46  63  1
  70  63  1
 136  63  1
 210  63  1
  33  64  1
  78  64  1
  80  64  1
 247  64  1
  46  65  1
  50  65  1
  71  65  1
 133  65  1
 238  65  1
 239  65  1
  17  66  1
  37  66  1
  38  66  1
  43  66  1
  62  66  1
 235  66  1
  70  67  1
  71  67  1
  72  67  1
  27  68  1
  35  68  1
 195  68  1
 197  68  1
 198  68  1
 159  69  1
 160  69  1
 263  70  1
  22  71  1
  23  71  1
 175  71  1
 182  71  1
 184  71  1
  13  72  1
  66  72  1
 195  72  1
 228  72  1
  23  73  1
 172  73  1
 173  73  1
 237  74  1
 265  74  1
  20  75  1
  21  75  1
 159  75  1
 239  76  1
 169  77  1
 170  77  1
 200  78  1
  40  79  1
 167  79  1
 227  79  1
 163  80  1
 246  80  1
 218  81  1
 271  81  1
  42  82  1
   7  83  1
   8  83  1
  33  83  1
  37  83  1
  38  83  1
  46  83  1
  53  83  1
 239  84  1
 157  85  1
 208  85  1
 209  85  1
   6  86  1
   7  86  1
  41  86  1
  61  86  1
 240  86  1
 274  87  1
 194  88  1
 251  88  1
 233  89  1
  95  90  1
 148  90  1
 152  90  1
  92  91  1
  99  91  1
 109  92  1
 112  92  1
 140  93  1
 141  93  1
 191  93  1
 252  93  1
 253  93  1
 276  93  1
 277  93  1
 100  94  1
   4  95  1
   5  95  1
  80  95  1
 151  95  1
 237  95  1
   3  98  1
   4  98  1
 150  98  1
 151  98  1
 205  98  1
 206  98  1
 231  98  1
 233  98  1
 107  99  1
 132 100  1
 224 100  1
  13 101  1
  78 101  1
  79 101  1
 143 101  1
 184 101  1
 236 101  1
 127 102  1
 204 102  1
 209 102  1
 250 102  1
   9 103  1
  10 103  1
  19 103  1
 173 103  1
 182 103  1
  74 104  1
 202 104  1
 214 104  1
  81 105  1
  82 105  1
 131 105  1
 132 105  1
  37 106  1
  43 106  1
  45 106  1
  76 106  1
  77 106  1
  78 106  1
 135 106  1
 247 106  1
 248 106  1
  69 108  1
  46 109  1
  47 109  1
 163 109  1
 173 109  1
 174 109  1
 203 109  1
 155 110  1
 178 110  1
 179 110  1
  29 111  1
  36 111  1
  47 111  1
  72 111  1
  90 111  1
 125 111  1
 126 111  1
 221 111  2
 222 111  1
 248 111  1
 214 112  1
 243 112  1
  40 113  1
 206 113  1
 126 114  1
 164 114  1
 175 114  1
 176 114  1
 180 114  1
  90 115  1
 122 116  1
 160 116  1
 161 116  1
 228 116  1
 236 116  1
 247 117  1
  83 119  1
  87 119  1
 111 119  1
 277 119  1
 278 119  1
   6 120  1
 208 120  1
 209 120  1
 215 120  1
  40 121  1
  41 121  1
 167 121  1
 271 122  1
  53 123  1
  91 123  1
 160 123  1
 162 123  1
 202 123  1
  97 124  1
 238 124  1
 252 124  1
  47 125  1
 124 125  1
 194 125  1
 208 125  1
  56 126  1
  57 126  1
 166 126  1
 187 126  1
 267 126  1
   7 127  1
  92 127  1
 182 127  1
 193 127  1
 194 127  1
 205 127  1
   2 128  1
   3 128  1
  11 128  1
 209 128  1
 215 129  1
 103 130  1
 119 130  1
 154 130  1
 161 130  1
  40 131  1
  96 131  1
  97 131  1
 107 131  1
 108 131  1
 135 131  1
   7 132  1
  10 132  1
 173 132  1
 174 132  1
 191 132  1
 263 132  1
  30 133  1
 161 133  1
 196 133  1
 197 133  1
 209 133  1
 214 133  1
 273 133  1
   2 134  1
   3 134  1
 219 134  1
 240 134  1
 250 134  1
  30 135  1
  23 136  1
  92 136  1
 102 136  1
 157 137  1
 278 137  1
 279 137  1
   8 138  1
  10 138  1
 101 138  1
 206 139  1
 108 140  1
 144 141  1
 159 141  1
 208 141  1
 217 141  1
 270 141  1
  78 142  1
 258 142  1
 109 143  1
 149 143  1
 243 143  1
 248 143  1
 280 143  1
 281 143  1
  90 144  1
 119 144  1
 259 144  1
  75 145  1
  84 145  1
 151 145  1
 152 145  1
 243 145  1
 266 145  1
  20 146  1
 159 146  1
 166 146  1
 207 146  1
 213 146  1
 258 146  1
 259 146  1
  34 147  1
  70 147  1
 116 147  1
 117 147  1
 242 147  1
 243 147  1
  81 148  1
 175 148  1
 177 148  1
  38 149  1
  42 149  1
  87 149  1
  31 150  1
  45 150  1
  46 150  1
  47 150  1
  57 150  1
  97 150  1
  65 151  1
 116 151  1
 257 151  1
  47 152  1
 160 152  1
 165 152  1
  24 153  1
  52 153  1
  62 153  1
  64 153  1
 109 153  1
  27 154  1
  28 154  1
  33 154  1
  83 154  1
 183 154  1
 184 154  1
 229 154  1
 230 154  1
  74 155  1
 107 155  1
 168 155  1
 172 155  1
  15 156  1
  43 156  1
  65 156  1
  91 156  1
 178 156  1
 125 157  1
 187 157  1
 233 157  1
  27 158  1
  28 158  1
  39 158  1
  54 158  1
  55 158  1
  86 158  1
  87 158  1
 135 158  1
 267 158  1
 144 159  1
  57 160  1
  58 160  1
  71 160  1
 209 160  1
 211 160  1
  33 161  1
  78 162  1
 275 162  1
 276 162  1
 133 163  1
 141 163  1
 194 163  1
  38 164  1
  79 164  1
 108 164  1
 150 164  1
 221 164  1
 222 164  1
 267 164  1
   5 165  1
   6 165  1
  30 165  1
  67 165  1
 254 165  1
 255 165  1
  16 166  1
  70 166  1
  82 166  1
 102 166  1
 158 166  1
  87 167  1
   6 169  1
   7 169  1
  72 170  1
  80 170  1
 252 170  1
 204 171  1
 220 171  1
  93 172  1
 172 172  1
 233 172  1
 242 172  1
 243 172  1
 280 172  1
  84 174  1
  91 174  1
  93 174  1
 227 174  1
 178 175  1
 206 175  1
 237 175  1
 182 178  1
 247 178  1
 266 178  1
  75 179  1
  12 180  1
 190 180  1
 241 180  1
 202 182  1
 207 182  1
 211 182  1
 194 184  1
 240 184  1
 199 185  1
 237 185  1
 171 186  1
 172 186  1
 189 186  1
 175 187  1
 152 188  1
 162 188  1
 182 188  1
 215 188  1
 216 188  1
 154 189  1
 191 189  1
 192 189  1
 238 189  1
 122 191  1
  67 192  1
 134 192  1
 172 192  1
 173 192  1
 240 192  1
 253 192  1
  79 193  1
 182 193  1
  66 194  1
  67 194  1
 124 194  1
 192 194  1
  82 195  1
 173 196  1
 187 196  1
 227 196  1
 228 196  1
 133 197  1
 187 198  1
 239 198  1
  87 199  1
 252 199  1
  65 200  1
 170 200  1
 171 200  1
 186 200  1
 219 200  1
 125 201  1
 179 201  1
  95 203  1
 169 203  1
 170 203  1
 225 203  1
  41 204  1
  42 204  1
  47 204  1
 218 204  1
  77 205  1
 101 205  1
 125 205  1
 162 205  1
 207 205  1
 208 205  1
  67 206  1
  90 206  1
 104 206  1
 179 206  1
 180 206  1
 265 206  1
 266 206  1
 187 207  1
  78 208  1
  79 208  1
 175 208  1
 226 208  1
 215 209  1
  98 210  1
 168 211  1
 173 211  1
 174 211  1
 190 211  1
  69 212  1
  82 212  1
  83 212  1
  90 212  1
  93 212  1
 106 212  1
 181 212  1
 262 212  1
 263 212  1
  40 213  1
  75 213  1
  76 213  1
 102 213  1
 159 213  1
 164 213  1
 124 214  1
 151 215  1
 192 215  1
 208 215  1
  85 216  1
 124 216  1
 125 216  1
  75 217  1
  91 217  1
  92 217  1
 153 217  1
 102 218  1
  44 219  1
 105 219  1
 106 219  1
 127 219  1
 128 219  1
 203 219  1
 214 219  1
 165 220  1
 166 220  1
  69 221  1
 159 221  1
 179 221  1
 245 221  1
  50 222  1
  75 222  1
  93 222  1
 106 222  1
 183 223  1
 184 223  1
 224 224  1
 225 224  1
  83 225  1
  84 225  1
 203 225  1
  79 226  1
 180 226  1
  58 227  1
  87 227  1
  88 227  1
 128 227  1
 226 228  1
  82 229  1
 100 229  1
 173 229  1
 184 229  1
 185 229  1
 248 229  1
 123 230  1
 161 230  1
 162 230  1
 203 230  1
 173 231  1
 190 231  1
 191 231  1
  75 232  1
  77 232  1
 109 232  1
  87 233  1
 115 233  1
 116 233  1
 242 233  1
  77 234  1
 176 234  1
 180 234  1
 170 235  1
 187 235  1
 202 235  1
 165 236  1
 206 236  1
 225 236  1
 113 237  1
 163 237  1
  72 238  1
  73 238  1
  98 239  1
 103 239  1
 104 239  1
  76 240  1
 116 240  1
 233 240  1
  92 241  1
 181 241  1
 211 242  1
  82 243  1
 214 243  1
 227 243  1
 176 244  1
  86 245  1
 182 246  1
 183 246  1
 219 247  1
 220 247  1
 111 248  1
 157 248  1
 114 249  1
 167 249  1
 120 250  1
 210 250  1
 123 251  1
 156 252  1
 203 252  1
 131 254  1
 167 257  1


count = 734