 158   1  1
 167   1  1
 178   1  1
 188   2  1
 201   7  1
 203   7  1
 167  10  1
 113  12  1
 151  12  1
 211  12  1
 151  14  1
 162  14  1
 171  14  1
 215  14  1
 133  15  1
 149  16  1
 154  16  1
 158  16  1
 164  16  1
 136  17  1
 177  17  1
 154  18  1
 182  18  1
 220  19  1
  88  20  1
 162  20  1
 194  20  2
 195  20  1
 196  20  1
 105  21  1
 156  22  1
 157  22  1
 201  22  1
 151  23  1
 178  24  1
 189  24  1
 101  25  1
  87  26  1
 168  26  1
 158  27  1
 232  27  1
  76  28  1
 163  28  1
 196  28  1
  88  29  1
  89  29  1
 130  29  1
 134  29  1
  81  30  1
  82  30  1
 171  30  1
 176  30  1
 189  30  1
 190  30  1
  70  31  1
 135  31  1
 154  31  1
 193  31  1
 237  31  1
  53  33  1
 137  33  1
 140  33  1
 141  33  1
 142  33  1
 157  33  1
 158  33  1
  93  34  1
 130  34  1
  85  35  1
 173  35  1
 177  35  1
 243  35  1
  47  36  1
  48  36  1
 198  36  1
 199  36  1
  86  37  1
 103  37  1
  92  38  1
 110  38  1
 131  39  1
 132  39  1
 118  40  1
 154  40  1
 246  40  1
 134  41  1
 135  41  1
 136  41  1
 138  41  1
 176  41  1
 169  42  1
 170  42  1
 174  42  1
 112  43  1
 127  43  1
 136  44  1
 136  46  1
 172  46  1
 173  46  1
 133  47  1
 252  47  1
  32  48  1
 125  48  1
 127  48  1
 149  48  1
 164  48  1
 199  48  1
 200  48  1
 201  48  1
 116  49  1
 195  49  1
 105  50  1
 119  50  1
  64  51  1
 205  51  1
 207  51  1
 215  51  1
 257  51  1
 213  53  1
  26  54  1
 104  54  1
 105  54  1
 220  55  1
 200  56  1
  50  57  1
 132  57  1
 153  57  1
 203  57  1
  44  58  1
 225  58  1
 227  58  1
  23  59  1
  32  59  1
 104  59  1
 237  59  1
  92  60  1
  94  60  1
 200  60  1
 201  60  1
 225  60  1
  35  61  1
  96  61  1
  40  62  1
  60  62  1
  61  62  1
 155  62  1
 120  63  1
 157  63  1
  94  64  1
 112  64  1
 240  64  1
 207  65  1
 211  65  1
 219  65  1
 112  66  1
 138  66  1
 239  66  1
 117  67  1
 225  67  1
 192  68  1
 198  68  1
 271  68  1
  48  69  1
 144  70  1
  61  71  1
  62  71  1
 137  72  1
 216  72  1
 243  72  1
 245  72  1
 125  73  1
 206  73  1
 248  74  1
 253  74  1
 133  75  1
  48  76  1
 192  76  1
 215  76  1
 216  76  1
 229  76  1
 258  77  1
 276  77  1
  52  78  1
 138  78  1
 139  78  1
 234  78  1
 192  79  1
 193  79  1
 236  79  1
 238  79  1
  77  80  1
 143  80  1
 144  80  1
 253  81  1
  51  82  1
 231  82  1
 232  82  1
  77  83  1
  15  84  1
  45  84  1
 187  84  1
 189  84  1
   7  86  1
  36  86  1
  37  86  1
  42  86  1
 139  86  1
 186  86  1
 187  86  1
  46  88  1
  82  88  1
 229  88  1
 235  88  1
 241  89  1
  44  90  1
 136  90  1
 245  91  1
  43  92  1
  78  93  1
  74  94  1
 177  94  1
 228  94  1
 233  94  1
 259  94  1
  21  95  1
  68  95  1
 184  95  1
 185  95  1
 208  95  1
 130  96  1
 270  96  1
 201  97  1
 192  98  1
 194  98  1
 197  98  1
 236  98  1
  32  99  1
  64  99  1
 212  99  1
 231  99  1
  28 100  1
 127 100  1
 176 100  1
 187 100  1
 189 100  1
 206 100  1
 252 100  1
 253 100  1
  20 101  1
 213 101  1
   2 102  1
   3 102  1
  31 102  1
 221 102  1
  24 103  1
 193 103  1
 237 103  1
 238 103  1
 258 103  1
 259 103  1
 172 104  1
 173 104  1
 204 104  1
 274 104  1
   1 105  1
   2 105  1
  68 105  1
  69 105  1
 118 105  1
 120 105  1
 224 105  1
  75 106  1
 215 106  1
 242 106  1
 169 107  1
 184 107  1
 185 107  1
 236 108  1
  71 110  1
  74 110  1
 206 111  1
 172 112  1
 189 112  1
 190 112  1
 213 112  1
 247 112  1
  14 113  1
  15 113  1
 253 113  1
 254 113  1
 244 114  1
  17 115  1
  18 115  1
 217 115  1
  88 118  1
 189 119  1
 219 119  1
 262 119  1
 280 119  1
  81 120  1
  98 120  1
 264 120  1
 269 120  1
  91 121  1
 106 121  1
 209 121  1
 239 121  1
 177 122  1
 228 122  1
 209 123  1
 217 123  1
 218 123  1
 266 123  1
 182 124  1
   2 125  1
  37 125  1
 160 125  1
 176 125  1
 210 125  1
 217 125  1
  42 126  1
  88 126  1
  89 126  1
 104 126  1
 171 126  1
 256 126  1
  92 127  1
 248 127  1
 259 127  1
 116 128  1
 126 128  1
 228 128  1
 231 128  1
   5 129  1
   6 129  1
  54 129  1
 110 129  1
  45 130  1
  61 130  1
 100 130  1
 175 130  1
 176 130  1
 177 130  1
 187 130  1
 233 130  1
 271 130  1
 247 131  1
  20 132  1
  37 132  1
  43 132  1
 116 132  1
 117 132  1
  51 133  1
 120 133  1
 156 133  1
  34 134  1
  35 134  1
  66 134  1
 181 134  1
 209 134  1
 246 134  1
 248 134  1
  20 135  1
  25 135  1
  31 135  1
 186 135  1
 223 135  1
 268 135  1
  95 136  1
  46 137  1
 220 137  1
 232 137  1
  27 138  1
 209 138  1
  10 139  1
 117 139  1
 198 139  1
 203 139  1
 242 139  1
 272 139  1
   2 140  1
  23 140  1
  24 140  1
 180 140  1
  14 141  1
 133 141  1
  76 142  1
  77 142  1
  87 142  1
  96 142  1
 102 142  1
 126 142  1
 210 142  1
  10 143  1
  21 143  1
 107 143  1
 132 143  1
 145 143  1
 176 143  1
 226 143  1
  35 144  1
  92 144  1
 103 144  1
 189 144  1
 271 144  1
  29 145  1
  79 145  1
 147 145  1
 223 145  1
  88 146  1
 152 146  1
 185 146  1
 186 146  1
 241 146  1
 273 146  1
  16 147  1
  29 147  1
 179 147  1
 199 147  1
 204 147  1
  69 148  1
  75 148  1
 101 148  1
 102 148  1
 206 148  1
 233 148  1
  16 149  1
 176 149  1
 107 150  1
 206 150  1
 233 150  1
 245 150  1
 246 150  1
  71 151  1
 259 151  1
  29 152  1
 223 152  1
 236 152  1
 237 152  1
  75 153  1
  98 153  1
 152 154  1
 172 154  1
 173 154  1
 218 154  1
  38 155  1
  98 155  1
 157 155  1
 246 155  1
 247 155  1
 256 155  1
  73 156  1
 106 156  1
 166 156  1
 176 156  1
 177 156  1
 218 156  1
 234 156  1
  35 157  1
  84 157  1
  98 157  1
 105 158  1
 215 158  1
  30 159  1
  89 159  1
 185 159  1
 281 159  1
 282 159  1
   3 160  1
   4 160  1
  69 160  1
  76 160  1
 150 160  1
 209 161  1
 154 162  1
  29 163  1
  74 163  1
 148 163  1
 236 163  1
  35 164  1
 179 164  1
  68 165  1
 122 165  1
 253 165  1
 129 166  1
 131 166  1
 133 166  1
 208 166  1
 233 166  1
 246 166  1
  76 167  1
 142 167  1
  79 169  1
  82 169  1
 149 169  1
 155 169  1
   6 170  1
   7 170  1
 134 170  1
 146 171  1
 148 171  1
 255 171  1
 212 172  1
 218 172  1
 226 172  1
   7 173  1
   8 173  1
 137 173  1
 153 173  1
 155 173  1
 265 173  1
  77 174  1
  79 174  1
 142 174  1
 143 174  1
 164 174  1
 227 174  1
 260 174  1
 278 174  1
 279 174  1
  30 175  1
  35 176  1
 171 176  1
 213 176  1
 214 176  1
 248 176  1
 249 176  1
  91 177  1
 136 177  1
 145 177  1
 146 177  1
 161 177  1
 277 177  1
 278 177  1
 181 178  1
 213 178  1
 201 180  1
 212 180  1
 213 180  1
  72 181  1
  73 181  1
  31 182  1
 140 182  1
 141 182  1
 275 182  1
  19 183  1
  70 183  1
 144 183  1
 182 183  1
 183 183  1
 210 183  1
 248 183  1
  12 184  1
  13 184  1
  88 184  1
 197 184  1
 246 185  1
 248 185  1
  92 186  1
 153 186  1
 160 188  1
 181 188  1
 182 188  1
 210 188  1
 262 189  1
  14 190  1
 179 190  1
 218 190  1
 145 191  1
 139 192  1
 258 192  1
 170 193  1
  16 194  1
 206 194  1
  80 195  1
 162 195  1
 175 195  1
 108 196  1
 138 196  1
 219 196  1
 235 196  1
 237 196  1
  18 197  1
  70 197  1
  74 197  1
  75 197  1
 114 197  1
 179 197  1
 159 198  1
 160 198  1
  69 199  1
  70 199  1
 143 199  1
 212 199  1
  65 200  1
  76 200  1
  77 200  1
 147 200  1
 149 200  1
 208 200  1
 262 200  1
 119 201  1
 230 201  1
 236 201  1
  77 202  1
 104 202  1
 136 202  1
  90 203  1
 228 203  1
  77 204  1
  78 204  1
  96 204  1
  97 204  1
 205 204  1
  93 205  1
 114 205  1
 159 205  1
 118 206  1
 216 206  1
  93 207  1
 255 208  1
 103 209  1
 159 209  1
 184 209  1
 209 209  1
 253 209  1
  31 212  1
  95 212  1
 179 212  1
 180 212  1
 191 212  1
 197 212  1
 216 212  1
  91 213  1
 119 213  1
 187 213  1
 222 213  1
 101 214  1
 113 214  1
 115 214  1
 160 214  1
 200 214  1
  97 215  1
  98 215  1
 107 215  1
 224 215  1
 228 215  1
 200 216  1
 247 216  1
 132 218  1
 213 219  1
 107 220  1
 108 220  1
 124 221  1
 220 221  1
 130 222  1
 205 222  1
  41 223  1
  42 223  1
  89 223  1
  90 223  1
 125 225  1
 126 225  1
  47 226  1
 115 227  1
 214 227  1
  50 228  1
  51 228  1
  88 228  1
  89 228  1
  94 228  1
  95 228  1
 236 228  1
 115 229  1
 216 229  1
  58 230  1
 235 230  1
  62 231  1
  86 231  1
  87 231  1
 233 231  1
  93 232  1
  94 232  1
  76 233  1
  78 234  1
  93 236  1
 115 238  1
 123 239  1
 107 240  1
 221 240  1
 113 241  1
 142 245  1
 111 246  1
 138 246  1
 139 246  1
 144 247  1
 210 247  1
 138 248  1
 196 252  1
 141 253  1


count = 700