 164   1  1
 179   1  1
 186   1  1
 191   2  1
 127   3  1
 124   4  1
 200   6  1
 202   6  1
 142   7  1
 177   7  1
 128   8  1
 170   8  1
 172   8  1
 106   9  1
 211  10  1
 101  11  1
 127  11  1
 128  11  1
 144  12  1
 177  12  1
 113  13  1
 219  13  1
 107  15  1
 226  17  1
 115  18  1
 147  18  1
 148  18  1
 102  19  1
 103  19  1
  77  20  1
 131  20  1
 177  20  1
 211  20  1
 215  20  1
 117  21  1
 180  23  1
 233  23  1
  73  24  1
  69  25  1
  70  25  1
 214  25  1
  85  26  1
 101  26  1
 102  26  1
 151  26  1
 153  26  1
  97  27  1
 174  27  1
  85  28  1
 214  28  1
 231  29  1
 240  29  1
  64  30  1
  90  30  1
  91  30  1
  92  30  1
 183  30  1
  69  31  1
  70  31  1
 133  31  1
 108  32  1
 109  32  1
 197  32  1
 207  32  1
 236  32  1
  80  33  1
  81  33  1
  95  33  1
 202  33  1
 211  33  1
 231  33  1
  59  34  1
 176  34  1
  70  35  1
  71  35  1
 174  35  1
  55  36  1
  88  36  1
 114  36  1
 119  36  1
 224  36  1
  65  37  1
 174  37  1
  52  38  1
  67  38  1
  85  38  1
  99  38  1
 180  38  1
 173  39  1
  92  40  1
 122  40  1
 123  40  1
 212  40  1
 223  40  1
 224  40  1
 175  41  1
 228  41  1
  62  42  1
  68  42  1
 122  42  1
 217  42  1
  74  43  1
  75  43  1
 175  43  1
  54  44  1
 113  44  1
 204  44  1
 209  44  1
 226  44  1
  84  45  1
 221  45  1
 222  45  1
  68  46  1
  92  46  1
  93  46  1
 105  46  1
 115  47  1
 124  47  1
  50  49  1
  93  49  1
 107  49  1
 108  49  1
 230  49  1
 231  49  1
 232  49  1
 216  50  1
 217  50  1
 223  50  1
 234  50  1
  61  51  1
  62  51  1
 138  51  1
 142  51  1
 143  51  1
 176  51  1
 177  51  1
  89  52  1
  90  52  1
  46  53  1
  47  53  1
  66  53  1
  67  53  1
  51  54  1
  52  54  1
  57  54  1
  99  54  1
  60  55  1
  61  55  1
  62  55  1
 233  55  1
 178  56  1
 179  56  1
 218  56  1
 219  56  1
 224  56  1
  46  57  1
 102  57  1
 233  57  1
  64  58  1
 187  58  1
  84  59  1
 143  59  2
 144  59  1
  70  60  1
 151  60  1
 182  60  1
 184  60  1
  53  61  1
 108  61  1
 177  61  1
  31  63  1
  32  63  1
  55  63  1
  74  63  1
  76  63  1
  93  63  1
  94  63  1
  98  63  1
 100  63  1
  23  64  1
 105  64  1
 172  64  1
  68  65  1
  79  65  1
  84  65  1
  88  66  1
  90  66  1
 158  66  1
  40  67  1
  73  67  1
  29  69  1
  53  69  1
 171  69  1
  63  70  2
  64  70  1
  65  70  1
  97  70  1
  53  71  1
  92  71  1
 168  71  1
  57  72  1
 164  72  1
  40  73  1
  93  73  1
  98  73  1
  58  74  1
  15  75  1
  98  75  1
 273  75  1
 274  75  1
  36  76  1
  37  76  1
  48  76  1
 231  76  1
  34  77  1
 155  77  1
 156  77  1
 216  77  1
 217  77  1
 274  78  1
 213  79  1
  18  80  1
  19  80  1
 235  80  1
  62  81  1
 111  81  1
 112  81  1
 175  81  1
 220  81  1
 222  81  1
 245  81  1
 247  81  1
  21  82  1
  37  82  1
  39  82  1
  47  82  1
  48  82  1
 171  82  1
 210  82  1
 276  82  1
 277  82  1
  55  83  1
  56  83  1
  42  84  1
 226  84  1
 244  84  1
  35  85  1
 201  85  1
 232  85  1
 160  86  1
 256  86  1
 258  86  1
 277  86  1
 278  86  1
 172  87  1
 175  87  1
 249  87  1
  13  88  1
  29  88  1
  58  88  1
 259  88  1
  18  89  1
 224  89  1
 278  89  1
 279  89  1
 151  90  1
 167  90  1
 168  90  1
 219  90  1
 260  91  1
 144  92  1
 201  92  1
 279  92  1
 280  92  1
 137  93  1
 138  93  1
 272  93  1
 169  94  1
 256  94  1
 257  94  1
 258  94  1
  15  95  1
  23  95  1
 135  95  1
 251  95  1
   5  96  1
   6  96  1
 129  96  1
 243  96  1
  23  97  1
  12  98  1
 127  98  1
 156  98  1
 248  98  1
   4  99  1
   5  99  1
 228  99  1
 233  99  1
 259  99  1
 273 101  1
 274 101  1
  81 102  1
 166 102  1
  76 103  1
  21 104  1
  58 104  1
  97 104  1
 128 104  1
 165 104  1
   9 105  1
  10 105  1
  24 105  1
 195 105  1
  68 106  1
 138 106  1
 153 106  1
   2 107  1
   3 107  1
  44 107  1
  91 107  1
 236 107  1
  18 108  1
  21 108  1
  85 108  1
  99 108  1
  54 109  1
 128 109  1
 131 109  1
 186 109  1
 191 110  1
 126 111  1
 239 111  1
  40 112  1
  89 112  1
 133 112  1
  11 113  1
 141 113  1
 192 113  1
 196 113  1
 230 113  1
  46 115  1
  40 116  1
 205 117  1
 273 118  1
  10 119  1
  11 119  1
  18 119  1
  31 119  1
  45 119  1
 205 119  1
 234 119  1
 202 121  1
 203 121  1
  51 122  1
  63 122  1
  14 123  1
  68 123  1
 147 123  1
 152 123  1
 191 123  1
 259 123  1
  34 124  1
  77 124  1
  55 125  1
 127 125  2
 136 125  1
 228 125  1
 232 125  1
 239 125  1
   5 126  1
  62 126  1
 221 126  1
  41 127  1
  46 127  1
  47 127  1
 183 127  1
 184 127  1
 195 127  1
 200 127  1
 258 127  1
 259 127  1
  71 128  1
  79 128  1
 122 128  1
 154 128  1
 264 128  1
  28 129  1
  33 129  1
  41 129  1
  51 130  1
  52 130  1
 191 130  1
   9 131  1
  72 131  1
 131 131  1
 184 131  1
 185 131  1
 273 131  1
  56 132  1
  57 132  1
  87 132  1
 121 132  1
 139 132  1
 257 132  1
  35 133  1
 265 133  1
  70 134  1
  71 134  1
  78 134  1
  41 135  1
  48 135  1
  50 135  1
  73 135  1
 198 135  1
 199 135  1
 209 135  1
 228 135  1
 265 135  1
 266 135  1
  93 136  1
  96 136  1
 217 136  1
 280 136  1
 196 137  1
 214 137  1
 215 137  1
  10 139  1
  17 139  1
  23 139  1
  71 139  1
 189 139  1
  47 140  1
  83 140  1
 191 140  1
 200 140  1
 227 140  1
  27 141  1
  59 141  1
  69 141  1
  70 141  1
  87 141  1
 130 141  1
 264 141  1
 275 141  1
  34 142  1
 112 142  1
 125 142  1
 195 142  1
 196 142  1
 258 142  1
  29 143  1
 118 143  1
   9 144  1
 124 144  1
 272 144  1
  23 145  1
  75 145  1
  76 145  1
  83 145  1
  27 146  1
  61 146  1
 132 146  1
 134 146  1
 146 146  1
 214 146  1
  86 147  1
  87 147  1
 197 147  1
  14 148  1
  15 148  1
 211 148  1
 263 148  1
  63 149  1
  58 150  1
  64 151  1
  88 151  1
 141 151  1
 147 151  1
  24 152  1
  35 152  1
 217 152  1
 218 152  1
 272 152  1
 280 152  1
 281 152  1
  38 153  1
 134 153  1
   7 154  1
 155 154  1
 132 155  1
 210 155  1
 155 156  1
 157 156  1
  25 157  1
  32 157  1
 164 157  1
 273 157  1
   2 158  1
   3 158  1
 152 158  1
 210 158  1
 211 158  1
 231 158  1
 241 158  1
 268 158  1
 146 159  1
 171 160  1
  10 161  1
  11 161  1
  40 161  1
 134 161  1
 235 161  1
  46 162  1
 225 162  1
 276 162  1
 277 162  1
 179 163  1
 238 163  1
 240 163  1
 143 164  1
 242 164  1
 146 165  1
 147 165  1
   4 166  1
   5 166  1
  34 166  1
 171 166  2
 169 167  1
 274 167  1
 275 167  1
  10 168  1
  11 168  1
 179 168  1
 236 168  1
 237 168  1
 152 169  1
 153 169  1
 204 169  1
  48 170  1
 181 170  1
 232 170  1
 200 171  1
  18 173  1
 160 173  1
 161 173  1
 199 173  1
  49 174  1
  50 174  1
 187 174  1
 182 176  1
 155 177  1
 213 177  1
  44 179  1
 149 180  1
  41 181  1
 146 181  1
 217 182  1
  48 183  1
  49 183  1
  55 185  1
  61 185  1
 160 185  1
  12 186  1
  40 186  1
  44 186  1
  64 186  1
  65 186  1
  50 188  1
 152 188  1
 154 188  1
 144 189  1
 240 189  1
  21 190  1
  22 190  1
  79 190  1
 134 190  1
  15 191  1
  24 191  1
  82 191  1
  93 191  1
  94 191  1
 241 191  1
  89 192  1
  24 193  1
  42 194  1
  48 194  1
 131 194  1
 163 194  1
 214 194  1
 243 194  1
 262 194  1
  82 195  1
  83 195  1
 165 195  1
 170 195  1
 220 195  1
 232 195  1
  60 196  1
 201 196  1
 202 196  1
 226 196  1
 261 196  1
  28 197  1
 234 197  1
  51 198  1
 133 198  1
 160 198  1
 198 198  1
  57 199  1
  58 199  1
  43 200  1
 168 200  1
  81 201  1
 243 201  1
 249 201  1
 136 202  1
 171 202  1
 172 202  1
 176 202  1
 223 202  1
  37 203  1
 194 203  1
 203 203  1
 204 203  1
 257 203  1
  79 204  1
  88 204  1
  93 204  1
 158 204  1
 239 204  1
  84 205  1
 156 205  1
 203 205  1
 203 207  1
 255 207  1
  76 208  1
 193 208  1
 194 208  1
  93 209  1
 173 209  1
 201 209  1
  84 210  1
 200 211  1
 201 211  1
 150 212  1
 151 212  1
 180 213  1
 204 213  1
 205 213  1
 218 213  1
 219 213  1
 224 214  1
 108 215  1
 170 215  1
 154 216  1
 200 216  1
 201 216  1
  40 217  1
  72 217  1
 124 218  1
  56 219  1
  77 219  1
  82 219  1
 108 219  1
  59 220  1
 145 221  1
 158 221  1
 160 221  1
 116 222  1
 122 222  1
 130 222  1
 187 222  1
 190 222  1
  77 223  1
 147 223  1
 154 223  1
 155 223  1
 192 223  1
 196 223  1
  60 224  1
 105 224  2
 106 224  1
 124 225  1
 125 225  1
 115 226  1
 152 226  1
 234 227  1
 110 228  1
 111 228  1
 185 228  1
  71 229  1
  73 229  1
 198 229  1
 199 229  1
  66 230  1
 185 230  1
 229 230  1
 124 231  1
  58 232  1
 163 232  1
  94 233  1
 148 233  1
 202 233  1
  79 234  1
 104 234  1
 119 234  1
 121 234  1
 163 234  1
 195 234  1
 196 234  1
 126 235  1
 140 235  1
 165 235  1
 199 235  1
 202 235  1
 145 236  1
 205 236  1
  95 237  1
  96 237  1
 103 238  1
 104 238  1
 208 239  1
  83 240  1
 160 240  1
 161 240  1
 112 241  1
 113 241  1
  98 242  1
  78 243  1
  85 245  1
 104 245  1
 161 245  1
 165 245  1
 115 246  1
 129 247  1
 130 247  1
 140 247  1
 206 247  1
 207 247  1
 137 248  1
 100 250  1
 132 250  1
 141 250  1
 147 250  1
 108 251  1
 145 251  1
 197 251  1
 199 251  1
 117 254  1
 188 254  1


count = 750