 124   1  1
 139   1  1
 159   1  1
 178   4  1
 183   5  1
 104   9  1
  99  11  1
 201  12  1
  94  13  1
 142  13  1
 143  13  1
  91  14  1
 207  15  1
 103  17  1
 209  17  1
  76  19  1
 100  19  1
 102  19  1
 118  19  1
 212  19  1
  73  20  1
 122  20  1
 202  20  1
  70  21  1
 102  21  1
 173  21  1
 175  21  1
  68  22  1
  94  22  1
 217  22  1
  64  24  1
  85  24  1
 121  24  1
  79  25  1
 201  25  1
 202  25  1
 223  25  1
  60  26  1
  61  26  1
 170  26  1
 171  26  1
 175  26  1
 176  26  1
  96  27  1
 157  27  1
  68  28  1
  69  28  1
  54  29  1
  55  29  1
 105  29  1
 110  29  1
 144  29  1
 151  29  1
 152  29  1
 212  30  1
 214  30  1
  65  31  1
 169  31  1
  60  32  1
 177  32  1
 178  32  1
 215  33  1
 173  35  1
 120  36  1
 178  36  1
 217  36  1
 222  36  1
  63  37  1
 115  37  1
  44  38  1
 107  38  1
 155  38  1
 157  40  1
 222  40  1
 121  41  1
  40  42  1
 127  42  1
 203  42  1
 216  42  1
 217  42  1
  95  43  1
 116  43  1
 227  43  1
  44  44  1
 105  44  1
 173  44  1
 174  44  1
 102  45  1
 114  45  1
 220  45  1
 244  45  1
  48  46  1
  98  46  1
 218  46  1
  81  47  1
  90  47  1
  36  48  1
  64  49  1
 171  49  2
  45  50  1
 160  50  1
 161  50  1
  86  51  1
  87  51  1
  66  52  1
  41  53  1
 104  53  1
  31  54  1
 252  54  1
  51  55  1
 161  55  1
 157  58  2
 255  58  1
 164  59  1
  42  60  1
  71  63  1
  93  64  1
  38  65  1
  65  66  1
  95  66  1
 234  66  1
 224  67  1
 225  67  1
  20  68  1
 235  68  1
 264  68  1
  63  69  1
  64  69  1
 256  70  1
 231  71  1
  41  72  1
 190  72  1
 226  72  1
  17  73  1
  70  73  2
  71  73  1
  72  73  1
 186  73  1
  45  74  1
 257  74  1
 258  74  1
 269  74  1
  90  75  1
 244  75  1
  15  76  1
  62  76  1
 189  76  1
 190  76  1
 237  76  1
 238  76  1
 253  76  1
  49  78  1
  13  79  1
  73  79  1
  89  79  1
 170  79  1
 182  79  1
 186  79  1
  64  80  1
  82  80  1
 228  80  1
 237  80  1
 256  80  1
  34  81  1
  38  81  1
 174  81  1
 207  81  1
 243  81  1
 239  82  1
  18  83  1
  26  83  1
  33  83  1
  34  83  1
  51  83  1
 168  83  1
 175  83  1
 177  83  1
 179  84  1
 241  84  1
 242  84  1
  40  85  1
  52  85  1
  71  85  1
 212  85  2
 222  85  1
 223  85  1
 248  85  1
  15  87  1
  70  87  1
 206  87  1
 220  87  1
 275  87  1
 276  87  1
  21  88  1
  64  88  1
  65  88  1
 167  88  1
  38  89  1
 169  89  1
 171  89  1
 181  89  1
 182  89  1
 183  89  1
 206  89  1
 208  89  1
  23  90  1
  29  90  1
  54  90  1
  59  90  1
  60  90  1
 230  90  1
 242  90  1
 247  90  1
  13  91  1
  14  91  1
  98  91  1
 158  91  1
 163  91  1
 164  91  1
 169  91  1
 173  91  1
  38  92  1
  64  92  1
 237  92  1
 238  92  1
  16  93  1
  17  93  1
  41  93  1
 140  93  1
 164  93  1
 184  93  1
  48  94  1
  59  94  1
 175  94  1
 188  94  1
 189  94  1
 151  95  1
 152  95  1
 172  95  1
 197  95  1
 213  95  1
 268  95  1
 272  95  1
  12  96  1
  48  96  1
 132  96  1
 138  96  1
 174  96  1
 191  96  1
 207  96  1
 230  96  1
 232  96  1
  16  97  1
  25  97  1
  98  97  1
  99  97  1
 148  97  1
 194  97  1
 196  97  1
  48  98  1
  49  98  1
 134  98  1
 163  98  1
  32  99  1
  33  99  1
 213  99  1
 214  99  1
 272  99  1
 273  99  1
  57 100  1
 157 100  1
 162 100  1
 163 100  1
  23 101  1
  53 101  1
 155 101  1
 159 101  1
 263 101  1
  98 102  1
 233 102  1
 281 102  1
 282 102  1
  19 103  1
  31 103  1
  49 103  1
 146 103  1
 147 103  1
 269 103  1
  53 104  1
  95 104  1
 196 104  1
 119 105  1
 127 105  1
  53 106  1
 124 106  1
 137 107  1
 211 107  1
   2 108  1
   3 108  1
  13 108  1
 147 108  1
 148 108  1
 149 108  1
 199 108  1
 242 108  1
 275 108  1
 276 108  1
 113 109  1
 116 109  1
 117 109  1
 118 109  1
 132 109  1
 164 109  1
 232 109  1
   8 110  1
  45 110  1
 191 110  1
  38 111  1
  55 111  1
  98 111  1
 122 112  1
 128 112  1
 138 112  1
 152 112  1
 160 112  1
 197 112  1
 198 112  1
 238 112  1
  98 113  1
  40 114  1
 106 114  1
 187 114  1
 222 114  1
 236 114  1
 133 115  1
 217 115  1
   1 116  1
 104 116  1
 105 116  1
 106 116  1
  39 117  1
  55 117  1
 192 117  1
 201 117  1
 202 117  1
 216 117  1
 120 118  1
 185 119  1
 259 119  1
 280 120  1
 184 122  1
 257 123  1
 263 123  1
 278 123  1
   1 124  1
  47 126  1
 187 126  1
 215 126  1
 252 126  1
   1 127  1
   2 127  1
 176 127  1
 195 127  1
 197 127  1
 202 127  1
 203 127  1
 220 127  1
 257 127  1
 258 127  1
  13 128  1
  40 128  1
  44 128  1
  51 128  1
 272 128  1
 273 128  1
  21 129  1
 205 129  1
 236 129  1
   9 131  1
  10 131  1
 255 131  1
 256 131  1
  42 132  1
  69 132  1
 224 132  1
  10 133  1
  64 133  1
  32 134  1
 205 134  1
 247 134  1
   9 135  1
  10 135  1
  30 135  1
  52 135  1
 174 135  1
 186 135  1
 201 135  1
 255 135  1
 269 135  1
  62 136  1
 179 136  1
 217 136  1
 241 136  1
 273 136  1
  30 137  1
 147 138  1
  37 139  1
 109 139  1
 187 139  1
 278 139  1
  24 140  1
  61 140  1
 182 140  1
 213 140  1
 214 140  1
 215 140  1
 115 141  1
 199 141  1
 200 141  1
 242 141  1
 257 141  1
 118 142  1
 223 142  1
 155 144  1
 222 144  1
 273 144  1
  19 145  1
  20 145  1
  51 145  1
  60 145  1
 261 145  1
  64 146  1
  65 146  1
 222 146  1
 282 146  1
 283 146  1
 156 147  1
 226 147  1
  47 149  1
 150 149  1
  66 150  1
 124 150  1
 125 150  1
 145 150  1
  32 151  1
  42 151  1
  57 151  1
  58 151  1
  78 151  1
  82 151  1
  17 152  1
  27 152  1
 113 152  1
 216 153  2
 217 153  1
 218 153  1
  14 154  1
  38 154  1
 165 154  1
 173 154  1
 174 154  1
  21 155  1
  60 155  1
 104 155  1
 138 155  1
   2 156  1
   3 156  1
 133 156  1
 134 156  1
 247 156  1
 104 157  1
 146 157  1
  21 158  1
  22 158  1
 123 158  1
 166 158  1
 170 158  1
 222 158  1
 104 159  1
 200 159  1
 201 159  1
 226 159  1
 227 159  1
 157 160  1
 161 160  1
 244 160  1
 282 160  1
 283 160  1
 132 161  1
  27 162  1
  29 162  1
 102 162  1
 106 162  1
 219 162  1
 146 163  1
  34 164  1
  35 164  1
 162 164  1
 216 164  1
 249 164  1
  30 165  1
 120 165  1
 241 165  1
 281 165  1
 282 165  1
 132 166  1
 162 166  1
 167 166  1
 128 167  1
 200 167  1
 255 167  1
  32 168  1
  37 168  1
 156 168  1
 161 168  1
 162 168  1
 163 168  1
  18 169  1
 145 169  1
 178 170  1
  16 171  1
 166 171  1
 183 172  1
 185 172  1
 187 172  1
 263 172  1
  15 173  1
 152 174  1
 188 174  1
 148 175  1
 160 175  1
 182 175  1
 265 175  1
 277 175  1
 278 175  1
 195 177  1
  12 179  1
 162 180  1
 194 180  1
 195 180  1
 246 180  1
 257 180  1
 267 180  1
 147 182  1
  42 185  1
  75 185  1
  84 185  1
  87 185  1
  16 186  1
 146 186  1
 147 186  1
 156 186  1
 157 186  1
  37 187  1
  52 187  1
  72 187  1
 172 187  1
  58 188  1
 151 189  1
  34 190  1
  36 190  1
  64 190  1
 141 190  1
 142 190  1
 143 190  1
 181 190  1
  20 191  1
  31 192  1
  49 192  1
  59 192  1
  60 192  1
 174 192  1
 195 192  1
 196 192  1
  21 193  1
  75 193  1
  76 193  1
 144 193  1
 145 193  1
 177 193  1
 179 193  1
  38 194  1
  39 194  1
 269 194  1
  45 195  1
  65 195  1
 157 195  1
 169 195  1
  59 196  1
  60 196  1
 150 196  1
 195 197  1
  55 198  1
 144 198  1
 145 198  1
 181 198  1
 248 198  1
  86 199  1
 176 199  1
 184 199  1
 251 199  1
 265 199  1
  75 200  1
  66 201  1
  82 201  1
 153 202  1
 170 202  1
 171 202  1
 157 203  1
 262 203  1
  60 204  1
  61 204  1
  72 204  1
 137 204  1
 138 204  1
 183 204  1
  94 205  1
  98 205  1
 190 205  1
 126 206  1
 148 206  1
 150 206  1
  92 207  1
 146 207  1
 172 207  1
 196 207  1
  35 208  1
  76 208  1
  61 209  1
 181 209  1
  97 210  1
 145 210  1
 191 210  1
 102 211  1
 140 211  1
 141 211  1
 171 211  1
  79 212  1
 107 212  1
 129 213  1
 148 213  1
  40 214  1
  70 214  1
 124 214  1
 125 214  1
 162 214  1
 163 214  1
 166 214  1
 195 214  1
 210 214  1
 211 214  1
 253 214  1
  58 215  1
 100 215  1
 115 215  1
  73 216  1
 131 216  1
 141 216  1
 162 216  1
 188 216  1
  90 217  1
  91 217  1
 215 217  1
  68 218  1
 162 218  1
 163 218  1
 199 218  1
  52 219  1
 128 219  1
  55 220  1
  57 220  1
  62 220  1
  94 220  1
  95 220  1
 122 220  1
 144 220  1
 246 220  1
  71 221  1
  72 221  1
 128 221  1
 138 221  1
 159 221  1
 202 221  1
 174 222  1
 175 222  1
 209 222  1
 215 222  1
  58 223  1
  86 223  1
 102 223  1
 115 223  1
 128 223  1
 142 223  1
  77 224  1
  92 224  1
 174 224  1
 142 225  1
 207 225  1
 107 226  1
 108 226  1
 174 226  1
 237 226  1
  53 227  1
  71 227  1
  72 227  1
  79 227  1
  83 227  1
 121 227  1
 133 227  1
 151 227  1
 204 227  1
  87 228  1
 105 228  1
 146 228  1
 159 228  1
 163 228  1
 171 228  1
  55 229  1
  65 229  1
 127 229  1
  97 230  1
 126 231  1
 184 231  1
  90 232  1
 103 232  1
 104 232  1
 158 232  1
  78 233  1
  83 233  1
  95 233  1
 125 233  1
 126 233  1
 218 233  1
  71 234  1
 149 234  1
 155 234  1
 100 235  1
 122 235  1
  64 236  1
 129 236  1
  86 237  1
  92 237  1
 213 237  1
  99 238  1
 119 238  1
  96 239  1
 128 239  1
 168 239  1
 169 239  1
 124 241  1
 125 241  1
 217 242  1
 166 243  1
 213 244  1
 164 246  1
 122 248  1
 123 248  1
 147 248  2
 104 249  1
 160 249  1
 109 251  1
 123 251  1
 199 251  1
 162 252  1
 123 257  1


count = 765