 156   1  1
 164   1  1
 176   2  1
 179   3  1
 181   4  1
 132   6  1
 170   7  1
 127   8  1
 189   8  1
 191   8  1
 124   9  1
 169   9  1
 122  10  1
 165  10  1
 205  14  1
 121  16  1
 104  17  1
 105  17  1
 210  18  1
  99  20  1
 108  21  1
 122  21  1
 127  25  1
 219  25  1
  75  27  1
 129  27  1
 224  27  1
  96  28  1
 112  30  1
 115  30  1
 215  30  1
  88  31  1
 219  31  1
  77  32  1
  53  33  1
  48  35  1
 119  36  1
 216  36  1
  58  37  1
  71  37  1
  41  39  1
  44  39  1
 125  39  1
 114  40  1
 117  40  1
  35  42  1
  56  42  1
  57  42  1
 130  42  1
 132  42  1
  70  43  1
 109  44  1
 207  44  1
  32  46  1
  57  46  1
  89  46  1
  30  49  1
  31  49  1
  94  49  1
  96  49  1
  98  49  1
 107  49  1
 108  49  1
 142  49  1
  87  50  1
 148  51  1
 118  52  1
  32  53  1
  84  53  1
 140  53  1
 141  53  1
 120  55  1
 124  55  1
  32  56  1
  91  56  1
  92  56  1
 134  56  1
  87  57  1
 257  57  1
  30  58  1
  19  59  1
  93  60  1
  94  60  1
  67  61  1
 187  63  1
 264  63  1
 102  64  1
 103  64  1
 104  64  1
  15  65  1
  69  65  1
 204  66  1
 173  67  1
  22  69  1
 182  69  1
 269  69  1
  12  70  1
  18  70  1
  24  71  1
 271  72  1
 182  73  1
 146  74  1
  23  75  1
  14  76  1
  17  76  1
 146  76  1
 172  76  1
 218  77  1
  71  78  1
 184  78  1
 273  78  1
 274  78  1
  69  79  1
  75  80  1
 178  80  1
 182  80  1
 138  81  1
 165  81  1
  11  83  1
  12  83  1
 136  83  1
 188  83  1
 213  83  1
 275  83  1
 276  83  1
   5  84  1
   6  84  1
 184  85  1
  13  86  1
 216  86  1
 197  87  1
 198  87  1
 221  87  1
 235  89  1
 121  90  1
 125  90  1
 182  90  1
  13  91  1
 192  91  1
 224  91  1
 215  92  1
 189  93  1
 279  93  1
 280  93  1
   7  94  1
   8  94  1
  68  94  1
 213  94  1
 215  94  1
 237  94  1
 181  95  1
 182  95  1
 206  95  1
   8  96  1
 231  96  1
 235  96  1
 280  96  1
 281  96  1
   1  97  1
   2  97  1
 186  97  1
 210  97  1
  68  98  1
 201  98  1
  65  99  1
 210  99  1
   7 100  1
   1 103  1
  65 103  1
 202 104  1
 204 106  1
   1 107  1
   6 109  1
   8 109  1
  70 109  1
  78 109  1
 168 109  1
 172 109  1
  83 110  1
  86 111  1
  96 111  1
   9 112  1
 281 112  1
 282 112  1
 160 114  1
 109 116  1
 115 116  1
 171 116  1
 203 116  1
 153 117  1
 154 117  1
 166 117  1
 182 117  1
 115 118  1
 163 118  1
 178 118  1
 151 119  1
 237 119  1
 162 120  1
 191 120  1
 203 120  1
 275 120  1
 172 121  1
 243 121  1
   4 122  1
 143 122  1
  10 123  1
  32 123  1
 140 123  1
 187 123  1
 243 123  1
 249 123  1
  82 124  1
 203 124  1
 228 124  1
 267 124  1
 268 124  1
 269 124  1
  39 125  1
  57 125  1
 108 125  1
 127 125  1
 197 125  1
 198 125  1
  54 126  1
  66 126  1
 173 126  1
  51 127  1
 124 127  1
 125 127  1
 126 127  1
 207 127  1
 239 127  1
  11 128  1
  14 128  1
  31 128  1
  65 128  1
 188 128  1
 250 128  1
 184 129  1
 199 129  1
 241 129  1
 277 129  1
  65 130  1
 174 130  1
 190 130  1
 206 130  1
  57 131  1
 122 131  1
 123 131  1
  82 132  1
 134 132  1
 177 132  1
 219 132  1
 220 132  1
  10 133  1
 171 133  1
 184 133  1
 185 133  1
 210 133  1
 216 133  1
 217 133  1
 281 133  1
  47 134  1
 138 134  1
 180 134  1
  45 135  1
 153 135  1
 191 135  1
 197 135  1
  52 136  1
 113 136  1
 121 136  1
 206 136  1
 120 138  1
 121 138  1
 252 138  1
 183 139  1
 192 139  1
  32 140  1
 149 140  1
 199 140  1
 200 140  1
   3 141  1
   4 141  1
 173 141  1
 174 141  1
 118 142  1
 179 142  1
 154 143  1
  75 144  1
  76 144  1
 186 144  1
 187 144  1
 201 144  1
 172 145  1
 196 145  1
 197 145  1
 253 145  1
 254 145  1
 162 146  1
 209 146  1
  74 147  1
  75 147  1
 107 147  1
 181 147  1
 199 147  1
 204 147  1
 178 148  1
 174 150  1
  84 151  1
  70 152  1
 159 152  1
 172 152  1
 252 152  1
 168 153  1
 203 153  1
 204 153  1
 212 153  1
  82 154  1
 207 154  1
  80 155  1
 247 155  1
 245 156  1
 179 158  1
 194 158  1
  63 159  1
  69 159  1
 167 160  1
 168 160  1
 198 160  1
 187 161  1
 181 162  1
  66 163  1
 190 163  1
 198 163  1
 216 163  1
   3 164  1
   4 164  1
 181 164  1
 239 164  1
 194 165  1
 230 165  1
 241 165  1
 183 166  1
 221 166  1
 174 167  1
 184 168  1
  36 169  1
 179 169  1
 240 170  1
 210 171  1
 226 171  1
  29 172  1
 205 172  1
  12 173  1
 166 173  1
 191 173  1
 235 173  1
 236 173  1
 278 173  1
 206 174  1
 208 174  1
  32 175  1
 232 176  1
 276 176  1
  19 177  1
 170 177  1
 189 177  1
 187 178  1
 225 178  1
 226 178  1
  34 179  1
  16 180  1
 173 180  1
 221 181  1
 218 183  1
  18 184  1
  12 185  1
 271 185  1
  20 187  1
 214 187  1
  14 189  1
 203 189  1
 205 189  1
  22 190  1
  23 190  1
 266 191  1
  17 193  1
 148 193  1
 154 195  1
 156 197  1
 126 199  1
 130 200  1
  25 201  1
 154 201  1
 134 204  1
 153 204  1
 150 205  1
 113 206  2
 114 206  1
 137 207  1
 155 207  1
  33 208  1
 119 208  1
 249 209  1
 125 210  1
 135 211  1
 136 211  1
  93 212  1
 129 212  1
 143 212  1
 167 212  1
 116 213  1
 220 214  1
 148 215  1
 154 215  1
 216 216  1
 222 216  1
 131 218  1
 135 219  1
 136 219  1
  48 220  1
 141 220  1
 129 221  1
 159 221  1
  92 222  1
  93 222  1
 139 222  1
 219 223  1
 220 223  1
 156 226  1
  57 227  1
 131 227  1
 223 227  1
 138 229  1
 139 229  1
 151 231  1
 215 231  1
 225 231  1
  98 232  1
  99 232  1
 149 232  1
 139 234  1
 220 234  1
 221 234  1
  91 235  1
 148 235  1
 175 236  1
 124 237  1
 125 237  1
 153 237  1
  84 238  1
 145 238  1
  91 239  1
  94 240  1
 100 240  1
 105 240  1
 106 240  1
 151 240  1
 141 241  1
 212 241  1
  97 242  1
 119 242  1
 149 242  1
 172 242  1
 131 243  1
 133 243  1
 147 243  1
  99 244  1
 117 244  1
 123 244  1
 187 244  1
 208 244  1
 137 245  1
 109 247  1
 112 248  1
 123 248  1
 115 249  1
 169 249  1
 170 249  1
 197 249  1
 169 251  1
 192 251  1
 122 252  1
 146 252  1
 189 252  1
 186 253  1
 170 256  1
 142 257  1


count = 490