 183   1  1
 200   1  1
 214   3  1
 220   4  1
 181   5  1
 134   6  1
 128   7  1
 232   8  1
 151   9  1
 159   9  1
 160   9  1
 195   9  1
 146  11  1
 211  11  1
 215  11  1
 141  12  1
 201  12  1
 111  13  1
 149  13  1
 170  13  1
 171  13  1
 209  13  1
 227  13  1
 201  14  1
 241  14  1
 235  17  1
 173  18  1
 175  18  1
 197  18  1
 222  18  1
 226  18  1
 227  18  1
 117  19  1
 141  19  1
 156  19  1
 157  19  1
 168  19  1
 169  19  1
 214  19  1
 215  19  1
  95  20  1
 111  20  1
 108  21  1
 109  21  1
 136  21  1
 161  21  1
 162  21  1
 238  21  1
 249  21  1
 194  22  1
 205  22  1
 131  23  1
 157  23  1
 174  23  1
 209  23  1
 236  23  1
 112  24  1
 116  25  1
 123  25  1
 141  25  1
 188  25  1
 217  25  1
 236  25  1
 119  26  1
 152  26  1
 198  26  1
 203  26  1
 222  26  1
 243  26  1
  78  27  1
 137  27  1
 236  27  1
 144  28  1
 210  28  1
 246  28  1
 248  28  1
 118  29  1
 162  29  1
 163  29  1
 191  29  1
 197  29  1
 208  29  1
 126  30  1
 127  30  1
 189  30  1
 202  30  1
 222  30  1
 250  31  1
 251  31  1
 147  32  1
 198  32  1
  84  33  1
  85  33  1
 137  33  1
 183  33  1
 217  33  1
 244  33  1
 245  33  1
  48  34  1
  49  34  1
 132  34  1
 133  34  1
 235  34  1
 236  34  1
 241  34  1
  78  35  1
  79  35  1
 104  35  1
 109  35  1
 208  35  1
 248  35  1
 190  36  1
  75  37  1
  81  37  1
 143  37  1
 144  37  1
 178  37  1
 196  37  1
 197  37  1
 198  37  1
 200  37  1
 216  37  1
 224  37  1
 225  37  1
 252  37  1
  41  38  1
 213  38  1
  89  39  1
  98  39  1
 150  39  1
 237  39  1
  63  40  1
  70  40  1
  71  40  1
  85  40  1
  95  40  1
  96  40  1
 174  40  1
 264  40  1
 265  40  1
  37  41  1
 193  41  1
 195  41  1
  47  42  1
  54  42  1
 145  42  1
  85  43  1
 152  43  1
 169  43  1
 218  43  1
 247  43  1
  31  44  1
  32  44  1
  56  44  1
  80  44  1
 229  44  1
 233  44  1
 250  44  1
  58  45  1
  60  45  1
  63  45  1
  88  45  1
  97  45  1
 104  45  1
 174  45  1
 175  45  1
 180  45  1
 214  45  1
 215  45  1
 160  46  1
 163  46  1
 236  46  1
 237  46  1
 241  46  1
 256  46  1
 260  46  1
  67  47  1
  76  47  1
 102  47  1
 136  47  1
 171  47  1
  84  48  1
 165  48  1
 166  48  1
 167  48  1
 198  48  1
 210  48  1
  81  49  1
 112  49  1
 184  49  1
 204  49  1
  87  50  1
  95  50  1
 154  50  1
 199  50  1
  58  51  1
 177  51  1
 193  51  1
 238  51  1
 256  51  1
  65  52  1
  75  52  2
  87  52  1
 104  53  1
 108  53  1
 157  53  1
 257  53  1
 269  53  1
 270  53  1
  17  54  1
  46  54  1
  47  54  1
  87  54  1
  88  54  1
 100  54  1
 246  54  1
  49  55  1
  62  55  1
  80  55  1
 236  55  1
 254  55  1
  39  56  1
  75  56  1
 107  56  1
 171  56  1
 163  57  1
 234  57  1
  63  58  1
  64  58  1
  73  58  1
 259  58  1
  31  59  1
  43  59  1
  49  59  1
  89  59  1
  99  59  1
 261  59  1
  22  60  1
  23  60  1
 178  60  1
  64  61  1
 247  61  1
 254  61  1
  23  62  1
  54  62  1
  55  62  1
 103  62  1
 104  62  1
 233  62  1
 237  62  1
  70  63  1
  97  63  1
 123  63  1
 124  63  1
 177  63  1
 183  63  1
 119  64  1
 120  64  1
 140  64  1
 141  64  1
 142  64  1
 163  64  1
 169  64  1
 191  64  1
  31  65  1
 124  65  1
 177  65  1
  11  66  1
  12  66  1
  98  66  1
 175  66  1
 187  66  1
 188  66  1
 234  66  1
 235  66  1
  69  67  1
 159  67  1
 170  67  1
  96  68  1
 103  68  1
 133  68  1
 144  68  1
  81  69  1
  85  69  1
 108  69  1
 122  69  1
 170  69  1
 171  69  1
 182  69  1
 225  69  1
   6  70  1
 234  70  1
 100  71  1
 113  71  1
 114  71  1
 230  71  1
  15  72  1
  18  72  1
 110  72  1
 142  72  1
 143  72  1
 159  72  1
 175  72  1
 179  72  1
 253  72  1
 254  72  1
 258  72  1
  84  73  1
  90  73  1
  96  73  1
 135  73  1
 224  73  1
 236  73  1
 107  74  1
 147  74  1
 175  74  1
 241  74  1
  22  75  1
  80  76  1
  81  76  1
 151  76  1
 182  76  1
 233  76  2
 238  76  1
 244  76  1
 245  76  1
  10  77  1
  83  77  1
 134  77  1
 257  77  1
 101  78  1
 111  78  1
 112  78  1
 146  78  1
 188  78  1
 189  78  1
 238  78  1
 270  78  1
 119  79  1
 224  79  1
 247  79  1
 248  79  1
   5  80  1
   6  80  1
 238  80  1
 242  80  1
 265  80  1
  17  81  1
 150  81  1
 183  81  1
 278  81  1
 279  81  1
 177  82  1
 220  82  1
 221  82  1
 228  82  1
 253  82  1
 255  82  1
  12  83  1
  14  83  1
  15  83  1
 148  83  1
 194  83  1
 177  84  1
 214  84  1
   9  85  1
  95  85  1
  96  85  1
 188  85  1
 189  85  1
  70  86  1
 263  86  1
 135  87  1
 149  87  1
 185  87  1
 199  87  1
 208  87  1
 214  87  1
   3  88  1
   4  88  1
  66  88  1
  67  88  1
 191  88  1
 202  88  1
 206  88  1
 259  89  1
 111  90  1
 112  90  1
 134  90  1
 168  90  1
 170  90  1
 174  90  1
 194  90  1
 257  90  1
 269  90  1
 153  91  1
  73  92  1
 165  92  1
 166  92  1
 253  92  1
 254  92  1
 159  93  1
  82  94  1
  86  94  1
 129  94  1
 130  94  1
 258  94  1
 259  94  1
 265  94  1
  92  95  1
 272  95  1
  73  96  1
  82  96  1
   1  97  1
  77  97  1
 156  97  1
 164  97  1
 174  97  1
 253  97  1
 106  98  1
 135  98  1
 147  98  1
 203  98  1
 204  98  1
  95  99  1
  96  99  1
 218  99  1
 250  99  1
  75 100  1
 147 100  1
 186 100  1
 187 100  1
 139 101  1
 153 101  1
 196 101  1
  83 102  1
  84 102  1
 166 102  1
 167 102  1
 182 102  1
 206 102  1
 212 102  1
 213 102  1
 221 102  1
 223 102  1
 282 102  1
 283 102  1
 112 103  1
 177 103  1
 166 104  1
  39 105  1
  40 105  1
  57 105  1
  80 105  1
  81 105  1
 116 105  1
 117 105  1
 118 105  1
 179 105  1
 197 105  1
 219 105  2
 220 105  1
  18 106  1
  47 106  1
  59 106  1
 166 106  1
 171 106  1
 234 106  1
  14 107  1
  23 107  1
  24 107  1
  36 107  1
  37 107  1
 206 107  1
 213 107  1
  84 108  1
  85 108  1
 121 108  1
  41 110  1
  43 110  1
 181 111  1
 222 111  1
  37 112  1
  59 112  1
  60 112  1
  83 112  1
 259 112  1
 260 112  1
  22 114  1
 176 114  1
 177 114  1
 195 114  1
  50 115  1
  42 116  1
  43 116  1
 195 116  1
 206 116  1
 240 116  1
 244 116  1
  15 117  1
  16 117  1
  32 117  1
  64 117  1
 174 117  1
 269 117  1
 272 117  1
 111 118  1
 130 118  1
 169 118  1
 206 118  1
 233 118  1
   7 119  1
  61 119  1
  96 119  1
  97 119  1
 158 119  1
 196 119  1
 213 119  1
 221 119  1
 227 119  1
 250 119  1
 252 119  1
 260 119  1
 268 119  1
 107 120  1
 245 120  1
  39 121  1
  45 121  1
  46 121  1
  53 121  1
  56 121  1
  57 121  1
 222 121  1
 257 121  1
 275 121  1
  32 122  1
 148 122  1
 166 122  1
 218 122  1
  39 123  1
 129 123  1
 135 123  1
   1 124  1
  78 124  1
 123 124  1
 124 124  1
 270 124  1
  61 125  1
  71 125  1
 171 125  1
 244 125  1
  32 126  1
  51 126  1
 236 126  1
 238 126  1
 256 126  1
  48 127  1
  61 127  1
 158 127  1
 233 127  1
 248 127  1
  53 128  1
  54 128  1
  55 128  1
 191 128  1
  11 129  1
  16 129  1
  72 129  1
  73 129  1
 151 129  1
 152 129  1
 156 129  1
 198 129  1
 267 129  1
 279 129  1
 280 129  1
  60 130  1
 170 130  1
 261 130  1
  57 131  1
  67 131  1
  69 131  1
 142 131  1
 193 131  1
 263 131  1
  47 132  1
  96 132  1
 138 132  1
 203 132  1
 205 132  1
 207 132  1
 216 132  1
 230 132  1
 118 133  1
 142 133  1
 151 133  1
 226 133  1
  41 134  1
  73 134  1
  82 134  1
 107 134  1
 198 134  1
 105 135  1
 137 135  1
 209 135  1
 274 135  1
 242 136  1
  63 137  1
  96 137  1
 132 137  1
 147 137  1
 153 137  1
 167 137  1
 168 137  1
 169 137  1
 225 137  1
 204 138  1
  57 139  1
  66 139  1
  67 139  1
 165 139  1
 166 139  1
 218 139  1
 220 139  1
 229 139  1
 237 139  1
 238 139  1
  61 140  1
  69 140  1
  83 140  1
  94 140  1
 131 140  1
 198 140  1
  73 141  1
 123 141  1
 184 141  1
 224 141  1
 238 141  1
 240 141  1
 242 141  1
  99 142  1
 163 142  1
 197 142  1
 148 143  1
 204 143  1
 210 143  1
 229 143  1
  12 144  1
  24 144  1
  26 144  1
  70 144  1
 137 144  1
 139 144  1
 176 144  1
 177 144  1
 199 144  1
 220 144  1
 236 144  1
 245 144  1
 246 144  1
  30 145  1
 144 145  1
 146 145  1
 148 145  1
 186 145  1
 214 145  1
  83 146  1
  85 146  1
  92 146  1
 170 146  1
 192 146  1
 193 146  1
  17 147  1
  73 147  1
 127 147  1
 162 147  1
 175 147  1
 232 147  1
  60 148  1
  61 148  1
  82 148  1
 234 148  1
  25 149  1
  68 149  1
 144 149  1
 170 149  1
  30 150  1
  77 150  1
  80 150  1
 118 150  1
 119 150  1
  89 151  1
  90 151  1
 231 151  1
   9 152  1
  11 152  1
 229 152  1
 235 152  1
 253 152  1
  19 153  1
  21 153  1
  32 153  1
  33 153  1
 129 153  1
 130 153  1
 277 153  1
 278 153  1
  59 154  1
 108 154  1
 143 154  1
 151 154  1
 155 154  1
 271 154  1
 272 154  1
  21 155  1
  69 155  1
  85 155  1
 102 155  1
 246 155  1
  12 156  1
  13 156  1
 164 156  1
 224 156  1
 241 156  1
  64 157  1
  75 157  1
 106 157  2
 146 157  1
 147 157  1
 155 157  1
 175 157  1
 237 157  1
 266 157  1
  78 158  1
 100 158  1
 151 158  1
 251 158  1
  57 159  1
  83 159  1
 157 159  1
 169 159  1
 221 159  1
 238 159  1
 245 159  1
 258 159  1
 147 160  1
 161 160  1
 186 160  1
  73 161  1
  96 161  1
 239 161  1
 248 162  1
 257 162  1
  57 163  1
  58 163  1
  69 163  1
 219 163  1
 220 163  1
 275 163  1
 138 164  1
 245 164  1
 254 164  1
 169 165  1
 227 165  1
  77 167  1
 155 167  1
 157 167  1
  64 168  1
  73 168  1
 159 168  1
 243 168  1
 129 169  1
 130 169  1
 164 169  1
 182 169  1
 219 169  1
 220 169  1
 167 170  1
 186 170  1
 169 171  1
 170 171  1
  10 172  1
  15 172  1
 140 172  1
 177 172  1
 225 172  1
 230 172  1
 135 173  1
 253 174  1
  18 175  1
 181 176  1
  85 177  1
 144 177  1
 211 177  1
 128 178  1
 254 178  1
 147 179  1
 148 179  1
 245 179  1
 261 179  1
   5 180  1
   6 180  1
  15 180  1
  17 180  1
  76 180  1
 121 180  1
 122 180  1
 140 180  1
 215 180  1
 175 181  1
 207 181  1
 245 181  1
  74 182  1
  76 182  1
 140 182  1
 204 182  1
  13 183  1
  20 183  1
  84 183  1
 225 183  1
 226 183  1
  61 184  1
  80 184  1
 105 184  1
 117 184  1
 118 184  1
 145 184  1
 146 184  1
 174 184  1
 179 184  1
 192 184  1
 231 184  1
 246 184  1
  15 185  1
 184 185  1
 242 185  1
 126 186  1
 192 186  1
 194 186  1
 206 186  1
  41 187  1
 140 187  1
 141 187  1
 142 187  1
 149 187  1
 150 187  1
 154 187  1
 155 187  1
 181 187  1
 199 187  1
 201 187  1
  61 188  1
 118 188  1
 119 188  1
 164 188  1
 208 188  1
 210 188  1
 172 189  1
 265 189  1
 266 189  1
 122 190  1
  58 191  1
 174 191  1
 218 192  1
  10 193  1
  47 193  1
  79 193  1
 213 193  1
 239 193  1
 250 194  1
 257 194  1
 258 194  1
  86 195  1
 113 195  1
 181 195  1
 210 195  1
  43 197  1
  63 199  1
  65 199  1
  67 199  1
  99 199  1
 113 199  1
 117 199  1
 121 199  1
 122 199  1
 244 199  1
  86 200  1
 209 200  1
 252 200  1
  33 201  1
  37 201  1
  49 202  1
 127 202  1
 131 202  1
 162 202  1
 183 202  1
 184 202  1
  31 203  1
 145 203  1
 146 203  1
 166 203  1
 212 203  1
  51 204  1
  52 204  1
  62 204  1
  99 204  1
 138 204  1
  60 205  1
 212 205  1
 231 205  1
  37 206  1
  39 206  1
  58 206  1
 148 206  1
 173 206  1
 174 206  1
 185 206  1
 214 206  1
  41 207  1
 179 207  1
 193 207  1
  31 208  1
 154 208  1
 156 208  1
 200 208  1
  35 209  1
 120 209  1
  54 210  1
 107 210  1
 142 210  1
 143 210  1
 151 210  1
 168 210  1
 169 210  1
 195 210  1
 219 210  1
 237 210  1
  35 211  1
  74 211  1
 206 211  1
 207 211  1
 115 212  1
 126 212  1
 176 212  1
 177 212  1
 219 212  1
 228 212  1
 202 213  1
 115 214  1
 152 214  1
 153 214  1
 212 214  1
 253 214  1
  54 215  1
  98 215  1
  99 215  1
 100 215  1
 222 215  1
 236 215  1
 107 216  1
  54 217  1
  62 217  1
 123 217  1
 216 217  1
 229 217  1
 230 217  1
 239 217  1
 194 218  1
 207 218  1
 128 219  1
 146 219  1
  33 220  1
 207 220  1
 226 220  1
 240 220  1
 129 221  1
 187 221  1
 198 221  1
 199 221  1
  57 222  1
  58 222  1
 156 222  1
 182 222  1
 210 222  1
 126 223  1
 127 223  1
 191 223  1
  48 224  1
 157 224  1
  99 225  1
 100 225  1
 113 225  1
 134 225  1
 144 225  1
 146 225  1
 148 225  1
 206 225  1
 224 225  1
  51 226  1
 103 226  1
 119 226  1
  88 227  1
  89 227  1
 113 227  2
 241 227  1
 107 228  1
 108 228  1
 152 228  1
 203 228  1
 215 228  1
 115 229  1
 192 229  1
  67 230  1
  80 230  1
  85 230  1
 104 230  1
 105 230  1
 142 230  1
 143 230  1
 163 230  1
 164 230  1
 215 230  1
  70 231  1
 156 231  1
 220 231  1
 236 231  1
  86 232  1
  91 232  1
 196 232  1
 215 232  1
 141 233  1
 142 233  1
 156 233  1
 102 234  1
 223 234  1
 179 235  1
 208 235  1
 147 236  1
 148 236  1
 156 236  1
 169 236  1
 170 236  1
 187 236  1
 219 236  1
  83 237  1
  94 237  1
 208 237  1
 209 237  1
 123 238  1
  86 239  1
  87 239  1
 142 239  1
 143 239  1
 184 239  1
 166 240  1
 177 240  1
 199 240  1
 138 242  1
 139 242  1
 160 242  1
 175 242  1
 177 242  1
 209 242  1
  94 243  1
 109 243  1
 113 243  1
 126 243  1
 173 243  1
 205 243  1
 220 243  1
 155 244  1
 209 244  1
 109 245  1
 115 245  1
 217 245  1
 160 246  1
 161 246  1
 122 247  1
 213 247  1
 214 247  1
 101 248  1
 126 249  1
 133 250  1
 146 250  1
 156 250  1
 168 250  1
 206 250  1
 208 250  1
 112 251  1
 141 251  1
 176 251  1
 116 252  1
 156 252  1
 171 256  1


count = 1094