 160   1  1
 165   1  1
 170   1  1
 181   1  1
 189   3  1
 197   5  1
 138   6  1
 134   7  1
 126   9  1
 169   9  1
 119  12  1
 188  12  1
 194  13  1
 152  15  1
 159  15  1
 195  16  1
 197  16  1
 202  16  1
 218  16  1
 219  16  1
 108  17  1
 109  17  1
 147  17  1
 138  18  1
 142  18  1
 200  18  1
 222  18  1
 138  20  1
 149  20  2
 192  20  1
 205  21  1
 206  21  1
 231  24  1
 121  25  1
 127  25  1
 192  25  1
 196  25  1
 139  26  1
 140  26  1
  93  27  1
 135  27  1
 235  27  1
 185  28  1
 102  29  1
 136  29  1
 137  29  1
 124  30  1
 119  31  1
 120  31  1
 242  32  1
 142  33  1
 123  34  1
 104  35  1
 127  35  1
 186  35  1
 187  35  1
  62  36  1
  48  39  1
 162  40  1
 234  40  1
  85  41  1
 158  43  1
 166  43  1
 187  43  1
  41  45  1
  66  45  1
 116  45  1
  71  46  1
 228  46  1
 242  46  1
 114  47  1
 119  47  1
 171  47  1
  63  48  1
  77  48  1
  78  48  1
  35  49  1
 231  49  1
 236  49  1
  95  50  1
  98  50  1
  99  50  1
 173  50  1
 197  50  1
  62  51  1
  63  51  1
  86  51  1
 138  51  1
 224  51  1
 231  51  1
  72  52  1
 214  52  1
 243  52  1
 244  52  1
  38  53  1
  40  53  1
  60  53  1
  88  53  1
  92  53  1
 205  53  1
 206  53  1
 262  53  1
 263  53  1
  66  54  1
 103  54  1
 147  54  1
 148  54  1
 166  54  1
 170  54  1
 178  54  1
 179  54  1
 123  55  1
 126  55  1
 137  55  1
 173  55  1
 207  55  1
 221  55  1
 225  55  1
  79  56  1
  96  56  1
 102  56  1
 142  56  1
 143  56  1
 160  56  1
 162  56  1
 264  56  1
 265  56  1
 116  57  1
 148  58  1
 244  58  1
  49  59  1
  74  59  1
  78  59  1
  99  59  1
 100  59  1
 143  59  1
 144  59  1
 228  59  1
 249  59  1
  35  60  1
 210  60  1
 267  61  1
 160  63  1
 240  63  1
  51  64  1
  65  64  1
 162  64  1
  69  65  1
  29  66  1
  39  67  1
 183  67  1
 204  67  1
  24  68  1
  33  68  1
  46  68  1
  48  68  1
 161  68  1
 178  68  1
 206  68  1
 121  69  1
 184  69  1
 195  69  1
 234  69  1
 237  69  1
  16  70  1
 158  70  1
 199  70  1
  30  71  1
 176  71  1
 189  71  1
 195  71  1
  22  72  1
  73  72  1
  74  72  1
 156  73  1
 179  73  1
 180  73  1
 216  73  1
 241  73  1
  34  74  1
 121  74  1
 140  74  1
 182  74  1
 208  74  1
  19  75  1
  87  75  1
 133  75  1
 174  75  1
 241  75  1
  83  76  1
 158  76  1
 193  76  1
 194  76  1
  39  77  1
 118  77  1
 124  77  1
 132  77  1
 147  77  1
 201  77  1
 219  77  1
 161  78  1
 171  78  1
 227  78  1
 230  78  1
 243  78  1
  16  79  1
  42  79  1
 178  79  1
 179  79  1
 188  79  1
 191  79  1
 169  80  1
 171  80  1
 217  80  1
 245  80  1
  22  81  1
  23  81  1
  70  81  1
  81  81  1
  82  81  1
 157  81  1
 209  81  1
  43  82  1
 250  82  1
 251  82  1
 123  83  1
 199  83  1
 205  83  1
 233  83  1
  97  84  1
 107  84  1
 137  84  1
 195  84  1
  21  85  1
  22  85  1
 159  85  1
 176  85  1
 236  85  1
 270  86  1
   7  87  1
   8  87  1
 109  87  1
 183  87  1
 262  87  1
 279  87  1
 280  87  1
  41  88  1
 112  88  1
 150  88  1
 162  88  1
  39  89  1
 143  89  1
 172  89  1
  55  90  1
 197  90  1
 240  90  1
 246  90  1
 256  90  1
 257  90  1
 270  90  1
  90  91  1
 174  91  1
   5  92  1
   6  92  1
 141  92  1
 216  92  1
 217  92  1
 221  92  1
  39  93  1
 195  93  1
 206  93  1
 273  93  1
  36  95  1
  37  95  1
 154  95  1
 170  95  1
 210  95  1
   4  96  1
   5  96  1
  94  96  1
 173  96  1
 174  96  1
 218  96  1
  35  97  1
  36  97  1
  70  97  1
  88  97  1
 111  97  1
 160  97  1
 165  97  1
 166  97  1
 267  97  1
  62  98  1
 179  98  1
 180  98  1
 243  98  1
 257  98  1
 262  98  1
 263  98  1
  42  99  1
  85  99  1
 156  99  1
 274  99  1
  90 100  1
 130 100  1
 144 100  1
 256 100  1
 257 100  1
 265 100  1
  92 101  1
  93 101  1
 113 101  1
 172 101  1
 236 101  1
 251 101  1
  22 102  1
  58 102  1
  65 102  1
  66 102  1
  70 102  1
  81 102  1
  45 103  1
  47 103  1
  62 103  1
  76 103  1
 159 103  1
 181 103  1
 203 103  1
 261 103  1
  29 104  1
  36 104  1
 216 104  1
  50 105  1
  51 105  1
  61 105  1
  62 105  1
 100 105  1
 101 105  1
 130 105  1
 186 105  1
 211 105  1
 212 105  1
 140 106  1
  79 107  1
 240 107  1
 119 108  1
 128 108  1
 135 108  1
 164 108  1
  49 109  1
 102 109  1
 160 109  1
 170 109  1
 261 109  1
 114 110  1
 156 110  1
 181 110  1
 182 110  1
  85 111  1
 268 111  1
 269 111  1
 282 111  1
 283 111  1
  56 112  1
 151 112  1
 174 112  1
 229 112  1
 261 112  1
 262 112  1
  85 113  1
 113 114  1
 116 114  1
 132 114  1
 156 114  1
 229 114  1
 106 115  1
 107 115  1
 146 115  1
 147 115  1
 269 115  1
  44 116  1
  66 116  1
  90 116  1
 201 116  1
 233 116  1
 235 116  1
 243 116  1
 262 116  1
  53 117  1
  58 117  1
 181 117  1
 121 118  1
 124 118  1
 125 118  1
 126 118  1
 205 118  1
 282 118  1
 283 118  1
 172 119  1
 236 119  1
  94 120  1
  95 120  1
 230 120  1
 254 120  1
  56 121  1
  62 121  1
 194 121  1
 203 121  1
 204 121  1
 205 121  1
  42 122  1
  43 122  1
 219 122  1
 253 122  1
 254 122  1
   6 123  1
   9 123  1
  91 123  1
 130 123  1
 132 123  1
 169 123  1
  13 124  1
  74 124  1
 173 124  1
 180 124  1
  88 125  1
 281 125  1
  45 126  1
 192 126  1
 225 126  1
 279 126  1
  49 127  1
  96 127  1
 124 127  1
 125 127  1
 188 127  1
 208 127  1
  26 128  1
  43 128  1
  75 128  1
 117 128  1
 118 128  1
 138 128  1
 218 128  1
 236 128  1
 256 128  1
 257 128  1
 271 128  1
 272 128  1
  32 129  1
  52 129  1
 171 129  1
 178 129  1
 211 129  1
 261 129  1
   6 130  1
   7 130  1
 120 130  1
 203 130  1
  36 131  1
  87 131  1
 189 131  1
 190 131  1
 191 131  1
 198 131  1
  58 132  1
  62 132  1
 126 132  1
 175 132  1
 177 132  1
 184 132  1
 243 132  1
   9 133  1
  10 133  1
  11 133  1
 206 133  1
 259 133  1
   5 134  1
  24 134  1
  54 134  1
  80 134  1
 169 134  1
 234 134  1
 271 134  1
  37 135  1
  38 135  1
 106 135  1
 111 136  1
 161 136  1
 175 136  1
  64 137  1
 120 137  1
 125 137  1
 133 137  1
 217 137  1
 256 137  1
 257 137  1
  43 138  1
  53 138  1
 138 138  1
  20 139  1
  22 139  1
  24 139  1
  49 139  1
  77 139  1
  79 139  1
  85 139  1
  92 139  1
 140 139  1
 188 139  1
 237 139  1
 256 139  1
  60 140  1
  89 140  1
 146 140  1
 260 140  1
 265 140  1
   5 141  1
   6 141  1
  32 141  1
  47 141  1
  69 141  1
 116 141  1
 117 141  1
 163 142  1
 164 142  1
 181 142  1
 265 142  1
 107 143  1
 140 143  1
 147 143  1
 151 143  1
 152 143  1
 260 143  1
  23 145  1
 120 145  1
 175 145  1
 271 145  1
  32 146  1
  48 146  1
  49 146  1
  65 146  1
 181 146  1
 189 146  1
 196 146  1
 243 147  1
  20 148  1
  22 148  1
  62 148  1
 227 148  1
 239 148  1
 231 149  1
  59 150  1
  86 150  1
  96 150  1
 202 150  1
 209 150  1
 113 151  1
 174 151  1
 175 151  1
 214 151  1
 245 151  1
 124 152  1
 216 152  1
 217 152  1
 222 153  1
 247 153  1
 253 153  1
  35 154  1
  50 154  1
  51 154  1
  84 154  1
 112 154  1
 128 154  1
 196 154  1
 197 154  1
 173 155  1
 227 155  1
 228 155  1
  78 156  1
 122 156  1
 233 156  1
 236 156  1
 244 156  1
 246 156  1
 139 157  1
 170 157  1
 171 157  1
 221 157  1
 222 157  1
 122 158  1
 238 158  1
   8 159  1
  54 159  1
 131 159  1
 207 159  1
  81 160  1
  82 160  1
 244 160  1
 115 161  1
 117 161  1
 119 161  1
 141 161  1
 205 161  1
 228 161  1
 229 161  1
 128 162  1
 129 162  1
 152 162  1
 173 162  1
 259 162  1
 191 163  1
 192 163  1
 233 163  1
 123 164  1
 129 164  1
 188 164  1
 243 164  1
  54 165  1
 146 165  1
 148 165  1
 176 165  1
 233 165  1
  58 166  1
  81 166  1
 120 166  1
 153 166  1
 194 166  1
 227 166  1
 253 166  1
 274 166  1
 275 166  1
  84 167  1
  85 167  1
 108 167  1
 109 167  1
 199 167  1
 201 167  1
 235 167  1
  27 168  1
  33 168  1
  38 168  1
  88 168  1
  89 168  1
 132 168  1
 133 168  1
 178 168  1
 183 168  1
 252 168  1
 258 168  1
  55 169  1
 181 169  1
  96 170  1
  97 170  1
 133 170  1
 152 170  1
 158 170  1
 247 170  1
  14 171  1
 123 171  1
 129 171  1
 187 171  1
 189 171  1
 192 171  1
 215 171  1
  22 172  1
  30 172  1
  31 172  1
 207 172  1
 208 172  1
  20 173  1
 133 173  1
 177 173  1
 187 173  1
   5 174  1
   6 174  1
  28 174  1
  44 174  1
 163 174  1
 201 174  1
 227 174  1
 232 174  1
 233 174  1
 251 174  1
  40 175  1
 116 175  1
 120 175  1
 135 175  1
 155 175  1
  15 176  1
 169 176  1
 184 176  1
 185 176  1
 199 176  1
 208 176  1
 214 176  1
 227 176  1
 271 176  1
 272 176  1
  13 177  1
  54 177  1
 115 177  1
 116 177  1
 120 177  1
 142 177  1
 236 177  1
 248 177  1
  91 178  1
  99 178  1
 148 178  1
 221 178  1
 117 179  1
 217 179  1
 235 179  1
 246 179  1
 247 179  1
  33 180  1
  37 180  1
 185 180  1
  59 181  1
 172 181  1
 170 183  1
 205 183  1
  84 184  1
  85 184  1
 100 184  1
 105 184  1
 229 184  1
 232 184  1
 266 184  1
  28 185  1
  90 185  1
 180 185  1
 197 185  1
 237 185  1
 265 186  1
  11 187  1
  32 187  1
  57 187  1
 201 187  1
 241 187  1
 242 187  1
 248 187  1
  24 189  1
  93 189  1
 157 189  1
 161 189  1
 233 189  1
  13 190  1
  14 190  1
  27 190  1
  34 190  1
 228 190  1
 229 190  1
  57 191  1
  84 191  2
 252 191  1
 262 191  1
 181 192  1
 243 192  1
 247 192  1
 108 193  1
 131 193  1
  27 194  1
  75 194  1
  78 194  1
 127 194  1
 149 194  1
  87 195  1
 114 195  1
 230 195  1
 234 195  1
 251 195  1
 252 195  1
  82 196  1
 141 196  1
 137 197  1
 138 197  1
  29 198  1
  75 198  1
  76 198  1
 103 198  1
 159 198  1
 236 198  1
 190 199  1
  83 200  1
  88 200  1
  93 200  1
 257 200  1
 154 201  1
 168 201  1
 173 201  1
 187 201  1
 238 201  1
  85 202  1
 107 202  1
 161 202  1
 219 202  1
  77 203  1
 102 203  1
 137 203  1
 205 203  1
 241 203  1
 243 203  1
 248 203  1
 184 204  1
  84 205  1
 180 205  1
 115 206  1
 131 206  1
 135 206  1
 154 206  1
 203 206  1
 220 206  1
 221 206  1
 110 208  1
 126 208  1
 130 208  1
 136 208  1
 158 208  1
 236 208  1
 117 209  1
 154 209  1
 106 210  1
 112 210  1
 226 210  1
 227 210  1
  60 211  1
  77 211  1
  92 211  1
  93 211  1
 122 211  1
 147 211  1
 106 212  1
 162 212  1
 181 212  1
  36 213  1
 122 213  1
 134 213  1
 117 214  1
 101 215  1
 160 215  1
 233 215  1
  59 216  1
  90 217  1
 133 217  1
 140 217  1
  53 218  1
  54 218  1
  79 218  1
 163 218  1
 167 218  1
 203 219  1
 227 219  1
  45 220  1
  95 220  1
  96 220  1
 136 220  1
 171 220  1
 172 220  1
 103 221  1
 163 221  1
  73 222  1
 139 222  1
 140 222  1
  65 223  1
  82 223  1
 108 223  1
 111 223  1
 147 223  1
 155 223  1
  92 224  1
 142 224  1
 143 224  1
 169 224  1
 170 224  1
  51 225  1
 145 225  1
 117 226  1
 153 226  1
 193 226  1
  79 227  1
 103 227  1
 105 227  1
 107 227  1
 121 227  1
  56 228  1
  75 228  1
 115 228  1
 182 228  1
 197 228  1
 100 229  1
 111 229  1
 147 229  1
 138 230  1
 169 230  1
 182 230  1
 222 230  1
 121 231  1
 142 231  1
 187 231  1
 217 231  1
 230 231  1
  62 232  1
  63 232  1
 104 232  1
 163 232  1
  66 233  1
 111 233  1
 203 233  1
 218 233  1
 104 234  1
 135 234  1
 141 234  1
 142 234  1
 158 234  1
 116 235  1
 103 236  1
 104 236  1
 175 236  1
 206 236  1
 136 237  1
 210 237  1
 140 238  1
  96 240  1
 165 240  1
 161 242  1
 169 242  1
 215 242  1
  86 243  1
 134 245  1
 146 245  1
 147 245  1
 209 245  1
  91 246  1
  92 246  1
 142 246  1
 137 247  1
 205 248  1
 105 249  1
 111 251  1
 147 251  1
 159 251  1
 166 251  1
 114 252  1
 118 253  1
 186 254  1
 177 256  1


count = 948