 139   3  1
 189   3  1
 179   9  1
 180   9  1
 189  11  1
  88  12  1
 210  12  1
 106  13  1
  81  15  1
 216  16  1
  78  17  1
 102  19  1
 192  19  1
  77  20  1
 189  20  1
 195  21  1
 224  21  1
  73  22  1
 177  23  1
  79  25  1
  98  25  1
  99  25  1
 184  25  1
  81  26  1
 188  26  1
 230  26  1
 231  26  1
  93  27  1
  49  28  1
  84  28  1
 187  28  1
 234  28  1
  78  29  1
 104  29  1
 105  29  1
 145  29  1
 187  30  1
 193  30  1
 194  30  1
 225  30  1
  75  31  1
 156  31  1
 178  31  1
 185  31  1
  85  32  1
 114  32  1
 175  32  1
  73  33  1
 183  33  1
  41  34  1
  83  34  1
 101  34  1
 102  34  1
 171  34  1
 225  34  1
 231  34  1
  69  35  1
  88  35  1
  90  35  1
  97  35  1
 123  36  1
 137  37  1
 245  37  1
 194  38  1
 195  38  1
  81  39  1
  79  41  1
 120  41  1
 143  41  1
 173  41  1
 174  41  1
 195  41  1
 196  41  1
  69  43  1
  70  43  1
  79  43  1
  88  43  1
 137  43  1
 146  43  1
 147  43  1
 174  43  1
  78  45  1
 126  45  1
 216  45  1
  81  46  1
  82  46  1
 130  46  1
 198  46  1
 199  46  1
 218  46  1
 220  46  1
 222  46  1
 245  46  1
  35  47  1
  70  47  1
 137  47  1
 170  48  1
 171  48  1
  24  49  1
 232  49  1
 233  49  1
 236  49  1
 237  49  1
 238  49  1
  34  50  1
  77  50  1
 166  51  1
 206  51  1
 217  51  1
 237  51  1
  30  52  1
  52  52  1
  56  52  1
 224  52  1
 225  52  1
  17  53  1
 175  53  1
 176  53  1
 228  53  1
 230  53  1
 235  53  1
 236  53  1
  15  54  1
 156  54  1
 162  54  1
  48  55  1
 165  56  1
  29  57  1
  30  57  1
  43  57  1
 264  57  1
  64  59  1
  65  59  1
  30  61  1
  51  61  1
 267  62  1
 242  63  1
  67  64  1
 245  65  1
 246  65  1
  78  66  1
 269  66  1
  69  67  1
  70  67  1
 193  68  1
 184  69  1
 185  69  1
 189  69  1
 190  69  1
  74  70  1
 181  70  1
 187  70  1
 246  70  1
 247  70  1
 205  72  1
 210  73  1
  14  75  1
 177  76  1
 191  76  1
 246  76  1
 247  76  1
 259  76  1
  19  77  1
 146  77  1
 187  77  1
 233  77  1
 200  79  1
 223  79  1
 151  80  1
 180  80  1
 191  80  1
 252  80  1
 258  80  1
 259  80  1
 166  81  1
 226  81  1
 246  81  1
 136  82  1
 159  82  1
 186  82  1
 203  82  1
 228  82  1
 229  82  1
 257  82  1
  27  83  1
 153  83  1
 154  83  1
 164  84  1
 182  85  1
 203  86  1
 255  86  1
  79  87  1
 155  87  1
 156  87  1
 153  88  1
 231  88  1
  15  89  1
  87  89  1
  89  89  1
 146  89  1
 181  89  1
 177  90  1
 227  90  1
 230  90  1
  18  91  1
 172  92  1
  27  93  1
 143  93  1
 166  93  1
  11  94  1
  12  94  1
  71  94  1
  72  94  1
  91  94  1
 215  94  1
 223  94  1
 224  94  1
 234  94  1
  24  95  1
  25  95  1
 123  95  1
 143  95  1
 229  95  1
 230  95  1
 232  95  1
 252  95  1
 260  95  1
 267  95  1
 280  95  1
 281  95  1
 214  96  1
 215  96  1
 247  96  1
 123  97  1
 129  97  1
 257  97  1
 258  97  1
  30  98  1
  86  98  1
  91  98  1
 199  98  1
 275  98  1
  28  99  1
  43  99  1
 193  99  1
 194  99  1
 235  99  1
  55 100  1
  57 100  1
  75 100  1
 125 100  1
 164 100  1
 168 100  1
 176 100  1
 129 101  1
 240 101  1
 241 101  1
 255 101  1
 256 101  1
  80 102  1
  81 102  1
 174 102  1
 175 102  1
  75 103  1
 206 103  1
  28 104  1
  42 104  1
  58 104  1
  62 104  1
 254 105  1
  77 106  1
  78 106  1
 213 106  1
 247 106  1
 248 106  1
 275 106  1
  10 107  1
  31 107  1
  86 107  1
 172 107  1
 195 107  1
  18 108  1
 181 108  1
 182 108  1
 197 108  1
 203 108  1
 209 108  1
  86 109  1
  79 110  1
 189 110  1
 190 110  1
  12 111  1
  13 111  1
 170 111  1
 192 111  1
 199 111  1
  68 112  1
  70 112  1
  88 112  1
 183 112  1
 209 112  1
 271 112  1
   1 113  1
  80 114  1
  82 114  1
 245 114  1
 246 114  1
  92 115  1
 167 115  1
 181 115  1
 182 115  1
 193 115  1
 198 115  1
  86 116  1
  63 117  1
  64 117  1
  65 117  1
 189 117  1
  90 118  1
 115 118  1
 116 118  1
 134 118  1
 170 118  1
 279 118  1
 280 118  1
   1 119  1
  70 119  1
 142 119  1
 178 119  1
 179 119  1
   7 120  1
  12 120  1
  23 120  1
 157 120  1
 158 120  1
 182 120  1
 183 120  1
 247 120  1
  18 121  1
 242 121  1
 264 121  1
 117 122  1
 187 122  1
 198 122  1
 237 122  1
 246 122  1
 259 122  1
 267 122  1
  26 123  1
  95 123  1
 163 123  1
 185 123  1
 255 123  1
  11 124  1
  72 124  1
 173 124  1
 259 124  1
 113 125  1
 152 125  1
 189 125  1
 190 125  1
 192 125  1
 201 125  1
 202 125  1
 255 125  1
 269 125  1
 272 125  1
  46 126  1
  52 126  1
  90 126  1
 147 126  1
 234 126  1
  36 127  1
  99 127  1
 250 127  1
   4 128  1
   5 128  1
  13 128  1
  14 128  1
  52 128  1
  53 128  1
  89 128  1
 168 128  1
 204 128  1
 205 128  1
   9 129  1
  36 129  5
  60 129  1
  61 129  1
 149 129  1
 150 129  1
 186 130  1
  17 131  1
  22 131  1
  29 131  1
 229 131  1
  12 132  1
 154 132  1
 224 132  1
 244 132  1
  26 133  1
  27 133  1
 114 133  1
 161 133  1
 165 133  1
 194 133  1
 238 133  1
  67 134  1
 168 134  1
 190 134  1
 196 134  1
 202 134  1
 211 134  1
 245 134  1
 249 134  1
 250 134  1
  36 135  1
  52 135  1
  91 135  1
 118 135  1
  19 136  1
  45 136  1
  46 136  1
 204 136  1
 205 136  1
 273 136  1
  14 137  1
 160 137  1
 199 137  1
  24 138  1
  32 138  1
  33 138  1
   9 139  1
  62 139  1
  63 139  1
  89 139  1
 172 139  1
 252 139  1
 254 139  1
 256 139  1
   3 140  1
   4 140  1
  29 140  1
  36 140  1
  48 140  1
  54 140  1
  94 140  1
 170 140  1
 178 140  1
  19 141  1
  21 141  1
  87 141  1
 106 141  1
 180 141  1
 205 141  1
 216 141  1
  48 142  1
  60 142  1
 183 142  1
 193 142  1
 194 142  1
 250 142  1
 279 142  1
 280 142  1
  15 143  1
  86 143  1
  91 143  1
 202 143  1
  46 144  1
  48 144  1
 260 144  1
  42 145  1
 124 145  1
 204 145  1
  29 146  1
  48 146  1
  49 146  1
  40 147  1
 124 147  1
 171 147  1
 188 147  1
 189 147  1
  35 148  1
 118 148  1
 211 148  1
  46 149  1
 190 149  1
 202 149  1
 220 149  1
  80 150  1
  86 150  1
 128 150  1
 176 150  1
 267 150  1
  35 151  1
  62 151  1
 202 151  1
 252 151  1
  44 152  1
 132 152  1
  31 153  1
 172 153  1
  66 154  1
  67 154  1
 247 154  1
  10 155  1
 241 155  1
 263 155  1
 108 156  1
 109 156  1
 162 156  1
 226 156  1
  47 157  1
  57 157  1
  74 157  1
 131 157  1
 233 157  1
 172 158  1
 173 158  1
 213 158  1
  53 159  1
  80 159  1
  81 159  1
 104 159  1
 204 159  1
 234 159  1
 238 159  1
  11 160  1
 208 160  1
 131 162  2
 132 162  1
  77 163  1
 163 163  1
 164 163  1
 168 163  1
 206 163  1
 207 163  1
 213 163  1
  10 164  1
  11 164  1
 259 164  1
  22 165  1
  23 165  1
 208 165  1
 254 165  1
 255 165  1
 267 165  1
 182 166  1
 183 166  1
 248 166  1
 262 166  1
 263 166  1
 108 167  1
 110 168  1
 216 168  1
 188 170  1
 195 170  1
 207 170  1
 208 170  1
 270 170  1
 271 170  1
 182 171  1
 183 171  1
 109 172  1
 110 172  1
 120 172  1
 126 172  1
 196 172  1
 263 172  1
  25 173  1
 176 173  1
 190 173  1
 191 173  1
 114 174  1
 210 174  1
 223 174  1
 262 174  1
 270 174  1
 271 174  1
  29 175  1
  33 175  1
 172 175  1
 233 175  1
 257 175  1
  14 176  1
  15 176  1
  78 176  1
 216 176  1
 109 177  1
 131 177  1
 253 177  1
 108 179  1
 144 179  1
 188 179  1
 192 179  1
 226 179  1
 174 180  1
  73 181  1
 177 181  1
 182 181  1
 197 181  1
 237 181  1
  16 182  1
  17 182  1
  98 182  1
 119 182  1
 120 182  1
 193 182  1
  53 183  1
  87 183  1
  93 183  1
 106 183  1
 107 183  1
 146 183  1
 147 183  1
 210 183  1
 221 183  1
 223 183  1
 225 183  1
 234 183  1
 245 183  1
 274 183  1
  51 184  1
  70 184  1
 189 184  1
 190 184  1
 215 184  1
  44 185  1
  55 185  1
  89 185  1
  48 186  1
  58 186  1
  59 186  1
  82 186  1
 120 186  1
 207 186  1
  79 187  1
 236 187  1
  99 188  1
 100 188  1
 118 188  1
 126 188  1
  22 189  1
  77 189  1
  91 189  1
 138 189  1
 148 189  1
 164 189  1
  75 190  1
 122 190  1
 270 190  1
 271 190  1
  45 191  1
 243 191  1
 244 191  1
 100 192  1
 106 192  1
 107 192  1
 109 192  1
 115 192  1
 143 192  1
 147 192  1
 161 192  1
 207 192  1
  15 193  1
  16 193  1
 156 193  1
 248 193  1
  37 194  1
  69 194  1
 126 194  1
 216 194  1
  22 195  1
  23 195  1
 156 195  1
  81 196  1
  86 196  1
 118 196  1
 144 196  1
 178 196  1
  68 197  1
 124 197  1
 158 197  1
 166 197  1
 170 197  1
 171 197  1
 234 197  1
 238 197  1
  38 198  1
  57 198  1
  59 198  1
 131 198  1
 146 198  1
  41 199  1
  49 199  1
  79 199  1
 152 199  1
  35 200  1
  36 200  1
 240 200  1
  20 201  1
 116 201  1
  43 202  1
  66 202  1
 174 202  1
  30 203  1
  31 203  1
  61 203  1
  80 203  1
  81 203  1
 121 203  1
 178 203  1
  74 204  1
  76 204  1
 131 204  1
 166 204  1
  23 205  1
 157 205  1
  38 206  1
 173 206  1
 258 206  1
  60 207  1
 115 207  1
 116 207  1
 219 207  1
  67 208  1
 141 208  1
 173 208  1
 180 208  1
 187 208  1
 245 208  1
  78 209  1
 104 209  1
 105 209  1
 132 209  1
 153 209  1
  81 210  1
 159 210  1
 166 211  1
 168 211  1
  63 214  1
 136 214  1
 156 214  1
 157 214  1
  82 215  1
 114 215  1
 171 215  1
 163 216  1
 185 216  1
 205 216  1
 209 216  1
 215 216  1
 230 216  1
 250 216  1
 225 217  1
 116 218  1
 234 218  1
  38 219  1
 102 219  1
 153 219  1
 154 219  1
 167 219  1
 169 219  1
 191 220  1
 200 220  1
 214 220  1
 229 220  1
 247 220  1
  45 221  1
 129 221  1
 163 221  1
 170 222  1
 204 222  1
 246 222  1
 106 223  1
 110 223  1
 244 223  1
 118 224  1
 119 224  1
 166 224  1
 186 224  1
 221 224  1
 232 224  1
  51 225  1
 152 225  1
 158 225  1
 190 225  1
 227 225  1
 113 226  1
 209 227  1
 151 228  1
 220 228  1
  57 229  1
  99 229  1
 206 229  1
 218 229  1
 227 229  1
  95 230  1
 155 230  1
 144 231  1
  84 232  1
 115 232  1
 116 232  1
 129 232  1
 133 232  1
  78 234  1
  85 235  1
  93 235  1
  94 235  1
 136 235  1
 107 236  1
 227 236  1
 228 236  1
  73 237  1
 102 237  1
  85 238  1
 113 238  1
  96 239  1
 105 239  1
 145 239  1
 146 239  1
  88 242  1
 168 242  1
 222 242  1
  90 244  1
 114 245  1
 141 245  1
 212 245  1
 107 246  1
 108 246  1
 130 247  1
 206 247  1
 126 248  1
 202 248  1
 109 249  1
 136 249  1
 146 249  1
 147 249  1
 148 249  1
 177 249  1
 200 249  1
  89 250  1
  90 250  1
 143 250  1
 144 250  1
 152 250  1
 118 251  1
 126 251  1
  99 252  1
 169 252  1
 189 253  1
 133 256  1
 143 257  1


count = 853