 123   4  1
 189   4  1
 109   7  1
 181   9  1
 206  10  1
 152  11  1
 153  11  1
 209  11  1
  93  12  1
  89  13  1
 113  13  1
 114  13  1
 179  13  1
 180  13  1
 104  14  1
 105  14  1
  84  15  1
 130  15  1
 152  15  1
 109  16  1
 120  16  1
 218  16  1
  82  17  1
 143  17  1
 176  17  1
 115  18  1
 125  18  1
 127  18  1
  90  19  1
  91  19  1
  92  19  1
 114  20  1
 125  20  1
 174  20  1
 192  20  1
 193  20  1
  86  21  1
 101  21  1
 104  21  1
 118  22  1
 119  22  1
 153  23  1
 154  23  1
 176  23  1
 106  24  1
 107  24  1
 130  24  1
 113  25  1
 118  25  1
 124  25  1
 147  25  1
 229  25  1
 230  25  1
 174  26  1
 126  27  1
 143  27  1
 190  27  1
 191  27  1
 203  27  1
 235  27  1
 210  28  1
 211  28  1
 107  29  1
 190  29  1
  68  30  1
 150  30  1
 207  30  1
  53  31  1
 110  31  1
 127  31  1
 129  31  1
 191  31  1
 192  31  1
 115  32  1
 131  32  1
  49  33  1
  62  34  1
  74  34  1
 106  34  1
 107  34  1
 205  34  1
 231  35  1
  63  36  1
  74  36  1
  54  37  1
  66  37  1
 189  37  1
  52  38  1
  78  38  1
  79  38  1
 154  38  1
  50  39  1
  73  39  1
  40  40  1
  61  40  1
  80  40  1
 203  40  1
  56  41  1
 106  41  1
  36  42  1
  80  42  1
 154  42  1
 200  42  1
  89  43  1
  93  43  1
 152  43  1
 227  43  1
 103  44  1
 105  44  1
 223  44  1
 251  44  1
  55  45  1
  64  46  1
  76  46  1
 188  47  1
 253  47  1
  78  48  1
 205  48  1
 194  49  1
 198  49  1
 199  49  1
 224  49  1
  67  50  1
  87  50  1
 192  50  1
 154  51  1
 155  51  1
  78  52  1
 245  53  1
 246  53  1
 198  54  1
 229  54  1
 155  55  1
 204  55  1
 221  55  1
 222  55  1
  79  56  1
 195  56  1
 263  56  1
  23  57  1
  71  57  1
 200  57  1
 225  57  1
 242  57  1
  94  58  1
 186  58  1
 234  58  1
 236  58  1
 246  58  1
 247  58  1
 266  58  1
 157  59  1
 179  59  1
 181  59  1
 206  59  1
 207  59  1
 220  60  1
 210  61  1
 213  61  1
 216  61  1
 217  61  1
  80  62  1
 197  62  1
  19  63  1
  92  63  1
 176  63  1
 210  63  1
 244  63  1
 245  63  1
  66  64  1
  67  64  1
 162  64  1
 163  64  1
 213  64  1
  24  65  1
  96  65  1
  97  65  1
 175  65  1
 273  65  1
  44  66  1
  53  66  1
  54  66  1
  72  66  1
 195  66  1
  24  67  1
  70  67  1
 175  67  1
 176  67  1
  15  68  1
  54  68  1
  89  68  1
  90  68  1
 161  68  2
 163  68  1
 204  68  1
  56  69  1
 196  69  1
 199  69  1
  94  70  1
  95  70  1
 164  70  1
 180  70  1
 187  71  1
 188  71  1
  62  72  1
  18  73  1
 177  73  1
 201  73  1
 202  73  1
  11  74  1
 215  74  1
 244  74  1
  25  75  1
 162  75  1
 250  75  1
 270  75  1
  92  77  1
 159  77  1
 193  77  1
 197  77  1
 255  77  1
 256  77  1
 277  77  1
 278  77  1
  80  78  1
 163  78  1
 164  78  1
 238  79  1
 250  79  1
 260  79  1
 269  79  1
  49  80  1
  50  80  1
 183  80  1
 243  80  1
 245  80  1
  14  81  1
 222  81  1
 248  81  1
 273  81  1
 256  82  1
  45  83  1
 145  83  1
  87  84  1
  88  84  1
  93  84  1
 109  84  1
 137  84  1
 160  84  1
 180  85  1
 186  85  1
 226  85  1
 227  85  1
 107  86  1
 121  86  1
 128  86  1
 160  86  1
 176  86  1
   4  87  1
   5  87  1
  10  87  1
 241  87  1
 249  87  1
 280  87  1
 281  87  1
  42  88  1
 182  88  1
 183  88  1
 254  88  1
  30  89  1
  31  89  1
 107  90  1
 256  90  1
 281  90  1
 282  90  1
  33  91  1
 260  91  1
 261  91  1
 262  91  1
  89  92  1
 151  92  1
 152  92  1
 231  92  1
 232  92  1
 251  92  1
   8  93  1
  94  93  1
 123  93  1
 172  93  1
 175  93  1
 222  93  1
 223  93  1
 274  93  1
 276  93  1
  73  94  1
  77  94  1
 118  94  1
 119  94  1
 131  94  1
 132  94  1
 148  94  1
 255  94  1
 256  94  1
 208  95  1
 213  95  1
 236  95  1
  71  96  1
 101  96  1
 197  96  1
 222  96  1
 223  96  1
 246  96  1
 105  97  1
 225  98  1
 265  98  1
 145  99  1
 192  99  1
 193  99  1
 269  99  1
  47 100  1
  56 100  1
 133 100  2
 179 100  1
 208 100  1
 243 100  1
 251 100  1
  37 101  1
  70 101  1
  76 101  1
 215 101  1
 230 101  1
 231 101  1
 106 102  1
 107 102  1
 135 102  1
 138 102  1
 139 102  1
 140 102  1
 169 102  1
 221 102  1
 270 102  1
  30 103  1
  33 103  1
 114 103  1
 213 103  1
 225 103  1
 226 103  1
  84 104  1
  88 104  1
 169 104  1
 176 104  1
 257 104  1
  48 105  1
  59 105  1
  60 105  1
 239 105  1
  15 106  1
  28 106  1
  92 106  1
  94 106  1
 129 106  1
 146 106  1
   1 107  1
  21 107  1
  48 107  1
  52 107  1
 113 107  1
 171 107  1
  58 108  1
 196 108  1
 197 108  1
 258 108  1
 122 109  1
 225 109  1
 272 109  1
 229 110  1
 231 110  1
  32 111  1
  36 111  1
 172 111  1
 187 111  1
 227 111  1
  55 112  1
  56 112  1
 144 112  1
 179 112  1
 219 112  1
 223 112  1
 248 112  1
 249 112  1
 172 113  1
 189 113  1
 235 113  1
   1 114  1
  94 114  1
 167 114  1
 196 114  1
   7 115  1
  58 115  1
 192 115  1
 205 115  1
 200 116  1
 270 116  1
  69 117  1
  77 117  1
 165 117  1
 215 117  1
   7 118  1
   8 118  1
  80 118  1
  84 118  1
  89 118  1
 117 119  1
 122 119  1
 216 119  1
 195 120  1
 207 120  1
 251 120  1
 271 120  1
 216 121  1
 217 121  1
  89 122  1
 188 122  1
 271 122  1
 272 122  1
  16 123  1
 117 123  1
 158 123  1
 183 124  1
 184 124  1
 208 124  1
   4 125  1
   5 125  1
  37 125  1
 121 125  1
 122 125  1
 162 125  1
   9 126  1
  10 126  1
  39 126  1
  41 126  1
  66 126  1
  88 126  1
 105 126  1
 176 126  1
 191 127  1
 196 127  1
 201 127  1
 217 127  1
 234 127  1
 275 127  1
 276 127  1
  46 128  1
  79 128  1
 165 128  1
 179 128  1
 180 128  1
 185 128  1
 186 128  1
  14 129  1
  26 129  1
  58 129  1
 149 129  1
 160 129  1
 189 129  1
 236 129  1
 241 129  1
 251 129  1
 258 129  1
 260 129  1
 275 129  1
   9 130  1
  55 130  1
  85 130  1
  95 130  1
 169 130  1
 103 131  1
 113 131  1
 174 131  1
 235 131  1
 267 131  1
 170 132  1
 245 132  1
 269 132  1
 270 132  1
  25 133  1
  26 133  1
  75 133  1
 123 133  1
 150 133  1
 151 133  1
 162 133  1
 164 133  2
 189 133  1
 200 133  1
 201 133  1
 239 133  1
  96 134  1
 118 134  1
 101 135  1
 161 135  1
 182 135  1
 193 135  1
 207 135  1
  10 136  1
  44 137  1
 151 137  1
 152 137  1
 241 137  1
 253 137  1
   2 138  1
   3 138  1
 195 138  1
 279 138  1
 184 139  1
 185 139  1
  94 140  1
 191 140  1
 257 140  1
 124 141  1
 163 141  1
 165 141  1
   7 142  1
   8 142  1
 256 142  1
 257 142  1
 112 143  1
 122 143  1
 281 143  1
 282 143  1
 185 145  1
 190 145  1
 196 145  1
 250 145  1
 251 145  1
 262 145  1
  90 146  1
 169 147  1
 255 147  1
  36 148  1
  80 148  1
 102 148  1
 237 148  1
  10 149  1
  26 149  1
 190 149  1
 243 149  1
 195 150  1
 235 150  1
 246 150  1
  75 151  1
  18 152  1
  19 152  1
  88 152  1
  89 152  1
  71 153  1
  59 154  1
 239 154  1
 253 154  1
 254 154  1
  12 155  1
  20 155  1
  67 155  1
  97 155  1
  37 156  1
  41 156  1
  59 156  1
  87 156  1
 246 156  1
 253 156  1
  92 157  1
 164 157  1
 165 157  1
  34 158  1
  35 158  1
  56 158  1
 253 158  1
 257 158  1
  18 159  1
  19 159  1
  27 159  1
  43 159  1
  12 160  1
 193 160  1
 261 160  1
 250 161  1
  34 162  1
 171 162  1
 246 162  1
  10 163  1
  37 163  1
   3 164  1
   4 164  1
  79 164  1
  85 164  1
 138 164  1
 242 164  1
 258 164  1
  10 165  1
  11 165  1
 167 165  1
 192 165  1
 146 166  1
 100 167  1
 239 167  1
   4 168  1
   5 168  1
  90 168  1
  94 168  1
 147 168  1
 163 169  1
 165 169  1
 230 169  1
 178 170  1
 255 170  1
  13 171  1
 169 171  1
 192 171  1
 210 172  1
 223 172  1
 237 172  1
   7 173  1
  41 173  1
 179 174  1
 279 174  1
 280 174  1
 187 175  1
 196 175  1
 197 175  1
 253 175  1
 254 175  1
 255 175  1
 256 175  1
  45 176  1
 102 176  1
 178 176  1
 179 176  1
 211 176  1
  50 177  1
 106 177  1
  15 178  1
  57 178  1
  52 179  1
 185 180  1
 249 180  1
  98 181  1
 191 182  1
  53 183  1
 181 183  1
 199 183  1
 210 183  1
 211 183  1
 234 183  1
 153 184  1
 159 184  1
 191 184  1
 192 184  1
 204 184  1
 271 184  1
  51 185  1
 199 185  1
  87 186  1
 148 186  1
 149 186  1
 162 187  1
 163 187  1
 175 187  1
 206 187  1
  66 189  1
  95 189  1
 267 189  1
  69 190  1
  87 190  1
 106 190  1
 158 190  1
 159 190  1
 174 190  1
 198 190  1
 100 191  2
 129 191  1
 211 191  1
 241 191  1
 200 192  1
 230 192  1
  49 193  1
  50 193  1
  58 193  1
 133 193  1
 178 193  1
 207 193  1
 223 193  1
 111 194  1
 124 194  1
 170 194  1
  91 195  1
 109 195  1
 205 195  1
 236 195  1
 241 195  1
  94 196  1
 210 197  1
 245 197  1
  20 198  1
  96 198  1
 261 198  1
  99 199  1
 222 200  1
 223 200  1
  69 201  1
 172 201  1
 241 201  1
 258 202  1
  88 203  1
 240 203  1
  94 204  1
 106 204  1
 156 204  1
 157 204  1
 209 204  1
 201 205  1
 202 205  1
 225 205  1
 238 205  1
  49 206  1
 256 206  1
 226 207  1
 227 207  1
 113 208  1
 114 208  1
 236 208  1
  74 209  1
 123 210  1
  45 211  1
 253 211  1
 254 211  1
  91 212  1
  97 212  1
  98 212  1
 118 212  1
 186 212  1
 189 212  1
  37 213  1
  48 213  1
  49 213  1
  62 213  1
  63 213  1
  64 213  1
 114 213  1
 128 213  1
 224 213  1
  96 214  1
 251 214  1
  49 215  1
  64 215  1
 220 216  1
  94 217  1
 190 217  1
 127 218  1
 199 218  1
 224 218  1
 182 219  1
 220 219  1
  46 220  1
  88 220  1
 126 220  1
 194 220  1
 205 220  1
  60 221  1
 180 222  1
 207 222  1
  49 223  1
  60 223  1
  95 223  1
  91 224  1
  92 224  1
 178 224  1
 193 224  1
 241 224  1
  86 225  1
  87 225  1
  52 226  1
  53 226  1
  65 227  1
 112 227  1
 122 229  1
 123 229  1
 178 229  1
 206 229  1
  85 230  1
  99 230  1
 100 230  1
 197 230  1
 198 230  1
 233 230  1
 110 231  1
 200 232  1
 201 232  1
  66 233  1
  96 233  1
 228 233  1
 229 233  1
 193 234  1
 195 234  1
  69 235  1
 113 236  1
 103 237  1
 117 237  1
 187 237  1
  94 239  1
 100 239  1
 116 240  1
 196 240  1
 200 240  1
  77 241  1
 216 241  1
 110 242  1
 213 242  1
  80 243  1
  81 243  1
  85 244  1
 117 244  1
 207 244  1
 113 245  1
 121 245  1
 191 245  1
 186 246  1
  94 247  1
  97 248  1
 116 248  1
 199 248  1
 200 248  1
 110 253  1
 112 253  1
 187 253  1
 177 255  1
 159 257  1


count = 836