 137   1  1
 150   1  1
 127   2  1
 124   3  1
 175   3  1
 119   5  1
 164   6  1
 155   8  1
 157   8  1
 159   8  1
 164   8  1
 167  10  1
 123  11  1
 145  12  1
 194  12  1
 155  13  1
 112  14  1
 160  15  1
 161  15  1
  92  16  1
 109  16  1
 124  17  1
 206  17  1
 114  18  1
 137  18  1
 126  19  1
 127  19  1
  86  20  1
 118  20  1
 119  20  1
 109  21  1
 180  21  1
 181  21  1
 182  21  1
  91  23  1
  98  23  1
 182  23  1
 109  25  1
 110  25  1
 137  25  1
 117  26  1
 130  26  1
  66  27  1
 109  27  1
 137  27  1
 111  29  1
 128  29  1
 141  29  1
 200  29  1
 121  30  1
 174  30  1
  60  31  1
  71  31  1
  89  31  1
 179  31  1
 109  32  1
 130  32  1
 158  32  1
 192  32  1
  55  33  1
  72  33  1
 156  33  1
 182  33  1
  66  34  1
  67  34  1
 186  34  1
  77  35  1
  91  35  1
 119  35  1
 120  35  1
 161  35  1
 177  35  1
 199  35  1
 223  35  1
  49  36  1
  50  36  1
 197  36  1
 143  37  1
 151  37  1
 192  37  1
 200  37  1
 106  38  1
 107  38  1
 138  38  1
 119  39  1
 132  39  1
 133  39  1
 163  39  1
 214  39  1
 218  39  1
 227  39  1
  68  40  1
 103  40  1
 158  40  1
 190  40  1
 224  40  1
 108  41  1
 109  41  1
 122  41  1
 194  41  1
  41  42  1
 185  42  1
 196  42  1
 213  43  1
 156  44  1
 187  44  1
 233  44  1
 181  45  1
 163  46  1
  92  47  1
  93  47  1
 102  47  1
 115  47  1
 116  47  1
 155  47  1
 172  47  1
 173  47  1
 181  47  1
 182  47  1
 211  47  1
  77  48  1
 100  48  1
 149  48  1
 150  48  1
 169  48  1
  81  49  1
 181  49  1
 196  49  1
 232  49  1
  33  50  1
  86  50  1
 122  50  1
 123  50  1
 150  51  1
 151  51  1
 232  51  1
  29  52  1
  81  52  1
  86  52  1
 112  52  1
 185  52  1
 200  52  1
 250  52  1
  93  53  1
 160  53  1
 172  53  1
 206  53  1
  97  54  1
 228  54  1
 220  55  1
 151  56  1
  23  57  1
  53  57  1
  59  57  1
  79  57  1
  94  57  1
 194  57  1
 219  57  1
 220  57  1
 255  57  1
  44  58  1
  45  58  1
  46  58  1
  57  58  1
  76  58  1
  65  59  2
  66  59  1
  74  59  1
  83  59  1
  84  59  1
 129  59  1
 133  59  1
 204  59  1
 226  59  1
 241  59  1
  21  60  1
  43  60  1
  72  60  1
 125  60  1
 139  60  1
 140  60  1
 171  60  1
 185  60  1
 191  60  1
 192  60  1
 234  60  1
  38  61  1
  89  61  1
  90  61  1
 115  61  1
 119  61  1
 144  61  1
 221  61  1
 227  61  1
 123  62  1
 233  62  1
 250  62  1
  28  63  1
 144  63  1
 136  64  1
 176  64  1
 186  64  1
 187  64  1
 244  64  1
 250  64  1
 261  64  1
 180  66  1
 199  66  1
 200  66  1
  39  67  1
 151  67  1
 156  67  1
 249  68  1
 180  69  1
 212  69  1
 213  69  1
 251  69  1
 153  70  1
 203  70  1
 185  71  1
 190  71  1
 191  71  1
 215  71  1
 216  71  1
 159  72  1
 231  72  1
  26  73  1
 115  74  1
 211  74  1
  12  75  1
 120  75  1
 156  75  1
 180  75  1
  41  76  1
 111  76  1
 163  76  1
  24  77  1
  32  77  1
  35  77  1
  71  77  1
 148  78  1
 192  78  1
 193  78  1
 240  78  1
  16  79  1
  21  79  1
  46  79  1
  47  79  1
 107  79  1
 121  79  1
 157  79  1
 158  79  1
 172  79  1
 173  79  1
 208  79  1
 216  79  1
   9  80  1
  10  80  1
  38  80  1
  71  80  1
 144  80  1
 198  80  1
 265  80  1
 273  80  1
  26  81  1
  27  81  1
 118  81  1
 167  81  1
 254  81  1
 246  82  1
  16  83  1
  17  83  1
  22  83  1
  24  83  1
  75  83  1
 108  83  1
 135  83  1
 182  83  1
 183  83  1
 242  83  1
 268  83  1
 269  83  1
  54  84  1
  81  84  1
 141  84  1
 204  84  1
 145  85  1
 146  85  1
 152  85  1
 187  85  1
 197  85  1
  19  86  1
 148  86  1
 275  86  1
 276  86  1
  34  87  1
  46  87  1
  75  87  1
 128  87  1
 129  87  1
 224  87  1
  27  88  1
 141  88  1
   7  89  1
   8  89  1
  31  89  1
  40  89  1
  80  89  1
 183  89  1
 238  89  1
  66  90  1
  84  90  1
 136  90  1
 141  90  1
 143  90  1
 147  90  1
 153  90  1
 166  90  1
 188  90  1
 199  90  1
 206  90  1
 213  90  1
 235  90  1
  33  91  1
 117  91  1
 123  91  1
 228  91  1
 180  92  1
  12  93  1
  13  93  1
  94  93  1
  95  93  1
 105  93  1
 109  93  1
 234  93  1
 262  93  1
  77  94  1
  81  94  1
  99  94  1
 140  94  1
 142  94  1
 230  94  1
 167  95  1
 259  95  1
 265  95  1
  69  96  1
 172  96  1
 184  96  1
 206  96  1
 207  96  1
 161  97  1
 180  97  1
 210  97  1
 211  97  1
  32  98  1
 157  98  1
 195  98  1
 235  98  1
 240  98  1
 246  98  1
  10  99  1
  16  99  1
  17  99  1
 197  99  1
 256  99  1
 264  99  1
  41 100  1
 136 100  1
 138 100  1
 165 100  1
 221 100  1
 225 100  1
 246 100  1
 146 101  1
  31 102  1
  62 102  1
 165 102  1
 175 102  1
 213 102  1
 271 102  1
  82 103  1
 132 103  1
 146 103  1
 232 103  1
 251 103  1
 277 103  1
 278 103  1
  40 104  1
  65 104  1
 142 104  1
 177 104  1
 181 104  1
 183 104  1
 219 104  1
  85 105  1
 172 106  1
 176 106  1
 177 106  1
 211 106  1
 228 106  1
  90 107  1
 222 107  1
  42 108  1
 129 108  1
 130 108  1
 207 108  1
 219 108  1
  94 109  1
 106 109  1
 183 109  1
 184 109  1
 215 109  1
 271 109  1
   8 110  1
  81 110  1
 100 110  1
 128 110  1
 207 110  1
  60 111  1
  74 111  1
 109 111  1
 172 111  1
 173 111  1
 209 111  1
 210 111  1
 225 111  1
  83 112  1
  85 112  1
 275 112  1
  13 113  1
 154 113  1
 183 113  1
 184 113  1
 223 113  1
  91 114  1
 144 114  1
 161 114  1
 162 114  1
 194 114  1
 233 114  1
  48 115  1
  55 115  1
  56 115  1
 136 115  1
 196 115  1
 198 115  1
 205 115  1
 229 115  1
   1 116  1
   2 116  1
  80 116  1
  82 116  1
 118 116  1
 119 116  1
 124 116  1
 170 116  1
 174 116  1
 177 116  1
 236 116  1
 271 116  1
  15 117  1
  16 117  1
  48 117  1
  70 117  1
 148 117  1
  63 118  1
 114 118  1
 124 118  1
  47 119  1
  48 119  1
 154 119  1
 179 119  1
 262 119  1
 263 119  1
  73 120  1
 133 120  1
 193 120  1
 194 120  1
  45 121  1
  54 121  1
 217 121  1
 258 121  1
 259 121  1
 271 121  1
  34 122  1
  84 122  1
  85 122  1
  96 122  1
  97 122  1
 130 122  1
 150 122  1
 157 122  1
 182 122  1
 236 122  1
  39 123  1
  40 123  1
  71 123  1
  91 123  1
 115 123  1
  85 124  1
  99 124  1
 230 124  1
 268 124  1
 168 125  1
 195 125  1
 275 125  1
   7 126  1
  13 126  1
  83 126  1
 109 126  1
 179 126  1
 180 126  1
 264 126  1
  71 127  1
 134 127  1
  37 128  1
  48 128  1
  49 128  1
  63 128  1
  80 128  1
 149 128  1
 154 128  1
 193 128  1
 214 128  1
 233 128  1
  97 129  1
 111 129  1
  38 130  1
  39 130  1
  41 130  1
  77 130  1
 155 130  1
 239 130  1
 248 130  1
 214 131  1
 215 131  1
  17 132  1
  69 132  1
 172 132  1
 217 132  1
 270 132  1
 271 132  1
   1 133  1
  32 133  1
  86 133  1
  92 133  1
 102 133  1
 107 133  1
 111 133  1
 208 133  1
  36 134  1
  37 134  1
  38 134  1
  62 134  1
  99 134  1
 136 134  1
 183 134  1
 184 134  1
 237 134  1
 252 134  1
   6 135  1
   7 135  1
  67 135  1
 176 135  1
 232 135  1
 242 135  1
  14 136  1
  20 136  1
 165 136  1
 213 136  1
 224 136  1
 254 136  1
  67 137  1
  69 137  1
  71 137  1
 118 137  1
 235 137  1
 248 137  1
 265 137  1
  12 138  1
  13 138  1
  56 138  1
  65 138  1
  79 138  1
 108 138  1
 167 138  1
 193 138  1
 194 138  1
 209 138  1
 100 139  1
 102 139  1
  13 140  1
  22 140  1
  23 140  1
  31 140  1
 233 140  1
 238 140  1
 239 140  1
 251 140  1
 259 140  1
 260 140  1
 261 140  1
 266 140  1
 111 141  1
 118 141  1
 139 141  1
 256 141  1
 195 142  1
 222 142  1
 254 142  1
  66 143  1
 132 143  1
 188 143  1
 208 143  1
 212 143  1
 214 143  1
 246 143  1
  20 144  1
  71 144  1
  73 144  1
  91 144  1
 234 144  1
 265 144  1
  23 145  1
  39 145  1
  41 145  1
  43 145  1
  63 145  1
  64 145  1
 140 145  1
 142 145  1
 143 145  1
 225 145  1
 260 145  1
 276 145  1
  60 146  1
  75 146  1
   5 147  1
   6 147  1
  35 147  2
 201 147  1
 220 147  1
 260 147  1
 267 147  1
 276 147  1
 212 148  1
 184 149  1
 190 149  1
   6 150  1
   7 150  1
 115 150  1
 134 150  1
 135 150  1
 147 150  1
 180 150  1
 225 150  1
 139 151  1
 277 151  1
 278 151  1
  25 152  1
  29 152  1
  34 152  1
  39 152  1
  40 152  1
 235 152  1
 239 152  1
 245 152  1
  43 153  2
  44 153  1
  55 153  1
  57 153  1
  87 153  1
  88 153  1
 148 153  1
 220 153  1
 231 153  1
  15 154  1
 189 154  1
 199 154  1
  19 155  1
  71 155  1
 111 155  1
 133 155  1
 148 155  1
 160 155  1
 219 155  1
  49 156  1
  50 156  1
  51 156  1
 101 156  1
 113 156  1
 135 156  1
 178 156  1
 182 156  1
 229 156  1
 237 156  1
 276 156  1
  44 157  1
  46 157  1
  86 157  1
  87 157  1
 126 157  1
 131 157  1
 144 157  1
 145 157  1
  26 158  1
 188 158  1
 224 158  1
 225 158  1
  44 159  1
  74 159  1
 126 159  1
 248 159  1
 250 159  1
 251 159  1
  13 160  1
  20 160  1
  66 160  1
  83 160  1
 115 160  1
 175 160  1
 227 160  1
  28 161  1
  29 161  1
 106 161  1
 110 161  1
 152 161  1
 164 161  1
 195 161  1
 236 161  1
 261 161  1
 267 161  1
  18 162  1
  78 162  1
 190 162  1
 280 162  1
 281 162  1
  49 163  1
  99 163  1
 103 163  1
 138 163  1
 139 163  1
 147 163  1
 148 163  1
 184 163  1
 204 163  1
 226 163  1
  23 164  1
  26 164  1
 119 164  1
 141 164  1
 167 164  1
 214 164  1
  47 165  1
  64 165  1
 124 165  1
 145 165  1
 231 165  1
 234 165  1
 236 165  1
  90 166  1
 104 166  1
 116 166  1
 208 166  1
 251 166  1
  19 167  1
  40 167  1
  41 167  1
  51 167  1
 172 167  1
 264 167  1
 102 168  1
 216 168  1
 218 168  1
 269 168  1
  35 169  1
 184 169  1
 185 169  1
 204 169  1
 116 170  1
 145 170  1
 179 170  1
 209 170  1
 241 170  1
 261 170  1
 273 170  1
  23 171  1
  24 171  1
  61 171  1
 132 171  1
 190 171  1
 196 171  1
 248 171  1
  28 172  1
  40 172  1
 137 172  1
 202 172  1
 221 172  1
 223 172  1
 225 172  1
 240 172  1
 194 173  1
  35 174  1
 184 174  1
 205 174  1
 207 174  1
 151 175  1
 209 175  1
 214 175  1
 123 176  1
 192 176  1
  38 177  1
 115 177  1
 117 177  1
 187 177  1
 203 177  1
  44 178  1
 147 178  1
 148 178  1
 207 178  1
  48 179  1
  49 179  1
  63 179  1
  89 179  1
 122 179  1
 196 179  1
 215 179  1
  55 180  1
 129 180  1
 159 180  1
 160 180  1
 218 180  1
 228 180  1
  40 181  1
  72 181  1
 112 181  1
 199 181  1
 200 181  1
 201 181  1
 254 181  1
 256 181  1
  17 182  1
 126 182  1
 188 182  1
 121 183  1
 178 183  1
 179 183  1
 226 183  1
 236 183  1
 251 183  1
  31 184  1
  36 184  1
  37 184  1
  38 184  1
  47 184  1
  48 184  1
  74 184  1
  78 184  1
  87 184  1
 194 184  1
 196 184  1
 206 184  1
 214 184  1
 220 184  1
 238 184  1
 104 185  1
 174 185  1
 186 185  1
 255 185  1
  29 186  1
 148 186  1
 179 186  1
 196 186  1
 214 186  1
 220 186  1
  84 187  1
  92 187  1
  99 187  1
 144 187  1
 152 187  1
 176 187  1
  21 188  1
  22 188  1
  39 188  1
  52 188  1
  77 188  1
 106 188  1
 223 188  1
 224 188  1
  87 189  1
 114 189  1
 118 189  1
 133 189  1
 140 189  1
 212 189  1
  78 190  1
  41 191  1
  56 191  1
  57 191  1
 103 191  1
 148 191  1
 149 191  1
 189 191  1
 195 191  1
 212 191  1
  78 192  1
 107 192  1
 155 192  1
  47 193  1
  48 193  1
 111 193  1
 136 193  1
 137 193  1
 141 193  1
 268 193  1
  31 194  1
  84 194  1
 216 194  1
 217 194  1
 153 195  1
 236 195  1
  97 196  1
 103 196  1
 116 196  1
  79 197  1
  93 197  1
  94 197  1
 232 197  1
 233 197  1
 234 197  1
  55 198  1
 110 198  1
 136 198  1
 153 198  1
  73 199  1
 263 199  1
  39 200  1
  40 200  1
  56 200  1
  99 200  1
 220 200  1
 199 201  1
  95 202  1
 216 202  1
 221 202  1
  54 203  1
  78 203  1
 109 203  1
 116 203  1
 213 203  1
 253 203  1
  44 204  1
  73 204  1
 205 204  1
  61 205  1
 147 205  1
 148 205  1
  79 206  1
 124 206  1
 125 206  1
 209 206  1
 217 206  1
  39 207  1
  69 207  1
 144 207  1
 145 207  1
 202 207  1
  73 208  1
 116 208  1
 255 208  1
  50 209  1
 153 209  1
 236 209  1
 244 209  1
  43 210  1
 140 210  1
 145 211  1
 204 211  1
 216 211  1
 114 212  1
 235 212  1
 138 213  1
 202 213  1
  98 214  1
 234 214  1
 246 214  1
  93 215  1
 103 215  1
 147 215  1
  65 216  1
  80 216  1
  81 216  1
 112 216  1
 113 216  1
 150 216  1
  78 217  1
 202 217  1
 200 218  1
  72 219  1
 144 219  1
 126 220  1
 127 220  1
 213 221  1
 234 221  1
 235 221  1
  87 222  1
  88 222  1
 104 222  1
 112 222  1
 149 222  1
  92 223  1
 114 223  1
 165 223  1
  71 224  1
 102 224  1
 192 224  1
 195 224  1
 231 224  1
 152 225  1
 210 225  1
 227 225  1
 239 225  1
  77 226  1
 137 226  1
 202 226  1
  62 227  1
  96 227  1
 140 227  1
 171 227  1
  69 228  1
 111 228  1
 112 228  1
 121 228  1
 145 228  1
 201 228  1
 215 228  1
 223 228  1
 234 228  1
  86 230  1
 142 230  1
 163 230  1
 230 230  1
 231 230  1
 118 231  1
 149 231  1
 196 231  1
 218 231  1
  91 232  1
 115 232  1
 146 232  1
 175 232  1
 167 233  1
 224 233  1
 225 233  1
  79 234  1
 172 234  1
 200 234  1
 167 235  1
 209 235  1
 179 236  1
 201 236  1
  88 239  1
 101 239  1
  95 240  1
  96 240  1
 156 240  1
 213 240  1
 113 242  1
 101 243  1
 110 243  1
 155 245  1
  95 246  1
 119 246  1
 151 246  1
 147 247  1
 149 247  1
 172 248  1
 127 249  1
 128 249  1
 188 249  1
 151 250  1
 120 252  1
 122 252  1
 150 252  1
 151 252  1
 169 252  1
 146 253  1
 156 253  1
 183 253  1
 127 254  1
 135 257  1


count = 1091