 169   1  1
 173   1  1
 179   2  1
 149   4  1
 186   4  1
 130   7  1
 160   8  1
 169   8  1
 202   8  1
 204   9  1
 123  10  1
 147  10  1
 168  11  1
 169  11  1
 208  11  1
 160  12  1
 117  13  1
 165  14  1
 134  15  1
 136  16  1
  93  17  1
 144  18  1
 155  18  1
 156  18  1
 218  18  1
 143  20  1
 150  20  1
 151  20  1
 210  22  1
  75  23  1
  77  23  1
 153  23  1
 142  24  1
 209  25  1
 226  25  1
 148  26  1
 149  26  1
 115  27  1
 206  27  1
 105  28  1
 112  29  1
 120  30  1
 121  30  1
  58  31  1
 106  31  1
 110  31  1
 111  31  1
 116  32  1
 235  32  1
 107  33  1
 112  33  1
 120  34  2
  51  35  1
 107  35  1
 109  35  1
 118  35  1
 153  35  1
 102  36  1
 103  36  1
 133  36  1
 143  36  1
 149  36  1
 200  36  1
 204  36  1
 161  38  1
  45  39  1
 100  39  1
 108  39  1
 141  40  1
 142  40  1
 157  41  1
 204  41  1
 205  41  1
 107  43  1
 108  43  1
 160  43  1
 161  43  1
 203  43  1
  37  44  1
 141  44  1
 142  44  1
  97  45  1
  99  45  2
 101  45  1
 167  45  1
 135  46  1
 123  47  1
 128  47  1
 131  48  1
 103  49  1
 171  49  1
  97  51  1
  98  51  1
 103  51  1
 149  51  1
 201  51  1
 222  51  1
 121  52  1
 122  52  1
 164  52  1
 218  52  1
 220  52  1
  27  53  1
 107  53  1
 159  53  1
  88  54  1
 121  54  1
 145  54  1
 197  54  1
 217  54  1
 224  54  1
  96  55  1
  97  55  1
 133  55  1
 134  55  1
 150  55  1
 166  55  1
 167  55  1
 210  55  1
 122  56  1
 161  56  1
  23  57  1
 136  57  1
 189  57  1
 196  58  1
 197  58  1
 158  59  1
 201  59  1
 208  59  1
 221  59  1
 109  60  1
 148  60  1
 217  60  1
  73  61  1
  77  61  1
  96  62  1
  97  62  1
 203  62  1
 215  62  1
 103  63  1
 133  63  1
 154  63  1
 166  63  1
  65  64  1
  66  64  1
  81  64  1
  82  64  1
 127  65  1
 128  65  1
 158  65  1
  15  66  1
  72  66  1
  73  66  1
  80  66  1
  81  66  1
 165  67  1
 262  67  1
 107  68  1
 108  68  1
 144  68  1
  68  69  1
 148  69  1
 158  69  1
 159  69  1
 108  70  1
 141  70  2
 142  70  1
 158  71  1
 264  71  1
 109  72  1
 205  72  1
 178  73  1
 180  73  1
 198  74  1
 203  74  1
 150  75  1
 151  75  1
   8  77  1
 176  77  1
 198  77  1
 203  77  1
 104  78  1
 147  78  1
 139  79  1
 168  80  1
 166  81  1
 197  81  1
 224  82  1
   5  83  1
   6  83  1
 126  84  1
 100  86  1
 119  86  1
 134  86  1
 135  86  1
 161  86  1
 170  86  1
 114  88  1
 175  88  1
  60  89  1
  79  89  1
 251  89  1
 151  90  1
 153  90  1
 154  90  1
 171  90  1
 236  90  1
 237  90  1
  83  91  1
 140  91  1
 144  91  1
 164  91  1
 102  92  1
  29  93  1
 176  93  1
 274  93  1
 275  93  1
 226  94  1
 233  94  1
  84  95  1
 223  95  1
 245  95  1
 247  95  1
 165  96  1
 171  98  1
 237  98  1
 276  98  1
 277  98  1
  30  99  1
  38 100  1
  71 100  1
 168 101  1
  65 102  1
  47 103  1
  41 104  1
  28 105  1
  86 105  1
 181 105  1
  89 106  1
  35 107  1
  37 107  1
 128 107  1
 178 109  1
 122 110  1
 192 110  1
 197 110  1
  31 111  1
  74 111  1
 114 111  1
 114 113  1
 123 113  1
 124 113  1
 174 113  1
 203 113  1
  80 114  1
  82 114  1
  85 115  1
 116 115  1
 165 115  1
 174 115  1
 198 115  1
 150 116  1
 210 116  1
  29 118  1
  30 118  1
  92 118  1
  93 118  1
 113 118  1
 129 118  1
 172 118  1
 191 118  1
  12 119  1
  16 119  1
 147 119  1
  19 120  1
  81 120  1
 187 120  1
 200 120  1
  26 121  1
  28 121  1
  91 121  1
 100 121  1
 118 123  1
  31 124  1
  32 124  1
 187 124  1
 188 124  1
  60 125  1
 115 125  1
 193 125  1
 199 125  1
 265 125  1
  40 126  1
  41 126  1
 240 126  1
 275 126  1
  28 127  1
  54 127  1
  71 127  1
  74 127  1
 201 127  1
 221 128  1
 225 128  1
 258 128  1
  14 129  1
  54 129  1
 121 129  1
 184 129  1
 272 129  1
  40 130  1
 197 130  1
 228 130  1
 250 130  1
 256 130  1
 258 130  1
   7 131  1
   8 131  1
  28 131  1
 185 131  1
 238 131  1
  70 132  1
  73 132  1
  74 132  1
  50 133  1
  61 133  1
 144 133  1
 148 133  1
 185 133  1
 260 133  1
  11 134  1
  44 134  1
 249 134  1
 253 134  1
  61 135  1
  76 135  1
 196 135  1
 228 135  1
  44 136  1
  52 136  1
 173 136  1
  60 137  1
  81 137  1
 180 137  1
 214 137  2
 119 138  1
 121 138  1
 122 138  1
 125 138  1
 169 139  1
 182 139  1
 189 139  1
 241 139  1
 107 140  1
 174 140  1
 175 140  1
  83 141  1
  85 141  1
  88 141  1
  99 141  1
 104 141  1
  20 143  1
  22 143  1
 119 143  1
 160 143  1
 168 143  1
 181 143  1
 182 143  1
 175 144  1
 176 144  1
 203 144  1
 204 144  1
 224 144  1
 243 144  1
  89 145  1
 194 145  1
 215 145  1
 232 145  1
 233 145  1
 237 145  1
  77 146  1
 125 146  1
 126 146  1
 269 148  1
 108 149  1
 263 149  1
 265 149  1
  97 150  1
 157 150  1
 213 150  1
 241 150  1
 176 151  1
 254 151  1
 210 152  1
  70 153  1
  91 153  1
 169 153  1
 204 153  1
 205 153  1
  86 154  1
 181 154  1
 214 154  1
 244 154  1
   1 156  1
   2 156  1
 237 156  1
 238 156  1
 255 156  1
 261 156  1
 262 156  1
  84 157  1
 219 157  1
 199 158  1
 200 158  1
 252 158  1
 163 159  1
 241 159  1
 274 159  1
  69 160  1
 237 160  1
 248 160  1
 249 160  1
 267 160  1
 189 161  1
   3 162  1
   4 162  1
 102 164  1
 192 164  1
 232 164  2
 233 164  1
 234 164  1
  83 166  1
 164 166  1
 102 167  1
   5 168  1
   6 168  1
 176 168  1
  74 170  1
 147 170  1
 154 170  1
 170 170  1
 179 170  1
 183 170  1
 200 170  1
 201 170  1
 242 170  1
   6 171  1
   7 171  1
 190 171  1
 194 171  1
 237 171  1
  61 172  1
 142 172  1
 155 172  1
 160 172  1
 278 172  1
 279 172  1
 234 173  1
  90 175  1
 163 175  1
 277 175  1
 278 175  1
 141 176  1
 168 176  1
 169 176  1
 198 176  1
 240 176  1
  97 177  1
  92 178  1
 140 178  1
 231 178  1
 145 179  1
 177 179  1
 170 180  1
 171 180  1
 209 180  1
 210 180  1
 142 183  1
 143 183  1
 148 186  1
 155 186  1
 163 186  1
 206 186  1
 184 187  1
 189 188  1
 165 189  1
 205 189  1
 153 190  1
 271 190  1
 161 192  1
 162 192  1
 163 192  1
 224 194  1
  16 195  1
  17 195  1
 227 197  1
 127 199  1
 230 199  1
 231 199  1
 163 200  1
 164 200  1
 191 200  1
 153 201  1
 158 202  1
 235 202  1
 240 202  1
 162 204  1
 163 204  1
 246 204  1
 109 205  1
 123 205  1
 125 205  1
 128 205  1
 149 205  1
 186 206  1
 262 206  1
 139 207  1
 146 207  1
 202 207  1
 203 207  1
 154 208  1
 261 208  1
 121 209  1
 195 209  1
 135 210  1
 136 210  1
 149 210  1
 116 211  1
 169 211  1
  36 212  1
 167 212  1
 192 212  1
 111 213  1
  49 214  1
  53 214  1
 200 214  1
 116 215  1
 117 215  1
 130 215  1
 182 215  1
 191 215  1
 200 216  1
 247 216  1
  44 217  1
 182 217  1
 243 217  1
 255 217  1
  55 218  1
 148 218  1
 149 218  1
 188 218  1
 140 219  1
 113 220  1
 156 221  1
 161 221  1
 162 221  1
 243 222  1
 130 223  1
 131 223  1
 149 223  1
 153 225  1
 159 225  1
 187 226  1
  96 228  1
  98 228  1
 200 228  1
 201 228  1
  60 230  1
  66 233  1
  68 233  1
  95 233  1
 196 233  1
  71 234  1
 123 234  1
 191 234  1
 192 234  1
 240 234  1
 131 235  1
 152 238  1
 180 238  1
 187 238  1
 191 238  1
 234 238  1
  77 239  1
 106 239  1
 107 239  1
 122 239  1
 195 239  1
  96 240  1
 159 241  1
 101 242  1
 124 242  1
 184 242  1
 150 244  1
 172 244  1
 177 244  1
 223 244  1
 150 246  1
 168 246  1
 196 247  1
 149 248  1
 150 248  1
 131 249  1
 172 249  1
 173 249  1
 214 249  1
 134 250  1
 157 250  1
 209 251  1
 200 254  1


count = 609