 175   1  1
 156   2  1
 182   2  1
 152   3  1
 186   3  1
 188   4  1
 196   8  1
 117   9  1
 138  11  1
 107  13  1
 132  13  1
 205  13  1
 103  14  1
 117  16  1
 137  16  1
 110  18  1
 111  18  1
 202  18  1
  88  19  1
 213  19  1
  83  20  1
 117  20  1
 135  21  1
 205  21  1
 100  22  1
 124  22  1
 125  22  1
  77  23  1
  78  23  1
  94  23  1
 170  23  1
 177  23  1
 201  24  1
 221  24  1
  92  25  1
 175  25  1
 177  25  1
 185  25  1
  87  26  1
  73  27  1
 122  27  1
 177  27  1
 102  28  1
 103  28  1
 132  28  1
 141  28  1
 190  28  1
 196  28  1
  67  29  1
 135  29  1
 158  29  1
 186  29  1
 187  29  1
 205  29  1
 141  30  1
 169  30  1
 170  30  1
 208  30  1
  60  31  1
 179  31  1
  57  32  1
  96  32  1
 141  32  1
 203  32  1
  77  33  1
 120  33  1
 126  33  1
 185  33  1
 213  33  1
  70  34  1
 144  34  1
  54  35  1
 146  35  1
 189  35  1
 190  35  1
 191  35  1
 201  35  1
 206  35  1
 207  35  1
  50  36  1
  51  36  1
 160  37  1
 161  37  1
  47  38  1
 175  38  1
 202  38  1
 238  38  1
 100  39  1
 101  39  1
 211  39  1
 119  40  1
 187  40  1
  61  41  1
  96  41  1
  97  41  1
 194  41  1
 107  42  1
 117  42  1
 121  42  1
 122  42  1
 190  42  1
 244  42  1
  33  43  1
  34  43  1
  48  43  1
 113  43  1
 176  43  1
 177  43  1
 204  43  1
 209  43  1
  97  44  1
 183  44  1
  30  45  1
  60  45  1
  61  45  1
 102  46  1
 106  46  1
  58  47  1
 160  47  1
 161  47  1
 178  47  1
 250  47  1
 108  48  1
 192  48  1
 112  50  1
 118  50  1
 121  50  1
 208  50  1
 158  51  1
  32  52  1
  58  52  1
  43  53  1
  61  53  1
  62  53  1
  30  54  1
  32  54  1
  47  54  1
 128  54  1
  53  56  1
  54  56  1
 105  56  1
  74  57  1
 133  57  1
  71  58  1
 193  58  1
 195  58  1
  45  59  1
 243  59  1
 247  59  1
  63  60  1
 159  60  1
 110  62  1
 117  62  1
 136  62  1
 189  62  1
 190  62  1
 239  62  1
  14  63  1
  23  63  1
  41  63  1
  47  63  1
  55  63  1
  56  63  1
  57  63  1
 161  63  1
 162  63  1
  29  64  1
  65  64  1
  41  65  1
  61  65  1
 259  65  1
  48  66  1
 108  66  1
 145  66  1
 239  66  1
 269  67  1
 270  67  1
  21  68  1
  28  68  1
  35  68  1
 103  68  1
 122  68  1
 172  68  1
  71  69  1
 257  69  1
  11  70  1
 209  70  1
  73  71  1
 118  71  1
 157  71  1
 177  71  1
 193  71  1
 211  71  1
 212  71  1
 164  72  1
 237  72  1
 273  72  1
  68  73  1
 114  73  1
 118  73  1
 123  73  1
 124  73  1
 181  73  1
 182  73  1
 246  73  1
 247  73  1
  96  74  1
  98  74  1
 100  74  1
  87  75  1
 209  75  1
 213  75  1
 225  75  1
 226  75  1
 242  75  1
 250  75  1
 251  75  1
  91  76  1
 169  76  1
 178  76  1
 179  76  1
 207  76  1
  74  77  1
 103  77  1
 192  77  1
 217  77  1
 226  77  1
 253  77  1
 254  77  1
 277  77  1
  78  78  1
  92  78  1
 173  78  1
 174  78  1
  68  79  1
 123  79  1
 144  79  1
 149  79  1
 225  79  1
 226  79  1
  71  80  1
 219  80  1
  79  81  1
 199  81  1
 228  81  1
  83  82  1
  92  82  1
 179  82  1
 186  82  1
 191  82  1
 253  82  1
 105  83  1
 175  83  1
 232  83  1
 128  84  1
 140  84  1
 258  84  1
  78  85  1
  94  85  1
 123  85  1
 135  85  1
 136  85  1
 280  85  1
 281  85  1
  84  86  1
  85  86  1
 181  86  1
  75  87  1
  76  87  1
 194  87  1
 236  87  1
 260  87  1
   4  88  1
   5  88  1
  70  88  1
  94  88  1
  95  88  1
 103  89  1
 104  89  1
 131  89  1
 186  89  1
 192  89  1
 269  89  1
 270  89  1
  72  90  1
  98  90  1
 237  90  1
  75  91  1
  80  91  1
 128  91  1
 129  91  1
 177  91  1
 197  91  1
 198  91  1
 257  91  1
  55  92  1
 183  92  1
 245  92  1
 282  92  1
 283  92  1
 149  93  1
 205  93  1
 271  93  1
  60  94  1
 183  94  1
 245  94  1
   9  95  1
  10  95  1
 124  95  1
 205  95  1
   3  96  1
   4  96  1
  51  96  1
 109  96  1
 196  96  1
 197  96  1
  79  97  1
 105  97  1
 241  97  1
 186  98  1
 187  98  1
  69  99  1
 100  99  1
 151  99  1
 208  99  1
  48 100  1
  81 100  1
 114 100  1
 186 101  1
 248 101  1
 148 102  1
 101 103  1
 102 103  1
  21 104  1
  39 104  1
  97 104  1
  98 104  1
 104 104  1
 193 104  1
 196 104  1
 197 104  1
  37 105  1
 108 105  1
 136 105  1
  85 106  1
 130 106  1
 201 106  1
 242 106  1
 248 106  1
  24 107  1
  26 107  1
  53 107  1
 122 107  1
 123 107  1
 187 107  1
 280 107  1
 281 107  1
  74 108  1
 102 108  1
 129 108  1
   9 109  1
  14 109  1
 178 109  1
 196 109  1
 252 109  1
  57 110  1
  59 110  1
  87 110  1
 117 110  1
 182 110  1
  22 111  1
  76 111  1
  89 111  1
 176 111  1
   2 112  1
  18 112  1
 198 112  1
  50 113  1
 121 113  1
 172 113  1
 174 113  1
  11 114  1
  62 114  1
 108 114  1
 113 114  1
 193 114  1
 254 114  1
  15 115  1
  45 115  1
  68 115  1
 177 115  1
  56 116  1
 117 116  1
  67 117  1
 162 117  1
 171 118  1
 185 118  1
 223 118  1
 250 118  1
  17 119  1
 193 119  1
 238 119  1
 178 120  1
 179 120  1
 118 121  1
 159 121  1
 205 121  1
 228 121  1
 233 121  1
 255 121  1
  13 122  1
  59 122  1
 169 122  1
 182 122  1
 183 122  1
 184 122  1
  23 123  1
 116 123  1
 190 123  1
 195 123  1
 228 123  1
 237 123  1
 248 123  1
 276 123  1
  18 124  1
  54 125  1
 173 125  1
 174 125  1
 176 125  1
 248 125  1
  12 126  1
  33 126  1
  37 126  1
 179 126  1
 266 126  1
  19 127  1
 214 127  1
 215 127  1
  83 128  1
 105 128  1
 160 128  1
 179 128  1
 223 128  1
  19 129  1
  55 129  1
 174 129  1
 112 130  1
 149 130  1
 150 130  1
   6 131  1
  16 131  1
 116 131  1
 124 131  1
 159 131  1
   4 132  1
  31 132  1
 127 132  1
 179 132  1
 186 132  1
 239 132  1
 243 132  1
 257 132  1
 272 132  1
  17 133  1
 174 133  1
 216 133  1
 217 133  1
 250 133  1
 265 133  1
  59 134  1
 161 134  1
 272 134  1
 273 134  1
  39 135  1
 117 135  1
   1 136  1
  19 136  1
  23 136  1
  56 136  1
 157 136  1
 180 136  1
 195 136  1
 258 136  1
 115 137  1
 132 137  1
 135 137  1
 136 137  1
 211 137  1
 247 137  1
   1 138  1
  30 138  1
  34 138  1
 161 138  1
 168 138  1
 187 138  1
 199 138  1
 263 138  1
  87 139  1
  88 139  1
   6 140  1
   7 140  1
  46 141  1
  23 142  1
  38 142  1
 166 142  1
 179 142  1
 180 142  1
 181 142  1
 187 142  1
  15 143  1
 135 143  1
 136 143  1
  72 144  1
 184 145  1
 270 145  1
  71 146  1
 140 146  1
 277 146  1
 278 146  1
   1 147  1
  52 147  1
 177 147  1
 268 147  1
   6 148  1
  15 148  1
  16 148  1
 174 148  1
 180 148  1
 181 148  1
 194 148  1
  46 149  1
  79 149  1
  80 149  1
   9 150  1
  16 150  1
 120 150  1
  49 151  1
 118 152  1
 203 152  1
 180 153  1
 181 153  1
 207 153  1
 214 153  1
   9 154  1
  16 154  1
 118 154  1
  66 155  1
  67 155  1
 219 155  1
  73 156  1
 117 156  1
   6 157  1
  18 157  1
  34 157  1
  36 157  1
  47 157  1
 187 157  1
 268 157  1
   1 158  1
  98 158  1
 100 158  1
 193 158  1
 206 158  1
 266 158  1
  28 159  1
 123 159  1
  21 160  1
 272 160  1
 273 160  1
 274 160  1
 101 161  1
   1 162  1
  95 162  1
 134 162  1
 194 162  1
 195 162  1
 206 162  1
 210 162  1
 186 163  1
  20 164  1
 134 164  1
 217 164  1
 227 164  1
 232 164  1
   1 165  1
   2 165  1
 100 165  1
 106 165  1
 123 165  1
 186 165  1
 187 165  1
 243 165  1
 263 165  1
 264 165  1
 110 166  1
 132 166  1
 160 166  1
 247 166  1
  93 167  1
  94 167  1
 130 167  1
 163 167  1
 166 167  1
 190 168  1
 212 168  3
 213 168  1
 214 168  1
  99 169  1
 133 169  1
 186 169  1
 233 169  1
 263 169  1
 270 169  1
 271 169  1
  24 170  1
 103 170  1
 118 171  1
 170 172  1
 219 172  1
 221 172  1
 226 172  1
 213 173  1
 237 173  1
 260 173  1
  20 174  1
  29 174  1
 143 174  1
 177 174  1
 178 174  1
 196 174  1
 229 174  1
 244 174  1
  24 175  1
 210 175  1
 211 175  1
 271 175  1
 272 175  1
  11 176  1
  37 176  1
 122 176  1
 126 176  1
 145 176  1
 229 176  1
 230 176  1
  14 177  1
 160 177  1
 167 177  1
 180 177  1
 256 178  1
 258 178  1
 269 178  1
 115 179  1
 203 179  1
 244 179  1
 245 179  1
 266 179  1
 278 179  1
 279 179  1
   7 180  1
  15 180  1
  22 180  1
 163 180  1
 176 180  1
 182 180  1
  13 181  1
  27 181  1
 125 181  1
 210 181  1
 211 181  1
  67 182  1
 135 182  1
 150 182  1
 260 182  1
  61 183  1
 155 183  1
 175 183  1
 254 183  1
 265 183  1
  24 184  1
 133 184  1
 134 184  1
 135 184  1
 168 184  1
 238 184  1
 259 184  1
 260 184  1
 196 186  1
 202 186  1
 242 186  1
 251 186  1
 275 186  1
 110 187  1
 183 187  1
 186 187  1
 187 187  1
 188 187  1
  71 188  1
  73 188  1
 155 188  1
 233 189  1
 242 189  1
  12 191  1
  13 191  1
  93 191  1
  80 192  1
  82 192  1
 137 192  1
  86 193  1
 121 193  1
 150 193  1
 144 194  1
 229 194  1
  68 195  1
  69 195  1
 131 195  1
 133 195  1
  78 196  1
 136 197  1
 150 197  1
  18 198  1
 152 198  1
 153 198  1
 189 198  1
 221 198  1
  77 199  1
 141 199  1
 146 199  1
 204 199  2
 205 199  1
 214 199  1
 188 200  1
  66 201  1
  71 201  1
  32 202  1
 246 202  1
 250 202  1
 121 203  1
 122 203  1
 152 203  1
 186 203  1
 192 203  1
 209 203  1
 259 203  1
 127 204  1
 128 204  1
 130 204  1
 205 204  1
 142 205  1
 148 205  1
 149 205  1
 198 205  2
  36 207  1
  74 207  1
 132 207  1
 196 207  2
 198 207  1
 123 208  1
 125 208  1
 205 208  1
  74 209  5
 116 209  1
 138 209  1
 121 210  1
 141 210  1
 188 210  1
  47 211  1
  48 211  1
  63 211  1
  69 211  1
 200 211  1
 251 211  1
  60 212  1
  76 212  1
 192 212  1
  53 213  1
  54 213  1
 109 214  1
 110 214  1
 134 214  1
 141 214  1
  44 215  1
  59 215  1
 122 215  1
 110 216  1
 116 216  1
 170 216  1
 228 216  1
 229 216  1
 230 216  1
  59 217  1
  61 217  1
 174 217  1
 244 217  1
  99 218  1
 226 218  1
  92 219  1
 107 219  1
 164 219  1
 238 219  1
 239 219  1
  75 220  1
  81 220  1
 121 220  1
 122 220  1
  66 221  1
  67 221  1
 107 221  1
  70 222  1
 234 222  1
  57 223  1
 181 223  1
 183 224  1
  91 225  1
  92 225  1
  68 226  1
 125 226  1
  91 227  1
 121 227  1
 221 227  1
 222 227  1
 137 228  1
 162 228  1
 116 229  1
 133 229  1
  95 230  1
 121 231  1
 103 232  1
 136 232  1
 181 232  1
  92 234  1
  93 234  1
 127 234  1
 132 234  1
 194 234  1
 195 234  1
  96 235  1
 213 235  1
 101 237  1
 116 237  1
 189 237  1
 121 238  1
 132 239  1
 110 241  1
 200 241  1
 198 243  1
 125 245  1
 192 247  1
 143 249  1
 180 253  1
 157 254  1
 159 255  1


count = 851