 132   1  1
 136   1  1
 145   1  1
 123   3  1
 184   3  1
 118   4  1
 191   6  1
 195   7  1
 100   8  1
 130   9  1
 134   9  1
 141   9  1
 160   9  1
 122  10  1
 147  10  1
 168  10  1
 149  11  1
  88  12  1
 203  12  1
 144  13  1
 184  13  1
  86  14  1
 174  14  1
 207  14  1
 209  14  1
 123  15  1
 124  15  1
 189  15  1
 211  15  1
  99  16  1
 166  16  1
 167  16  1
 196  17  1
 197  17  1
 215  17  1
  72  18  1
 180  18  1
 127  19  1
 128  19  1
  68  20  1
  87  20  1
 137  20  1
 151  20  1
 152  20  1
 183  20  1
  96  21  1
  78  22  1
 111  22  1
 112  22  1
 128  22  1
 129  22  1
 134  22  1
 171  22  1
 172  22  1
  87  23  1
  88  23  1
 146  23  1
 147  23  1
 182  23  1
 193  23  1
 211  23  1
 212  23  1
  78  24  1
 162  24  1
 112  25  1
  70  26  1
  76  26  1
 169  26  1
 210  26  1
 211  26  1
 216  27  1
 167  28  1
  68  29  1
 204  29  1
 206  29  1
  96  30  1
 121  30  1
 126  30  1
 215  30  1
 216  30  1
  62  31  1
  49  32  1
  92  32  1
  93  32  1
 120  32  1
 133  32  1
 134  32  1
 155  32  1
 165  33  1
 150  34  1
  64  36  1
  69  36  1
  70  36  1
 139  36  1
 140  36  1
 179  36  1
 180  36  1
 153  37  1
 155  37  1
 157  37  1
 159  37  1
 209  37  1
 210  37  1
  60  38  1
  90  38  1
  91  38  1
 104  38  1
 105  38  1
 188  38  1
 153  39  1
 159  39  1
 203  39  1
  67  40  1
  92  41  1
  93  41  1
 110  41  1
 180  41  1
 215  41  1
 216  41  1
 183  42  1
 184  42  1
 185  42  1
 173  43  1
 222  43  1
 224  43  1
  59  44  1
  98  44  1
 101  44  1
 158  44  1
 159  44  1
 197  44  1
 170  45  1
 177  45  1
  45  46  1
  56  46  1
 211  46  1
 222  46  1
  69  47  1
 111  47  1
 130  47  1
 218  47  1
  47  48  1
 204  48  1
 133  49  1
  81  50  1
  82  50  1
 189  50  1
  68  51  1
 105  51  1
  37  52  1
  44  52  1
 101  52  1
 159  52  1
 139  53  1
 210  53  1
 253  53  1
 201  54  1
  33  55  1
  34  55  1
 207  55  1
  41  56  1
  45  56  1
 160  56  1
 161  56  1
 180  56  1
 182  56  1
 184  56  1
 185  56  1
 194  56  1
 216  56  1
 217  56  1
  51  57  1
  66  57  1
  67  57  1
 139  57  1
 196  57  1
 197  57  1
 154  58  1
 155  58  1
 202  59  1
 245  59  1
 259  59  1
  45  60  1
  46  60  1
 145  60  1
 212  60  1
 162  61  1
 148  62  1
 150  62  1
 261  62  1
 262  62  1
  46  63  1
 165  63  1
 247  63  1
 139  64  1
 151  64  1
  47  65  1
 153  65  1
 170  65  1
  45  66  1
 198  66  1
 250  66  1
  53  67  1
  65  67  1
 153  67  1
 207  67  1
 213  67  1
 105  68  1
 106  68  1
 146  68  1
  46  69  1
  63  69  1
  65  69  1
 247  69  1
 248  69  1
 164  70  1
  47  71  1
  53  71  1
 108  72  1
 109  72  1
 259  72  1
 172  73  1
  12  74  1
  48  75  1
  49  75  1
 164  75  1
 161  76  1
 167  76  1
 172  76  1
 263  77  1
 113  78  1
 246  78  1
 261  78  1
  58  79  1
  60  79  1
   7  80  1
 218  80  1
 250  81  1
  57  83  1
 210  83  1
 254  83  1
 223  84  1
 273  84  1
 274  84  1
 148  86  1
 164  86  1
 118  87  1
 141  87  1
 233  87  1
 234  87  1
 126  88  1
 217  88  1
 218  88  1
 156  89  1
 182  89  1
 201  90  1
 235  90  1
 236  90  1
 151  91  1
 224  92  1
  89  93  1
 237  93  1
 238  93  1
  20  94  1
  22  94  1
  95  94  1
 138  94  1
 199  95  1
 200  95  1
 206  95  1
 222  95  1
 195  96  1
 238  96  1
 176  98  1
 196  98  1
  17  99  1
 182  99  1
 223  99  1
   4 100  1
   5 100  1
 195 100  1
 196 100  1
 280 100  1
 281 100  1
  14 101  1
  15 101  1
  94 101  1
 183 101  1
 202 101  1
  26 102  1
  40 102  1
  48 102  1
  68 102  1
  22 103  1
 172 103  1
 226 103  1
 227 103  1
  30 104  1
 255 104  1
 256 104  1
  32 105  1
  62 105  1
  64 105  1
  51 106  1
  68 106  1
  73 106  1
 126 106  1
   2 107  1
   3 107  1
  10 107  1
  11 107  1
  17 107  1
  18 107  1
  19 107  1
  40 107  1
  83 107  1
 201 107  1
 203 107  1
 258 107  1
  57 108  1
  98 109  1
 229 109  1
 230 109  1
  72 110  1
  91 110  1
 130 110  1
 216 110  1
 217 110  1
 267 110  1
 268 110  1
 274 110  1
  47 111  1
  65 111  1
 134 111  1
 159 112  1
 176 112  1
   8 113  1
  12 113  1
  51 113  1
  57 113  1
 138 113  1
 166 113  1
 174 113  1
 276 113  1
  83 114  1
  94 114  1
 102 114  1
 129 114  1
 154 114  1
 109 115  1
 171 115  1
 222 115  1
 223 115  1
 272 115  1
  46 116  1
 229 116  2
 111 117  1
 131 117  1
 138 117  1
 231 117  1
 268 117  1
  61 118  1
  65 118  1
  88 118  1
 151 118  1
 160 118  1
 258 118  1
 274 118  1
   1 119  1
  52 119  1
  95 119  1
 280 119  1
 281 119  1
  72 120  1
 113 120  1
 169 120  1
 118 121  1
 134 121  1
 232 121  1
   5 122  1
  54 122  1
 100 122  1
 101 122  1
 123 122  1
 152 122  1
   7 123  1
 129 123  1
 225 123  1
 249 123  1
   1 124  1
 109 124  1
 238 124  1
  52 125  1
  59 125  1
  68 125  1
 125 125  1
 129 125  1
 150 125  1
  81 126  1
 102 126  1
 269 126  1
   3 127  1
  41 127  1
  66 127  1
  78 127  1
 179 127  1
 275 127  1
 276 127  1
 165 128  1
  11 129  1
  27 129  1
  34 129  1
  43 129  1
  61 129  1
 112 129  1
 118 129  1
 132 129  1
 223 129  1
  14 130  1
  15 130  1
  71 130  1
 181 130  1
 185 130  1
 232 130  1
 233 130  1
 236 130  1
 238 130  1
 257 130  1
  36 131  1
  47 131  1
 215 131  1
 274 131  1
 275 131  1
  73 132  1
 200 132  1
 212 132  1
 244 132  1
 245 132  1
  40 133  1
  51 133  1
  56 133  1
 195 133  1
 218 133  1
 225 133  1
 256 133  1
  25 134  1
  86 134  1
 178 134  1
 184 134  1
 185 134  1
  64 135  1
 166 135  1
 195 135  1
 227 135  1
 232 135  1
 233 135  1
 266 135  1
 267 135  1
  44 136  1
  48 136  1
 101 136  1
 108 136  1
 152 136  1
 153 136  1
 163 136  1
 170 136  1
 171 136  1
 172 136  1
  67 137  1
 195 137  1
 232 137  1
 254 137  1
  78 138  1
  79 138  1
 186 138  1
  72 139  1
 112 139  1
 241 139  1
 243 139  1
 227 140  1
 251 140  1
 257 140  1
 260 140  1
  13 141  1
  14 141  1
  47 141  1
  62 141  1
  67 141  1
 222 141  1
  71 142  1
 108 142  1
 239 142  1
 251 142  1
  99 143  1
 100 143  1
 233 143  1
  43 144  1
  52 144  1
 196 144  1
  97 145  1
 168 145  1
 230 145  1
 256 145  1
 266 145  1
 268 145  1
  67 146  1
 110 146  1
 111 146  1
 191 146  1
 274 147  1
 275 147  1
  13 148  1
  14 148  1
 112 148  1
   4 149  1
   5 149  1
  38 149  1
 201 149  1
 202 149  1
  69 150  1
 161 150  1
 162 150  1
 228 150  1
  67 151  1
 110 151  1
 111 151  1
 165 151  1
  81 152  1
  88 152  1
 100 152  1
 102 152  1
 225 152  1
 226 152  1
 257 152  1
  72 153  1
 247 153  1
  58 154  1
  76 154  1
 105 154  1
 106 154  1
 213 154  1
 214 154  1
   8 155  1
 159 155  1
 223 155  1
 247 155  1
 168 156  1
 237 156  1
 163 157  1
 198 157  1
 242 157  1
  15 158  1
 143 158  1
 171 158  1
 172 158  1
  55 159  1
 130 159  1
 131 159  1
  10 160  1
  11 160  1
  51 160  1
 241 160  1
 247 160  1
  42 161  1
 172 162  1
 173 162  1
  60 163  1
 167 164  1
 204 164  1
 205 164  1
 224 164  1
 241 164  1
  17 165  1
 101 165  1
  27 166  1
  45 166  1
 114 166  1
 231 167  1
 236 167  1
 238 167  1
  14 169  1
  43 169  1
  48 169  1
 140 169  1
  27 170  1
  28 170  1
 203 170  1
 227 170  1
 228 170  1
  30 171  1
  51 172  1
  62 172  1
 152 172  1
  47 173  1
 215 173  1
  43 174  1
 152 174  1
 163 174  1
 171 174  1
 173 174  1
 169 175  1
 210 176  1
 266 176  1
 155 177  1
 257 177  1
  63 178  1
 253 178  1
  42 179  1
 167 179  1
 211 179  1
 240 179  1
  30 180  1
 247 180  1
 270 180  1
  43 181  1
  52 181  1
  72 181  1
  73 181  1
  57 182  1
 264 182  1
 239 183  1
  34 184  1
 182 184  1
 233 184  1
 246 184  1
 251 184  1
  48 185  1
  49 185  1
  28 187  1
 181 187  1
 182 187  1
 187 187  1
 199 187  1
 266 188  1
 267 188  1
  36 189  1
  48 189  1
  82 189  1
  83 189  1
 199 189  1
  80 191  1
  94 191  1
  31 192  1
  78 193  1
  90 193  1
  48 194  1
  95 194  1
  97 194  1
 102 194  1
 264 194  1
 265 194  1
  99 195  1
 198 195  1
  45 196  1
 194 196  1
  79 197  1
  84 198  1
 129 198  1
 106 200  1
 184 200  1
 260 202  1
 125 203  1
  72 204  1
 129 205  1
 130 205  1
 185 205  1
 190 205  1
 125 206  1
  94 207  1
 101 207  1
 144 207  1
 193 207  1
 194 207  1
 187 208  1
  94 209  1
 100 209  1
 113 209  1
  46 210  1
  63 211  1
 115 211  1
  61 212  1
  95 212  1
 105 212  1
 130 212  1
  78 213  1
 114 213  1
 116 213  1
 123 213  1
  61 214  1
  94 214  1
 141 214  1
 146 214  1
 119 216  1
 120 216  1
  67 217  1
  68 217  1
 140 218  1
  87 219  1
 117 219  1
 245 219  1
 136 220  1
 137 220  1
 235 220  1
 133 221  1
 150 221  1
  66 222  1
 143 222  1
 228 222  1
 147 224  1
 224 224  1
 231 224  1
  74 225  1
  70 226  1
 203 226  1
  90 227  1
 125 227  1
 129 227  1
 144 227  1
 204 228  1
  66 229  1
  81 229  1
  95 229  1
 119 229  1
 110 230  1
 204 230  1
 116 231  1
 144 231  1
 145 231  1
 231 231  1
 149 232  1
 213 232  1
 219 233  1
  85 234  1
 121 234  1
 207 234  1
  91 235  1
 107 236  1
 225 236  1
  84 238  1
 119 238  1
 124 238  1
 211 238  1
  89 240  1
 218 240  1
  92 241  1
 113 242  1
 116 243  1
 200 243  1
 215 243  1
 196 244  1
 104 245  1
 136 245  1
 109 247  1
 123 247  1
 127 247  1
 135 247  1
 176 247  1
 113 248  1
 174 248  1
 116 249  1
 133 249  1
 143 249  1
 144 249  1
 201 249  1
 154 251  1
 123 252  1
 143 252  1
 133 254  1
 171 255  1
 147 257  1


count = 770