 145   1  1
 156   1  1
 172   1  1
 140   2  1
 137   3  1
 190   3  1
 128   5  1
 170   5  1
 199   5  1
 202   6  1
 122   7  1
 176   7  1
 119   8  1
 116   9  1
 143   9  1
 208   9  1
 112  10  1
 133  11  1
 134  11  1
 125  12  1
 213  12  1
 214  12  1
 169  13  1
 170  13  1
 217  14  1
 133  15  1
 153  15  1
 142  16  1
 170  16  1
 171  16  1
 132  17  1
 224  17  1
 114  18  1
 142  18  1
 171  18  1
  91  19  1
 148  19  1
 149  19  1
 151  19  1
 155  19  1
 212  19  1
 153  20  1
 171  20  1
 177  20  1
  86  21  1
  84  22  1
 174  22  1
  95  23  1
 148  23  1
 112  24  1
 233  24  1
 102  25  1
 209  25  1
 105  26  1
 153  26  1
 113  27  1
 114  27  1
 156  28  1
  82  29  1
  83  29  1
  91  29  1
 205  29  1
 239  29  1
 109  30  1
 110  30  1
 114  30  1
 115  30  1
 148  30  1
 149  30  1
  70  33  1
  71  33  1
  87  33  1
 115  33  1
 160  33  1
 161  33  1
 232  33  1
  54  34  1
  56  34  1
  94  34  1
 229  34  1
 149  35  1
 150  35  1
  50  36  1
  51  36  1
  72  36  1
 202  36  1
 203  36  1
  96  38  1
 112  38  1
 113  38  1
 117  38  1
 118  38  1
 171  38  1
 172  38  1
  46  39  1
  56  39  1
 139  39  1
 140  39  1
 244  40  1
  43  41  1
  70  41  1
  81  41  1
  82  41  1
  97  41  1
 131  41  1
 163  41  1
 164  41  1
 241  41  1
  52  42  1
  65  42  1
 154  44  2
 169  44  1
 165  45  1
 223  45  1
  36  46  1
 118  46  1
 142  47  1
  33  48  1
 237  48  1
 149  49  1
  57  50  1
  58  50  1
 137  50  1
 233  52  1
 261  52  1
  58  53  1
 133  53  1
 150  53  1
 144  54  1
 120  55  1
 158  55  1
 159  55  1
 263  55  1
 114  56  1
  32  57  1
 154  57  1
 155  57  1
 258  57  1
 259  57  1
 265  58  1
 110  59  1
 117  59  1
 128  60  1
  22  61  1
 110  61  1
 111  61  1
 187  61  1
 191  61  1
 193  61  1
 151  62  1
 196  62  1
  28  63  1
  31  63  1
 131  63  1
 156  63  1
  20  64  1
 198  65  1
 248  66  1
 114  67  1
 244  67  1
 179  68  1
  83  69  1
 107  69  1
 108  69  1
 176  70  1
 202  70  1
 203  70  1
 104  71  1
 105  71  1
 271  71  1
 272  71  1
  15  72  1
 236  72  1
 237  72  1
 244  72  1
 258  72  1
 264  72  1
 265  72  1
 174  74  1
  22  75  1
 106  75  1
 118  75  1
 124  75  1
 109  76  1
  12  77  1
 245  77  1
 275  78  1
 249  79  1
 250  79  1
  24  81  1
  25  81  1
 201  81  1
 202  81  1
 259  81  1
 165  83  1
 277  83  1
 278  83  1
  26  84  1
  21  85  1
  33  86  1
  34  86  1
 260  86  1
 261  86  1
  38  87  1
  12  88  1
 173  88  1
 279  88  1
 280  88  1
  26  89  1
 161  89  1
  32  90  1
   5  91  1
   6  91  1
 155  93  1
 160  93  1
 195  94  1
  69  96  1
 281  97  1
 282  97  1
  83  98  1
 151  98  1
 167  99  1
 229  99  1
 219 100  1
  68 102  1
  69 102  1
 189 102  1
 133 103  1
 229 103  1
 230 103  1
  12 104  1
  13 104  1
  47 104  1
  89 104  1
  90 104  1
 216 104  1
 217 104  1
 104 105  1
 118 105  1
 138 105  1
 143 105  1
 224 105  1
 123 106  1
 160 106  1
 164 106  1
 183 106  1
 184 106  1
 119 107  1
 179 107  1
  12 108  1
 158 108  1
 218 108  1
 219 108  1
  73 110  1
  10 111  1
 224 111  1
  76 112  1
 121 112  1
 184 112  1
 256 112  1
 252 113  1
  34 114  1
  35 114  1
  71 114  1
 133 114  1
 139 114  1
 196 114  1
 144 115  1
  71 116  1
  79 116  1
   7 117  1
   8 117  1
 127 117  1
 198 117  1
 224 117  1
 232 117  1
 233 117  1
 129 118  1
 146 118  1
 147 118  1
 228 118  1
 259 118  1
 260 118  1
 264 118  1
 266 118  1
   7 119  1
 132 119  1
 141 119  1
 176 119  1
 254 120  1
   1 121  1
   8 121  1
 172 121  1
 200 121  1
 211 121  1
 213 121  1
  33 122  1
  34 122  1
  77 122  1
 178 122  1
   1 123  1
   8 123  1
  10 123  1
 164 123  1
 198 123  1
 152 124  1
 214 124  1
 234 124  1
 267 124  1
  33 125  1
 217 125  1
 274 125  1
 276 125  1
 277 125  1
  49 126  1
  61 126  1
  80 126  1
  87 126  1
 272 126  1
 282 126  1
 283 126  1
  38 127  1
 148 127  1
 198 127  1
 259 127  1
  43 128  1
  71 128  1
   5 129  1
 132 129  1
 211 129  1
 236 129  1
  12 130  1
  13 130  1
 121 130  1
 178 130  1
 179 130  1
  48 131  1
 256 131  1
  50 132  1
  68 132  1
  39 133  1
  59 133  1
 124 133  1
 134 133  1
 234 133  1
   4 134  1
   5 134  1
  98 134  1
 202 134  1
 210 134  1
 270 134  1
  43 135  1
  55 135  1
 208 135  1
 277 135  1
  15 136  1
  16 136  1
  27 136  1
  28 136  1
  83 136  1
 118 136  1
 140 136  1
 164 136  1
 198 136  1
 231 136  1
 254 136  1
 255 136  1
   2 137  1
   9 137  1
  12 137  1
  32 137  1
  36 137  1
  88 137  1
 204 137  1
 205 137  1
   7 139  1
 141 139  1
 198 139  1
 199 139  1
  79 140  1
  85 140  1
 159 140  1
 169 140  1
 204 140  1
 213 140  1
 214 140  1
 163 141  1
  32 142  1
  33 142  1
 167 142  1
 177 142  1
 126 143  1
  75 144  1
  76 144  1
 142 144  1
   1 145  1
 210 145  1
  74 146  1
  81 146  1
 161 146  1
 215 146  1
   5 147  1
   6 147  1
 133 147  1
 134 147  1
 145 148  1
 203 148  1
 276 148  1
 277 148  1
 230 149  1
 128 150  1
 153 150  1
 181 150  1
 182 150  1
 228 150  1
 271 150  1
 186 152  1
 133 153  1
 134 153  1
 141 153  1
 213 153  1
 156 154  1
 229 154  1
 276 154  1
 277 154  1
 148 155  1
   1 156  1
 121 156  1
 123 156  1
 167 156  1
 168 156  1
  92 157  1
  93 157  1
 212 157  1
 231 157  1
 270 157  1
 154 158  1
 155 158  1
 227 158  1
  98 159  1
 114 159  1
  70 160  1
  71 160  1
 225 161  1
  70 162  1
 136 163  1
 153 163  1
 179 163  1
 232 163  1
  70 164  1
 239 164  1
  76 165  1
 163 165  1
 175 165  1
 177 165  1
 224 165  1
 225 165  1
   2 166  1
   3 166  1
  84 166  1
 143 166  1
 144 166  1
 185 167  1
 186 167  1
 247 167  1
 248 167  1
 188 168  1
 211 168  1
 152 169  1
 179 169  1
 180 169  1
 247 169  1
   3 170  1
   4 170  1
 235 171  1
 247 171  1
 185 172  1
 186 172  1
 199 172  1
 200 172  1
 224 172  1
 230 173  1
 232 173  1
 280 174  1
 281 174  1
 212 176  1
 213 176  1
 224 176  1
 167 178  1
 213 178  1
  13 180  1
  17 180  1
 213 180  1
 215 180  1
 221 180  1
 200 183  1
 201 183  1
  17 184  1
 275 184  1
 178 186  1
 198 186  1
  12 187  1
  30 187  1
 260 187  1
  22 188  1
 266 188  1
 247 189  1
 272 189  1
  41 190  1
  32 191  1
 156 192  1
 246 192  1
 239 193  1
 240 193  1
  17 194  1
  18 194  1
  24 194  1
 246 194  1
 255 194  1
 236 195  1
 237 195  1
 153 196  1
 160 196  1
 161 196  1
 251 196  1
 237 197  1
 261 197  1
 262 197  1
 245 198  1
 248 199  1
 249 199  1
 167 201  1
 168 201  1
 119 202  1
 128 202  1
 144 202  1
 164 202  1
 266 202  1
 157 203  1
 264 205  1
 148 206  1
 159 206  1
  41 207  1
 142 207  1
 166 207  1
  38 208  1
 262 208  1
 209 209  1
  30 210  1
 164 210  1
 151 211  1
 152 211  1
 181 211  1
 138 212  1
 140 212  1
 141 212  1
 178 212  1
 210 213  1
 211 213  1
 259 213  1
 163 214  1
 164 214  1
 177 214  1
 148 215  1
 220 215  1
 140 216  1
 141 216  1
 176 216  1
 177 216  1
  39 217  1
 162 217  1
 163 217  1
 256 217  1
  51 218  2
 181 218  1
 182 218  1
 255 219  1
  49 220  1
 219 220  1
  53 221  1
 180 221  1
 181 221  1
 213 221  1
 174 222  1
 175 222  1
 252 222  1
  72 223  1
 221 223  1
  58 224  1
  47 225  1
  48 225  1
 220 225  1
  96 226  1
 145 226  1
 172 226  1
 160 227  1
 161 227  1
 178 227  1
 195 227  1
 196 227  1
 216 228  1
 244 228  1
 120 229  1
  56 230  1
  57 230  1
 116 230  1
 153 230  1
 154 230  1
 158 230  1
 198 230  1
 150 231  1
 101 232  1
 102 232  1
 219 232  1
 238 232  1
 113 233  1
 121 233  1
  64 234  1
 235 235  1
  96 236  1
  97 236  1
  98 236  1
 118 236  1
  80 237  1
 110 237  1
  72 238  1
 176 238  1
 115 239  1
 227 239  1
 201 240  1
  87 241  1
  98 242  1
  99 242  1
 219 242  1
 176 243  1
 204 243  1
  81 244  1
  99 244  1
 109 244  1
 110 244  1
 179 244  1
 180 244  1
 174 245  1
  84 246  1
  85 246  1
 130 246  1
 211 246  1
 212 246  1
 172 248  1
  96 249  1
 152 249  1
 156 249  1
 205 249  1
 121 250  1
 122 250  1
 128 250  1
 129 250  1
 203 250  1
 160 252  1
 197 252  1
 199 252  1
 112 253  1
 192 253  1
 115 254  1
 121 255  1
 182 255  1
 158 257  1
 162 257  1


count = 668