 172   1  1
 177   1  1
 187   1  1
 137   6  1
 183   6  1
 133   7  1
 174   7  1
 212   7  1
 129   8  1
 157   9  1
 215   9  1
 197  10  1
 201  11  1
 109  13  1
 133  13  1
 134  13  1
 105  14  1
 143  15  1
 148  15  1
 175  15  1
 176  15  1
 201  15  1
 202  15  1
 129  16  1
 130  16  1
 178  16  1
 179  16  1
 142  17  1
  95  18  1
 113  18  1
 138  18  1
 228  18  1
  88  19  1
 123  19  1
 149  19  1
 116  20  1
 198  20  1
  98  21  1
  99  21  1
 222  22  1
 235  22  1
 158  23  1
 159  23  1
 226  25  1
 239  25  1
  68  26  1
  99  26  1
 161  26  1
 162  26  1
 218  26  1
  80  27  1
 104  27  1
 133  27  1
 142  27  1
  63  28  1
  94  28  1
 223  28  1
  75  29  1
  76  29  1
  57  30  1
 100  31  1
 247  31  1
 107  32  1
 144  32  1
 164  33  1
 124  37  1
 125  37  1
 144  37  1
 162  38  1
 163  38  1
  38  39  1
 128  39  1
 105  40  1
 160  41  1
 204  41  1
 205  41  1
 240  41  1
  92  42  1
  93  42  1
 144  42  1
 207  44  1
 247  44  1
 202  45  1
 203  45  1
 132  46  1
  28  47  1
 162  48  1
 240  48  1
  27  49  1
  37  49  1
  38  49  1
 153  50  1
 236  50  1
  34  51  1
  81  51  1
 133  52  1
 149  52  1
  31  53  1
  81  53  1
  83  53  1
 162  53  1
 202  53  1
 143  54  1
 151  54  1
 148  59  1
  94  60  1
 156  60  1
 157  60  1
 170  60  1
 262  61  1
 165  62  1
  14  63  1
  21  63  1
  90  63  1
  94  65  1
 103  66  1
 163  66  1
  20  67  1
 161  67  1
 203  68  1
  24  69  1
 183  69  1
 248  69  1
 255  69  1
  18  71  1
  24  71  1
  25  71  1
 180  71  1
 250  71  1
 236  72  1
 238  72  1
 255  73  1
  22  75  1
   8  76  1
   9  76  1
  27  76  1
 263  76  1
 275  76  1
 276  76  1
 201  78  1
 241  79  1
  13  80  1
 177  80  1
 260  80  1
 265  81  1
 197  82  1
 277  82  1
 278  82  1
 172  83  1
  11  84  1
  12  84  1
 177  85  1
 278  85  1
 279  85  1
 221  86  1
 264  86  1
 265  86  1
 170  87  1
 171  87  1
 195  87  1
  79  88  1
 231  89  1
   3  90  1
   4  90  1
  10  90  1
  11  90  1
 209  90  1
  15  92  1
 233  92  1
   2  93  1
   3  93  1
 247  94  1
 251  94  1
 214  95  1
 208  96  1
 263  96  1
 168  97  1
 169  97  1
 203  97  1
  11  98  1
  13  98  1
 173  98  1
 174  98  1
 247  98  1
 248  98  1
 263  98  1
 281  98  1
 282  98  1
 207  99  1
 252  99  1
 253  99  1
   1 100  1
   7 100  1
  46 101  2
  47 101  1
 167 101  1
 181 102  1
  44 104  1
  49 104  1
  88 104  1
 216 104  1
  80 105  1
 178 105  1
 237 105  1
 162 106  1
 163 106  1
 169 106  1
 171 106  1
 166 107  1
 167 107  1
 177 107  1
 178 107  1
 228 107  1
 229 107  1
 244 107  1
 245 107  1
 115 108  1
 128 108  1
 160 108  1
  51 109  2
 215 109  1
 222 109  1
 228 109  1
 118 110  1
 125 110  1
 132 110  1
 175 110  1
  81 111  1
  82 111  1
 215 111  1
 222 111  1
 255 111  1
 256 111  1
   1 112  1
 120 112  1
 217 112  1
 218 112  1
 227 112  1
 133 113  1
 167 113  1
 198 113  1
 208 113  1
 275 113  1
 276 113  1
 158 114  1
 249 114  1
 250 114  1
   8 115  1
 152 115  1
 154 115  1
 168 115  1
  13 116  1
  18 116  1
 254 116  1
 255 116  1
 125 117  1
 151 117  1
 223 117  1
 224 117  1
 275 117  1
  69 118  1
 120 118  1
 121 118  1
 249 118  1
 253 118  1
 158 119  1
 171 119  1
 278 119  1
 145 120  1
  17 121  1
  70 121  1
 134 121  1
 151 121  1
 227 121  1
 275 121  1
   8 122  1
 197 122  1
 199 122  1
  55 123  1
  70 123  1
  84 123  1
 121 123  1
 203 123  1
  21 124  1
  31 124  1
  93 124  1
 102 124  1
 116 124  1
 118 124  1
 140 124  1
 155 124  1
 258 124  1
  40 125  1
  44 125  1
  49 125  1
  65 125  1
 211 125  1
 216 125  1
 220 125  1
 230 125  1
  57 126  1
 205 126  1
 206 126  1
 275 126  1
  18 127  1
  24 127  1
  32 127  1
  37 127  1
  38 127  1
  46 127  1
  64 127  1
  71 127  1
  72 127  1
 265 127  1
 277 127  1
  47 129  1
 217 129  1
 234 129  1
 242 129  1
 248 129  1
 209 130  1
 252 130  1
 262 130  1
 263 130  1
   4 131  1
   5 131  1
  15 131  1
  19 131  1
 130 131  1
 132 131  1
 157 131  1
 227 131  1
  71 132  1
  72 132  1
  89 132  1
 151 132  1
 152 132  1
  31 133  1
 155 133  1
  11 134  1
 166 134  1
 198 134  1
 217 134  1
 129 135  1
 155 135  1
 170 135  1
 204 135  1
 229 135  1
  86 136  1
  87 136  1
   8 137  1
   9 137  1
 129 137  1
 213 137  1
  37 138  1
 145 138  1
 146 138  1
 152 138  1
 132 139  1
 133 139  1
 175 139  1
 263 139  1
  33 140  1
 126 140  1
 268 141  1
 275 141  1
  80 142  1
 125 143  1
 261 143  1
  39 145  1
 125 145  1
  35 146  1
 122 146  1
 150 147  1
 160 147  1
 156 148  1
   1 149  1
   2 149  1
 258 151  1
  71 152  1
 100 152  1
 124 152  1
 133 153  1
 116 154  1
 165 156  1
  70 157  1
  71 157  1
 172 158  1
   2 159  1
   3 159  1
  29 160  1
  30 160  1
 197 160  1
 256 160  1
  70 161  1
  71 161  1
  71 163  1
 159 164  1
  71 165  1
  24 166  1
 157 166  1
 159 166  1
  34 167  1
  29 168  1
 168 168  1
 203 168  1
  21 169  1
  36 170  1
   5 171  1
   6 171  1
  11 171  1
  24 171  1
 279 171  1
  13 172  1
 171 173  1
  13 174  1
  36 174  1
  22 175  1
  23 175  1
 268 176  1
  13 177  1
 211 179  1
 212 179  1
 263 179  1
 274 179  1
  33 182  1
  40 182  1
  29 183  1
  44 183  1
 214 184  1
  12 186  1
 266 187  1
  50 189  1
  15 190  1
 189 190  1
 195 190  1
 211 191  1
 196 192  1
 203 192  1
 160 194  1
 155 197  1
  62 198  1
  63 198  1
  24 199  1
  58 199  1
 152 199  1
 174 201  1
  65 202  1
 157 202  1
 160 202  1
 170 202  1
  31 205  1
 133 205  1
  58 206  1
  59 206  1
 140 206  1
  63 207  1
  64 207  1
 227 207  1
 140 208  1
 149 208  1
 143 209  1
 165 209  1
 171 210  1
 230 210  1
 133 211  1
 137 211  1
 138 211  1
 148 212  1
 149 212  1
 232 212  1
 233 212  1
  42 213  1
  52 213  1
 228 213  1
 135 214  1
 148 215  1
 139 216  1
 260 216  1
 142 217  1
 234 217  1
  57 218  1
  58 218  1
 151 219  1
 157 219  1
 159 219  1
 227 219  1
  53 221  1
  89 222  1
  90 222  1
  91 222  1
 140 222  1
 238 222  1
 239 222  1
 256 222  1
 160 223  1
  57 224  1
  97 225  1
 165 225  1
 166 225  1
  62 226  1
  92 226  1
 138 226  1
 101 227  1
  80 229  1
  94 229  1
  95 229  1
 219 229  1
 242 229  1
  83 230  1
  84 230  1
 141 230  1
 142 230  1
 154 230  1
 215 230  1
  74 231  1
 228 231  1
 229 231  1
 246 231  1
 119 232  1
 150 232  1
 237 232  1
  79 233  1
  95 233  1
 136 233  1
 211 233  1
 213 233  1
 208 235  1
 213 235  1
  85 236  1
 102 236  1
 140 236  1
 149 236  1
 150 236  1
 172 236  1
 119 238  1
 168 238  1
 209 238  1
 237 239  1
 113 240  1
 114 240  1
 148 240  1
 149 240  1
 103 241  1
 119 241  1
 132 241  1
 153 241  1
 154 241  1
 235 241  1
 106 242  1
 135 243  1
 219 243  1
 153 245  1
 154 245  1
 214 246  1
 148 249  1
 154 250  1
 206 253  1
 201 255  1


count = 559