 141   1  1
 149   1  1
 152   1  1
 134   3  1
 178   3  1
 184   5  1
 126   6  1
 122   8  1
 138   9  1
 145  10  1
 127  11  1
 198  11  1
 110  12  1
  97  15  1
 140  15  1
 210  17  1
 109  18  1
  79  19  1
 105  19  1
 141  19  1
 149  19  1
  70  21  1
 119  21  1
 145  21  1
 150  21  1
 151  21  1
 217  21  1
  84  23  1
 125  23  1
  62  24  1
  63  24  1
  80  24  1
  89  24  1
 151  24  1
 152  24  1
 221  24  1
  98  26  1
 136  26  1
 157  26  1
 119  28  1
  67  29  1
 206  29  1
  74  30  1
  75  30  1
  76  30  1
 148  30  1
 159  30  1
  49  31  1
  50  31  1
  66  32  1
  67  32  1
 209  32  1
 105  33  1
 109  33  1
 112  34  1
 117  35  1
 118  35  1
 200  35  1
 208  35  1
  39  36  1
 163  36  1
 182  36  1
 197  37  1
 207  39  1
 168  40  1
 169  40  1
 211  40  1
 183  41  1
 194  41  1
  66  42  1
 114  42  1
 115  42  1
 119  43  1
  68  44  1
 123  45  1
 131  45  1
  67  46  1
  34  47  1
  27  48  1
 128  48  1
 134  48  1
 154  48  1
 155  48  1
 168  48  1
 118  49  1
 143  49  1
 151  49  1
 178  49  1
  33  50  1
  53  50  1
 128  50  1
 160  50  1
 161  50  1
 138  51  1
  50  52  1
  65  52  1
 197  52  1
 124  53  1
 253  53  1
 146  55  1
  49  57  1
  50  57  1
 170  57  1
  27  58  1
 149  58  1
 177  58  1
  16  59  1
  71  59  1
 160  59  1
 181  59  1
  22  60  1
  50  60  1
 156  60  1
 196  60  1
 232  60  1
  73  61  1
  74  61  1
 190  61  1
 185  62  1
 194  62  1
 201  62  1
 202  62  1
 231  63  1
  62  64  1
  12  65  1
 119  65  1
 125  65  1
 135  65  1
 141  65  1
 170  65  1
 171  65  1
 224  65  1
 133  66  1
 207  66  1
 253  66  1
  18  67  1
  19  67  1
  37  68  1
 250  68  1
 251  68  1
 215  69  1
 216  69  1
  10  70  1
  11  70  1
 119  70  1
 167  70  1
 168  70  1
  35  71  1
 136  71  1
 138  71  1
 223  71  1
  21  72  1
  76  72  1
  77  72  1
 117  72  1
  16  73  1
 102  74  1
 109  74  1
 252  74  1
 259  74  1
 272  74  1
   8  75  1
   9  75  1
 154  75  1
 161  76  1
  16  77  1
  22  78  1
  99  78  1
 211  78  1
 261  78  1
  30  79  1
 113  79  1
 207  79  1
 230  79  1
  35  80  1
 265  80  1
  16  81  1
  13  82  1
  47  82  1
 215  82  1
  43  83  1
 233  83  1
 162  84  1
 229  84  1
 230  84  1
 250  84  1
   6  85  1
   7  85  1
 178  85  1
 240  85  1
  12  86  1
  18  86  1
  36  86  1
  37  86  1
 218  86  1
  47  87  1
 184  87  1
 223  87  1
 224  87  1
 225  87  1
  36  88  1
 171  88  1
 172  88  1
 200  88  1
  42  89  1
 253  89  1
 258  89  1
  12  91  1
  13  91  1
 278  91  1
 279  91  1
  51  92  1
 168  92  1
 262  92  1
 264  92  1
 265  92  1
  23  93  1
  86  94  1
 233  95  1
 164  96  1
  17  98  1
  38  98  1
 132  98  1
 280  98  1
 281  98  1
 236  99  1
 244  99  1
 147 100  1
 266 100  1
 106 101  1
 107 101  1
 143 101  1
 156 101  1
 161 101  1
 281 101  1
 282 101  1
 150 102  1
 113 103  1
 198 103  1
 258 103  1
  77 104  1
  78 104  1
 228 105  1
 264 105  1
 148 106  1
 149 106  1
 161 106  1
 172 106  1
 173 106  1
 190 106  1
 245 106  1
 246 106  1
 248 106  1
  19 107  1
 114 107  1
 252 107  1
 270 107  1
  30 108  1
 150 108  2
 230 108  1
 231 108  2
  10 109  1
  28 109  1
 192 109  1
 157 110  1
 165 110  1
 203 110  1
 230 110  1
  21 111  1
 144 111  1
 194 111  1
 198 111  1
 241 111  1
 246 111  1
 256 111  1
 274 111  1
 276 111  1
  54 112  1
 169 112  1
 170 112  1
 171 112  1
  88 113  1
  89 113  1
 163 113  1
 175 113  1
 237 113  1
 251 113  1
  57 114  1
  67 114  1
 212 114  1
 242 114  1
 243 114  1
 207 115  1
 233 115  1
 255 115  1
 134 116  1
 135 116  1
 157 116  1
 168 116  1
 182 116  1
 200 116  1
 268 116  1
 161 117  1
 258 117  1
  90 118  1
 168 118  1
 164 119  1
   4 120  1
 144 120  1
 152 120  1
 183 120  1
 184 120  1
 206 120  1
 207 120  1
 268 120  1
 253 121  1
 123 122  1
 261 122  1
  76 123  1
 209 123  1
 238 123  1
 213 124  1
   9 125  1
  76 125  1
  83 125  1
  90 125  1
  91 125  1
 164 125  1
 229 125  1
 230 125  1
  26 126  1
  32 126  1
 271 126  1
 164 127  1
 187 127  1
 189 127  1
 205 127  1
 214 127  1
  26 128  1
 113 128  1
  96 129  1
 159 129  1
 207 129  1
 208 129  1
 268 129  1
  29 130  1
  57 130  1
  36 131  1
  49 131  1
  50 131  1
 149 131  1
 151 131  1
 213 131  1
 215 131  1
 225 131  1
 243 131  1
  13 132  1
  14 132  1
  19 132  1
  24 132  1
  44 133  1
 153 133  1
 201 133  1
 202 133  1
   9 134  1
 159 134  1
 240 135  1
 264 135  1
  37 136  1
 148 136  1
 154 136  1
 210 136  1
 272 136  1
   3 137  1
  31 137  1
  44 137  1
 109 137  1
 201 137  1
 207 137  1
 193 138  1
 194 138  1
 235 138  1
 118 139  1
 244 139  1
 245 139  1
   8 140  1
  49 140  1
 197 140  1
 198 140  1
 238 140  1
 149 141  1
 186 141  1
   1 142  1
   6 142  1
  48 142  1
  49 142  1
  99 144  1
 128 144  1
 155 144  1
  91 145  1
 106 145  1
 227 145  1
 165 146  1
 246 146  1
 247 146  1
  43 147  1
 138 148  1
 140 148  1
 158 148  1
   1 149  1
 114 149  1
 116 149  1
 148 149  1
 183 149  1
 192 149  1
 124 150  1
 125 150  1
 269 150  1
 271 150  1
 222 151  1
 120 152  1
 196 152  1
 203 152  1
 256 154  1
  45 155  2
 233 155  1
  11 156  1
  39 156  1
  15 157  1
  16 157  1
 233 157  1
   4 158  1
   5 158  1
  71 158  2
 131 158  1
 132 158  1
 144 158  1
 145 158  1
 146 158  1
 201 158  1
  50 159  1
 225 159  1
  21 160  1
 162 160  1
 163 160  1
 220 160  1
  75 161  1
  76 161  1
 199 161  1
 240 161  1
 261 161  1
 167 162  1
 268 162  1
  14 163  1
  26 163  1
  81 163  1
 125 163  1
 127 163  1
 169 163  1
 228 163  1
 264 163  1
 276 163  1
 277 163  1
 164 164  1
 218 164  1
 223 164  1
 238 164  1
 132 165  1
 152 165  1
 153 165  1
  12 166  1
  32 166  1
  85 167  1
 166 167  1
 159 168  1
   7 171  1
   8 171  1
  93 171  1
 216 171  1
  35 172  1
  37 172  1
 100 172  1
 163 172  1
  14 173  1
  18 173  1
 232 173  1
 106 174  1
 116 174  1
 223 175  1
 262 175  1
  45 176  1
 110 176  1
 200 177  1
 234 177  1
   9 178  1
  10 178  1
 117 178  1
 218 178  1
 222 178  1
 261 178  1
  45 181  1
 206 182  1
 207 182  1
  10 183  1
  11 183  1
  16 184  1
  17 184  1
  49 184  1
  50 184  1
  54 185  1
 265 185  1
 254 189  1
 158 191  1
 149 192  1
 253 192  1
  62 194  1
 235 196  1
 146 197  1
 240 197  1
 241 197  1
  64 198  1
 257 198  1
  20 199  1
  42 199  1
  95 199  1
 168 199  1
  63 200  1
  64 200  1
  39 203  1
  92 203  1
  95 203  1
  96 203  1
  97 203  1
 235 203  1
 253 203  1
  88 205  1
 232 205  1
  61 206  1
  59 209  1
  85 210  1
  97 210  1
 248 210  1
  71 211  1
  80 212  1
 231 212  1
 232 212  1
 247 212  1
 173 213  1
 174 213  1
  33 214  1
  80 214  1
  97 214  1
 176 214  1
 228 214  1
 229 214  1
  65 215  1
 110 215  1
  39 216  1
  93 216  1
 245 216  1
 163 217  1
 164 217  1
 102 218  1
 103 218  1
 178 219  1
 184 219  1
  60 220  1
 128 220  1
 121 221  1
 163 221  1
 164 221  1
  56 222  1
 128 222  1
 197 223  1
  96 225  1
  98 225  1
 200 225  1
 201 225  1
 203 225  1
 234 226  1
  77 227  1
  82 227  1
 128 227  1
 199 227  1
  72 229  1
 121 229  1
 184 229  1
 111 230  1
 112 230  1
 119 230  1
 229 230  1
 131 233  1
  62 234  1
 108 234  1
 117 235  1
 122 235  1
  69 236  1
 183 236  1
 157 237  1
 159 237  1
  80 238  1
  94 238  1
  96 238  1
 135 238  1
 218 238  1
  71 239  1
  85 239  1
 119 239  1
 120 239  1
  87 240  1
 103 240  1
  75 241  1
 104 242  1
 113 243  1
 114 243  1
 210 243  1
  93 244  1
 124 244  1
 125 244  1
 106 245  1
  81 246  1
 150 246  1
 153 246  1
 182 246  1
 130 247  1
 113 248  1
 163 248  1
 147 250  1
 194 250  1
 157 251  1
 165 251  1
 103 252  1
 130 252  1
 186 253  1
 181 255  1


count = 635