 162   1  1
 178   1  1
 127   6  1
 204   8  1
 213  12  1
 125  14  1
 119  15  1
  91  17  1
  92  17  1
 111  19  1
 113  19  1
  84  20  1
  86  20  1
 102  20  1
 125  20  1
 126  20  1
 104  21  1
  79  22  1
 120  22  1
 121  22  1
 226  22  1
  83  26  1
  61  27  1
 103  27  1
  59  28  1
  96  29  1
 103  29  1
 119  29  1
 120  29  1
  78  30  1
 235  30  1
  53  31  1
 104  31  1
  50  33  1
  47  35  1
  83  35  1
  84  35  1
 103  35  1
 125  37  1
  78  38  1
 109  39  1
  40  40  1
  80  40  1
  90  41  1
  91  41  1
 246  41  1
  85  43  1
  86  43  1
 130  44  1
 113  46  1
  39  47  1
  40  47  1
 117  47  1
 118  47  1
  93  48  1
  55  50  1
  85  52  1
  92  52  1
 111  52  1
  80  53  1
 104  53  1
 105  53  1
 116  53  1
 117  53  1
  87  54  1
 109  54  1
 230  54  1
 231  54  1
 236  54  1
  68  55  1
  93  55  1
 243  55  1
 259  55  1
  56  56  1
  57  56  1
 124  56  1
  60  57  1
  77  57  1
  56  58  1
 135  58  1
 143  58  1
 144  58  1
  86  59  1
  88  59  1
 231  59  1
 239  59  1
  56  60  1
  70  60  1
 104  60  1
  60  61  1
 137  61  1
  26  62  1
  27  62  1
 102  62  1
 124  62  1
  61  63  1
 100  63  1
 107  63  1
 108  63  1
  15  64  1
  52  64  1
  90  64  1
  92  64  1
 215  64  1
 225  64  1
 230  64  1
 231  64  1
  32  65  1
  87  66  1
 107  66  1
 194  66  1
 215  66  1
 103  67  1
 197  67  1
 268  67  1
  21  68  1
  63  68  1
  69  68  1
  33  69  1
 179  69  1
 180  69  1
 205  69  1
  67  70  1
 175  71  1
 239  71  1
  36  72  1
  67  72  1
 105  73  1
 119  73  1
 137  73  1
 216  73  1
 172  74  1
 214  74  1
  22  75  1
 121  75  1
 122  75  1
 187  75  1
 227  75  1
 228  75  1
 142  76  1
 240  76  1
  22  78  1
  91  78  1
 106  78  1
 211  78  1
  18  79  1
 137  79  1
 209  79  1
 228  79  1
 239  79  1
   7  80  1
   8  80  1
  14  80  1
  16  80  1
  87  80  1
 218  80  1
 101  81  1
 190  81  1
 191  81  1
 132  82  1
 169  82  1
 225  82  1
  67  83  1
  82  83  1
  96  83  1
 118  83  1
 120  83  1
 244  83  1
  11  84  1
  12  84  1
  57  84  1
 179  84  1
 219  85  1
 246  85  1
  79  86  1
  80  86  1
 119  86  1
 120  86  1
 121  86  1
  61  87  1
  63  87  1
  65  87  1
 165  87  1
 187  87  1
 125  88  1
 181  88  1
 278  88  1
 279  88  1
 163  89  1
  46  90  1
 232  90  1
  74  91  1
  82  91  1
 237  91  1
  24  92  1
  35  92  1
  56  92  1
  59  92  1
  60  92  1
   4  93  1
   5  93  1
  11  93  1
  12  93  1
  26  93  1
  52  93  1
  53  93  1
 168  93  1
 230  93  1
  20  94  1
 172  94  1
  32  95  1
 175  95  1
  74  96  1
  93  96  1
 204  96  1
 205  96  1
 255  96  1
  52  97  1
 186  97  1
   8  98  1
  14  98  1
  60  98  1
  84  98  1
 178  98  1
 180  98  1
 181  98  1
 207  98  1
 208  98  1
  22  99  1
  69  99  1
  71  99  1
 168  99  1
 250  99  1
  54 100  1
 171 100  1
 166 101  1
 185 101  1
 259 101  1
 100 102  1
 207 102  1
 236 102  1
 182 103  1
 242 103  1
 111 104  1
 264 105  1
 254 107  1
   8 109  1
  69 109  1
 260 109  1
  83 110  1
 206 110  1
  86 111  1
 113 111  1
 159 111  1
  11 112  1
  96 112  1
 121 113  1
   9 114  1
  74 115  1
 126 115  1
 130 115  1
 262 115  1
 166 117  1
 169 117  1
 171 117  1
 126 119  1
 131 119  1
 172 119  1
 268 119  1
  78 121  1
 166 121  1
 168 121  1
 278 121  1
 279 121  1
  43 122  1
  49 122  1
 132 122  1
 134 122  1
 145 122  1
   9 123  1
 128 123  1
 155 123  1
 143 124  1
  66 125  1
  86 125  1
 117 125  1
 119 125  1
 120 125  1
 125 125  1
 158 125  1
 159 125  1
 170 125  1
 171 125  1
 235 125  1
  22 126  1
  46 126  1
  58 126  1
 114 126  1
  10 127  1
  34 127  1
  35 127  1
  40 127  1
  41 127  1
  50 127  1
 106 127  1
 191 127  1
 203 127  1
 268 127  1
 269 127  1
  46 128  1
 217 128  1
 228 128  1
  49 129  1
  78 129  1
 127 129  1
 196 129  1
 232 129  1
 264 129  1
 265 129  1
  36 130  1
 234 130  1
  12 131  1
  18 131  1
  44 131  1
 127 131  1
  81 132  1
 141 132  1
 191 132  1
 220 133  1
 234 133  1
  30 134  1
  60 134  1
 123 134  1
 124 134  1
 278 134  1
 279 134  1
   9 135  1
  20 135  1
  26 135  1
 206 135  1
 264 135  1
  34 136  1
  84 136  1
 128 136  1
 145 136  1
 232 136  1
   1 137  1
  41 137  1
  62 137  1
 119 137  1
  67 138  1
  81 138  1
 132 138  1
 197 138  1
 147 139  1
 148 139  1
 218 139  1
 272 139  1
 273 139  1
 152 140  1
 171 140  1
 172 140  1
 266 140  1
  77 142  1
  44 143  1
 118 143  1
 280 144  1
 113 145  1
   1 146  1
  74 146  1
 157 146  1
 260 147  1
 161 148  1
 264 148  1
 265 148  1
  87 149  1
 117 150  1
 254 150  1
 269 150  1
  86 153  1
 249 153  1
 282 153  1
 283 153  1
  83 154  1
 165 154  1
 166 154  1
  69 155  1
 162 155  1
 281 156  1
 282 156  1
  77 157  1
 170 157  1
   4 158  1
   5 158  1
 174 158  1
  68 159  1
  72 159  1
  73 159  1
 163 159  1
 164 159  1
 204 161  1
 248 161  1
 165 162  1
 172 162  1
 182 162  1
   5 163  1
   6 163  1
 240 163  1
  79 164  1
 156 164  1
 189 164  1
 190 164  1
 205 165  1
 206 165  1
 230 165  2
 278 165  1
  85 167  1
  87 167  1
 207 168  1
 226 168  1
 238 168  1
  26 169  1
 182 169  1
 212 169  1
   8 170  1
   9 170  1
 162 170  1
 168 170  1
 225 170  1
  17 171  1
 185 171  1
  27 173  1
 274 173  1
 275 173  1
 179 174  1
 180 174  1
 185 175  1
 196 175  1
  10 176  1
  11 176  1
  17 176  1
 158 178  1
 110 180  1
 132 180  1
 204 180  1
 118 182  1
 119 182  1
 123 183  1
 151 183  1
 183 183  1
 197 183  1
 198 183  1
 130 184  1
 149 184  1
 208 184  1
 211 184  1
 108 185  1
 109 185  1
 121 185  2
 186 185  1
 187 185  1
 214 185  1
 129 186  1
 204 186  1
 205 186  1
 268 186  1
 197 187  1
  13 188  1
 160 189  1
 202 189  1
 139 190  1
 266 190  1
 133 192  1
 137 192  1
 161 192  1
 163 192  1
  17 193  1
 264 193  1
 167 194  1
 262 196  1
 131 197  1
  20 198  1
 124 199  1
 135 200  1
 260 200  1
 171 201  1
 116 202  1
 145 202  1
  64 203  1
  65 203  1
 162 203  1
 258 203  1
 122 205  1
 147 205  1
 148 205  1
 166 205  1
  61 206  1
 137 206  1
 138 206  1
  47 207  1
  56 207  1
 142 207  1
 193 207  1
 194 207  1
 138 208  2
 174 209  1
  48 210  1
  52 210  1
 150 211  1
 113 212  1
 143 212  1
 184 212  1
  38 213  1
  39 213  1
  71 213  1
  75 213  1
  76 213  1
 119 213  1
 144 214  1
 145 214  1
 149 214  1
  42 215  1
  62 216  1
 110 217  1
 179 217  1
  75 222  1
  76 222  1
 193 222  1
 248 222  1
  75 224  1
  94 225  1
  98 225  1
 105 225  1
 149 225  1
 150 225  1
 195 225  1
  75 227  1
  70 228  1
  61 229  1
  62 229  1
  97 230  1
 145 230  1
 146 230  1
  65 231  1
  76 232  1
  90 232  1
  91 232  1
  71 234  1
 201 235  1
  74 236  1
 234 236  1
  89 237  1
 150 237  1
 205 237  1
  76 238  1
  94 238  1
 207 239  1
 229 239  1
  79 240  1
 144 241  1
 225 242  1
 103 244  1
 142 244  1
 213 247  1
 215 247  1
 141 248  1
 211 248  1
 148 249  1
 125 251  1
 128 252  1
 199 253  1
 201 253  1


count = 572