 160   1  1
 166   1  1
 183   2  1
 190   3  1
 193   4  1
 113   5  1
 196   5  1
 147   6  1
 101   7  1
 202   7  1
 166   8  1
 167   8  1
  94   9  1
 141   9  1
 145   9  1
 161  10  1
  89  11  1
  82  14  1
 193  14  1
  96  16  1
  74  17  1
 100  18  1
 101  18  1
 185  18  1
  91  19  1
 182  19  1
 224  19  1
  85  21  1
 182  21  1
 107  23  1
 108  23  1
 168  23  1
 169  23  1
 182  23  1
 231  24  1
  78  25  1
 107  25  1
 188  25  1
  60  26  1
 165  27  1
  75  28  1
  81  28  1
 111  32  1
 112  32  1
 161  32  1
 162  32  1
 157  33  1
 186  33  1
  50  34  1
  66  34  1
  70  34  1
 107  34  1
 190  34  1
 121  35  1
 157  35  1
 164  35  1
  65  36  1
 130  37  1
 131  37  1
 196  37  1
 200  37  1
 245  37  1
 106  39  1
 121  39  1
 218  39  1
 184  40  1
 116  41  1
 157  41  1
 162  41  1
 163  41  1
 104  42  1
 200  42  1
 201  42  1
  53  43  1
  98  43  1
 100  43  1
 126  43  1
 216  43  1
 130  44  1
 194  45  1
 195  45  1
 105  46  1
  64  47  1
  69  47  1
 203  47  1
  89  48  1
 115  49  1
 123  51  1
  65  53  1
  80  53  1
 178  53  1
 189  53  1
  67  54  1
 259  54  1
 260  54  1
  54  55  1
  55  55  1
 189  55  1
  72  56  1
 201  56  1
 249  57  1
  44  58  1
  49  58  1
  42  59  1
 145  59  1
 149  59  1
 252  59  1
 254  59  1
  31  61  1
 229  61  1
  45  62  1
 137  62  1
 236  62  1
  49  63  1
 144  63  1
 167  63  1
 253  63  1
 161  64  1
 256  64  1
  19  65  1
 148  65  1
 239  65  1
  37  66  1
  66  66  1
 129  67  1
  51  68  1
 158  69  1
  55  70  1
  63  70  1
 152  70  1
  38  71  1
 190  71  1
 191  71  1
 257  71  1
 179  73  1
 188  73  1
 202  73  1
 182  76  1
 241  76  1
 242  76  1
 249  76  1
 259  76  1
 250  78  1
 251  78  1
 185  82  1
 262  82  1
 256  85  1
 166  86  1
 181  88  1
 208  88  1
 262  88  1
 164  89  1
 175  89  1
 277  89  1
   5  90  1
   6  90  1
  99  90  1
 206  90  1
  79  91  1
  89  91  1
  84  92  1
 101  92  1
  75  93  1
 201  93  1
 219  93  1
 260  93  1
 109  95  1
 156  95  1
 158  95  1
 160  95  1
 168  95  1
 217  95  1
 281  95  1
 282  95  1
 116  96  1
 174  96  1
   3  97  1
   4  97  1
  75  97  1
 118  97  1
 200  97  1
  65  98  1
  66  98  1
  82  98  1
 125  98  1
 127  98  1
 152  98  1
 154  98  1
  75  99  1
 167  99  1
 168  99  1
 270  99  1
  10 100  1
 127 100  1
 128 100  1
 161 100  1
 241 100  1
  73 101  1
 172 101  1
 173 101  1
 194 101  1
 195 101  1
  14 102  1
  15 102  1
 257 102  1
   8 103  1
 246 104  1
  12 105  1
 192 105  1
  22 106  1
  23 106  1
  38 106  1
  97 106  1
 258 106  1
 259 106  1
  56 107  1
  65 107  1
 162 107  1
  26 108  1
  87 108  1
 188 108  1
 246 108  1
 271 108  1
  14 109  1
  48 109  1
  68 109  1
 102 109  1
 169 109  1
  34 110  1
  60 110  1
  87 110  1
 259 110  1
  48 111  1
  96 111  1
 243 111  1
  13 112  1
  91 112  1
  39 113  1
  83 113  1
 123 113  1
 128 113  1
 166 113  1
 281 113  1
 282 113  1
  18 114  1
  91 114  1
 115 114  1
 188 114  1
 102 115  1
  29 116  1
  85 116  1
  87 116  1
  90 116  1
  24 117  1
  47 117  1
  60 117  1
 114 117  1
 266 117  1
  34 118  1
 143 118  1
 199 118  1
  17 119  1
  93 119  1
 131 119  1
 132 119  1
 272 119  1
  65 120  1
 192 120  1
 193 120  1
 207 120  1
  14 121  1
  15 121  1
  24 121  1
  29 121  1
  38 121  1
  47 121  1
  77 121  1
 117 121  1
 123 121  1
 267 121  1
 268 121  1
 269 121  1
   8 122  1
   9 122  1
  60 122  1
  61 122  1
 102 122  1
 103 122  1
 246 122  1
 146 123  1
 251 123  1
 266 123  1
  43 124  1
  61 124  1
 126 124  1
 137 124  1
 225 124  1
 260 124  1
  95 125  1
 190 125  1
 208 125  1
 231 125  1
 235 125  1
 236 125  1
  27 126  1
  47 126  1
  80 126  1
 159 126  1
 161 126  1
 273 126  1
  23 127  1
  97 127  1
 248 127  1
 269 127  1
 271 127  1
   7 128  1
  31 128  1
  32 128  1
  72 128  1
  80 128  1
 131 128  1
 187 128  1
 188 128  1
  20 129  1
 145 129  1
 146 129  1
  37 130  1
  38 130  1
  47 130  1
 231 130  1
  25 131  1
 134 131  1
 200 131  1
 247 131  1
   8 132  1
  22 132  1
 191 132  1
 193 132  1
 208 132  1
 209 132  1
 266 132  1
  82 133  1
  84 133  1
  93 133  1
  94 133  1
  18 134  1
  66 134  1
  67 134  1
 105 134  1
 124 134  1
   1 135  1
 100 135  1
 118 135  1
 193 135  1
 195 135  1
  71 136  1
  81 136  1
 191 136  1
   1 137  1
   7 137  1
  20 137  1
  26 137  1
 134 137  1
 146 137  1
 151 137  1
  51 138  1
  66 138  1
  95 138  1
 159 138  1
 160 138  1
 272 138  1
  29 139  1
  54 139  1
  55 139  1
  56 139  1
 118 139  1
 119 139  1
 126 139  1
 103 140  1
 162 140  1
 187 140  1
 131 141  1
  57 142  1
 135 142  1
 136 142  1
 149 142  1
 150 142  1
  92 143  1
 167 143  1
  88 144  1
 100 144  1
 101 144  1
 152 144  1
 158 144  1
 279 144  1
 280 144  1
  87 146  1
 127 146  1
 196 146  1
   1 147  1
  65 147  1
 121 147  1
 169 147  1
 170 147  1
   7 148  1
  99 148  1
 158 148  1
  83 149  1
 107 149  1
 112 149  1
 133 149  1
 259 149  1
  10 150  1
  13 150  1
  51 150  1
  57 150  1
  79 150  1
 128 150  1
  64 151  1
  93 151  1
 256 151  1
 230 152  1
   7 153  1
  84 153  1
  85 153  1
  18 154  1
  62 154  1
 129 154  1
  11 155  1
  12 155  1
  22 155  1
  58 155  1
  82 155  1
 165 155  1
   2 156  1
   3 156  1
 252 156  1
 117 157  1
 134 157  1
 135 157  1
 136 157  1
 142 157  1
 176 157  1
 177 157  1
  23 158  1
 128 158  1
 168 158  1
 169 158  1
  79 159  1
  81 159  1
 202 159  1
  17 160  1
 113 160  1
 114 160  1
 138 160  1
 221 160  1
 234 160  1
 132 161  1
 142 161  1
 144 161  1
 246 161  1
 261 161  1
 165 162  1
 205 162  1
 168 163  1
 169 163  1
 170 163  1
   4 164  1
   5 164  1
  94 164  1
  98 164  1
 176 164  1
 177 164  1
 235 164  1
  84 165  1
 132 165  1
 244 165  1
 245 165  1
 155 166  1
 267 166  1
   5 167  1
   6 167  1
  92 167  1
 222 167  1
 223 167  1
 236 167  1
 237 167  1
 273 167  1
 106 168  1
 114 168  1
 171 168  1
 184 168  1
 101 169  1
 143 169  1
 147 169  1
 173 170  1
 174 170  1
  24 171  1
 212 171  1
 213 171  1
 218 171  1
 221 171  1
 235 171  1
  40 172  1
 129 172  1
 150 172  1
  28 173  1
  29 173  1
 131 173  1
 132 173  1
 134 173  1
 154 173  1
 182 173  1
 196 173  1
 197 173  1
 124 174  1
 192 174  1
 252 174  1
  19 175  1
 184 175  1
 185 175  1
  16 177  1
  22 177  1
  39 177  1
  40 177  1
 128 177  1
 242 177  1
  10 178  1
  25 178  1
 118 178  1
 160 180  1
 162 180  1
 180 180  1
 181 180  1
 272 180  1
  38 181  1
 129 181  1
 188 181  1
 189 181  1
 201 181  1
 167 182  1
 185 182  1
  19 183  1
  51 184  1
  52 184  1
 132 185  1
 165 185  1
 245 185  1
 246 185  1
  46 186  1
  41 187  1
  56 187  1
 198 187  1
  45 188  1
 153 188  1
 165 189  1
 142 190  1
 143 190  1
  55 191  1
  56 191  1
 148 191  1
 149 191  1
 161 191  1
 247 191  1
  17 192  1
  18 192  1
 131 192  1
 126 193  1
 241 193  1
 245 193  1
  52 194  1
 162 195  1
 172 195  1
  20 196  1
  36 196  1
  37 196  1
 167 196  1
  47 197  1
  55 198  1
 175 198  1
 223 199  1
 156 200  1
 164 200  1
  51 202  1
 238 202  1
 239 202  1
 230 203  1
 112 204  1
 175 204  1
 192 204  1
 232 204  1
  47 205  1
 239 205  1
 240 205  1
 179 206  1
  39 207  1
  40 207  1
 153 207  1
  56 208  1
 179 208  1
 227 209  1
 228 209  1
 240 209  1
  42 210  1
  43 210  1
 111 210  1
 112 210  1
 126 210  1
 122 211  2
 123 211  1
 257 212  1
 155 213  1
  36 214  1
  45 214  1
  88 214  1
 147 215  1
  56 216  1
  58 216  1
  60 216  1
 112 216  1
 113 216  1
 195 216  1
 156 217  1
 153 219  1
  42 220  1
  80 220  1
  95 220  1
 100 220  1
 158 220  1
 163 220  1
 183 221  1
  89 224  1
 150 224  1
 151 224  1
  82 225  1
  92 225  1
 164 225  1
 165 225  1
 245 225  1
 230 226  1
 111 227  1
 112 227  1
 226 227  1
 125 228  1
 126 228  1
 198 229  1
  74 230  1
  75 230  1
 172 230  1
  89 231  1
  90 231  1
  94 231  1
 115 231  1
 145 231  1
 147 231  1
 164 232  1
 235 233  1
  80 234  1
  81 234  1
 126 234  1
 127 234  1
  61 235  1
  62 235  1
 119 235  1
 149 235  1
 231 235  1
 232 235  1
 171 236  1
 146 237  1
 147 237  1
  69 238  1
  87 238  1
 114 238  1
 126 238  1
 127 238  1
 162 238  1
  83 239  1
 173 239  1
 162 240  1
 183 240  1
 187 240  1
 120 241  1
 197 241  1
  74 242  1
 108 242  1
 201 242  1
 219 243  1
  87 244  1
  88 244  1
 114 244  1
 190 244  1
 202 244  1
 127 245  1
 199 245  1
 190 246  1
 196 246  1
  81 247  1
  83 247  1
 112 247  1
 207 248  1
 159 249  1
 166 249  1
 149 250  1
 113 252  1
 183 255  1
 125 256  1
 160 256  1
 137 257  1


count = 708