 168   1  1
 176   1  1
 184   1  1
 196   1  1
 201   1  1
 157   2  1
 150   4  1
 211   4  1
 142   6  1
 217   7  1
 215  12  1
 122  14  1
 148  15  1
 157  15  1
 233  15  1
 234  15  1
 213  16  1
 237  17  1
 111  19  1
 156  19  1
 207  20  1
 209  20  1
 154  21  1
 205  22  1
 106  23  1
 122  23  1
 205  24  1
 209  25  1
  84  26  1
 152  27  1
 153  27  1
  79  28  1
 119  28  1
 102  29  1
 104  29  1
 122  29  1
 131  29  1
 146  29  1
 147  29  1
  74  30  1
  93  30  1
  94  30  1
 140  30  1
 141  30  1
 142  30  1
  89  31  1
 150  31  1
  68  32  1
 129  32  1
 103  34  1
  60  36  1
  61  36  1
 103  36  1
  93  37  1
 147  38  1
  99  40  1
 130  42  1
  52  43  1
  99  45  1
 100  45  1
 120  46  1
  47  47  1
 146  47  1
 156  47  1
 150  49  1
  42  50  1
  51  50  1
 115  50  1
 159  50  1
 101  53  1
 102  53  1
 173  53  1
 168  54  1
  92  55  1
  93  55  1
 162  55  1
  35  56  1
  53  57  1
 268  57  1
  31  58  1
 171  58  1
  28  60  1
  41  61  1
  23  66  1
  30  66  1
  62  66  1
  64  66  1
 166  66  1
 199  67  1
  27  68  1
 193  68  1
 266  68  1
  28  71  1
  65  71  1
 191  71  1
 202  72  1
 203  72  1
  28  73  1
 146  73  1
 160  73  1
 189  73  1
 190  73  1
 261  73  1
 166  74  1
  23  75  1
  60  77  1
  61  77  1
 140  77  1
 141  77  1
 147  77  1
 268  77  1
 269  77  1
 270  77  1
  35  78  1
  46  78  2
  48  78  1
 184  78  1
 260  79  1
 261  79  1
  13  80  1
 254  81  1
  35  82  1
 147  82  1
 148  82  1
 182  82  1
 183  82  1
 197  82  1
  57  83  1
 279  83  1
 280  83  1
  45  85  1
  49  85  1
 144  85  1
 195  85  1
 196  85  1
  51  86  1
  53  86  1
 126  86  1
 164  86  1
 227  86  1
 232  86  1
  40  87  1
 148  87  1
 191  87  1
   7  88  1
 134  88  1
 135  88  1
 156  88  1
 181  88  1
 220  88  1
 242  88  1
 244  88  1
 246  88  1
  19  89  1
  20  89  1
 250  89  1
 156  90  1
 185  90  1
 217  90  1
 218  90  1
 236  90  1
   6  91  1
   7  91  1
 173  91  1
 177  91  1
 178  91  1
 196  91  1
  34  92  1
  39  92  1
  48  93  1
  49  93  1
 160  93  2
   5  95  1
   6  95  1
  47  95  1
 260  96  1
  11  97  1
 224  97  1
 243  97  1
 221  98  1
 255  98  2
 178  99  1
 214 100  1
 220 100  1
 174 101  1
 175 101  1
 219 102  1
 181 103  1
 208 103  1
 245 103  1
   9 104  1
  10 104  1
 179 104  1
 216 104  1
 243 104  1
  84 105  1
  36 107  1
 167 107  1
 207 107  1
 177 108  1
 202 108  1
 203 108  1
  89 109  1
  90 109  1
 197 110  1
 202 110  2
  81 112  1
 127 112  1
  96 114  1
  97 114  1
 101 115  1
 108 115  1
 110 115  1
  81 116  1
 161 116  1
 239 116  1
 240 116  1
  83 118  1
   8 119  1
  11 119  1
 130 119  1
 131 119  1
 156 119  1
 153 121  1
 197 122  1
   3 123  1
   4 123  1
  16 123  1
 131 123  1
 150 123  1
 275 123  1
 141 124  1
  39 125  1
 170 125  1
 189 125  1
 248 125  1
  42 126  1
  90 126  1
 140 126  1
 231 126  1
 259 126  1
   5 127  1
  23 127  1
 134 127  1
 248 127  1
  25 128  1
  97 128  1
 143 128  1
 255 128  1
 269 128  1
  68 129  1
  72 129  1
 189 129  1
  62 130  1
 194 130  1
 195 130  1
 196 130  1
 203 130  1
  49 131  1
  76 131  1
 205 131  1
   8 132  1
  40 132  1
  41 132  1
 209 132  1
  28 133  1
 228 133  1
 273 133  1
  36 134  1
  53 134  1
  54 134  1
 171 134  1
 172 134  1
 208 134  1
 209 134  1
 252 134  1
  22 135  1
  57 135  1
  58 135  1
  67 135  1
 127 135  1
 276 135  1
  51 136  1
  89 136  1
 119 136  1
   8 137  1
 131 137  1
 149 137  1
  39 138  1
  41 138  1
  63 138  1
  87 138  1
  43 139  1
  44 139  1
 198 139  1
 199 139  1
   1 140  1
   2 140  1
  83 140  1
 125 140  1
 209 140  1
  36 141  1
 202 142  1
  41 144  1
  62 144  1
 175 144  1
 176 144  1
  35 146  1
  59 146  1
  80 146  1
  81 146  1
 123 146  1
 175 146  1
   1 147  1
 140 147  1
  94 148  1
 120 148  1
 128 148  1
 130 148  1
 165 148  1
  45 149  1
  49 149  1
  78 149  1
 176 149  1
   7 151  1
   1 152  1
  32 152  1
  56 152  1
  86 152  1
 170 153  1
 178 153  1
 270 153  1
  33 154  1
  38 154  1
  72 155  1
  43 156  1
  44 156  1
  51 156  1
   1 157  1
   2 157  1
  39 158  1
  40 158  1
 119 158  1
 270 158  1
  73 159  1
  74 159  1
 132 159  1
 172 160  1
 179 160  1
 272 160  1
   8 161  1
   9 161  1
  82 161  1
  83 161  1
 172 162  1
 175 163  1
 176 163  1
 190 163  1
 269 163  1
 262 164  1
  85 166  1
  96 166  1
 101 166  1
  10 167  1
  11 167  1
  75 167  1
 140 167  1
 171 168  1
 172 168  1
 178 168  1
 195 168  1
 261 168  1
 262 168  1
 186 169  1
  89 170  1
 192 170  1
 141 171  1
 198 171  1
 175 172  1
 177 173  1
 201 173  1
 265 173  1
   6 174  1
   7 174  1
  12 174  1
  13 174  1
 273 176  1
 274 176  1
 201 177  1
 202 177  1
 261 177  1
 265 177  1
 179 178  1
 181 178  1
 248 179  1
  15 180  1
 202 180  1
 186 181  1
  88 182  1
 210 182  1
  75 183  1
 204 183  1
 252 183  1
  96 184  1
 270 184  1
 271 184  1
  72 185  1
  25 186  1
  98 186  1
  20 187  1
 269 187  1
 270 187  1
  66 188  1
  77 188  1
 101 188  1
  29 189  1
  63 189  1
  79 189  1
 111 190  1
  83 192  1
  88 192  1
  89 192  1
  61 194  1
  99 195  1
 100 195  1
 267 195  1
 268 195  1
 161 196  1
  63 197  1
 152 198  1
  63 200  1
  64 200  1
  87 200  2
  88 200  1
 150 200  1
  52 201  1
  94 201  1
  59 203  1
  92 203  1
 171 204  1
 152 205  1
  81 206  1
  91 208  1
  92 208  1
  79 209  1
 240 210  1
  91 211  1
  36 212  1
 167 212  1
 236 212  1
  50 213  1
  51 213  1
  57 213  1
  58 213  1
  89 213  1
  39 214  1
 241 214  1
  83 215  1
 257 215  1
  64 217  1
  83 217  1
  76 218  1
  83 219  1
  84 219  1
 254 219  1
  51 220  1
  70 220  1
 235 220  1
  62 221  1
 205 222  1
 232 222  1
  56 223  1
  66 224  1
  67 224  1
 105 224  1
 107 224  1
 209 224  1
  58 225  1
 238 225  1
 240 226  1
  61 227  1
 104 227  1
 143 228  1
 144 228  1
 167 228  1
 236 228  1
  64 229  1
  83 229  1
  67 231  1
  68 231  1
  80 231  1
 167 231  1
 214 231  1
 236 231  1
  87 232  1
  88 232  1
  98 232  1
 102 233  1
 153 233  1
 157 233  1
  95 234  1
 119 234  1
 209 234  1
 102 235  1
 170 235  1
 224 235  1
 238 235  1
  79 237  1
  80 237  1
  83 238  1
 146 238  1
 150 238  1
 158 238  1
 118 239  1
 119 239  1
 232 240  1
 101 241  1
 121 242  1
 174 242  1
 213 242  1
 214 242  1
 227 243  1
  99 244  1
 171 244  1
 222 245  1
 157 246  1
 166 246  1
 126 249  1
 159 249  1
 161 249  1
 129 250  1
 173 250  1
 210 250  1
 133 251  1
 157 252  1
 158 252  1
 142 253  1
 204 253  1
 199 254  1
 194 255  1
 154 256  1


count = 541