 152   1  1
 173   1  1
 184   2  1
 190   3  1
 198   5  1
 116   6  1
 164   6  1
 174   7  1
 175   7  1
 159   8  1
 160   8  1
 113   9  1
 142   9  1
 212  10  1
 108  11  1
 131  11  1
 184  11  1
 105  12  1
 179  12  1
 180  12  1
 118  13  1
 119  13  1
 142  13  1
 187  13  1
 160  14  1
 198  14  1
  96  15  1
 194  15  1
  93  16  1
 180  16  1
 188  16  1
 189  16  1
  90  17  1
 119  17  1
 137  17  1
 163  17  1
 112  18  1
 185  18  1
 199  19  1
  77  20  1
 126  20  1
 127  20  1
 233  20  1
  74  21  1
  99  21  1
 105  21  1
 106  21  1
  71  22  1
 237  22  1
  95  23  1
 113  23  1
 114  23  1
 172  24  1
 173  24  1
  81  25  1
  87  25  1
  92  25  1
 101  25  1
 102  25  1
 212  25  1
 122  26  1
 227  26  1
  64  27  1
 107  27  1
 108  27  1
 197  27  1
 189  28  1
 130  29  1
 175  30  1
  78  31  1
 136  31  1
 132  32  1
  56  33  1
 208  33  1
 197  34  1
 199  34  1
 252  34  1
 104  35  1
 109  35  1
 129  35  1
 138  35  1
 170  35  1
 204  35  1
  98  36  1
  99  36  1
 131  36  1
 255  36  1
  77  37  1
  78  37  1
 191  37  1
 200  37  1
  50  38  1
 120  38  1
 226  38  1
 234  38  1
  86  39  1
  89  39  1
 106  39  1
 148  39  1
 173  39  1
 231  39  1
  80  40  1
  81  40  1
  93  40  1
 108  40  1
 185  40  1
 186  40  1
 112  42  1
 122  42  1
 148  43  1
 223  43  1
 228  43  1
  64  44  1
  66  44  1
  89  44  1
 176  44  1
 211  44  1
 212  44  1
 264  44  1
  56  45  1
  57  45  1
 150  45  1
 108  46  1
 188  46  1
  48  47  1
  52  47  1
 112  47  1
 113  47  1
 114  47  1
 120  47  1
 126  47  1
 132  47  1
 231  47  1
 103  48  1
  92  50  1
 141  50  1
 142  50  1
 226  50  1
  65  51  1
 130  51  2
 187  51  1
 269  51  1
  60  52  1
 261  52  1
 113  53  1
 187  53  1
 195  53  1
 236  53  1
 142  54  1
 222  54  1
 231  54  1
  62  55  1
  67  55  1
  78  55  1
 119  55  1
 120  55  1
 124  55  1
 133  55  1
 261  55  1
 190  56  1
 192  56  1
 215  56  1
  65  57  1
  93  57  1
  94  57  1
 200  57  1
 203  57  1
 234  57  1
 115  58  1
 136  58  1
 146  58  1
  28  59  1
 156  59  1
 118  60  1
 119  60  1
 257  60  1
 195  61  1
 200  62  1
 251  62  1
 143  63  1
 144  63  1
 149  63  1
 153  64  1
 192  64  1
 251  64  1
  24  65  1
  96  65  1
  97  65  1
 256  65  1
 108  66  1
 145  66  1
 203  66  1
 235  66  1
 236  66  1
 252  66  1
  41  68  1
  84  68  1
 110  68  1
 118  68  1
 151  68  1
 155  68  1
 156  68  1
 203  69  1
 207  69  1
 208  69  1
 271  69  1
  29  70  1
 126  70  1
 149  70  1
 252  70  1
 257  70  1
  19  71  1
 121  71  1
 145  71  1
 147  71  1
 197  71  1
 201  71  1
 225  71  1
 260  71  1
 158  72  1
 205  72  1
 216  72  1
 247  72  1
 268  72  1
  45  73  1
  51  73  1
  98  73  1
 228  73  1
 277  73  1
 278  73  1
  25  74  1
  26  74  1
  40  74  1
  47  74  1
  48  74  1
  83  74  1
 154  74  1
 112  75  1
 122  75  1
 212  75  1
 229  75  1
 272  75  1
  15  76  1
  34  76  1
  35  76  1
  99  76  1
 237  76  1
 248  76  1
 269  76  1
 270  76  1
  45  77  1
  79  77  1
  80  77  1
  50  78  1
 267  78  1
  62  79  1
 100  79  1
 144  79  1
 240  79  1
  44  80  1
  45  80  1
  64  80  1
 160  80  1
 233  80  1
 258  80  1
 102  81  1
 221  81  1
  38  82  1
  67  82  1
 146  82  1
  79  83  1
 128  83  1
 221  83  1
 260  83  1
  48  84  1
 157  84  1
  56  85  1
 164  85  1
 242  85  1
 260  85  1
 273  85  1
  31  86  1
  52  86  1
 109  86  1
 119  86  1
 150  86  1
  44  88  1
  46  88  1
 128  88  1
 246  88  1
  55  89  1
 105  89  1
 106  89  1
  62  90  1
  96  90  1
 227  90  1
 230  90  1
 231  90  1
 273  90  1
  57  91  1
 105  91  1
 150  91  1
 154  91  1
 168  91  1
 254  91  1
 256  91  1
  97  92  1
 123  92  1
 124  92  1
 264  92  1
 265  92  1
 269  92  1
  13  93  1
 108  93  1
 221  93  1
 146  94  1
 147  94  1
 169  94  1
 202  94  1
  59  95  1
 136  95  1
 206  95  1
  66  96  1
 126  96  1
 166  96  1
 167  96  1
 197  97  1
 208  97  1
 209  97  1
  14  98  1
  31  98  1
 194  98  1
 232  99  1
  19 100  1
  20 100  1
  28 100  1
  30 100  1
  62 100  1
 116 100  1
 153 100  1
 190 100  1
  76 101  1
  80 101  1
 133 101  1
 159 101  1
 237 101  1
   4 102  1
   5 102  1
  10 102  1
 184 102  1
  76 103  1
 128 103  1
 131 103  1
 143 103  1
 219 103  1
  64 104  1
  34 105  1
  54 105  1
 152 105  1
 175 105  1
 207 105  1
 208 105  1
 202 106  1
 263 106  1
 264 106  1
  16 107  1
  21 107  1
 133 107  1
 170 107  1
 171 107  1
 218 107  1
 233 107  1
 255 107  1
  77 108  1
  96 108  1
 260 108  1
  11 109  1
 212 109  1
  98 110  1
  99 110  1
 139 110  1
 158 110  1
  55 111  1
 167 111  1
 174 111  1
 214 111  1
 215 111  1
   1 112  1
  20 112  1
  22 112  1
 147 112  1
 154 112  1
  11 114  1
  12 114  1
  78 114  1
 133 114  1
 154 114  1
 161 114  1
 197 114  1
 215 114  1
 239 114  1
  25 115  1
  55 115  1
 101 115  1
 219 115  1
 256 115  1
 257 115  1
 271 115  1
  32 116  1
  90 116  1
  91 116  1
 130 116  1
 187 116  1
 225 116  1
  14 117  1
  34 117  1
  53 117  1
 136 117  1
 102 118  1
 103 118  1
 159 118  1
 169 118  1
 170 118  1
 175 118  1
  20 119  1
  24 119  1
 159 120  1
 258 120  1
  65 121  1
  86 121  1
 263 121  1
   9 122  1
  10 122  1
 192 122  1
 242 122  1
 245 122  1
 270 122  1
  12 123  1
 183 123  1
 223 123  1
 227 123  1
 255 123  1
 256 123  1
 265 123  1
  16 124  1
  26 124  1
 157 124  1
 185 124  1
 186 124  1
   1 125  1
 231 125  1
 233 125  1
 234 125  1
  33 126  1
  39 126  1
  59 126  1
 202 126  1
 217 126  1
 253 126  1
 254 126  1
  50 127  1
  82 127  1
  86 127  1
 180 127  1
 247 127  1
 273 127  1
 277 127  1
  25 128  1
  46 128  1
  55 128  1
  56 128  1
 125 128  2
 126 128  2
 186 128  1
 223 128  1
 265 128  1
 162 129  1
 184 129  1
 198 129  1
 211 129  1
 240 129  3
  62 130  1
  52 131  1
 212 131  1
 241 131  1
 283 131  1
  30 132  1
  70 132  1
  72 132  1
   1 133  1
  64 133  1
  94 133  1
  95 133  1
 125 133  1
 187 133  1
 212 133  1
 254 133  1
 264 133  1
 272 133  1
  44 134  1
  45 134  1
  46 134  1
  70 134  1
 111 134  1
 118 134  1
 218 134  1
 228 134  1
 229 134  1
 276 134  1
  20 135  1
 166 135  1
 247 135  1
 279 135  1
   1 136  1
   6 136  1
  11 136  1
  12 136  1
  22 136  1
  25 136  1
 112 136  1
 116 136  1
 268 136  1
  40 137  1
  60 137  1
 282 137  1
  68 138  1
  96 138  1
 222 138  1
 260 138  1
 261 138  1
  34 139  1
 215 139  1
 252 139  1
 253 139  1
  32 140  1
  47 140  1
 195 140  1
   8 141  1
  10 141  1
  19 141  1
  30 141  1
  83 141  1
  84 141  1
  41 142  1
  65 142  1
  87 142  1
 248 142  1
 250 142  1
 272 142  1
  57 143  1
 177 143  1
 202 143  1
 218 143  1
 245 143  1
 257 143  1
  23 144  1
  41 144  1
  67 144  1
  72 144  1
 180 144  1
 183 144  1
 212 144  1
 213 144  1
 228 144  1
 229 144  1
 241 144  1
 242 144  1
 275 144  1
  10 146  1
  12 146  1
 144 146  1
 145 146  1
 196 146  1
 197 146  1
 203 146  1
 205 146  1
 216 146  1
 231 146  1
  21 147  1
  26 147  1
 119 147  1
 187 147  1
 282 147  1
 283 147  1
  44 148  1
  45 148  1
  53 148  1
  73 148  1
 127 148  1
 241 148  1
 247 148  1
  26 149  1
  85 149  1
 146 149  1
  37 150  1
  63 150  1
 125 150  1
 140 150  1
 161 150  1
 162 150  1
 194 150  1
 199 150  1
 200 150  1
 206 150  1
 157 151  1
 159 151  1
 230 151  1
   2 152  1
   3 152  1
  31 152  1
 183 152  1
 210 152  1
  70 153  1
 239 153  1
 169 154  1
 206 154  1
  20 155  1
  27 155  1
 146 155  1
 155 155  1
 225 155  1
 231 155  1
 244 155  1
 245 155  1
 257 155  1
  36 156  1
  47 156  1
 123 157  1
 201 157  1
  49 158  1
 115 158  1
 157 158  1
 173 158  1
 209 158  1
  31 159  1
 233 159  1
 244 159  1
  54 160  1
 143 160  1
 179 160  1
 181 160  1
 195 160  1
 229 160  1
 230 160  1
 167 161  1
 204 161  1
 208 162  1
  42 163  1
 237 163  1
 235 164  1
 263 164  1
 215 165  1
 223 165  1
 224 165  1
  35 166  1
  36 166  1
 157 166  1
 172 166  1
 173 166  1
 179 166  1
 256 166  1
 265 166  1
 166 167  1
 213 167  1
  53 168  1
 193 169  1
 246 169  1
 247 169  1
 151 170  1
 270 170  1
  23 171  1
  24 171  1
 174 171  1
 246 171  1
 262 171  1
  48 172  1
 176 173  1
 246 173  1
  18 174  1
 270 174  1
  63 175  1
  64 175  1
 259 176  1
 274 176  1
  83 177  1
 255 177  1
  38 178  1
  72 178  1
  76 178  1
 167 179  1
 234 179  1
 259 179  1
 261 179  1
 273 179  1
 274 179  1
 172 180  1
  51 181  1
  36 182  1
  80 182  1
 255 182  1
 269 182  1
  51 183  1
 245 183  1
  12 184  1
  42 184  1
  43 184  1
  58 184  1
  67 184  1
  78 184  1
 169 184  1
 170 184  1
 230 184  1
 231 184  1
 237 184  1
 252 184  1
 272 184  1
  52 185  1
  60 185  1
 165 185  1
 246 185  1
 247 185  1
 261 185  1
  56 186  1
  66 186  1
 146 187  1
 176 188  1
 264 188  1
  70 189  1
 231 189  1
 259 189  1
 271 189  1
  58 190  1
 147 190  1
 149 190  1
 151 190  1
 236 190  1
  18 191  1
 161 191  1
 248 191  1
 266 191  1
 267 191  1
  58 192  1
  28 193  1
  93 193  1
 243 193  1
 259 193  1
 260 193  1
 264 193  1
 147 194  1
 177 194  1
 157 195  1
 104 196  1
 167 196  1
 168 196  1
 237 196  1
 239 196  1
  62 197  1
  95 197  1
 110 197  1
 153 198  1
 176 198  1
  67 199  1
 245 199  1
 254 199  1
 168 200  1
 172 200  1
 247 201  1
 275 201  1
  61 202  1
  62 202  1
 106 202  1
 170 202  1
 236 202  1
 240 202  1
  45 203  1
  69 203  1
  71 203  1
  74 203  1
 153 203  1
 164 203  1
 177 203  1
 178 203  1
 179 203  1
 221 203  1
 229 203  1
  90 204  1
 210 204  1
 241 204  1
  39 205  1
 112 205  1
 113 205  1
 272 205  1
 166 206  1
 210 206  1
 222 206  1
 240 207  1
  31 208  1
  73 208  1
  74 208  1
  88 208  1
  89 208  1
 161 208  1
 162 208  1
 180 208  1
 210 208  1
 255 208  1
  65 209  1
  78 209  1
 240 209  1
 270 209  1
  57 210  1
  71 210  1
 113 210  1
 261 210  1
  54 211  1
  69 211  1
 206 211  1
 208 211  1
 228 211  1
  51 212  1
  83 212  1
 102 212  1
 106 212  1
 255 213  1
  61 214  1
 187 214  1
 188 214  1
 249 214  1
 258 214  1
 266 214  1
  58 215  1
 159 215  1
 160 215  1
 206 215  1
  74 216  1
  75 216  1
 214 216  1
  67 217  1
 160 217  1
 230 217  1
 264 217  1
  41 218  1
 189 218  1
 223 218  1
  87 219  1
 233 219  1
 114 220  1
 180 220  1
 214 220  1
  76 221  1
  77 221  1
  82 221  1
  83 221  1
 161 221  1
 166 221  1
 229 221  1
 244 221  1
 245 221  1
 178 222  1
 191 222  1
 192 222  1
  70 223  1
 158 223  1
 203 223  1
 208 223  1
 209 223  1
 248 223  1
 194 224  1
 195 224  1
 241 224  1
 101 225  1
 113 225  1
 203 225  1
 232 225  1
 233 225  1
  64 226  1
 176 226  1
 177 226  1
 178 226  1
 188 226  1
 215 226  1
 227 226  1
  67 227  1
  68 227  1
 157 227  1
  80 228  1
  89 228  1
  90 228  1
 155 228  1
 227 228  1
 240 228  1
  75 229  1
  76 229  1
 118 229  1
 125 229  1
 153 229  1
 243 229  1
  56 230  1
  96 230  1
 213 230  1
 230 230  1
 251 230  1
  70 231  1
  88 231  1
  89 231  1
 178 231  1
 232 231  1
 145 232  1
 189 232  1
  65 233  1
 112 233  1
 113 233  1
 151 233  1
 178 233  1
 149 234  1
 160 234  1
 129 236  1
 143 236  1
  75 237  1
  95 237  1
 109 237  1
 176 237  1
 177 237  1
 241 238  1
 160 239  1
 133 240  1
 134 240  1
 181 240  1
 182 240  1
 120 241  1
 121 241  1
  93 242  1
 111 242  1
 124 242  1
 125 242  1
 187 242  1
 188 242  1
 141 243  1
 143 243  1
 166 243  1
 228 244  1
 229 244  1
 133 245  1
 137 245  1
 141 245  1
 175 246  1
 203 246  1
 204 246  1
 181 247  1
 191 247  1
 197 247  1
 220 247  1
 171 248  1
 215 248  1
 165 249  1
 181 249  1
 213 249  1
 108 250  1
 149 251  1
 153 251  1
 154 251  1
 158 252  1
 169 252  1
 201 253  1
 161 257  1


count = 965