 148   1  1
 162   1  1
 168   1  1
 135   3  1
 203   5  1
 123   6  1
 205   6  1
 120   7  1
 150   7  1
 169   7  1
 175   7  1
 157   8  1
 130  10  1
 169  10  1
 170  10  1
 214  10  1
 123  12  1
 150  13  1
 151  13  1
 166  15  2
 223  15  1
 224  15  1
 179  16  1
 210  16  1
 227  16  1
 134  18  1
 150  18  1
 151  18  1
  88  19  1
 181  19  1
  85  20  1
  97  20  1
 175  20  1
 176  20  1
 221  20  1
 127  21  1
 157  21  1
 158  21  1
 142  22  1
 171  22  1
 235  22  1
  77  23  1
  91  23  1
  92  23  1
 127  23  1
 204  23  1
 137  24  1
 239  24  1
  75  25  1
 230  25  1
 173  26  1
 133  27  1
 224  27  1
 225  27  1
  66  28  1
 211  28  1
 100  29  1
 159  29  1
 160  29  1
 165  29  1
 201  30  1
 176  31  1
  95  32  1
  96  32  1
 171  32  1
 154  33  1
 222  34  1
  66  35  1
  69  35  1
 227  36  1
 252  36  1
 161  37  1
 179  37  1
 254  37  1
  50  39  1
 175  39  1
 176  39  1
 218  40  1
  46  41  1
 105  41  1
 156  41  1
 163  41  1
 164  41  1
 224  41  1
 108  43  1
 178  43  1
 184  43  1
 210  44  1
 212  44  1
  41  45  1
 222  45  1
 158  46  1
 159  46  1
 165  47  1
 166  47  1
 212  47  1
 213  47  1
  47  48  1
 104  48  1
 172  50  1
 230  51  1
  41  52  1
 212  52  1
 224  52  1
 225  52  1
 172  54  1
 173  54  1
 174  54  1
 222  54  1
 169  55  1
 203  58  1
 201  60  1
 193  62  1
  20  63  1
 272  63  1
 273  63  1
 234  65  1
 248  66  1
 268  66  1
  18  67  1
 190  67  1
 228  68  1
 186  69  1
 235  69  1
  16  70  1
 274  70  1
 275  70  1
 244  71  1
 181  72  1
 269  72  1
 224  73  1
 195  74  1
 196  74  1
 255  74  1
 266  75  1
  18  77  1
 200  77  1
 229  78  1
  19  79  1
  11  80  1
  17  82  1
  18  82  1
 166  83  1
 219  84  1
 162  85  1
 216  86  1
 221  86  1
 227  87  1
 159  88  1
 199  88  1
 249  88  1
 258  89  1
 217  90  1
 197  92  1
 144  93  1
 219  93  1
 228  93  1
 215  94  1
  18  95  1
 132  95  1
 232  95  1
  81  96  1
 102  96  1
 195  96  1
 196  96  1
 222  96  1
 241  96  1
 242  96  1
  21  97  1
 235  98  1
 268  99  1
 229 100  1
 235 100  1
 272 100  1
  10 101  1
  11 101  1
  17 101  1
  24 101  1
  80 101  1
  81 101  1
 217 101  1
 274 101  1
 275 101  1
 238 102  1
 239 102  1
 245 102  1
 252 102  1
 264 103  1
 268 104  1
 269 104  1
 190 105  1
 238 105  1
 239 105  1
  78 106  1
 219 106  1
 257 106  1
 269 106  1
 275 106  1
   1 108  1
  80 108  1
  89 108  1
 231 108  1
 238 109  1
  82 110  1
 265 110  1
  97 113  1
 258 113  1
  83 114  1
 179 114  1
 180 114  1
   5 116  1
  88 116  1
 246 118  1
  97 119  1
   1 120  1
  91 120  1
  92 120  1
 168 120  1
 170 120  1
 241 120  1
  10 121  1
  12 121  1
 139 121  1
 155 121  1
 105 122  1
 136 122  1
 174 122  1
  40 123  1
  41 123  1
  27 124  1
  35 124  1
 173 124  1
 275 124  1
 276 124  1
  47 125  1
  64 125  1
 111 125  1
 207 125  1
 221 125  1
 263 125  1
  10 126  1
  78 126  1
 116 126  1
 218 126  1
 238 126  1
  60 127  1
  81 127  1
 194 127  1
 241 127  1
  87 128  1
 137 128  1
 138 128  1
 188 128  1
  33 129  1
 204 129  1
 220 129  1
 230 129  1
 231 129  1
 264 129  1
   4 130  1
  18 130  1
   8 131  1
 103 132  1
 108 132  1
 128 132  1
 181 132  1
  53 133  1
  60 133  1
  64 133  1
  65 133  1
  81 133  1
 114 133  1
 119 133  1
 124 133  1
 216 133  1
 236 133  1
   2 134  1
   3 134  1
 101 134  1
 275 134  1
 215 135  1
 265 135  1
 213 136  1
 229 136  1
   1 137  1
   2 137  1
  11 137  1
 221 137  1
  66 138  1
 173 138  1
 174 138  1
 216 138  1
 239 138  1
  65 140  1
 100 140  1
 262 140  1
  85 141  1
 173 141  1
 257 141  1
   9 142  1
 276 145  1
   1 146  1
 176 146  1
 242 146  1
 247 146  1
 273 146  1
 103 147  1
   6 148  1
  82 148  1
 178 148  1
 270 148  1
 271 148  1
  86 149  1
  96 149  1
   1 150  1
  81 151  1
 231 151  1
 254 151  1
 255 151  1
 277 151  1
 242 152  1
 264 152  1
   7 153  1
   8 153  1
  15 153  1
 186 153  1
 187 153  1
 245 154  1
 189 155  1
  84 156  1
  93 156  1
  94 156  1
 232 156  1
 233 156  1
 242 157  1
   2 158  1
   3 158  1
  24 158  1
 192 158  1
 236 158  1
 237 158  1
 248 158  1
 269 159  1
  13 160  1
  14 160  1
  91 160  1
 257 160  1
 263 160  1
  82 161  1
   3 162  1
   4 162  1
 250 162  1
 237 163  1
 253 163  1
  10 164  1
 117 164  1
 129 165  1
 246 165  1
 255 165  1
 193 166  1
 141 167  1
 142 167  1
 258 167  1
 145 168  1
 202 168  1
 203 168  1
 248 168  1
 148 169  1
 261 169  1
  13 171  1
  14 171  1
 250 171  1
 266 172  1
 197 173  1
  16 174  2
 160 175  1
 261 175  1
 196 176  1
 267 176  1
 263 177  1
  11 178  1
 170 178  1
 172 178  1
 194 178  1
 196 178  1
 179 180  1
 190 180  1
 276 180  1
 277 180  1
  13 181  1
  14 181  1
 182 183  1
 227 185  1
  62 186  1
  64 186  1
 274 187  1
 275 187  1
 232 189  1
 236 190  1
 252 190  1
  66 192  1
  67 192  1
 242 193  1
 257 193  1
 258 193  1
  52 194  1
  91 194  1
 272 194  1
 273 194  1
 267 195  1
  88 197  1
 251 197  1
 246 198  1
 224 199  1
 241 201  1
 262 202  1
  65 203  1
 219 203  1
 250 203  1
 251 203  1
  33 204  1
  51 205  1
 224 205  1
 245 205  1
  34 206  1
  85 206  1
  86 206  1
 267 206  1
  36 207  1
 231 208  1
 265 209  1
 231 210  1
 243 210  1
  42 212  1
  50 212  1
 211 212  1
  59 213  1
  64 213  1
 215 213  1
  67 215  1
 217 215  1
 245 215  1
 246 215  1
  62 216  1
  93 216  1
 219 216  1
 211 217  1
 242 217  1
 220 218  1
  61 219  1
  62 219  1
 135 219  1
  52 220  1
  96 220  1
  97 220  1
 230 220  1
 135 221  1
 178 221  1
  95 222  1
 182 222  1
 216 223  1
  94 224  1
  95 224  1
 226 224  1
 228 224  1
  70 225  1
 133 225  1
  61 226  1
 229 227  1
 105 228  1
 137 228  1
 220 228  1
  74 229  1
 117 230  1
 118 230  1
 183 230  1
 184 230  1
  97 231  1
  98 231  1
 223 231  1
  87 232  1
 100 234  1
 240 234  1
  82 235  1
  75 236  1
 105 236  1
 134 236  1
 135 236  1
 174 236  1
  99 238  1
  90 239  1
  97 239  1
 173 239  1
 232 239  1
 145 240  1
 149 240  1
  83 241  1
  84 241  1
 104 241  1
 108 242  1
 109 242  1
 183 242  1
 184 242  1
  89 243  1
 101 243  1
 102 243  1
 223 243  1
 224 243  1
 113 244  1
 114 244  1
  91 245  1
 108 245  1
 219 245  1
 220 245  1
 125 246  1
 143 246  1
 144 246  1
 148 247  1
 178 247  1
 179 247  1
 213 248  1
 102 249  1
 104 249  1
 124 249  1
 129 250  1
 178 250  1
 183 250  1
 184 250  1
 121 253  1
 150 253  1
 195 253  1
 192 254  1
 138 256  1
 183 256  1


count = 534