 167   1  1
 174   1  1
 175   1  1
 202   1  1
 205   1  1
 147   3  1
 214   4  1
 140   5  1
 177   5  1
 168   6  1
 219   6  1
 171   7  1
 183   7  1
 222   7  1
 134   8  1
 188   8  1
 225   8  1
 173   9  1
 178   9  1
 228   9  1
 216  11  1
 137  13  1
 138  13  1
 133  15  1
 215  15  1
 222  15  1
 176  16  1
 241  16  1
 138  17  1
 194  17  1
 222  17  1
 220  18  1
 243  18  1
 110  19  1
 170  19  1
 187  20  1
 188  20  1
 122  21  1
 166  21  1
 107  22  1
 140  22  1
 141  22  1
 177  22  1
  97  23  1
 198  23  1
 140  24  1
 173  24  1
 219  24  1
 121  25  1
 182  25  1
  84  26  1
 114  26  1
 207  26  1
 253  26  1
 254  26  1
 142  27  1
 150  27  1
 189  27  1
 212  27  1
  92  29  1
 156  30  1
 174  30  1
  70  33  1
 137  33  1
 143  33  1
 231  33  1
 259  33  1
 111  35  1
 189  35  1
 140  36  1
  87  37  1
  88  37  1
 208  37  1
 211  37  1
  72  38  1
 109  39  1
 242  39  1
 263  39  1
  59  40  1
 231  40  1
 232  40  1
 246  40  1
  66  41  1
  67  41  1
  88  42  1
  92  43  1
 253  44  1
 212  45  1
 213  45  1
 214  45  1
 205  46  1
 209  46  1
 266  46  1
 181  48  1
 186  51  1
 199  51  1
  70  52  1
  74  52  1
 203  52  1
 195  53  1
 191  54  1
 271  54  1
 188  56  1
 200  56  1
  79  59  1
 266  62  1
 262  63  1
 275  64  1
 276  64  1
 257  65  1
 260  66  1
  75  67  1
  79  67  1
 276  67  1
 277  67  1
  35  68  1
 220  68  1
 215  69  1
  37  70  1
 223  71  1
 224  71  1
 277  71  1
 278  71  1
  30  72  1
  31  74  1
  41  74  1
  42  74  1
 213  74  1
  25  75  1
 195  75  1
 215  76  1
 216  76  1
 278  76  1
 279  76  1
  27  77  1
  35  78  1
 224  79  1
 215  81  1
 232  81  1
  13  82  1
 188  82  1
 196  82  1
  31  83  1
 209  83  1
 181  84  1
 280  85  1
 281  85  1
  17  86  1
 223  86  1
 239  86  1
 122  87  1
 216  87  1
 118  88  1
   9  89  1
  10  89  1
 130  89  1
 132  89  1
 172  89  1
 199  89  1
 200  89  1
 216  89  1
 240  89  1
  21  90  1
 118  90  1
 221  90  1
 234  90  1
 245  90  1
 218  92  1
  20  95  1
 234  95  1
   7  96  1
   8  96  1
 230  96  1
 231  96  1
 241  96  1
 155  97  1
 175  97  1
 170  98  1
 217  98  1
 218  98  1
 188  99  1
 151 100  1
 144 101  1
 181 101  1
 243 101  1
 130 102  1
 167 102  1
  13 103  1
 127 103  1
 180 103  1
 104 104  1
 111 104  1
 123 104  1
 176 104  1
  95 105  1
 119 105  1
 245 105  1
 226 106  1
 169 107  1
 174 107  1
 235 108  1
 151 110  1
 246 110  1
 107 113  1
 108 113  1
 109 113  1
  40 114  1
 250 114  1
 110 117  1
 112 117  1
 124 118  1
 246 118  1
 247 118  1
  41 120  1
  42 120  1
 154 120  1
 127 121  1
  82 122  1
  83 122  1
 250 122  1
  14 123  1
 105 124  1
 130 124  1
 131 124  1
 170 124  1
 179 124  1
 191 124  1
 192 124  1
 203 124  1
 253 124  1
 254 124  1
  33 125  1
  43 125  1
 135 125  1
   5 127  1
   6 127  1
   9 127  1
  28 127  1
 173 127  1
 228 127  1
 249 127  1
 257 127  1
 259 127  1
 274 127  1
 275 127  1
 276 127  1
 269 128  1
  44 129  1
 221 129  1
   5 131  1
  25 131  1
  33 131  1
  53 131  1
  80 131  1
  92 131  1
  94 131  1
  47 132  1
  48 132  1
  89 132  1
 111 132  1
 119 132  1
 138 132  1
 226 132  1
 227 132  1
 237 132  1
 264 132  1
   3 133  1
  32 133  1
 143 133  1
 270 133  1
  53 134  1
  66 134  1
 227 134  1
 104 135  1
 152 135  1
  16 136  1
  17 136  1
 145 136  1
 258 136  1
 261 136  1
  10 137  1
 123 137  1
 136 137  1
 150 137  1
 247 137  1
  54 138  1
  99 138  1
 162 138  1
 146 139  1
 253 139  1
  79 140  1
 129 140  1
  17 141  1
   1 142  1
  88 142  1
 254 142  1
  17 143  1
  57 143  1
 122 143  1
 127 143  1
  19 144  1
 101 144  1
 146 144  1
 227 144  1
 249 144  1
 254 144  1
  57 145  1
 139 145  1
 120 146  1
 129 146  1
 226 146  1
 228 146  1
 229 146  1
 100 147  1
 150 147  1
 151 147  1
  63 148  1
 129 148  1
 171 148  1
 177 148  1
 243 148  1
 245 148  1
  97 149  1
 139 149  1
 218 149  1
   6 150  1
   7 150  1
 152 150  1
 217 151  1
 235 152  1
   1 153  1
 168 153  1
 214 153  1
  98 154  1
 178 154  1
 209 154  1
   9 155  1
  89 155  1
 142 155  1
 161 155  1
 163 155  1
 184 155  1
 216 157  1
  98 158  1
 144 158  1
  14 159  1
  16 159  1
 178 159  1
 187 159  1
 233 159  1
   2 160  1
  54 160  1
 191 160  1
 216 160  1
  19 161  1
  20 161  1
  47 161  1
  42 162  1
 181 162  1
 183 162  1
 158 163  1
 163 164  1
 187 164  1
  38 165  1
   5 166  1
   6 166  1
  27 166  1
 168 166  1
 221 166  1
  35 167  1
  66 167  1
  70 167  1
  21 168  1
 190 168  1
  32 169  1
  33 169  1
  57 169  1
 231 169  1
   7 171  1
   8 171  1
  33 171  1
  48 171  1
 178 171  1
 233 171  1
 277 171  1
 278 171  1
  24 172  1
  25 172  1
  18 173  1
  22 173  1
  34 173  1
  50 173  1
  51 173  1
 244 173  1
 246 173  1
   8 174  1
   9 174  1
 236 174  1
 241 174  1
  57 175  1
  46 176  1
 198 176  1
  16 177  1
 253 177  1
  40 178  1
  33 179  1
  19 181  1
 240 181  1
 252 181  1
  12 182  1
  20 183  1
  21 183  1
 234 184  1
 238 184  1
  58 186  1
  59 186  1
  23 187  1
  51 188  1
  27 189  1
  29 189  1
  36 189  1
  22 193  1
  29 194  1
  46 194  1
 272 194  1
 269 199  1
 100 200  1
 106 202  1
 107 202  2
  93 203  1
 109 205  1
 114 206  1
 106 207  1
 106 210  1
  53 211  1
  91 211  1
 114 211  1
 115 211  1
  56 212  1
  57 212  1
  48 214  1
  57 215  1
  83 216  1
  90 218  1
 110 219  1
  57 220  1
  80 220  1
  90 220  1
  95 220  1
  59 221  1
 256 221  1
  68 222  1
  69 222  1
 247 222  1
 248 222  1
  86 223  1
 162 224  1
 240 224  1
 107 225  1
 253 225  1
  63 226  1
 230 228  1
  79 229  1
  70 231  1
 197 231  1
 198 231  1
 232 231  1
 233 231  1
  94 233  1
 140 235  1
  80 236  1
  94 236  1
 119 236  1
 160 237  1
  99 238  1
 124 239  1
  95 241  1
 138 241  1
 139 241  1
 164 241  1
 166 241  1
 119 242  1
 130 242  1
 102 243  1
 154 243  1
 196 243  1
 197 243  1
 105 244  1
 229 244  1
 133 245  1
 200 246  1
 140 247  1
 125 248  1
 177 248  1
 178 248  1
 220 248  1
 128 249  1
 145 249  1
 153 249  1
 158 249  1
 159 249  1
 182 250  1
 132 251  1
 158 252  1
 136 253  1
 176 253  1
 139 254  1
 200 254  1


count = 508