 155   1  1
 170   1  1
 190   2  1
 203   5  1
 211   8  1
 187   9  1
 213   9  1
 191  11  1
 139  12  1
 140  12  1
 134  14  1
 197  14  1
 220  14  1
  90  15  1
 145  15  1
 146  15  1
 185  16  1
 114  17  1
 135  17  1
 226  18  1
 126  19  1
 188  20  1
 138  21  1
 196  21  1
 232  21  1
  71  22  1
  88  22  1
  99  24  1
 100  24  1
 123  24  1
 124  24  1
 193  24  1
  89  25  1
  64  26  1
  80  26  1
 154  26  1
 193  26  1
  75  27  1
  97  28  1
  98  28  1
 113  28  1
 136  28  1
  92  29  1
 188  29  1
 189  29  1
  66  30  1
 147  30  1
 142  31  1
  95  32  1
 113  32  1
 114  32  1
 194  32  1
 231  32  1
  53  33  1
 127  33  1
 235  33  1
  91  34  1
 230  34  1
 102  35  1
 190  35  1
 125  36  1
 157  37  1
 158  37  1
 122  38  1
 124  38  1
 180  38  1
  97  39  1
 195  39  1
 228  39  1
 108  40  1
 234  41  1
 121  42  1
 122  42  1
 182  42  1
 183  42  1
 195  42  1
 196  42  1
  43  43  1
 225  43  1
 240  43  1
 241  43  1
 110  44  1
 111  44  1
 124  44  1
 221  44  1
 231  46  1
 232  46  1
  38  47  1
  39  47  1
 106  47  1
 107  47  1
 159  47  1
 129  48  1
 230  48  1
  50  49  1
 203  49  1
 221  49  1
 222  49  1
 103  50  1
 130  50  1
  52  52  1
  65  52  1
 130  52  1
 204  52  1
 205  52  1
 216  52  1
 125  53  1
 210  53  1
  41  54  1
 130  54  1
 221  54  1
 265  54  1
 225  55  1
 230  55  1
  31  56  1
 235  56  1
  56  57  1
 104  57  1
 105  57  1
 208  57  1
 209  57  1
 213  57  1
 229  57  1
 248  57  1
 241  58  1
 255  58  1
 257  58  1
 267  58  1
  36  59  1
 205  59  1
 206  59  1
 228  61  1
  46  62  1
  73  62  1
 113  62  1
 118  63  1
 205  63  1
 228  63  1
 230  63  1
  63  65  1
  71  65  1
 213  65  1
 234  65  1
 270  65  1
 271  65  1
  44  66  1
  67  67  1
 260  67  1
  50  68  1
 113  68  1
 114  68  1
  28  70  1
  52  70  1
 242  70  1
 257  71  1
  63  73  1
 110  73  2
 111  73  1
 273  73  1
 274  73  1
  32  74  1
  14  75  1
  23  75  1
  65  75  1
  66  75  1
 235  75  1
 243  75  1
 248  76  1
 256  77  1
  19  78  1
 234  79  1
 262  79  1
  68  80  1
 189  80  1
 275  81  1
 276  81  1
 182  82  1
 249  82  1
  42  83  1
  43  83  1
 192  83  1
 228  83  1
 229  83  1
  50  84  1
  54  84  1
 178  84  1
 236  84  1
 238  84  1
 255  84  1
 276  84  1
 277  84  1
   9  85  1
  69  85  1
  70  85  1
 192  85  1
  17  86  1
  60  86  1
  62  86  1
 188  86  1
 269  86  1
 241  87  1
 277  87  1
 278  87  1
 174  88  1
 246  88  1
  19  89  1
 164  89  1
 232  89  1
  51  90  1
  58  90  1
  59  90  1
  14  91  1
 240  91  1
 112  92  1
 120  92  1
 149  92  1
 229  92  1
  22  93  1
 160  93  1
 226  93  1
  53  94  1
  43  95  1
 147  95  1
 186  95  1
 240  95  1
 261  96  1
 263  96  1
  13  97  1
  97  97  1
 182  97  1
 204  99  1
 207  99  1
 230  99  1
 234  99  1
 235  99  1
   3 100  1
   4 100  1
  97 101  1
 172 101  1
 179 101  1
 261 101  1
 266 102  1
 227 103  1
 203 104  1
  10 105  1
 114 105  1
 136 105  1
 156 105  1
  74 106  1
 120 106  1
 145 106  1
 152 106  1
 177 106  1
 222 106  1
 143 107  1
 163 107  1
 165 107  1
 220 107  1
 254 107  1
 269 107  1
 178 108  1
  59 109  1
 202 109  1
  66 110  1
 181 110  1
 190 110  1
 223 110  1
 224 110  1
 272 110  1
 127 112  1
 258 112  1
 267 112  1
 147 113  1
 236 113  1
 185 114  1
 243 114  1
  30 115  1
 150 115  1
 153 115  1
 270 115  1
  49 116  1
 134 116  1
 137 116  1
 218 116  1
 223 116  1
 247 116  1
 252 116  1
 191 117  1
 197 117  1
 249 117  5
  49 118  1
 158 118  1
 217 118  1
 256 118  1
 257 118  1
  20 119  1
  39 119  1
 202 119  1
 204 119  1
 239 120  1
 241 120  1
  41 121  1
  69 121  1
 140 121  1
 224 121  1
 250 121  1
  19 122  1
  95 122  1
  96 122  1
 137 122  1
 186 122  1
 197 122  1
 274 122  1
 275 122  1
 276 122  1
 183 123  1
 184 123  1
 202 123  1
 210 123  1
 211 123  1
 212 123  1
 256 123  1
   6 124  1
  26 124  1
  78 124  1
  80 124  1
  87 124  1
 231 124  1
 247 124  1
  33 125  1
  40 125  1
  68 125  1
  72 125  1
  73 125  1
 135 125  1
 195 125  1
 253 125  1
  19 126  1
  45 126  1
 179 126  1
 224 126  1
 241 126  1
 141 127  1
 146 127  1
 157 127  1
 212 127  1
 217 127  1
 261 127  1
 262 127  1
 266 127  1
   1 128  1
   2 128  1
  92 128  1
 133 128  1
 159 128  1
 208 128  1
 280 128  1
 281 128  1
   7 129  1
  17 129  1
  57 129  1
  73 129  1
 131 129  1
 148 129  1
 201 129  1
 256 129  1
  30 130  1
  78 130  1
  85 130  1
 101 130  1
 191 130  1
 203 130  1
 131 131  1
 140 131  1
 219 131  1
 246 131  1
  47 132  1
  50 132  1
 108 132  1
 177 132  1
 205 132  1
 216 132  1
 253 132  1
 266 132  1
   7 133  1
  52 133  1
 131 133  1
 133 133  1
 135 133  1
 143 133  1
 152 133  1
 153 133  1
 258 133  1
  24 134  1
  65 134  1
  84 134  1
 272 134  1
  44 135  1
 135 135  1
 144 135  1
 184 135  1
  53 136  1
 131 136  1
  57 137  1
  93 137  1
 106 137  1
 135 137  1
 136 137  1
  18 138  1
  36 138  1
 215 138  1
 216 138  1
  12 139  1
 157 139  1
 184 139  1
  98 140  1
  99 140  1
 147 140  1
 160 140  1
 212 140  1
 278 140  1
 279 140  1
 124 141  1
  50 142  1
 112 142  1
 189 142  1
 202 142  1
 208 143  1
 209 143  1
  22 144  1
  28 144  1
 118 144  1
 195 144  1
 202 144  1
 279 144  1
 280 144  1
  58 145  1
 134 145  1
 191 145  1
  17 146  1
  54 146  1
 150 146  1
  64 147  1
  65 147  1
  97 147  1
 216 147  1
  12 148  1
  27 149  1
  32 149  1
  33 149  1
  51 149  1
 130 149  1
 145 149  1
  68 150  1
  87 150  1
  88 150  1
 125 150  1
 138 150  1
   4 151  1
   5 151  1
 109 151  1
 157 151  1
 159 151  1
 177 151  1
 105 152  1
 135 152  1
 150 152  1
 151 152  1
 171 152  1
  40 153  1
 153 153  1
 183 153  1
 208 153  1
 218 153  1
  46 154  1
  68 154  1
 121 154  1
 211 154  1
 212 154  1
   6 156  1
  15 156  1
 112 156  1
 142 156  1
  20 157  1
  71 157  1
 157 157  1
 139 158  1
 216 158  1
 100 159  1
 174 159  1
 125 160  1
 239 160  1
   8 161  1
   9 161  1
 156 161  1
 157 161  1
 183 161  1
 231 161  1
  96 162  1
 189 162  1
 219 162  1
  20 163  1
  21 163  1
 143 163  1
 177 163  1
 108 164  1
 100 165  1
 234 165  1
 239 165  1
 123 166  1
 213 166  1
  51 167  1
 157 167  1
 232 167  1
  11 168  1
  12 168  1
  64 168  1
 168 169  1
 242 169  1
  84 171  1
 127 172  1
 251 172  1
 276 172  1
 243 173  1
 244 173  1
  81 174  1
 236 174  1
 237 174  1
 189 175  1
 267 175  1
  15 176  1
  16 176  1
 277 176  1
 272 177  1
  34 178  2
  35 178  1
 259 178  1
 264 178  1
 234 179  1
  18 180  1
  42 180  1
 269 180  1
 277 180  1
 278 180  1
  47 181  1
 237 182  1
 238 182  1
  30 183  1
  86 183  1
  21 184  1
  88 184  1
  47 185  1
  22 186  1
  69 186  2
 100 186  1
 108 186  1
 199 186  1
 257 186  1
 258 186  1
  49 187  1
  50 187  1
 112 187  1
  72 188  1
  75 188  1
  76 188  1
  96 188  1
 250 189  1
 198 190  1
 199 190  1
 115 191  1
 270 191  1
  70 192  1
  63 193  1
  53 194  1
 263 194  1
  32 195  1
  46 195  1
 121 195  1
 148 196  1
  48 197  1
 234 197  1
 247 197  1
 249 197  1
 115 198  1
 149 199  1
 232 199  1
 258 199  1
 259 199  1
 261 199  1
 265 200  1
 269 200  1
 270 200  1
 271 200  1
  76 201  1
 249 201  1
 112 202  1
 116 202  1
 242 202  1
 122 204  1
 267 204  1
 119 206  1
 120 206  1
 232 207  1
 148 208  1
 265 208  1
 118 209  1
 116 211  1
 105 212  1
 242 212  1
 247 213  1
 100 214  1
  74 215  1
 109 215  1
 243 215  1
 122 216  1
 269 216  1
  80 217  1
 239 217  1
 244 217  1
 258 217  1
 253 218  1
  57 219  1
  98 219  1
 244 219  1
  78 221  1
  79 221  1
  99 221  1
 136 221  1
 137 221  1
  74 222  1
  95 222  1
 249 222  1
 119 223  1
 131 223  1
 105 224  1
  68 227  1
  92 227  1
 135 227  1
 128 228  1
 255 228  1
  70 229  1
 100 229  1
 116 229  1
 126 229  1
 161 229  1
 156 230  1
  74 231  1
  88 232  1
 110 232  1
 122 232  1
 130 232  1
 232 233  1
 116 234  1
 116 236  1
  98 237  1
 159 237  1
 194 238  1
 198 238  1
 228 239  1
 242 239  1
 155 240  1
 160 240  1
 161 240  1
 165 240  1
  93 241  1
  95 241  1
 133 241  1
 191 241  1
 173 243  1
 178 243  1
 152 244  1
 233 244  1
 162 245  1
 180 245  1
 185 245  1
 205 245  1
 126 246  1
 227 247  1
 132 248  1
 205 248  1
 223 249  1
 163 250  1
 145 252  1
 213 253  1
 157 255  1


count = 685