 122   3  1
 174   4  1
 105   7  1
  99   8  1
 138   8  1
  96   9  1
 160   9  1
 151  10  1
 164  11  1
 153  13  1
 196  13  1
 107  14  1
 199  14  1
 138  15  1
 142  15  1
 152  15  1
 201  15  1
 171  16  1
 172  16  1
 152  17  1
 165  17  1
  78  18  1
 128  19  1
 152  19  1
 208  19  1
 209  19  1
 122  20  1
  73  21  1
 130  21  1
 212  21  1
 154  22  1
 155  22  1
 120  23  1
 163  24  1
 132  25  1
 186  26  1
 190  26  1
 121  27  1
 122  27  1
 169  27  1
  57  28  1
 134  28  1
 135  28  1
 175  28  1
  78  29  1
  79  29  1
 130  29  1
  81  31  1
 185  32  1
 186  32  1
 124  33  2
 125  33  1
  83  34  1
 159  34  1
 160  34  1
 103  35  1
 212  35  1
  55  36  1
 130  36  1
 193  36  1
 230  36  1
  90  37  1
 186  37  1
 138  39  1
 139  39  1
  42  40  1
 212  40  1
 213  40  1
 191  41  1
  66  42  1
  67  42  1
 171  42  1
 187  42  1
 188  42  1
 122  43  1
 157  43  1
 174  43  1
 224  43  1
 240  43  1
 104  44  1
 105  44  1
 134  44  1
  47  45  1
 160  45  1
  49  46  1
  50  46  1
 146  46  1
 126  47  1
 134  47  1
 229  47  1
 153  48  1
 207  48  1
 131  49  1
 139  49  1
 140  49  1
 141  49  1
  31  50  1
 187  50  1
 229  50  1
 235  50  1
  54  51  1
 112  51  1
 156  51  1
 165  51  1
 225  51  1
  99  52  1
 206  52  1
 207  52  1
 240  52  1
  57  53  1
  58  53  1
  62  53  1
 143  53  1
 144  53  1
 203  53  1
  99  54  1
 129  54  1
 147  54  1
 252  54  1
 118  55  1
 125  56  1
 134  56  1
 194  56  1
  98  57  1
 111  57  1
 115  57  1
 199  57  1
 229  58  1
 241  58  1
 242  58  1
 221  60  1
 206  61  1
 207  61  1
 117  63  1
 202  63  1
 149  64  1
 150  64  1
 164  64  1
 165  64  1
 117  65  1
 202  65  1
 193  66  1
 180  68  1
 187  68  1
 252  68  1
 255  68  1
 144  69  1
 196  69  1
 205  69  1
 171  71  1
 173  72  1
 180  72  1
 212  72  1
 263  72  1
 264  72  1
  93  73  1
 154  73  1
 156  73  1
 145  74  1
 161  74  1
 173  74  1
  96  76  1
 226  76  1
 138  77  1
 182  78  1
 130  80  1
 189  80  1
 133  81  1
  86  85  1
  46  86  1
 183  86  1
 190  88  1
  84  89  1
 185  89  1
  46  90  1
  47  90  1
 193  90  1
 194  90  1
  18  91  1
  20  91  1
  80  91  1
 179  91  1
 180  91  1
  15  93  1
 182  93  1
 272  93  1
 273  93  1
 230  94  2
 232  94  1
 236  94  1
  77  95  1
  25  96  1
   4  97  1
   5  97  1
 273  97  1
 274  97  1
  20  98  1
  21  98  1
  71  98  1
  75  98  1
 213  99  1
 214  99  1
 254  99  1
   9 100  1
  10 100  1
 219 100  1
  14 101  1
  94 101  1
  70 103  1
  71 103  1
 168 103  1
 213 103  1
 255 103  1
   3 104  1
   4 104  1
  99 104  1
 183 104  1
 186 104  1
 218 104  1
  11 105  1
  14 105  1
 181 106  1
  22 107  1
   2 108  1
   3 108  1
   8 108  1
  46 108  1
  47 108  1
  58 108  1
 102 108  1
 165 108  1
 166 108  1
 174 108  1
 187 108  1
 255 108  1
 178 109  1
 219 109  1
 253 109  1
 181 111  1
 213 111  1
 222 111  1
 223 111  1
 262 112  1
  85 113  1
 166 113  1
 167 113  1
 265 113  1
  90 114  1
   1 115  1
 192 115  1
 224 115  1
 228 115  1
 159 116  1
 262 116  1
 235 117  1
 186 118  1
 187 118  1
 218 118  1
 239 118  1
 244 118  1
   5 119  1
 175 119  1
 183 119  1
 194 119  1
 195 119  1
 225 119  1
 258 119  1
 267 119  1
 231 120  1
 232 120  1
 262 121  1
   1 123  1
  42 123  1
 157 123  1
 175 123  1
 179 123  1
 263 123  1
   8 124  1
 152 124  1
 159 124  1
 233 124  1
 162 125  1
 266 125  1
 267 125  1
 115 126  1
 187 126  1
 240 126  1
 256 126  1
  30 127  1
 138 127  1
 175 127  1
 185 127  1
 273 127  1
 274 127  1
  14 128  1
  26 128  1
  46 128  2
  90 128  1
 106 128  1
 166 128  1
 237 128  1
  65 129  1
  82 129  1
  83 129  1
 231 129  1
 232 129  1
   4 130  1
   5 130  1
 119 130  1
 120 130  1
 121 130  1
 194 130  1
 247 130  1
 265 130  1
  59 131  1
  70 131  1
 114 131  1
 161 131  1
 162 131  1
 243 131  1
   9 132  1
  54 132  1
  82 132  1
  83 132  1
 173 132  1
  16 133  1
  17 133  1
  27 133  1
  28 133  1
  29 133  1
 104 133  1
 117 133  1
 177 133  1
 122 134  1
 166 134  1
 169 134  1
 246 134  1
 255 134  1
 107 135  1
 108 135  1
 274 135  1
 275 135  1
  50 136  1
  54 136  1
  66 136  1
 112 136  1
 157 136  1
 117 137  1
 230 137  1
 240 137  1
 242 137  1
 254 138  1
 262 138  1
 276 138  1
 277 138  1
  23 139  1
  25 139  1
  11 140  1
  21 140  1
 245 140  1
 185 141  1
 193 141  1
 194 141  1
 225 141  1
 251 141  1
 230 142  1
   5 143  1
   6 143  1
  59 143  1
  93 143  1
 250 143  1
  11 145  1
  90 145  1
 178 145  1
 254 145  1
  67 146  1
 215 146  1
  79 147  1
 173 147  1
 207 147  1
 218 147  1
 222 147  1
 223 147  1
 228 147  1
 229 147  1
  45 150  1
  46 150  1
 102 150  1
 225 150  1
  84 151  1
 186 152  1
 212 152  1
 253 152  1
 178 153  1
 206 153  1
 201 154  1
 202 154  1
 196 155  1
 222 155  1
 223 155  1
 229 155  1
  60 156  1
  61 156  1
 100 156  1
  51 157  1
  52 157  1
 169 157  1
 170 157  1
  96 158  1
 173 158  1
 198 158  1
  60 159  1
 180 159  1
 213 159  1
  15 160  1
  22 160  1
  55 160  1
  73 160  1
  74 160  1
 168 160  1
 169 160  1
 173 160  1
  99 162  1
 168 162  1
  24 163  1
  25 163  1
 172 163  1
 168 164  1
 180 164  1
 196 164  1
 212 164  1
  73 165  1
  77 165  1
 183 165  1
 206 165  1
 207 165  1
 208 165  1
 217 166  1
 150 167  1
 172 168  1
 194 168  1
  23 169  1
  24 169  1
  40 170  1
  81 170  1
 168 170  1
 189 170  1
 190 170  1
 213 170  1
  45 171  1
 209 171  1
 157 172  1
 225 172  1
  25 173  1
  48 173  1
  90 173  1
  91 173  1
 218 173  1
  19 174  1
  20 174  1
  50 174  1
 163 174  1
 200 174  1
 185 175  1
  36 177  1
  37 177  1
  51 177  1
  52 177  1
 159 177  1
  21 178  1
 204 178  1
  25 179  1
  33 179  1
  35 179  1
  36 179  1
 214 179  1
 280 179  1
 281 179  1
  92 180  1
 195 180  1
 209 180  1
  28 181  1
  30 181  1
 143 182  1
 171 182  1
 173 182  1
  25 183  1
  99 183  1
 179 183  1
 181 183  1
 183 183  1
  81 184  1
 104 184  1
 205 184  1
 206 184  1
  17 186  1
  19 186  1
  73 186  1
  91 187  1
 149 187  1
  12 188  1
  82 188  1
 109 188  1
 110 188  1
 184 188  1
  49 189  1
 129 189  1
  47 190  1
 102 190  1
 120 190  1
 126 190  1
 145 190  1
  22 191  1
  43 191  1
  49 191  1
 171 191  1
 103 192  1
 143 192  1
 186 192  1
 187 192  1
 190 192  1
  48 193  1
  49 193  1
  88 193  1
  86 194  1
 252 194  1
 254 194  1
 149 195  1
 153 195  1
 166 195  1
 167 195  1
 250 195  2
  41 196  1
  74 196  1
  75 196  1
  20 197  1
  51 197  1
  52 197  1
 256 197  1
 257 197  1
 258 197  1
 142 198  1
 180 198  1
 217 198  1
 218 198  1
 224 198  1
 228 198  1
 253 198  1
 273 198  1
 138 199  1
 162 199  1
 154 200  1
 251 200  1
 129 201  1
 184 202  1
 167 203  1
 207 203  1
 257 203  1
 120 204  1
  81 205  1
  87 205  1
 188 205  1
 189 205  1
 249 205  1
 153 206  1
 151 207  1
 189 207  1
 117 208  1
 195 208  1
  30 209  1
  86 209  1
 109 209  1
 189 209  1
 216 209  1
 251 209  1
 207 210  1
 225 210  1
  96 211  1
 129 211  1
 133 211  1
 220 211  1
  73 212  1
 149 212  1
 150 212  1
 239 212  1
 260 212  1
  80 213  1
  81 213  1
 120 213  1
 244 213  1
 212 214  1
 225 214  1
 108 215  1
 109 215  1
 118 215  1
 124 215  1
 223 215  1
  96 217  1
 113 217  1
 144 217  1
 151 217  1
 152 217  1
 216 217  1
 237 217  1
 244 217  1
 161 218  1
 163 218  1
 137 219  1
 210 219  1
 252 219  1
 111 220  1
 127 220  1
 154 220  1
 166 221  1
 174 221  1
 175 221  1
 212 221  1
 213 221  1
 214 221  1
  59 222  1
  63 222  1
 104 222  1
 185 222  1
 115 223  1
 217 223  1
 247 223  1
 144 224  1
 220 224  1
 110 226  1
 144 226  1
 166 226  1
 176 226  1
  59 227  1
  63 227  1
 178 228  1
 185 228  1
 239 228  1
  51 229  1
  98 229  1
 145 229  1
 153 229  1
 154 229  1
 218 229  1
 167 231  1
  98 233  1
 181 233  1
 188 233  1
  85 235  1
 142 235  1
 100 236  1
 229 236  1
 140 237  1
 185 237  1
  97 239  1
  98 239  1
  85 240  1
 219 240  1
  87 241  1
 139 241  1
 141 241  1
 189 241  1
 190 241  1
 111 245  1
 131 245  1
 209 245  1
 100 246  1
 117 246  1
 103 247  1
 136 247  1
 130 248  1
 149 248  1
 150 248  1
 108 249  1
 152 249  1
 113 250  1
 143 250  1
 136 251  1
 198 251  1
 200 251  1
 195 252  1
 132 254  1
 190 254  1
 140 256  1
 178 256  1
 147 257  1


count = 685