 148   1  1
 160   1  1
 165   1  1
 167   2  1
 169   2  1
 114   5  1
 111   6  1
 105   9  1
 106   9  1
 197   9  1
 169  10  1
 200  10  1
 117  11  1
  97  13  1
  98  13  1
 167  13  1
 109  14  1
 114  14  1
  91  16  1
  93  16  1
 171  16  1
 172  16  1
  87  17  1
  89  17  1
 107  17  1
  81  18  1
  99  18  1
 100  18  1
  78  19  1
 107  19  1
  75  20  1
  95  22  1
  96  22  1
  99  23  1
 101  23  1
 114  25  1
 116  25  1
 168  25  1
 228  25  1
  63  26  1
 233  26  1
  92  27  1
 129  27  1
  60  28  1
  82  28  1
  83  28  1
 177  28  1
 235  28  1
  76  29  1
  93  29  1
 104  29  1
  72  30  1
  86  30  1
  78  31  1
  93  31  1
 133  31  1
 135  31  1
 137  31  1
  54  32  1
 174  32  1
 179  32  1
 180  32  1
  69  33  1
  70  33  1
  93  33  1
  94  33  1
 130  33  1
 223  33  1
  52  34  1
 177  35  1
  84  36  1
  86  36  1
 169  36  1
  66  37  1
  45  39  1
 223  39  1
 224  39  1
 247  39  1
 163  40  1
 164  40  1
  77  41  1
 216  41  1
 170  42  1
 152  43  1
 153  43  1
  66  44  1
 172  44  1
  80  45  1
 143  45  1
 219  45  1
 220  45  1
 251  45  1
  58  46  1
 181  46  1
 211  46  1
  84  47  1
 179  47  1
 174  49  1
  33  50  1
 255  50  1
 178  52  1
 176  53  1
 219  53  1
 250  56  1
 172  57  2
 166  58  1
 250  58  1
 258  58  1
 259  58  1
  26  59  1
 158  59  1
 249  60  1
 246  61  1
 259  61  1
 260  61  1
  24  62  1
  32  62  1
 242  62  1
  36  64  1
 233  65  1
 237  65  1
 239  65  1
  21  66  1
 230  66  1
 245  66  1
 262  66  1
  27  67  1
 257  68  1
  32  69  1
 215  69  1
  36  72  1
  40  72  1
  41  72  1
 233  72  1
 251  72  1
 215  73  1
 221  74  1
 222  74  1
 260  74  1
 213  77  1
  11  79  1
 210  79  1
 212  79  1
 218  80  1
 230  82  1
 213  83  1
 244  83  1
 209  84  1
 262  84  1
  94  85  1
 251  85  1
 209  86  1
   7  87  1
   8  87  1
 170  87  1
 177  87  1
 209  88  1
 166  89  1
 167  89  1
 239  89  1
 262  89  1
   6  90  1
   7  90  1
 231  90  1
  21  91  1
  22  91  1
 163  91  1
 227  91  1
 229  91  1
 260  91  1
  19  92  1
 176  92  1
 177  92  1
 248  92  1
 249  92  1
  96  93  1
 159  93  1
 160  93  1
 206  94  1
 241  94  1
 256  94  1
   4  95  1
   5  95  1
  18  95  1
  90  95  1
 127  95  1
 164  95  1
 165  95  1
 171  95  1
  15  96  1
 108  96  1
 110  96  1
 169  96  1
 227  96  1
 228  96  1
 237  96  1
 243  96  1
  84  97  1
 151  97  1
 166  97  1
 131  98  1
 132  98  1
 237  98  1
  96  99  1
 166  99  1
 176  99  1
 208 100  1
  95 101  1
 107 101  1
 126 101  1
 146 101  1
 160 101  1
   2 102  1
   3 102  1
  84 102  1
 112 103  1
 113 103  1
  55 104  1
 102 104  1
 157 104  1
  62 105  1
 113 105  1
 174 105  1
 140 106  1
 171 106  1
 249 106  1
 127 107  1
 278 107  1
 279 107  1
  11 108  1
  12 108  1
  27 108  1
  98 108  1
 134 108  1
 168 108  1
 256 108  1
  42 109  1
  58 109  1
 113 109  1
 114 109  1
 244 109  1
  10 110  1
 165 110  1
 250 110  1
  56 111  1
   9 112  1
  18 112  1
 132 112  1
 164 112  1
 270 112  1
 271 112  1
 251 113  1
   8 114  1
  26 114  1
 195 114  1
 196 114  1
 245 114  1
  49 115  1
 160 115  1
 162 115  1
 226 115  1
 227 115  1
 273 115  1
 113 116  1
 117 116  1
 131 116  1
 155 116  1
 158 116  1
 239 116  1
  29 117  1
  30 117  1
  47 117  1
 185 117  1
 251 117  1
 125 118  1
 127 118  1
 231 118  1
 239 118  1
  12 119  1
  14 119  1
  30 119  1
  44 119  2
  45 119  1
 150 119  1
 184 119  1
 229 119  1
 234 119  1
 254 119  1
 255 119  1
 265 119  1
 119 120  1
 152 120  1
  56 121  1
  58 121  2
 142 121  1
 183 121  1
 184 121  1
 277 121  1
 278 121  1
  25 122  1
 145 122  1
 147 122  1
   9 123  1
  75 123  1
  76 123  1
 108 123  1
 227 123  1
   6 124  1
 112 124  1
 114 124  1
 136 124  1
 180 124  1
  33 125  1
  70 125  1
 186 125  1
  20 126  1
  21 126  1
  41 126  1
  42 126  1
  43 126  1
  59 126  1
 124 126  1
 148 126  1
 150 126  1
 184 126  1
 210 126  1
 211 126  1
 229 126  1
  28 127  1
  37 127  1
  39 127  1
 216 127  1
 222 127  1
 256 127  1
 201 128  1
 243 128  1
  19 129  1
  78 129  1
 140 129  1
 273 129  1
 278 129  1
 279 129  1
   7 130  1
  21 130  1
  22 130  1
  74 130  1
 148 130  1
 181 130  1
 247 130  1
  34 131  1
 137 131  1
 190 131  1
 213 131  1
 233 131  1
 262 131  1
  10 132  1
  11 132  1
  38 132  1
  53 132  1
 181 132  1
 210 132  1
 211 132  1
 271 132  1
  14 133  1
  55 133  1
  57 133  1
 113 133  1
 132 133  1
 198 133  1
 199 133  1
 226 133  1
 227 133  1
 234 133  1
 244 133  1
   7 134  1
   8 134  1
  22 134  1
  23 134  1
 208 134  1
  19 135  1
  27 135  1
  28 135  1
 141 135  1
 145 135  1
 106 136  1
 110 136  1
 147 136  1
 149 136  1
 216 136  1
  14 137  1
  15 137  1
  16 137  1
 135 137  1
 140 137  1
 274 138  1
 275 138  1
  10 139  1
  11 139  1
 151 139  1
 152 139  1
 102 141  1
 103 141  1
 132 141  1
 133 141  1
 264 141  1
 112 142  1
 117 142  1
 118 142  1
 122 142  1
 129 142  1
 130 142  1
 100 143  1
 209 143  1
 265 143  1
 193 144  1
 194 144  1
 195 144  1
 247 144  1
 281 144  1
 282 144  1
  99 145  1
 138 145  1
 155 145  1
  87 146  1
  88 146  1
 146 146  1
 199 146  1
 272 146  1
  66 147  1
  67 147  1
 151 147  1
 209 147  1
 282 147  1
 283 147  1
 114 148  1
 272 148  1
  90 149  1
  96 149  1
 141 149  1
 142 149  1
 201 149  1
 202 149  1
  98 150  1
 100 150  1
 213 150  1
 214 150  1
 146 151  1
 154 151  1
 155 151  1
 107 152  1
 130 152  1
 243 152  1
 276 152  1
  48 153  1
 172 153  1
  11 155  1
 209 155  2
  90 156  1
 147 156  1
 148 156  1
 176 156  1
 258 156  1
 143 157  1
 168 157  1
 212 157  1
 213 157  1
 249 157  1
  40 158  1
  41 158  1
 275 158  1
 155 159  1
  96 160  1
  97 160  1
 130 160  1
 243 160  1
 257 160  1
 258 160  1
  88 162  1
 167 162  1
 148 163  1
 173 163  1
 254 163  1
  38 164  1
 132 164  1
  88 166  1
  89 166  1
 112 166  2
 154 166  1
 226 166  1
 142 167  1
 278 167  1
 129 168  1
 150 168  1
 119 169  1
 156 169  1
 180 169  1
  14 170  1
 129 170  1
 247 170  1
 122 171  1
 240 171  1
 163 172  1
 235 172  1
  12 173  1
  13 173  1
 172 173  1
 110 174  1
 215 174  1
 216 174  1
 233 174  1
 115 175  1
 116 175  1
 120 175  1
 175 175  1
 229 176  1
 230 176  1
 184 178  1
 214 179  1
 215 179  1
 266 179  1
  88 180  1
 115 180  1
 240 180  1
 120 181  1
 229 181  1
   9 183  1
 224 183  1
 225 183  1
 226 183  1
 235 185  1
 236 185  1
  11 186  1
 115 186  1
 119 186  1
 256 187  1
 263 187  1
 261 188  1
 157 189  1
 162 190  1
 242 190  1
 249 190  1
 237 191  1
 154 193  1
 252 193  1
  16 194  1
 265 194  1
 152 195  1
 217 196  1
 258 196  1
 259 196  1
 173 197  1
 235 197  1
 152 199  1
 237 199  1
 241 199  1
 243 199  1
 249 199  1
 200 200  1
 214 200  1
 254 201  1
  22 202  1
  23 202  1
 212 203  1
 213 203  1
  54 204  1
 208 204  1
 195 205  1
  54 206  1
 247 206  1
 249 206  1
 145 207  1
 149 207  1
 150 207  1
  54 208  1
  55 208  1
 194 208  1
 195 208  1
 243 208  1
 176 209  1
  43 210  1
 152 210  2
 154 210  1
  86 211  1
 147 211  1
 240 211  1
 261 211  1
  76 212  1
 213 212  1
  41 213  1
  42 213  1
  90 213  1
 183 213  1
 209 213  1
 142 214  1
 143 214  1
 151 214  1
 152 214  1
 156 214  1
 164 214  1
 176 214  1
 168 215  1
 222 215  1
 160 216  1
 176 216  1
 216 216  1
  44 217  1
  45 217  1
 183 217  1
 257 217  1
 101 218  1
 176 218  1
 190 218  1
 107 219  1
 256 219  1
 180 220  1
 199 220  1
 254 220  1
 145 221  1
 146 221  1
 151 222  1
 153 222  1
 155 222  1
 161 224  1
 162 224  1
 179 224  1
 108 226  1
 109 226  1
 146 226  1
 180 226  2
  47 227  1
 169 227  1
 170 227  1
 231 227  1
 151 228  1
 244 228  1
  99 229  1
 161 229  1
 162 229  1
 168 229  1
 230 229  1
 231 229  1
  52 230  1
 240 230  1
 134 231  1
 198 231  1
 193 232  1
  57 233  1
 168 233  1
 236 233  1
 127 234  1
 163 234  1
 189 234  1
 217 234  1
 102 235  1
 103 235  1
 199 235  1
 126 236  1
 127 236  1
 133 236  1
 134 236  1
 145 237  1
 166 237  1
 173 237  1
 204 237  1
 150 238  1
 192 238  1
 215 238  1
 229 238  1
  94 239  1
 156 239  1
 197 239  1
 207 239  1
  91 240  1
  92 240  1
 105 240  1
 129 240  1
 146 240  1
 225 240  1
 226 240  1
 105 242  1
 134 242  1
 165 242  1
 222 242  1
  86 243  1
  97 243  1
 124 243  1
  88 244  1
 120 244  1
 126 245  1
 171 245  1
 216 245  1
 217 245  1
 162 247  1
  96 248  1
 144 248  1
 210 248  1
 207 249  1
 126 251  1
 161 251  1
 107 252  1
 113 253  1
 139 253  1
 140 253  1
 149 257  1


count = 704