 151   1  1
 172   1  1
 175   1  1
 143   2  1
 178   2  1
 181   3  1
 135   4  1
 183   4  1
 125   7  1
 190   8  1
 118  10  1
 137  10  1
 112  12  1
 199  13  1
 107  14  1
 133  14  1
 134  14  1
 202  15  1
 205  17  1
  96  18  1
 109  19  1
 198  19  1
 211  21  1
 103  22  1
 107  22  1
 140  22  1
 146  22  1
  81  24  1
  82  24  1
 141  25  1
 142  25  1
 209  26  1
  78  27  1
 149  27  1
  84  28  1
 151  29  1
  75  30  1
 223  31  1
 212  32  1
 186  33  1
  49  34  1
  86  34  1
 184  34  1
 228  35  1
  74  36  1
  43  37  1
 208  38  1
 233  38  1
  81  39  1
  85  39  1
 183  40  1
 184  40  1
 236  40  1
  35  41  1
 102  41  1
  74  42  1
  75  42  1
  78  43  1
 102  43  1
 103  43  1
 207  43  1
 120  45  1
 105  46  1
 185  46  1
 211  46  1
 242  46  1
 243  46  1
 112  47  1
 120  48  1
 133  48  1
 206  48  1
 187  49  1
 244  49  1
 245  49  1
  79  50  1
  80  50  1
 174  50  1
 205  50  1
 107  51  1
 125  51  1
 181  52  1
 114  53  1
 209  53  1
 247  53  1
  74  54  1
  75  54  1
 130  54  1
 123  55  1
 124  55  1
  96  56  1
 119  56  1
 208  56  1
  16  57  1
 191  57  1
 197  57  1
 202  57  1
 250  58  1
 142  59  1
  75  60  1
  11  61  1
  81  61  1
  93  61  1
 143  61  1
 207  61  1
  77  62  1
 254  62  1
 136  63  1
 144  63  1
 142  65  1
 207  65  1
  87  66  1
  97  66  1
 219  67  1
  87  68  1
 199  68  1
  93  69  1
 177  69  1
 222  69  1
 260  69  1
  87  70  1
   6  71  1
   7  71  1
 227  71  1
 203  72  1
 208  72  1
   5  74  1
   6  74  1
 210  74  1
 211  74  1
 184  75  1
 232  75  1
 233  75  1
 189  76  1
 265  76  1
  10  77  1
 173  77  1
 182  78  1
  20  79  1
  21  79  1
 211  80  1
 168  81  1
 181  82  1
 182  82  1
 202  82  1
 169  86  1
 170  86  1
 182  87  1
 274  88  1
  19  90  1
 276  93  1
 277  93  1
 168  94  1
 169  94  1
 181  94  1
 187  96  1
 176  98  1
 171  99  1
 184  99  1
  66 103  1
  71 103  1
  14 105  1
 191 105  1
 255 105  1
 253 106  1
 261 106  1
  66 107  1
 197 107  1
  10 108  1
  13 108  1
 264 108  1
  76 109  1
 173 109  1
 175 109  1
 189 110  1
 194 111  1
 195 111  1
  69 112  1
 186 112  1
 263 112  1
 264 112  1
  14 113  1
 269 113  1
  71 114  1
 164 114  1
 256 114  1
 260 114  1
 275 114  1
 276 114  1
  41 115  1
  42 115  1
  84 116  1
 179 116  1
 191 116  1
  10 117  1
  22 117  1
  36 118  1
 264 118  1
 114 119  1
 154 119  1
 181 119  1
 183 119  1
 185 119  1
  48 120  1
   8 121  1
  42 121  1
 117 121  1
 259 121  1
  18 122  1
  24 122  1
 190 122  1
 267 122  1
  45 123  1
 124 123  1
 150 123  1
 253 123  1
   3 124  1
  34 124  1
 257 124  1
 258 124  1
 113 125  1
 130 125  1
 194 125  1
 263 125  1
  39 126  1
 204 126  1
  32 127  1
 132 127  1
 138 127  1
 189 128  1
 249 128  1
  11 129  1
  57 129  1
 185 129  1
 187 129  1
 227 129  1
  26 130  1
  27 130  1
  34 130  1
 220 130  1
 258 130  1
   6 131  1
   7 131  1
  36 131  1
  37 131  1
  58 131  1
 213 131  1
 206 132  1
 241 132  1
  58 133  1
  45 134  1
 193 134  1
 210 134  1
   3 135  1
  57 135  1
  59 135  1
  88 135  1
 123 135  1
 130 135  1
 258 135  1
  21 136  1
  85 136  1
  39 137  1
  59 137  1
  82 137  1
 121 137  1
 204 137  1
 216 137  1
 269 137  1
  26 138  1
 181 138  1
 194 138  1
 209 138  1
 230 138  2
 231 138  1
 241 138  1
 114 139  1
 115 139  1
 131 139  1
 150 140  1
 190 140  1
 226 140  1
 241 140  1
 278 140  1
 279 140  1
  60 141  1
  61 141  1
 218 141  1
 219 141  1
 250 141  1
 153 142  1
 177 143  1
 188 143  1
 195 143  1
 196 143  1
 239 143  1
 115 144  1
 228 144  1
 121 145  1
 166 145  1
 168 145  1
 280 145  1
 281 145  1
  98 146  1
 273 146  1
 103 147  1
 112 147  1
 119 147  1
 160 147  1
 177 147  2
 273 148  1
  83 149  1
  84 149  1
 179 149  1
  71 150  1
 233 150  1
 251 150  1
 255 150  1
 256 150  1
 165 151  1
 245 151  1
 174 152  1
 269 152  1
 163 154  1
 255 156  1
  75 157  1
 100 157  1
 166 158  1
  95 159  1
 175 159  1
 183 159  1
  66 161  1
 186 163  1
 190 164  1
 244 165  1
  85 166  1
 167 166  1
 175 166  1
 179 166  1
 181 166  1
  77 167  1
 256 168  1
 195 170  1
 247 171  1
 249 171  1
 179 172  1
 197 172  1
 246 173  1
 247 173  1
  11 174  1
 180 174  1
 278 174  1
 279 174  1
 186 175  1
 168 176  1
 204 177  1
 234 177  1
  13 178  1
  18 178  1
 243 178  1
 182 179  1
 276 179  1
 208 180  1
  18 182  1
 174 184  1
 184 184  1
 238 184  1
 273 184  1
  14 185  1
 226 189  1
 179 190  1
  11 192  1
  77 192  1
 186 193  1
 187 193  1
 209 193  1
 222 193  1
 198 194  1
 267 195  1
 144 198  1
  77 199  1
  83 199  1
 105 199  1
 106 199  1
 101 200  1
 102 200  1
 142 200  1
 149 200  1
 125 201  1
 126 201  1
 132 201  1
 263 201  1
  81 202  1
  82 202  1
  19 203  1
  97 203  1
  98 203  1
 147 203  1
 262 203  1
 107 205  1
 108 205  1
 140 205  1
  21 206  1
 166 206  1
  24 207  1
  96 207  1
 162 207  1
 168 207  1
 112 208  1
 113 208  1
  98 209  1
 129 209  1
 258 209  1
  29 210  1
 120 210  1
 141 211  1
 106 212  1
 166 212  1
 121 214  1
 122 214  1
 110 215  1
 112 215  1
 128 215  1
 153 215  1
  37 216  1
  75 217  1
  81 217  1
  39 218  1
 250 218  1
 112 219  1
 113 219  1
 151 219  1
  42 220  1
  89 220  1
  90 220  1
 169 220  1
 170 220  1
  63 221  1
  78 221  1
  45 222  1
 109 222  1
  79 223  1
  69 224  1
 107 224  1
 170 224  1
  77 225  1
  55 226  1
  57 227  1
  97 227  1
 144 227  1
 145 227  1
 240 227  1
  61 229  1
  63 229  1
  66 230  1
 235 230  1
  70 231  1
  84 233  1
 142 233  1
 143 233  1
 230 233  1
  75 234  1
  88 234  1
 228 235  1
 141 236  1
 142 236  1
  80 237  1
  81 237  1
 101 237  1
  84 238  1
  99 238  1
 157 238  1
 200 238  1
 196 239  1
 198 239  1
 168 240  1
 171 240  1
 221 240  1
 156 244  1
 103 245  1
 202 245  1
 203 245  1
 106 246  1
 109 247  1
 144 247  1
 211 247  1
 112 248  1
 197 248  1
 150 249  1
 209 249  1
 148 250  1
 129 252  1
 137 254  1
 197 254  1
 142 255  1
 152 257  1
 183 257  1


count = 496