 136   2  1
 120   6  1
 170   7  1
 143   8  1
 152   8  1
 153   8  1
 115   9  1
 116   9  1
 204  10  1
 172  11  1
 180  11  1
 109  12  1
 110  12  1
 132  12  1
 124  13  1
 149  13  1
 176  13  1
 208  13  1
 106  14  1
 144  15  1
 103  16  1
 117  16  1
 123  16  1
 129  16  1
 177  16  1
 213  17  1
  99  18  1
 100  18  1
 177  18  1
  96  20  1
 173  20  1
 174  20  1
 218  20  1
 113  21  1
 183  21  1
  90  22  1
 122  22  1
 128  22  1
  88  23  1
 117  23  1
 170  23  1
 187  23  1
 188  23  1
 225  25  1
  92  27  1
  87  29  1
  91  29  1
  92  29  1
  64  30  1
  65  30  1
 126  30  1
 171  30  1
 172  30  1
 116  31  1
 213  31  1
  73  32  1
  80  32  1
  70  33  1
  57  34  1
 211  34  1
  77  35  1
  78  35  1
 238  36  1
 239  36  1
 125  37  1
 126  37  1
  71  38  1
  82  38  1
 133  39  1
 134  39  1
 240  39  1
 130  41  1
 208  42  1
 116  43  1
 127  43  1
 221  43  1
  71  44  1
 119  44  1
 120  44  1
  70  46  1
  71  46  1
 151  46  1
 154  46  1
 215  46  1
  41  47  1
  55  47  1
  67  47  1
 100  47  1
 105  47  1
 106  47  1
 205  47  1
 116  48  1
 144  48  1
 157  48  1
  80  49  1
  81  49  1
 112  49  1
 123  50  1
 124  50  1
 147  50  1
 252  50  1
 151  51  1
 152  51  1
  48  52  1
  54  52  1
  65  52  1
  66  52  1
 131  52  1
  43  53  1
  44  53  1
  45  53  1
 162  53  1
 163  53  1
 164  53  1
 201  53  1
  76  54  1
 101  54  1
 133  54  1
  86  55  1
  95  55  1
 114  55  1
 115  55  1
 137  55  1
 208  55  1
  51  56  1
  64  56  1
  65  56  1
  97  56  1
 108  56  1
 122  56  1
 221  56  1
 222  56  1
 223  56  1
  39  57  1
 140  57  1
 141  57  1
 199  57  1
 248  57  1
 257  57  1
  91  58  1
  92  58  1
 122  58  2
 243  58  1
 244  58  1
  61  59  1
 161  59  1
 228  59  1
 249  59  1
  54  60  1
 151  61  1
 199  61  1
 200  61  1
 146  62  1
 215  62  1
 158  63  1
 172  63  1
 173  63  1
  52  64  1
  53  64  1
 153  64  1
 242  64  1
 243  64  1
 263  64  1
 264  64  1
 141  65  1
 145  65  1
  31  66  1
  36  66  1
  48  66  1
 125  66  1
 206  66  1
 246  66  1
 247  66  1
  59  67  1
 130  67  1
 210  67  1
 231  67  1
 240  67  1
 166  68  1
 155  69  1
 229  69  1
 253  69  1
  65  70  1
 100  70  1
 101  70  1
 110  70  1
 112  70  1
  54  71  1
  76  71  1
 117  71  1
 160  71  1
  17  72  1
  50  72  1
  95  72  1
  96  72  1
 105  72  1
 267  72  1
  80  73  1
 107  73  1
 160  73  1
  23  75  1
  40  75  1
  41  75  1
 103  75  1
 109  75  1
 138  75  1
 160  75  1
 164  76  1
 230  76  1
  33  77  1
  85  77  1
  98  77  1
  13  78  1
  73  79  1
 102  79  1
  76  81  1
 169  81  1
 181  81  1
 273  81  1
 186  82  1
  92  83  1
 102  83  1
 134  83  1
  34  84  1
  85  84  1
  87  84  1
 176  84  1
 177  84  1
   8  85  1
  72  85  1
  92  85  1
  93  85  1
 188  86  1
  88  87  1
 191  87  1
  12  88  1
  74  88  1
  43  89  1
  47  89  1
  48  89  1
  53  89  1
 169  89  1
 226  89  1
  58  90  1
  70  90  1
 216  90  1
  36  91  1
 138  91  1
 118  92  1
 119  92  1
 231  92  1
  42  93  1
  48  93  1
 123  93  1
 126  93  1
 213  93  1
   3  94  1
   4  94  1
  61  94  1
  62  94  1
  88  94  1
  89  94  1
  14  95  1
  46  95  1
 151  95  1
 232  95  1
  39  96  1
  81  96  1
 114  96  1
 135  96  1
  54  97  1
  55  97  1
 235  97  1
   6  98  1
  43  98  1
 113  98  1
  12  99  1
  17  99  1
 102  99  1
  43 100  1
 126 100  1
 127 100  1
 264 100  1
  50 101  1
  54 101  1
  55 101  1
 243 101  1
 266 101  1
 268 101  1
  22 102  1
  26 102  1
  43 102  1
 151 102  1
 155 102  1
 273 102  1
 282 102  1
 283 102  1
   8 103  1
  17 103  1
  85 103  1
 102 103  1
 148 103  1
 210 103  1
 276 103  1
  78 104  1
  72 105  1
  73 105  1
  74 105  1
  89 105  1
 131 105  1
   1 106  1
  92 106  1
 214 106  1
 265 106  1
 266 106  1
 275 106  1
   7 107  1
 222 107  1
 271 107  1
  12 108  1
  14 108  1
  33 108  1
  38 108  1
  53 108  1
  84 108  1
 103 108  1
 201 108  1
 217 108  1
 218 108  1
 262 108  1
 263 108  1
   5 109  1
  66 109  1
 169 109  1
 228 109  1
  80 110  1
 236 110  1
  99 111  1
 251 111  1
 252 111  1
  38 112  1
 133 112  1
 177 112  1
 260 112  1
 261 112  1
   6 113  1
 202 113  1
 256 113  1
 176 114  1
 206 114  1
 207 114  1
 214 114  1
 215 114  1
 258 114  1
   9 115  1
  25 115  1
  27 115  1
  59 115  1
 226 115  1
 227 115  1
 270 115  1
  52 116  1
  61 116  1
  63 116  1
  91 116  1
  92 116  1
 157 116  1
 159 116  1
 169 116  1
 171 116  1
 196 116  1
 201 116  1
 220 116  1
  21 118  1
  72 118  1
  93 118  1
 167 118  1
 246 118  1
 247 118  1
 248 118  1
 275 118  1
 102 119  1
 103 119  1
 224 119  1
 244 119  1
 147 120  1
 206 120  1
   8 121  1
   9 121  1
 172 121  1
 203 121  1
 217 121  1
  63 122  1
  66 122  1
 106 122  1
 107 122  1
 108 122  1
  74 123  1
 133 123  1
 137 123  1
 196 123  1
 197 123  1
 143 124  1
 147 124  1
 169 124  1
   1 125  1
  73 125  1
 282 125  1
 283 125  1
   8 126  1
 103 126  1
 105 126  1
 201 126  1
 202 126  1
 217 126  1
 219 126  1
 231 126  1
  81 127  1
  82 127  1
 240 127  1
 257 127  1
  10 128  1
  11 128  1
  66 128  1
 152 128  1
 188 128  1
 189 128  1
 202 128  1
 255 128  1
   2 129  1
   3 129  1
  19 129  1
  30 129  1
  31 129  1
  48 129  1
  72 129  1
  73 129  1
 169 129  1
 274 129  1
  77 130  1
  95 130  1
 191 130  1
 197 130  1
 101 131  1
 110 131  1
 204 131  1
 212 131  1
 221 131  1
   4 132  1
   5 132  1
  30 132  1
  55 132  1
  62 133  1
 237 133  1
 251 133  1
 270 133  1
 253 134  1
  76 135  1
  99 135  1
 100 135  1
 170 135  1
 171 135  1
 195 135  1
 231 135  1
  27 136  1
  71 136  1
 263 136  1
 272 136  1
   3 137  1
   4 137  1
  66 137  1
  84 137  1
  85 137  1
 145 138  1
 148 138  1
 149 138  1
 150 138  1
 219 138  1
 228 138  1
   2 139  1
  92 139  1
 103 140  1
  16 141  1
  24 141  1
  62 141  1
 194 141  1
 195 141  1
 220 141  1
 200 142  1
   1 143  1
   6 143  1
  96 144  1
 207 144  1
 262 144  1
  13 145  1
  29 145  1
 156 145  1
 213 145  1
 214 145  1
 230 145  1
  90 146  1
 177 146  1
 260 146  1
 198 147  1
 221 147  1
 222 147  1
 132 148  1
 134 148  1
 250 148  1
  69 149  1
 155 149  1
 179 149  1
 198 149  1
 215 149  1
  63 151  1
  69 151  1
  86 151  1
   5 152  1
  59 152  1
  75 152  1
 154 152  1
 181 152  1
 203 152  1
 222 152  1
 228 152  1
 246 152  1
 247 152  1
 134 153  1
 149 153  1
  15 154  1
 209 154  1
 257 154  1
 258 154  1
 259 154  1
  71 155  1
 110 155  1
  86 156  1
 100 156  1
 227 156  1
 244 156  1
 273 156  1
  65 157  1
 145 157  1
 146 157  1
 184 157  1
 185 157  1
 239 157  1
 240 157  1
   5 158  1
   6 158  1
  21 158  1
 140 158  1
  50 159  1
  51 159  1
 185 159  1
 224 159  1
 265 159  1
 281 159  1
 282 159  1
  15 160  1
 105 160  1
 106 160  1
 150 160  1
 216 160  1
 260 160  1
 261 160  1
   1 161  1
  24 161  1
  58 161  1
 158 161  1
 185 161  1
 186 161  1
 205 161  1
 222 161  1
 272 161  1
 281 161  1
  48 162  1
  17 163  1
 154 163  1
 221 163  1
 280 163  1
 281 163  1
  30 164  1
 100 164  1
 104 164  1
 105 164  1
 215 164  1
  14 165  1
  38 165  1
  53 165  1
  64 165  1
 146 165  1
 159 165  1
 201 165  1
 221 165  1
 271 165  1
 280 165  1
  67 166  1
 262 166  1
  11 167  1
 162 167  1
 243 167  1
 279 167  1
 280 167  1
  22 168  1
 221 168  1
 222 168  1
 256 168  1
  39 169  1
  40 169  1
 201 169  1
 209 169  1
 235 169  1
  19 170  1
  56 170  1
 153 170  1
 155 170  1
 184 170  1
 249 170  1
   9 171  1
 113 172  1
 180 172  1
  30 173  1
 219 173  1
 227 173  1
 233 173  1
 276 173  1
  60 174  1
  61 174  1
 190 174  1
 241 175  1
 242 175  1
 180 176  1
 187 176  1
 274 176  1
  28 177  1
 159 177  1
 163 177  1
 273 178  1
  11 179  1
  13 179  1
  24 179  1
 221 179  1
  52 180  1
 228 180  1
 243 180  1
  14 182  1
  15 182  1
 163 182  1
  21 183  1
 237 183  1
   8 184  1
  14 184  1
 148 184  1
  23 186  1
 148 186  1
 168 186  1
  34 188  1
 242 188  1
  26 189  1
  70 189  1
  71 189  1
  75 189  1
 232 189  1
 235 189  1
 267 189  1
 143 190  1
 164 191  1
 165 191  1
 167 191  1
 205 191  1
 206 191  1
  13 192  1
 135 192  1
 265 192  1
  51 193  1
 249 193  1
  39 194  1
  40 194  1
  70 194  1
  71 194  1
 173 194  1
  51 195  1
 209 195  1
  61 196  1
 229 197  1
 253 197  1
 263 197  1
 264 197  1
 170 198  1
  56 199  1
  57 199  1
 223 200  1
 228 200  1
  45 202  1
  52 202  1
 208 202  1
 261 202  1
  47 204  1
  64 204  1
 170 204  1
 171 204  1
 158 205  1
 160 205  1
 164 205  1
 166 205  1
 210 205  1
 211 205  1
  62 207  1
  98 207  1
 104 207  1
 118 207  1
 110 208  1
 212 208  1
 225 208  1
 168 209  1
 243 209  1
 235 210  1
 255 210  1
  65 211  1
  66 211  1
  94 212  1
 104 212  1
 198 214  1
 199 214  1
 206 215  1
 211 215  1
 234 215  1
  65 216  1
  78 216  1
  83 217  1
  99 218  1
 182 218  1
 183 218  1
  43 219  1
 166 219  1
  59 220  1
 160 220  1
 192 220  1
 218 220  1
 219 220  1
  76 221  1
 108 221  1
 165 221  1
 173 221  1
 186 221  1
 178 222  1
 159 223  1
 172 223  1
 173 223  1
 243 223  1
 101 224  1
  74 225  1
  79 225  1
  94 225  1
 204 225  1
 205 225  1
  68 226  1
 157 226  1
 183 226  1
 222 226  1
 223 226  1
  59 227  1
  72 227  1
 106 227  1
 197 228  1
 229 228  1
  77 229  1
 163 229  1
 236 229  1
  92 230  1
  93 230  1
 102 230  1
 169 230  1
  64 231  1
  65 231  1
 164 231  1
 102 232  1
 122 232  1
  84 233  1
  85 233  1
 180 233  1
 156 234  1
 157 234  1
 167 234  1
 168 234  1
  72 235  1
  73 235  1
 105 235  1
 187 235  1
 188 235  1
 122 237  1
 123 237  1
 108 238  1
 225 238  1
 155 239  1
 156 239  1
 210 239  1
 189 240  1
 222 240  1
 218 242  1
 219 242  1
 213 245  1
 177 247  1
 182 247  1
 209 247  1
 210 247  1
 184 248  1
 152 250  1
 153 250  1
 146 251  1
 156 251  1
 157 251  1
 152 252  1
 199 252  1
 194 254  1
 132 255  1


count = 817