 151   2  1
 206   7  1
 117   8  1
 162   8  1
 170   9  1
 177   9  1
 174  10  1
 195  10  1
 107  11  1
 164  11  1
 130  12  1
  95  13  1
 145  13  1
 154  13  1
 155  13  1
 157  13  1
 124  14  1
 125  14  1
 218  14  1
  91  15  1
  92  15  1
 112  16  1
 113  16  1
 161  16  1
 109  17  1
 173  17  1
 161  18  1
  81  19  1
 208  19  1
 209  19  1
 226  19  1
  93  20  1
 105  20  1
 117  20  1
 139  20  1
 198  20  1
 199  20  1
 214  20  1
 101  21  1
 162  22  1
 171  22  1
 105  23  1
 106  23  1
 175  23  1
 176  23  1
 219  23  1
 110  24  1
 165  24  1
 194  24  1
 205  25  1
 218  25  1
 219  25  1
 154  26  1
 209  26  1
 210  26  1
 175  28  1
 217  28  1
 218  28  1
 101  29  1
 102  29  1
 116  29  1
 145  29  1
 204  30  1
 208  30  1
 212  30  1
 140  31  1
  89  32  1
  90  32  1
 112  32  1
 113  32  1
 119  32  1
 169  32  1
 145  33  1
 120  34  1
 109  35  1
 110  35  1
 166  35  1
  66  36  1
  83  36  1
  84  36  1
 136  36  1
 109  37  1
 123  37  1
 124  37  1
 116  38  1
 144  38  1
 145  38  1
 108  39  1
 125  39  1
 162  39  1
  58  40  1
  60  40  1
  47  41  1
 104  41  1
 144  42  1
 148  42  1
 204  42  1
 159  43  1
  63  44  1
 106  44  1
  43  45  1
 122  45  1
 123  45  1
 127  45  1
 107  46  1
 108  46  1
  75  47  1
 123  47  1
 135  47  1
 104  49  1
 133  49  1
 203  49  1
  85  50  1
 124  50  1
  38  51  1
  80  51  1
 115  51  1
 116  51  1
  83  52  1
  85  52  1
 130  52  1
  75  53  1
  48  54  1
 262  54  1
 263  54  1
  78  55  1
  79  55  1
 255  57  1
 117  58  1
 136  59  1
  50  60  1
  51  60  1
 145  61  1
 146  61  1
 111  62  1
 210  63  1
  51  65  1
  78  65  1
  79  65  1
  83  65  1
 101  65  1
 103  65  1
 106  66  1
  75  68  1
  94  68  1
 148  68  1
  37  69  1
  38  69  1
  45  69  1
  71  69  1
 253  69  1
  32  70  1
  61  70  1
 143  70  1
 145  70  1
 210  70  1
 223  70  1
  52  71  1
  91  71  1
 257  72  1
  52  73  1
 101  73  1
  25  74  1
  30  74  1
 257  74  1
 132  75  2
 136  75  1
 138  75  1
 118  76  1
 134  76  1
 220  76  1
 223  76  1
  69  77  1
  53  78  1
  54  78  1
 117  78  1
 223  78  1
 229  78  1
 235  78  1
 244  78  1
 249  78  1
 251  78  1
 253  78  1
  21  79  1
 225  79  1
 100  80  1
 101  80  1
 113  80  1
 123  81  1
  10  83  1
  21  83  1
  36  83  1
 221  83  1
  56  84  1
 100  84  1
 122  85  1
 123  85  1
  78  86  1
  20  87  1
  14  88  1
  70  88  1
  71  88  1
  98  89  1
 105  89  1
 107  89  1
 212  89  1
 213  89  1
 232  89  1
 233  89  1
   6  90  1
   7  90  1
  42  90  1
  46  90  1
  94  90  1
 117  90  1
 244  90  1
  22  91  1
  37  91  1
  55  91  1
 100  91  1
 182  92  1
 229  92  1
  14  93  1
  21  93  1
  22  93  1
  31  93  1
  12  94  1
  39  94  1
  62  94  1
  99  94  1
 113  94  1
 120  94  1
 159  94  1
  19  96  1
 234  96  1
  30  97  1
 212  97  1
 213  97  1
 218  97  1
 226  97  1
 256  97  1
  18  98  1
 128  98  1
 130  98  1
 124  99  1
 216  99  1
 237  99  1
 238  99  1
 255  99  1
 269  99  1
  30 100  1
  43 100  1
  74 100  1
 224 101  1
 255 101  1
  57 102  1
  78 102  1
 180 102  1
 233 102  1
  83 103  1
 108 103  1
 211 103  1
 251 103  1
   4 104  1
   5 104  1
  44 104  1
  47 104  1
  70 104  1
 125 104  1
 126 104  1
 172 104  1
  53 105  1
  86 105  1
 239 105  1
 270 105  1
   9 106  1
 162 106  1
 111 107  1
 112 107  1
 233 107  1
 268 107  1
  20 108  1
  21 108  1
 109 108  1
 219 108  1
 235 108  1
 245 108  1
 246 108  1
 122 109  1
 202 109  1
   1 110  1
 241 110  1
 261 110  1
 157 111  1
   1 112  1
  58 112  1
 119 112  1
 218 112  1
  29 113  1
 109 113  1
 110 113  1
 235 113  1
 252 113  1
  14 114  1
  53 114  1
 226 114  1
 233 114  1
  22 115  1
  23 115  1
  50 115  1
 192 115  1
 251 115  1
 278 115  1
 279 115  1
   5 116  1
   6 116  1
  40 116  1
  41 116  1
  54 116  1
  55 116  1
 217 116  1
 218 116  1
 231 116  1
 257 116  1
  37 117  1
  38 117  1
 187 117  1
 222 117  1
 239 117  1
 250 117  1
   8 118  1
 125 118  1
 220 118  1
 258 118  1
  38 119  1
 193 119  1
 194 119  1
 199 119  1
   1 120  1
 173 120  1
 234 120  1
 236 120  1
 259 120  1
  37 121  1
 192 121  1
 215 121  1
 216 121  1
 264 121  1
 125 122  1
 133 122  1
 170 122  1
 179 122  1
 211 122  1
 259 122  1
 260 122  1
 270 122  1
 271 122  1
 272 122  1
   1 123  1
   2 123  1
   8 123  1
  53 123  1
  54 123  1
 202 123  1
  22 124  1
  46 124  1
  47 124  1
 183 124  1
  37 125  1
 120 126  1
 135 126  1
 136 126  1
 156 126  1
 206 126  1
 209 126  1
 219 126  1
   7 127  1
 128 127  1
 129 127  1
 259 127  1
  10 128  1
  11 128  1
  56 128  1
  14 130  1
  21 130  1
 267 130  1
   4 131  1
 183 131  1
 192 131  1
 211 131  1
 220 131  1
 234 131  1
  42 132  1
  50 132  1
  52 132  1
 112 132  1
 142 132  1
 270 132  1
 272 132  1
  88 133  1
  97 133  1
 159 133  1
 202 133  1
 224 133  1
 264 133  1
  41 134  1
  52 134  1
  64 135  1
 159 135  1
 212 135  1
 213 135  1
 268 135  1
   6 137  1
  62 138  1
 189 138  1
 214 138  1
 219 138  1
 273 138  1
 274 138  1
  54 139  1
  99 139  1
 233 139  1
 234 139  1
 244 139  1
 108 140  1
  31 141  1
 125 141  1
 192 141  1
 221 141  1
 255 141  1
 156 142  1
 196 142  1
 197 142  1
 229 142  1
 247 142  1
 144 143  1
 150 143  1
 160 143  1
  25 144  1
  49 144  1
 169 144  1
 217 144  1
 172 146  1
 202 146  1
 212 146  1
 214 146  1
  59 147  1
 133 147  1
 152 147  1
 208 147  1
 270 147  1
  25 148  1
 121 148  1
 254 148  1
 130 149  1
 157 149  1
  61 150  1
 119 150  1
  24 151  1
  51 151  1
 136 151  1
 138 151  1
 140 151  1
 229 151  1
 269 151  1
  64 152  1
 236 152  1
 265 152  1
 267 152  1
  26 153  1
  30 153  1
  45 153  1
  56 153  1
  57 153  1
 147 153  1
 161 153  1
  34 154  1
 133 154  1
 238 154  1
  21 155  1
 260 155  1
  13 156  1
  24 156  1
  32 157  1
 230 157  1
  30 158  1
  37 158  1
 238 158  1
  43 159  1
 121 159  1
 182 159  1
 260 159  1
 261 159  1
 241 160  1
 243 160  1
  19 161  1
  44 161  1
  27 162  1
  28 162  1
 273 162  1
 275 162  1
 276 162  1
  17 163  1
  48 163  1
 159 163  1
 261 163  1
  28 164  1
  54 164  1
  58 164  1
  13 165  1
 161 165  1
 220 165  1
 259 165  1
 241 166  1
 255 166  1
 256 166  1
 280 166  1
 281 166  1
  29 167  1
  33 167  1
  59 167  1
 224 167  1
 228 167  1
 266 167  1
  66 168  1
 168 168  1
 180 168  1
 238 168  1
 239 168  1
 171 169  1
   8 170  1
  45 170  1
 220 171  1
 228 171  1
 229 171  1
 215 172  1
 216 172  1
  25 173  1
  26 173  1
 254 173  1
 259 173  1
  11 174  1
 251 174  1
  36 175  1
  43 175  1
  49 175  1
 226 175  1
  17 176  1
 221 176  1
 222 176  1
 251 176  1
 257 176  1
 268 177  1
  13 178  1
  52 179  1
 224 179  1
  23 180  1
 218 180  1
  20 181  1
  52 181  1
 267 181  1
  14 182  1
  15 182  1
  36 182  1
 237 182  1
 251 182  1
 255 182  1
  25 184  1
 221 184  1
  90 185  1
  91 185  1
 224 185  1
 225 185  1
 226 185  1
 246 185  1
 255 186  1
  93 187  1
 100 187  1
 110 187  1
 116 187  1
 216 188  1
 217 188  1
 218 188  1
 213 189  1
 105 193  1
 215 193  1
 216 193  1
 220 193  1
 250 193  1
 234 194  1
 239 194  1
 105 197  1
 113 197  1
 228 197  1
 264 202  1
  33 205  1
  48 205  1
  43 207  1
  44 207  1
  99 208  1
  94 209  1
  39 210  1
  40 210  1
  68 210  1
 130 210  1
  47 211  1
  48 211  1
  49 211  1
  89 211  1
 102 211  1
 248 211  1
 249 211  1
  42 213  1
  43 213  1
  89 213  1
  51 215  1
  88 215  1
  89 215  1
 205 215  1
  63 217  1
  53 218  1
  60 218  1
  99 218  1
 199 218  1
 200 218  1
 210 218  1
  88 220  1
  50 222  1
 124 222  1
  52 223  1
  62 223  1
  63 223  1
  84 224  1
 196 224  1
  90 225  1
  95 225  1
  96 225  1
  97 225  1
 176 225  1
 179 225  1
  66 226  1
 210 226  1
 211 226  1
  54 227  1
 182 227  1
 187 227  1
  57 228  1
  68 229  1
  82 229  1
 182 230  1
 115 231  1
 117 231  1
 176 232  1
 177 232  1
 195 232  1
 196 232  1
 111 234  1
 196 234  1
 197 234  1
 231 234  1
 158 235  1
 214 235  1
  67 236  1
 114 236  1
 115 236  1
 165 236  1
 166 236  1
 186 236  1
  82 237  1
 227 237  1
 128 238  1
 129 238  1
 202 238  1
 182 239  1
 222 239  1
 107 240  1
 128 240  1
 154 240  1
 155 240  1
  80 241  1
 113 241  1
 138 241  1
 143 241  1
 144 241  1
 219 241  1
 128 242  1
 215 243  1
  84 244  1
 136 244  1
 137 244  1
 187 244  1
  90 245  1
 152 245  1
 185 245  1
 199 245  1
 210 245  1
 162 246  1
 207 247  1
 140 248  1
 113 249  1
 149 249  1
 150 249  1
 154 250  1
 204 250  1
 198 251  1
 189 254  1
 151 256  1
 181 256  1


count = 708