 156   1  1
 181   1  1
 132   3  1
 195   5  1
 109   8  1
 198   8  1
 203   9  1
 206  10  1
  97  13  1
  98  13  1
  94  15  1
 107  15  1
 114  15  1
 115  15  1
 212  15  1
 213  15  1
  91  17  1
 101  17  1
 102  17  1
 200  17  1
 218  18  1
  87  19  1
  88  19  1
 208  19  1
 204  21  1
 103  22  1
  82  23  1
 132  23  1
 138  23  1
 200  23  1
 230  24  1
 106  25  1
  99  27  1
 116  27  1
 238  29  1
  45  30  1
  87  30  1
 226  30  1
 124  31  1
 130  31  1
  81  32  1
 102  32  1
 105  32  1
 106  32  1
 107  32  1
 115  32  1
  66  33  1
 152  33  1
  37  34  1
  71  34  1
  84  34  1
 226  34  1
 138  35  1
 139  35  1
 114  36  1
 136  36  1
 129  37  1
 231  37  1
  33  38  1
  53  38  1
 110  38  1
  43  39  1
 159  39  1
  87  40  1
  88  40  1
 110  40  1
 122  40  1
 130  40  1
 154  40  1
 156  40  1
  28  41  1
 125  42  1
  35  43  1
 137  44  1
  23  45  1
  85  45  1
  43  46  1
  49  46  1
 126  46  1
 234  46  1
 259  49  1
 234  53  1
 235  53  1
  21  54  1
 240  54  1
 245  54  1
  24  55  1
  28  56  1
  29  56  1
  85  57  1
  86  57  1
 246  58  1
 266  58  1
 237  59  1
 248  60  1
 249  60  1
  14  61  1
  36  61  1
  20  62  1
  22  62  1
  12  63  1
  28  64  1
 207  66  1
 203  67  1
 200  69  1
 198  70  1
 266  70  1
 272  70  1
 273  70  1
 262  71  1
 264  71  1
 261  73  1
 262  73  1
 273  73  1
 274  73  1
 264  74  1
  13  75  1
 148  75  1
 154  75  1
 193  75  1
 187  76  1
 193  77  1
 197  77  1
 198  77  1
   6  78  1
   7  78  1
 180  78  1
 234  78  1
  13  79  1
 231  79  1
  42  80  1
 142  80  1
 179  80  1
  10  81  1
  11  81  1
 179  82  1
 213  82  1
 258  82  1
 270  82  1
 161  83  1
 185  83  1
 186  83  1
 220  83  1
   4  84  1
   5  84  1
 134  84  1
 174  84  1
 210  84  1
 254  85  1
 189  86  1
 190  86  1
   3  87  1
   4  87  1
 127  87  1
 167  87  1
 181  87  1
 193  87  1
 194  87  1
 268  87  1
 270  87  1
 271  87  1
 259  88  1
 156  89  1
 248  89  1
 249  89  1
  31  90  1
 161  90  1
 163  90  1
 170  90  1
 193  90  1
 255  91  1
 142  92  1
 243  92  1
 280  92  1
 281  92  1
   1  93  1
   2  93  1
   9  93  1
  10  93  1
 120  93  1
 201  93  1
 202  93  1
 233  93  1
  77  94  1
 174  94  1
 181  94  1
 182  94  1
 274  94  1
 121  95  1
 165  97  1
 179  97  1
  10  98  1
 172  98  1
 186  98  1
 282  99  1
 283  99  1
 132 100  1
 161 100  1
 203 100  1
 249 100  1
   6 101  1
   7 101  1
 121 101  1
 122 101  1
 186 101  1
  83 102  1
  84 102  1
 165 102  1
 208 102  1
 247 102  1
 181 103  1
   1 104  1
 205 104  1
 210 104  1
 201 105  1
 139 106  1
 140 106  1
 167 107  1
 246 107  1
 165 108  1
 214 108  1
 215 108  1
 248 108  1
  88 109  1
  89 109  1
 138 109  1
 176 109  1
 142 110  1
 199 110  1
 203 110  1
 252 111  1
 254 111  1
  84 112  1
 129 112  1
 246 112  1
 247 112  1
 163 113  1
 164 113  1
 209 113  1
 140 114  1
 239 114  1
 245 114  1
 127 115  1
 161 115  1
 170 115  1
 226 115  1
 135 117  1
 205 117  1
   7 118  1
  87 118  1
 155 118  1
 217 118  1
 218 118  1
 236 118  1
 119 119  1
 128 119  1
 167 119  1
  14 120  1
  18 120  1
 144 120  1
  22 121  1
   1 122  1
  10 122  1
  40 122  1
 197 122  1
 278 122  1
  24 123  1
  48 123  1
 118 123  1
 201 123  1
  10 124  1
  31 124  1
  32 124  1
  70 124  1
  94 124  1
 125 124  1
 271 124  1
 222 125  1
   1 126  1
  50 126  1
  51 126  1
  94 126  1
 203 126  1
 204 126  1
  38 127  1
  62 127  1
 115 127  1
 131 127  1
 132 127  1
 194 127  1
 195 127  1
  55 128  1
 148 128  1
 150 128  1
 171 128  1
 235 128  2
 236 128  1
   1 129  1
  35 129  1
  40 129  1
 123 129  1
 124 129  1
 153 129  1
 159 129  1
 194 129  1
 198 129  1
 223 129  1
 276 129  1
  30 130  1
 250 130  1
 254 130  1
 265 130  1
  52 131  1
 172 131  1
 193 131  1
 206 131  1
 221 131  1
 260 131  1
  98 132  1
 121 132  1
 237 132  1
  68 133  1
  10 134  1
  46 134  1
   6 135  1
  81 135  1
  91 135  1
 196 135  1
 224 135  1
  13 136  1
 245 136  1
   1 137  1
  20 137  1
  88 137  1
 127 137  1
 233 137  1
  29 138  1
  99 138  1
 103 138  1
 108 138  1
 158 138  1
 230 138  1
 172 139  1
  11 140  1
  18 140  1
 225 140  1
 263 140  1
  92 141  1
  93 141  1
 118 141  1
 160 141  1
 161 141  1
 232 141  1
 236 141  1
 267 141  1
 269 141  1
 108 142  1
 125 142  1
 126 142  1
  90 143  1
 160 143  1
 227 143  1
 231 143  1
 102 144  1
 260 144  1
 266 144  1
   6 145  1
 123 145  1
 150 145  1
 158 145  1
 160 145  1
 179 145  1
  98 146  1
 260 146  1
 261 146  1
  12 147  1
  90 147  1
 147 147  1
 148 147  1
  80 149  1
 154 149  1
   1 150  1
 131 150  1
 133 150  1
 282 150  1
 283 150  1
  21 151  1
  80 151  1
  95 151  1
 148 151  1
  13 152  1
  17 152  1
  30 152  1
  36 152  1
  91 152  1
  76 153  1
 134 153  1
 138 153  1
   9 154  1
  10 154  1
 136 154  1
 152 154  1
 153 154  1
 184 154  1
 271 154  1
 281 154  1
 282 154  1
 256 155  1
  17 156  1
  18 156  1
 176 156  1
 181 156  1
 187 156  1
 273 156  1
  87 157  1
 154 157  1
 161 157  1
 268 157  1
 280 157  1
 281 157  1
  81 158  1
 139 158  1
  12 159  1
 268 160  1
   8 161  1
  13 161  1
  22 162  1
 272 163  1
 278 163  1
 279 163  1
  10 164  1
 187 164  1
 188 164  1
 255 164  1
 169 165  1
   8 166  1
 251 166  1
 259 168  1
 276 169  1
 277 169  1
   3 170  1
   4 170  1
 177 170  1
 178 170  1
 190 170  1
  12 171  1
  13 171  1
 260 172  1
   4 173  1
   5 173  1
 263 175  1
   5 176  1
   6 176  1
 269 176  1
  12 180  1
  13 180  1
 246 185  1
 237 186  1
  11 188  1
 238 188  1
 254 188  1
 212 190  1
 240 190  1
 241 190  1
  18 191  1
  19 191  1
 251 191  1
 208 192  1
 244 192  1
 256 192  1
  21 193  1
 215 194  1
 220 195  1
 201 199  1
 263 201  1
  33 202  1
  27 203  1
 261 204  1
  34 206  1
 195 206  1
 181 207  1
 183 207  1
 190 208  1
 259 208  1
 181 209  1
 255 213  1
 200 214  1
  60 215  1
  56 216  1
 138 216  1
  38 217  1
 135 217  1
 187 217  1
  50 218  1
  51 218  1
 119 218  1
 180 218  1
 202 218  1
  40 219  1
 195 220  1
 196 220  1
 197 220  1
  75 221  1
 132 221  1
 187 221  1
 188 221  1
 249 221  1
  59 223  1
 209 224  1
  74 225  1
  75 225  1
 195 225  1
 202 225  1
 222 225  1
 127 226  1
 230 227  1
 119 228  1
 189 228  1
 203 229  1
 231 229  1
  77 230  1
 116 231  1
 198 232  1
  70 233  1
  89 233  1
 110 233  1
 137 233  1
 155 233  1
 185 233  1
 227 233  1
 228 233  1
 121 234  1
 202 234  1
  89 235  1
 105 235  1
 106 235  1
 143 235  1
 148 235  1
 161 235  1
  99 236  1
 112 236  1
 192 236  1
 193 236  1
 195 236  3
 201 236  1
 164 237  1
  96 238  1
  90 240  1
 113 240  1
 172 240  1
 173 240  1
 228 240  1
 103 241  1
 224 241  1
 225 241  1
  96 243  1
 186 243  1
 190 243  1
 221 243  1
  99 244  1
 165 244  1
 117 245  1
 118 245  1
 141 245  1
 142 245  1
 153 245  1
 156 245  1
 158 245  1
 179 245  1
 218 245  1
 124 246  1
 146 246  1
 162 246  1
 164 246  1
 175 247  1
 213 247  1
 111 248  1
 132 248  1
 210 248  1
 114 249  1
 119 250  1
 205 250  1
 152 251  1
 162 252  1
 163 252  1
 136 254  1
 182 254  1
 176 256  1
 152 257  1
 169 257  1


count = 590