 160   2  1
 165   4  1
 172   5  1
  89   7  1
 134   8  1
 161   9  1
 132  10  1
 134  10  1
  79  11  1
 126  12  1
 130  12  1
 188  12  1
  72  13  1
  90  14  1
 122  15  1
 169  15  1
  81  16  1
 127  17  1
 129  17  2
 159  18  1
 199  18  1
 171  22  1
 172  22  1
 206  22  1
  76  23  1
  80  23  1
  94  24  1
 210  24  1
  79  27  1
 172  27  1
 173  27  1
 214  27  1
  83  28  1
 217  29  1
 179  30  1
  85  31  1
  96  31  1
  97  31  1
 130  31  1
 131  31  1
 172  31  1
 173  31  1
 221  31  1
  42  32  1
  69  32  1
  97  33  1
 128  34  1
 124  35  1
 161  35  1
 162  35  1
 138  36  1
  77  37  1
  92  37  1
  93  37  1
  94  37  1
  83  38  1
 104  38  1
 105  38  1
 175  38  1
 230  38  1
 101  39  1
 130  39  1
 183  40  1
 162  41  1
 163  41  1
  92  42  1
  95  42  1
 236  42  1
 186  43  1
  79  44  1
 115  44  1
 138  44  1
 165  44  1
 170  44  1
 172  44  1
 219  44  1
 118  45  1
 144  46  1
 225  46  1
  96  47  1
 127  48  1
  75  49  1
  89  49  1
 105  49  1
  84  50  1
 121  50  1
  22  51  1
  75  51  1
  98  51  1
  99  51  1
 142  51  1
 217  51  1
 124  52  1
 246  52  1
  81  53  1
 154  53  1
 146  54  1
 158  55  1
 159  55  1
  95  57  1
  30  58  1
  36  58  1
  37  58  1
 118  59  1
 119  59  1
 143  59  1
 123  60  1
 157  60  1
 158  60  1
 245  60  1
  13  62  1
  34  62  1
  35  62  1
  36  62  1
  97  62  1
 215  62  1
 221  62  1
 103  63  1
 104  63  1
 257  63  1
 207  64  1
 228  64  1
  78  65  1
 167  65  1
 176  65  1
 234  65  1
 235  65  1
  72  66  1
  96  66  1
  97  66  1
 169  66  1
 194  66  1
 212  67  1
 171  68  1
 173  68  1
 198  68  1
 171  70  1
  29  71  1
  91  71  1
 264  71  1
 265  71  1
   8  72  1
  79  72  1
  80  72  1
  93  73  1
  13  74  1
  14  74  1
 169  74  1
 170  74  1
 207  75  1
   6  76  1
   7  76  1
 133  76  1
  16  77  1
  93  77  1
 143  77  1
 145  78  1
 179  78  1
   5  79  1
   6  79  1
 102  79  1
 112  79  1
 196  79  1
 201  79  1
 206  79  1
 211  79  1
  23  80  1
  33  80  1
  88  80  1
 134  82  1
 149  82  1
 192  82  1
  19  83  1
  25  83  1
  88  83  1
 119  83  1
 168  83  1
 178  83  1
 179  83  1
 122  84  1
 134  84  1
 170  84  1
  95  85  1
 110  85  1
 217  85  1
  20  86  1
 143  86  1
 205  86  1
   3  87  1
   4  87  1
  25  88  1
 137  88  1
 188  88  1
 178  89  1
 179  89  1
  60  90  1
  75  91  1
 248  91  1
 249  91  1
  26  92  1
  21  93  1
  57  93  1
 134  93  1
 274  93  1
 275  93  1
 182  94  1
 220  94  1
 236  95  1
 232  96  1
 275  96  1
 276  96  1
 178  97  1
 224  97  1
 167  98  1
 227  98  1
 228  98  1
 245  98  1
 255  98  1
   1  99  1
  58  99  1
 264  99  1
  16 100  1
 276 100  1
 277 100  1
  80 101  1
 173 103  1
 264 103  1
   1 104  1
  81 104  1
  82 104  1
 181 105  1
 251 105  1
 252 105  1
  17 107  1
 173 107  1
 174 107  1
 229 107  1
  88 108  1
 161 108  1
 189 108  1
 231 108  1
 233 108  1
 226 109  1
 103 110  1
   1 111  1
  17 111  1
 169 112  1
   1 114  1
  65 114  1
  66 114  1
 190 114  1
 233 114  1
 226 115  1
 174 116  1
 184 116  1
  48 117  1
  50 117  1
  67 117  1
  68 117  1
 224 117  1
 231 119  1
 190 120  1
 227 120  1
 275 120  1
   1 121  1
 146 121  1
 180 121  1
  70 122  1
  48 123  1
 195 123  1
 269 123  1
 112 124  1
 142 124  1
   3 126  1
  51 126  1
  70 126  1
 261 126  1
  22 127  1
  24 127  1
 132 127  1
 171 127  1
 189 127  1
 205 127  1
 218 127  1
 126 128  1
 165 128  1
 174 128  1
 175 128  1
 184 128  1
 200 128  1
 108 129  1
 110 129  1
  22 130  1
  56 130  1
  74 130  1
  77 130  1
  89 130  1
 222 130  1
 234 130  1
 246 130  1
   6 131  1
   7 131  1
  13 131  1
 117 131  1
 118 131  1
 204 131  1
 209 131  1
 122 132  1
 193 132  1
 217 132  1
 228 132  1
 271 132  1
 276 132  1
  80 133  1
 172 133  1
 177 133  1
 178 133  1
  41 134  1
 121 134  1
 122 134  1
 251 134  1
  23 135  1
  24 135  1
  87 135  1
 101 135  1
 118 135  1
 157 135  1
 161 135  1
 189 135  1
 191 135  1
 200 135  1
 247 135  1
  46 136  1
 183 136  1
   6 137  1
   7 137  1
 111 137  1
 187 137  1
 204 137  1
 213 137  1
 214 137  1
  20 138  1
  22 138  1
 166 138  1
 195 138  1
 197 138  1
 217 138  1
 280 138  1
 281 138  1
 154 139  1
  51 140  1
 117 140  1
 163 140  1
  73 141  1
 170 141  1
 193 141  1
 203 141  1
 235 141  1
 267 141  1
 269 141  1
  42 142  1
  58 142  1
  60 142  1
 217 142  1
 158 143  1
 255 143  1
  10 144  1
 214 144  1
 215 144  1
 229 144  1
 264 144  1
 220 145  1
 256 145  1
 157 146  1
 167 146  1
 245 146  1
 246 146  1
 272 146  1
  67 147  1
 171 147  1
 256 147  1
   7 148  1
 162 148  1
   1 149  1
 228 149  1
  19 150  1
 259 150  1
 261 150  1
 272 150  1
 175 151  1
 185 151  1
 252 151  1
 253 151  1
 157 152  1
 163 152  1
 265 152  1
 263 153  1
  32 154  1
 215 154  1
  63 155  1
 188 155  1
 192 155  1
 257 155  1
   1 157  1
  43 158  1
  44 158  1
 217 158  1
  37 159  1
  61 159  1
  62 159  1
 193 160  1
 263 161  1
 264 161  1
 271 161  1
 272 161  1
  85 162  1
 220 162  1
 191 163  1
 263 163  1
 282 164  1
 283 164  1
 263 165  1
 271 165  1
  83 166  1
 195 167  1
 198 167  1
 222 167  1
 275 167  1
  61 168  1
  64 168  1
  98 168  1
  99 168  1
  10 169  1
  11 169  1
  77 170  1
  93 170  1
   5 172  1
   6 172  1
 182 172  1
 194 172  1
  85 173  1
 118 173  1
 172 173  1
 130 174  1
 264 174  1
 266 174  1
 270 174  1
   6 175  1
   7 175  1
  14 175  1
 121 176  1
 186 176  1
 190 176  1
 193 176  1
  57 177  1
  64 177  1
  71 177  1
 177 177  1
  68 179  1
 137 179  1
   8 180  1
   9 180  1
 192 180  1
 277 180  1
 278 180  1
 140 182  1
 194 183  1
 196 183  1
 198 184  1
 256 184  1
 154 187  1
 274 187  1
 275 187  1
  13 190  1
  57 191  1
 218 191  1
 254 191  1
 155 192  1
 190 192  1
 194 192  1
  51 193  1
 211 194  1
 212 194  1
 213 194  1
 271 194  1
 272 194  1
 201 195  1
 257 196  1
 153 198  1
 154 198  1
 261 198  1
  19 199  1
  81 199  1
 220 199  1
 145 200  1
 269 200  1
  90 201  1
  94 201  1
 152 201  1
 198 201  1
 199 201  1
 219 201  1
 221 201  1
 223 201  1
  54 202  1
 156 202  1
 225 202  1
 229 202  1
 137 203  1
 147 203  1
 198 203  1
  48 204  1
  86 204  1
 192 204  1
  60 205  1
  97 205  1
  98 205  1
 198 205  1
 110 206  1
 232 206  1
 233 206  1
  47 207  1
  60 207  1
 106 207  1
 132 207  1
 204 207  1
  90 208  1
  91 208  1
 229 209  1
 231 209  1
 208 210  1
 222 210  1
 126 211  1
 219 212  1
 234 212  1
 112 213  1
 193 213  1
 199 213  1
 219 214  1
 237 215  1
 127 216  1
 246 216  1
 130 217  1
 215 219  1
  62 220  1
 101 220  1
 111 220  1
 236 220  1
  53 222  1
  93 222  1
  94 222  1
  45 223  1
  56 223  1
  57 223  1
 116 223  1
 249 224  1
  57 225  1
  89 225  1
 130 225  1
 213 225  1
 247 225  1
  51 227  1
  84 227  1
 192 227  1
 135 228  1
 243 228  1
 129 229  1
 213 230  1
  94 231  1
  99 231  1
 215 232  1
 216 232  1
  79 233  1
 112 233  1
 113 233  1
  60 234  1
 199 234  1
  77 235  1
  65 236  1
 100 236  1
 216 236  1
  98 238  1
 108 238  1
 201 238  1
 226 239  1
  89 240  1
  74 241  1
 224 241  1
 117 242  1
 198 242  1
 109 243  1
 111 243  1
 113 243  1
 200 243  1
 201 245  1
  88 247  1
 200 248  1
 207 251  1
 123 252  1
 192 256  1
 176 257  1


count = 601