 132   1  1
 137   1  1
 138   1  1
 146   1  1
 147   1  1
 156   1  1
 119   2  1
 184   4  1
 132   6  1
 146   6  1
 141   8  1
 131   9  1
 132   9  1
  90  11  1
 131  11  1
  87  12  1
 144  12  1
 145  12  1
 174  12  1
 211  12  1
 115  13  1
 140  13  1
 214  14  1
 215  14  1
 171  15  1
 172  15  1
 100  16  1
 108  17  1
 146  17  1
 203  17  1
  98  18  1
 131  18  1
 173  18  1
  90  19  1
  91  19  1
 139  19  1
 117  20  1
  80  21  1
 149  21  1
  75  22  1
 112  22  1
 131  22  1
 187  23  1
  58  24  1
  59  24  1
  92  24  1
  93  24  1
 201  24  1
 203  24  1
 205  24  1
 232  24  1
 116  25  1
 117  25  1
 134  25  1
 151  25  1
  80  26  1
  54  27  1
 122  28  1
  47  30  1
 100  30  1
 101  30  1
 136  30  1
 137  30  1
 144  31  1
  41  33  1
  42  33  1
 128  34  1
 203  34  2
 204  34  1
  52  35  1
  76  35  1
  77  35  1
 101  35  1
  80  36  1
  81  36  1
  48  37  1
 141  37  1
 142  37  1
 239  38  1
 118  40  1
  43  41  1
 236  42  1
 244  42  1
 127  43  1
 130  44  1
 151  44  1
 152  44  1
  34  45  1
  42  45  1
 114  45  1
 115  45  1
 146  45  1
 156  45  1
 157  45  1
 162  45  1
 163  45  1
 167  45  1
 168  45  1
 238  45  1
 239  45  1
 245  46  1
  40  47  1
 163  48  1
 164  48  1
  40  49  1
 141  49  1
 227  49  1
 228  49  1
 116  50  1
 137  50  1
  36  51  1
  72  51  1
 224  51  1
 260  51  1
  95  52  1
 127  52  1
 241  52  1
  28  53  1
  72  53  1
  91  53  1
  99  53  1
 165  53  1
 224  53  1
 103  54  1
 122  54  1
 218  54  1
  44  55  1
 161  55  1
  19  56  1
  32  56  1
  33  56  1
  84  56  1
  85  56  1
 143  56  1
 236  56  1
  36  57  1
 116  57  1
 117  57  1
 220  57  1
 227  57  1
 229  57  1
  99  59  1
 259  59  1
  81  60  1
 150  60  1
 151  60  1
  72  61  1
  73  61  1
  89  61  1
  15  62  1
  95  62  1
 115  62  1
 131  62  1
 132  62  1
  89  63  1
 262  63  1
 263  63  1
  95  64  1
 136  64  1
 255  64  1
 110  65  1
 240  65  1
 271  65  1
  95  66  1
 101  66  1
  87  67  1
 192  67  1
 241  67  1
  71  68  1
 273  68  1
 138  69  1
 197  69  1
 245  69  1
 246  69  1
 200  72  1
 223  72  1
 259  72  1
   9  73  1
 178  73  1
 251  73  1
 207  74  1
 231  75  1
 199  76  1
 200  76  1
 239  77  1
 181  78  1
 216  78  1
   6  79  1
   7  79  1
 240  79  1
 242  79  1
 244  81  1
 168  82  1
 271  83  1
 273  83  1
 274  83  1
 279  84  1
 280  84  1
  12  86  1
  15  87  1
 163  87  1
 164  87  1
 196  87  1
 197  87  1
  18  88  1
 274  89  1
 275  89  1
 270  91  1
   2  93  1
   3  93  1
 166  94  1
  68  95  1
 150  95  1
 154  95  1
 173  95  1
 174  95  1
  76  96  1
 282  96  1
 283  96  1
 275  97  1
  85  99  1
  72 100  1
 142 100  1
 188 100  1
   1 101  1
  50 101  1
  51 101  1
 123 102  1
 124 102  1
 129 103  1
  88 104  1
  89 104  1
 112 104  1
 186 104  1
  92 105  1
 100 105  1
 127 105  1
  74 107  1
 184 107  1
 275 107  1
  54 108  1
  64 110  1
  66 110  1
  67 110  1
 282 111  1
 283 111  1
  36 112  1
  62 112  1
 149 112  1
 173 112  1
  81 113  1
 145 113  1
 132 114  1
 141 114  1
  31 115  1
 135 115  1
   7 116  1
  10 116  1
  24 116  1
  36 116  1
  77 116  1
 169 116  1
   1 117  1
  27 117  1
 153 117  1
 154 117  1
  17 118  1
  18 118  1
  66 118  1
 123 118  1
 275 118  1
  27 119  1
 146 119  1
  14 120  1
   2 121  1
  27 121  1
 134 121  1
 218 121  1
  89 123  1
 269 123  1
 271 123  1
  10 124  1
  18 124  1
  19 124  1
  39 124  1
  64 124  1
 221 124  1
 222 124  1
 238 124  1
  50 125  1
  72 125  1
  34 127  1
  42 127  1
 204 127  1
 252 127  1
 261 127  1
 273 127  1
 275 128  1
 276 128  1
  20 129  1
  65 129  1
  92 129  1
 102 129  1
  88 130  1
 135 130  1
 146 130  1
 210 130  1
 224 130  1
  12 131  1
  13 131  1
  38 131  1
  66 131  1
  72 131  1
  73 131  1
 140 131  1
  84 132  1
  85 132  1
 151 132  1
 156 132  1
 207 132  1
 258 132  1
 267 132  1
  17 133  1
  20 133  1
 123 133  1
 124 133  1
 250 133  1
 100 134  1
 242 134  1
 269 135  1
   2 136  1
 210 136  1
 211 136  1
  79 137  1
  96 137  1
 145 137  1
 235 137  1
 236 137  1
 275 137  1
 276 137  1
  89 138  1
  90 138  1
 157 138  1
 271 138  1
 273 138  1
 171 139  1
 211 139  1
   1 140  1
 175 140  1
   6 141  1
   7 141  1
  77 141  1
 156 141  1
 151 142  1
 178 142  1
  84 143  1
 156 143  1
 268 143  1
  81 144  1
 122 144  1
 157 145  1
 184 146  1
 147 147  1
 238 147  1
 239 147  1
   1 148  1
 154 148  1
 187 148  1
 244 148  1
 248 149  1
  92 150  1
 137 150  1
 161 150  1
 128 151  1
 139 151  1
 262 151  1
  86 152  1
  88 152  1
 247 152  1
 252 153  1
 143 154  1
 244 154  1
 250 154  1
 194 155  1
 195 155  1
 261 156  1
 262 156  1
  66 157  1
  77 158  1
  79 158  1
 239 158  1
 272 158  1
  72 159  1
 157 160  1
 158 160  1
 266 160  1
 271 160  1
  62 161  1
 243 161  1
 258 161  1
   3 162  1
   4 162  1
  55 162  1
  83 162  1
  84 162  1
  99 163  1
  92 165  1
  96 165  1
 201 165  1
 227 165  1
 228 165  1
 238 165  1
  88 166  1
 267 166  1
 233 167  1
 257 170  1
 268 172  1
 278 172  1
 279 172  1
 206 173  1
 250 173  1
 271 174  1
 187 176  1
 210 176  1
 267 176  1
 271 176  1
   7 177  1
   8 177  1
  34 177  1
 145 177  1
 146 177  1
 243 178  1
 244 178  1
 203 179  1
 211 179  1
 262 179  1
 263 179  1
  77 182  1
 147 182  1
 162 183  1
 175 183  1
 269 183  1
  30 184  1
 150 184  1
 209 184  1
  97 185  1
 101 185  1
 255 185  1
 256 185  1
  28 188  1
  29 188  1
  94 188  1
 105 188  1
 142 188  1
  75 189  1
  76 189  1
  81 189  1
  82 189  1
  90 190  1
  91 190  1
 149 190  1
 150 190  1
 141 191  1
 179 191  1
 180 191  1
  96 192  1
  19 193  1
 135 193  1
 136 193  1
 173 193  1
 177 193  1
 111 194  1
 153 194  1
  15 195  1
  84 195  1
 145 195  1
 166 195  1
  96 196  1
 160 196  1
 267 196  1
  23 197  1
 151 197  1
 170 197  1
 175 197  1
 133 199  1
 134 199  1
 170 199  1
 251 199  1
  76 200  1
  77 200  1
 122 200  1
 156 202  1
 157 202  1
 158 202  1
 162 202  1
 163 202  1
 166 202  1
 167 202  1
 181 202  1
 185 202  1
 147 203  1
  84 204  1
  86 204  1
 134 204  1
 243 204  1
  80 206  1
 121 206  1
 140 206  1
 171 206  1
 251 206  1
 132 207  1
 178 207  1
 179 207  1
  49 208  1
  50 208  1
 174 208  1
  78 210  1
  79 210  1
  28 211  1
  86 211  1
 161 211  1
  30 212  1
  80 213  1
  81 213  1
 170 213  1
 171 213  1
 121 214  1
 122 214  1
 138 214  1
 139 214  1
 114 215  1
 156 215  1
 142 216  1
 143 216  1
 179 216  1
 180 216  1
  50 217  1
 212 217  1
  99 218  1
 101 218  1
 102 218  1
 160 218  1
  86 219  1
  87 219  1
 120 219  1
 125 219  1
  80 220  1
  81 220  1
 137 220  1
 138 220  1
  45 221  1
 121 222  1
 219 222  1
  47 223  1
  79 223  1
  80 223  1
  84 223  1
  85 223  1
 152 224  1
 181 224  1
  52 226  1
 153 226  1
 158 226  1
 159 226  1
 175 226  1
 176 226  1
 188 226  1
  78 227  1
  79 227  1
 192 227  1
 207 227  1
 215 227  1
 239 227  1
 139 228  1
 167 228  1
 163 229  1
 236 229  1
 152 230  1
 148 231  1
 150 231  1
 204 231  1
 205 231  1
 233 231  1
  61 232  1
  77 232  1
  66 233  1
 135 233  1
 136 233  1
 230 233  1
 144 234  1
 186 234  1
 215 235  1
 228 235  1
  84 236  1
 163 236  1
 168 236  1
  88 237  1
 199 237  1
  76 238  1
  78 238  1
  97 238  1
 134 238  1
  95 240  1
 105 240  1
 134 240  1
 200 240  1
 128 242  1
 133 242  1
 134 242  1
 166 243  1
 167 243  1
  87 244  1
 142 245  1
 109 246  1
 114 247  1
 164 247  1
 202 247  1
 199 248  1
 105 249  1
 146 249  1
 173 249  1
 163 250  1
 123 251  1
 188 251  1
 150 252  1
 184 252  1
 181 253  1
 120 255  1
 122 255  1


count = 629