 166   1  1
 182   1  1
 142   4  1
 200   4  1
 133   7  1
 130   8  1
 212  10  1
 126  11  1
 220  16  1
 109  17  1
 103  20  1
  90  23  1
  95  23  1
 109  23  1
 111  24  1
 229  24  1
  88  27  1
  75  28  1
  69  29  1
 115  29  1
 240  29  1
  64  30  1
 122  31  1
  59  32  1
  56  33  1
  94  33  1
  99  33  1
  54  34  1
  85  35  1
  88  35  1
 118  35  1
 125  35  1
 126  35  1
  79  36  1
 120  36  1
  45  38  1
 131  38  2
 132  38  1
  80  39  1
  89  39  1
 139  39  1
 141  40  1
  78  41  1
  79  41  1
 120  41  1
  38  42  1
 241  42  1
 101  43  1
 105  43  1
 127  43  1
 238  43  1
  36  44  1
 135  44  1
 118  45  1
 109  46  1
 145  46  1
  29  48  1
 109  48  1
 120  48  1
 140  48  1
 258  49  1
 123  50  1
 143  50  1
 147  52  1
  90  53  1
  21  54  1
  33  54  1
  38  54  1
 150  54  1
 262  54  1
  29  55  1
  86  55  1
  87  55  1
 143  55  1
 107  56  1
 108  56  1
  19  57  1
  59  57  1
  87  57  1
  92  57  1
  25  58  1
 151  58  1
  47  59  1
  87  59  1
  88  59  1
  39  60  1
  96  61  1
 259  61  1
 190  62  1
  42  63  1
  51  63  1
 184  64  1
 259  64  1
 260  64  1
 271  64  1
  31  65  1
  19  66  1
 155  66  1
 157  66  1
 194  66  1
 196  66  1
 243  66  1
  88  67  1
 260  67  1
  53  68  1
  97  68  1
 241  68  1
 262  68  1
  20  69  1
 106  69  1
 234  69  1
 190  70  1
 215  70  1
 260  70  1
  62  71  1
  86  71  1
 154  71  1
 254  71  1
  69  72  1
  93  72  1
  21  73  1
  85  73  1
  86  73  1
 104  73  1
 185  73  1
 244  73  1
  88  74  1
 196  74  1
 234  74  1
 269  74  1
  15  75  1
  16  75  1
  26  75  1
  27  75  1
  66  75  1
  76  75  1
 192  75  1
   9  76  1
  10  76  1
  80  76  1
  88  76  1
 264  77  1
  80  78  1
  88  79  1
 233  79  1
 264  79  1
   7  80  1
  26  80  1
  27  80  1
 146  80  1
 149  80  1
  13  81  1
  30  81  1
  69  81  1
  77  81  1
 143  81  1
 160  81  1
 161  81  1
 194  81  1
 213  81  1
  16  82  1
  22  84  1
 154  84  1
 235  84  1
 266  84  1
 267  84  1
  26  85  1
 251  85  1
 252  85  1
 253  85  1
 147  86  1
 164  86  1
 190  86  1
 243  86  1
 142  87  1
   4  88  1
   5  88  1
  26  88  1
  31  88  1
  32  88  1
 267  88  1
 268  88  1
 141  89  1
  81  90  1
 156  90  1
 206  90  1
 232  90  1
 244  90  1
 282  90  1
 283  90  1
  85  91  1
 249  91  1
 195  92  1
  77  93  1
  79  93  1
 146  93  1
 201  93  1
 198  95  1
 239  95  1
   2  96  1
   3  96  1
 258  96  1
 269  96  1
 270  96  1
 197  97  1
 130  98  1
 131  98  1
 253  98  1
 256  98  1
 257  98  1
 136 100  1
 257 100  1
 179 101  1
 270 101  1
 271 101  1
   8 102  1
  51 103  1
   1 104  1
   2 104  1
  40 104  1
 258 104  1
 279 104  1
 188 106  1
 191 106  1
 266 106  1
 267 106  1
  83 108  1
  35 109  1
   1 110  1
   2 110  1
  39 110  1
 192 110  1
 193 110  1
  32 111  1
  58 112  1
   8 113  1
  32 113  1
 185 113  1
 186 113  1
 266 113  1
  37 115  1
 270 115  1
  51 116  1
  54 116  1
  55 116  1
  91 116  1
 177 116  1
 187 116  1
 192 116  1
 196 116  1
   3 117  1
   4 117  1
 172 117  1
 207 117  1
  18 118  1
  51 118  2
 109 118  1
 262 118  1
  94 119  1
 106 119  1
 169 119  1
 264 119  1
 265 119  1
  31 120  1
  66 120  1
 118 120  1
 184 120  1
 204 120  1
  17 121  1
  22 121  1
  51 121  1
 179 121  1
 191 121  1
 192 121  1
 213 121  1
 214 121  1
 248 121  1
 258 121  1
  13 122  1
 174 122  1
  87 123  1
  88 123  1
 169 123  1
 189 123  1
 241 123  1
 246 123  1
 258 123  1
 121 124  1
 204 124  1
 226 124  1
  36 125  1
 269 125  1
 116 126  1
 178 126  1
 193 126  1
 217 126  1
 223 126  1
 250 126  1
  46 127  1
 114 127  1
 212 127  1
  28 128  1
  39 128  1
  89 128  1
  96 128  1
 167 128  1
 180 128  1
 186 128  1
 216 128  1
 235 128  1
 156 129  1
 163 129  1
 204 129  1
 206 129  1
 208 129  1
 246 129  1
 274 129  1
 275 129  1
  92 130  1
  93 130  1
 187 131  1
  46 132  1
  48 132  1
 161 132  1
 162 132  1
 178 132  1
  17 133  1
  34 133  1
 155 133  1
 172 133  1
 107 134  1
 129 134  1
 134 134  1
 166 134  1
 167 134  1
 195 134  1
 215 134  1
 233 134  1
 261 134  1
   3 135  1
  55 135  1
  57 135  1
 114 135  1
 183 135  1
 200 135  1
 225 135  1
  12 136  1
 127 136  1
 171 136  1
  53 137  1
 119 137  1
 210 138  1
 197 139  1
   1 140  1
 166 140  1
   6 141  1
  54 141  1
  71 141  1
 119 141  1
 125 142  1
 236 142  1
 237 142  1
  95 143  1
 116 143  1
 182 143  1
 212 144  1
 263 144  1
 264 144  1
  23 145  1
  50 145  1
 231 146  1
 257 146  1
 229 147  1
 239 147  1
 261 147  1
 235 148  1
 119 149  1
 191 149  1
 193 149  1
  18 150  1
 121 150  1
 197 150  1
 163 152  1
 179 152  1
 260 152  1
  85 153  1
 109 153  1
 200 153  1
  17 154  1
  48 154  1
  49 154  1
  55 155  1
  56 155  1
  84 155  1
 100 155  1
 105 155  1
 106 155  1
 197 156  1
 250 156  1
  56 157  1
 106 157  1
  51 158  1
  73 158  1
 229 158  1
  22 159  1
  56 159  1
  82 159  1
  99 159  1
 161 159  1
 162 159  1
 177 159  1
 178 159  1
 236 159  1
   1 160  1
  37 160  1
  88 160  1
  89 160  1
 248 160  1
  80 161  1
  81 161  1
  99 161  1
 110 161  1
  26 162  1
 105 162  1
 188 162  1
 189 162  1
 237 162  1
 248 162  1
 250 162  1
 252 162  1
  90 163  1
 110 163  1
  30 164  1
 230 164  1
 233 164  1
 234 164  1
   1 165  1
   2 165  1
  26 166  1
  27 166  1
 184 166  1
 245 166  1
   8 167  1
  32 167  1
  34 167  1
 202 167  1
 226 167  1
 261 167  1
 262 167  1
 263 167  1
   2 168  1
 128 168  1
 130 169  1
 197 169  1
  15 170  1
 222 170  1
 236 170  1
 244 170  1
 259 170  1
 234 171  1
 255 171  1
  25 172  1
  26 172  1
  39 172  1
 184 172  1
 185 172  1
 247 172  1
 128 173  1
 251 173  1
 252 173  1
 121 174  1
 194 174  1
  97 175  1
  99 175  1
 103 175  1
 127 175  1
 133 175  1
  44 176  1
 201 176  1
 229 176  1
  31 177  1
 116 177  1
 117 177  1
  21 178  1
 135 178  1
 143 178  1
 189 178  1
 209 178  1
 215 178  1
 259 178  1
  31 179  1
  71 179  1
  78 179  1
 102 179  1
 194 179  1
 217 179  1
 150 180  1
 153 180  1
 220 180  1
 224 180  1
 248 180  1
 255 180  1
  34 181  1
  36 181  1
  39 181  1
  81 181  1
  82 181  1
  83 181  1
 120 181  1
 122 181  1
 147 181  1
 110 182  1
 157 182  1
  66 183  1
  71 184  1
  72 184  1
 103 184  1
 198 184  1
 215 184  1
 216 184  1
 260 184  1
 261 184  1
  22 185  1
  23 185  1
  66 185  1
  84 185  1
 155 185  1
 156 185  1
  17 186  1
  72 186  1
 123 186  1
 202 186  1
 203 186  1
  45 187  1
  66 187  1
 230 187  1
 231 187  1
 234 187  1
 254 187  1
 209 188  1
 246 188  1
 267 188  1
 161 189  1
 162 189  1
 194 189  1
  79 190  1
  83 190  1
 149 190  1
 189 190  1
 204 190  1
 216 190  1
 217 190  1
 167 191  1
 232 191  1
  77 192  1
 141 192  1
 242 192  1
 248 192  1
 265 192  1
 119 193  1
 159 193  1
 160 193  1
  26 194  1
  82 194  1
  83 194  1
 103 194  1
 113 194  1
 188 194  1
 189 194  1
 248 194  1
  91 195  1
 119 196  1
 193 196  1
 236 196  1
 243 196  1
  26 197  1
  81 197  1
  82 197  1
 104 197  1
 158 198  1
 217 198  1
 255 198  1
 142 200  1
 143 200  1
 145 200  1
 149 200  1
 119 201  1
 135 201  1
 159 201  1
 161 201  1
 163 201  1
 223 201  1
  25 202  1
 108 202  1
 112 202  1
 154 202  1
  80 203  1
  81 203  1
 118 203  1
 237 203  1
 146 204  1
 135 205  1
 239 205  1
 230 207  1
 241 207  1
  87 208  1
 140 208  1
 141 208  1
 149 208  1
 150 208  1
 162 208  1
  35 209  1
 114 209  1
 246 209  1
 248 209  1
 136 210  1
 146 210  1
 222 210  1
 223 210  1
  37 211  1
 153 211  1
 154 211  1
 161 211  1
 246 211  1
 100 212  1
  96 213  1
 109 213  1
 110 213  1
 143 213  1
 154 213  1
 234 213  1
 246 213  1
  87 214  1
 104 214  1
 105 214  1
 137 214  1
 242 214  1
 243 214  1
 257 214  1
  77 215  1
 121 215  1
 124 215  1
 156 215  1
 248 215  1
 103 217  1
 245 217  1
  93 218  1
  94 218  1
 108 218  1
 125 218  1
 139 218  1
 144 218  2
 103 219  1
 118 219  1
 119 219  1
 127 219  1
 162 219  1
 163 219  1
  50 220  1
 251 220  1
  92 221  1
  93 221  1
 127 221  1
 151 221  1
  54 222  1
  83 222  1
 111 222  1
 112 222  1
 163 222  1
 127 223  1
 146 223  1
 148 223  1
  57 224  1
 116 224  1
 138 224  1
  77 225  1
  78 225  1
 131 225  1
  92 226  1
  62 227  1
 105 227  1
 116 230  1
 132 230  1
  95 232  1
  96 232  1
 204 232  1
  76 233  1
  86 233  1
  87 233  1
  81 235  1
 111 235  1
 231 235  1
  85 238  1
 191 238  1
 204 238  1
 212 239  1
 226 239  1
 198 240  1
 201 241  1
 175 243  1
 180 243  1
 177 244  1
 198 244  1
 171 245  1
 215 245  1
 129 247  1
 142 247  1
 145 247  1
 189 247  1
 167 248  1
 209 248  1
 202 251  1
 140 253  1
 142 253  1
 195 253  1
 177 256  1


count = 716