 150   1  1
 163   1  1
 109   9  1
 191   9  1
 142  10  1
 178  10  1
 179  10  1
 134  11  1
 196  12  1
 182  13  1
 183  13  1
  98  14  1
  96  15  1
 141  15  1
 142  15  1
 157  17  1
  89  19  1
 162  20  1
 163  20  1
  85  21  1
 125  21  1
 131  22  1
 127  23  1
 164  23  1
 217  24  1
  89  25  1
 107  25  1
 111  25  1
 164  25  1
 208  28  1
 209  28  1
 159  29  1
 166  29  1
 227  29  1
 211  30  1
 212  30  1
  74  31  1
  75  31  1
  81  31  1
 158  31  1
 231  32  1
  65  33  1
 165  33  1
 171  33  1
  71  34  1
  92  38  1
  43  39  1
  87  39  1
  95  39  1
 118  39  1
 119  39  1
 213  39  1
 124  40  1
 167  40  1
 168  40  1
  37  42  1
  38  42  1
 111  43  1
 216  43  1
 222  43  1
 223  43  1
  91  44  1
  92  44  1
 123  44  1
 108  46  1
 109  46  1
 164  46  1
  98  47  1
 117  47  1
 118  47  1
 136  48  1
 223  48  1
 110  49  1
 133  49  1
 100  50  1
 105  50  1
 179  50  1
  93  51  1
  94  51  1
 174  52  1
 252  52  1
  76  53  1
  78  53  1
  99  53  1
 143  53  1
 147  53  1
 162  53  1
 222  53  1
 107  54  1
  80  56  1
  81  56  1
 171  58  1
  77  59  1
 229  59  1
  16  60  1
 247  60  1
 254  62  1
 104  63  1
 248  63  1
  75  64  1
 119  64  1
  45  65  1
  63  65  1
  68  65  1
  69  65  1
  70  65  1
 114  65  1
 115  65  1
  49  66  1
 109  66  1
 120  66  1
 177  66  1
 257  66  1
  12  67  1
 184  67  1
 232  67  1
 233  67  1
 251  67  1
 253  67  1
 265  67  1
 189  68  1
 243  68  1
 198  69  1
  68  70  1
 191  70  1
  74  71  1
 250  71  1
 258  71  1
 267  71  1
 268  71  1
 254  72  1
  84  73  1
 101  73  1
 107  73  1
 199  73  1
 240  74  1
  29  75  1
  30  75  1
 144  75  1
 183  75  1
 247  75  1
  37  76  1
 240  76  1
  56  77  1
  57  77  1
  94  77  1
  98  77  1
 139  77  1
 271  77  1
  45  78  1
 153  78  1
 172  78  1
 185  78  1
 240  78  1
   7  79  1
   8  79  1
  82  79  1
  90  79  1
  91  79  1
 101  79  1
 167  79  1
 195  79  1
  35  80  1
  39  80  1
 273  80  1
  12  81  1
  13  81  1
 137  81  1
 139  81  1
 173  82  1
  42  83  1
  43  83  1
  44  83  1
  58  83  1
  87  83  1
 253  83  1
  48  84  1
  49  84  1
 161  84  1
 166  84  1
 185  84  1
  83  85  1
  34  86  1
  35  86  1
  45  86  1
  47  86  2
  49  86  1
  60  86  1
  62  86  1
 195  86  1
 196  86  1
  69  87  1
 223  87  1
 224  87  1
 236  87  1
  79  88  1
 185  88  1
 254  88  1
  42  89  1
  44  89  1
  58  89  1
 198  89  1
  23  91  1
  45  91  1
  75  91  1
 199  91  1
 225  91  1
 260  91  1
  62  92  1
  79  92  1
 169  92  1
 189  92  1
 193  92  1
 232  92  1
 250  92  1
  45  93  1
  89  93  1
  99  93  1
  28  94  1
 195  94  1
 216  94  1
 217  94  1
 219  94  1
 221  94  1
   3  95  1
   4  95  1
 172  95  1
 173  95  1
 238  95  1
  68  96  1
  76  96  1
 108  96  1
 209  96  1
 221  96  1
 240  96  1
  63  97  1
 226  97  1
 227  97  1
 230  97  1
 231  97  1
  15  98  1
 265  98  1
  70  99  1
  21 100  1
 173 100  1
 174 100  1
 185 101  1
 186 101  1
  18 102  1
  65 102  1
  66 102  1
 209 102  1
 148 103  1
 159 103  1
 168 104  1
 169 104  1
 183 104  1
 226 104  1
  15 105  1
  40 105  1
  42 106  1
  73 106  1
 139 106  1
  75 107  1
 124 107  1
 208 107  1
 121 108  1
 129 108  1
 144 108  1
 145 108  1
 224 108  1
  66 109  1
 113 109  1
 138 109  1
 173 109  1
 206 109  1
  11 110  1
  12 110  1
  27 110  1
 130 110  1
 169 110  1
 171 110  1
 200 110  1
  71 111  1
 138 111  1
 147 111  1
 220 111  1
 221 111  1
   1 113  1
  26 113  1
 147 113  1
 226 113  1
  77 114  1
 182 115  1
 206 115  1
 178 116  1
 204 116  1
 277 116  1
 278 116  1
  11 117  1
  12 117  1
  81 117  1
 183 117  1
 187 117  1
   1 118  1
  26 118  1
  73 118  1
  98 118  1
 103 118  1
  19 119  1
  65 119  1
  77 119  1
 155 119  1
 175 119  1
 267 119  1
  92 120  1
 276 120  1
 111 121  1
 152 121  1
 190 121  1
 247 121  1
 251 121  1
 252 121  1
 259 121  1
 260 121  1
   2 122  1
 204 122  1
 272 122  1
 178 123  1
 179 123  1
  28 124  1
 212 124  1
 247 124  1
 255 124  1
 256 124  1
  61 125  1
  62 125  1
 107 125  1
 117 125  1
 167 125  1
 216 125  1
  17 126  1
  18 126  1
  23 126  1
  57 126  1
  82 126  1
 113 126  1
 151 126  1
 180 126  1
 203 126  1
 248 126  1
  31 127  1
  44 127  1
 172 127  1
 121 128  1
 162 128  1
 206 128  1
 247 128  1
  19 129  1
  20 129  1
 192 129  1
 252 129  1
 264 129  1
  26 130  1
  27 130  1
  60 130  1
  94 130  1
 121 130  1
 187 130  1
 216 130  1
 217 130  1
 228 130  1
 229 130  1
 272 130  1
  38 131  1
 171 131  1
 177 131  1
 178 131  1
 181 131  1
 213 131  1
 247 131  1
  33 132  1
  44 132  1
 111 132  1
 121 132  1
 138 132  1
 208 132  1
 209 132  1
 231 132  1
  19 133  1
  78 133  1
 162 133  1
 169 133  1
 171 133  1
 197 133  1
 240 133  1
  64 134  1
  65 134  1
  85 134  1
  97 134  1
 107 134  1
 186 134  1
  21 135  1
  58 135  1
  89 135  1
 192 135  1
 240 135  1
 241 135  1
 246 135  1
   5 136  1
  28 136  1
 177 136  1
 204 136  1
 211 136  1
 212 136  1
 222 136  1
 231 136  1
  48 137  1
  52 137  1
  82 137  1
  83 137  1
 113 137  1
 153 137  1
 177 138  1
 217 138  1
 218 138  1
  17 139  1
  63 139  1
  74 139  1
  90 139  1
  58 140  1
 202 140  1
  73 141  1
 157 141  1
 180 141  1
 197 141  1
 103 142  1
  85 143  1
 185 144  1
 273 144  1
 275 144  1
 164 145  1
 195 145  1
  55 146  1
 191 146  1
 266 146  2
 267 146  1
  20 147  1
  21 147  1
  81 147  1
 183 147  1
  16 148  1
  55 148  1
  59 148  1
 277 148  1
  31 149  1
  38 149  1
  39 149  1
  71 149  1
 175 149  1
 176 149  1
 164 150  1
  14 151  1
  21 151  1
  43 152  1
 271 152  1
  51 153  1
 174 153  1
  45 154  1
  25 155  1
  49 156  1
  14 157  1
  19 157  1
  26 157  1
   2 158  1
   3 158  1
  12 158  1
 171 158  1
  34 159  1
 167 159  1
  22 160  1
  23 160  1
  24 160  1
  63 161  1
  26 162  1
 185 162  1
 120 164  1
 121 164  1
 184 164  1
 185 164  1
  65 166  1
 184 166  1
 185 168  1
 280 168  1
 281 168  1
 241 169  1
   5 170  1
   6 170  1
  68 170  1
  69 170  1
 256 170  1
 265 170  1
  73 171  1
 233 171  1
 279 171  1
 280 171  1
 128 172  1
 192 172  1
 243 172  1
 267 172  1
  30 173  1
 254 173  1
  24 174  1
 194 174  1
 262 174  1
  34 175  1
 231 175  1
 269 175  1
 271 175  1
 229 176  1
   7 178  1
   8 178  1
  64 179  1
  66 179  1
 268 179  1
 197 180  1
 211 180  1
  73 181  1
  79 181  1
  87 181  1
 186 181  1
 221 181  1
  36 182  1
 246 182  1
 247 182  1
   8 183  1
   9 183  1
  18 183  1
  62 183  1
 138 183  1
 191 183  1
 192 183  1
 204 183  1
 215 183  1
 220 183  1
  22 184  1
 140 184  1
 141 184  1
 184 184  1
 198 184  1
  14 185  1
 110 185  1
 111 185  1
 153 185  1
 154 185  1
 206 185  1
  28 186  1
  47 186  1
 244 186  1
  24 187  1
  58 187  1
  62 187  1
 213 187  1
   9 188  1
  10 188  1
  48 188  1
  49 188  1
 141 188  1
 142 188  1
 154 188  1
 244 188  1
  83 189  1
 112 189  1
 137 189  1
  36 190  1
  37 190  1
 149 190  1
 154 190  1
 205 190  1
 210 190  1
  85 191  1
 147 191  1
 190 191  1
 237 191  2
 238 191  1
  24 192  1
  32 192  1
  38 192  1
  91 193  1
 166 193  1
 167 193  1
 195 193  1
 204 193  1
  12 194  1
  32 194  1
 113 194  1
 114 194  1
 183 194  1
 184 194  1
  51 195  1
  52 195  1
  85 195  1
 166 195  1
  87 196  1
 149 196  1
 151 196  1
 156 196  1
  33 197  1
 164 197  1
  35 198  1
  36 198  1
  48 198  1
  14 199  1
 248 199  1
 254 200  1
 255 200  1
 256 200  1
 163 201  1
 150 202  1
 156 203  1
 161 204  1
  36 207  1
  81 207  1
 128 207  1
 110 208  1
  77 209  1
 124 209  1
  87 210  1
 104 210  1
 144 210  1
 216 210  1
 114 211  1
 142 211  1
  90 212  1
 142 213  1
 253 213  1
 216 215  1
  85 217  1
 138 217  2
 216 217  1
  35 218  1
  36 218  1
  98 218  1
 124 219  1
 216 219  1
 221 219  1
 117 220  1
 231 221  1
  43 222  1
 227 222  1
 110 223  1
 241 223  1
  52 225  1
  99 225  1
 106 225  1
 227 225  1
  74 226  1
  79 226  1
  80 226  1
 126 226  1
 127 226  1
 234 227  1
  61 228  1
  79 228  1
 124 228  1
  68 229  1
  83 230  1
 110 230  1
 111 230  1
 231 230  1
 226 231  1
  99 232  1
 100 232  1
 103 234  1
 216 236  1
 217 236  1
  85 237  1
  94 237  1
 123 237  1
 105 238  1
 115 238  1
  95 239  1
  99 239  1
  81 241  1
  82 241  1
 129 241  1
  85 242  1
 108 242  1
  93 244  1
 110 244  1
 128 247  1
 199 247  1
 108 248  1
 110 249  1
 114 251  1
 116 251  1
 118 252  1
 172 254  1
 144 257  1


count = 699