 141   1  1
 157   1  1
 126   2  1
 122   3  1
 168   3  1
 117   4  1
 105   7  1
 102   8  1
  92  11  1
 188  12  1
  88  13  1
  89  13  1
  85  15  1
 109  15  1
 179  16  1
 193  16  1
  96  18  1
  97  18  1
  76  19  1
  78  19  1
 103  19  1
 174  19  1
 175  19  1
  73  20  1
 119  20  1
  69  21  1
 202  21  1
 121  22  1
 115  23  1
 116  23  1
 192  23  1
  63  24  1
  85  24  1
  98  24  1
 102  24  1
 116  25  1
  61  26  1
 173  26  1
 185  26  1
 186  26  1
 110  27  1
 117  27  1
  57  28  1
  67  28  1
 187  28  1
 114  29  1
  74  30  1
  75  30  1
 214  30  1
  53  31  1
 140  31  1
  48  32  1
  65  32  1
 102  32  1
 104  32  1
 122  32  1
 176  32  1
  62  33  1
  87  33  1
 126  33  1
 130  33  1
  73  34  1
 134  34  1
 107  35  1
 138  35  1
 185  35  1
  91  36  1
 125  36  1
 142  36  1
  80  37  1
 144  37  1
 171  38  1
  56  39  1
  58  39  1
  69  39  1
  73  39  1
 139  39  1
 140  39  1
 190  39  1
 190  41  1
  50  42  1
 185  42  1
 196  42  1
 219  42  1
  69  43  1
  77  43  1
 108  43  1
 122  43  1
 123  43  1
 127  43  1
 189  43  1
  45  44  1
  46  44  1
 129  44  1
 133  44  1
  83  45  1
 101  45  1
 112  45  1
 138  45  1
  54  46  1
  56  46  1
  65  46  1
 142  46  1
  41  47  1
  85  47  1
 105  47  1
 115  47  1
 116  47  1
 190  47  1
 218  47  1
 233  47  1
 123  48  1
 129  48  1
 152  48  1
 153  48  1
 188  48  1
 224  48  1
  50  49  1
  79  49  1
  80  49  1
  99  50  1
 100  50  1
 109  50  1
 177  50  1
  80  51  1
 141  51  1
 171  51  1
 237  51  1
  39  52  1
  53  52  1
 220  52  1
  45  53  1
  57  53  1
  69  53  1
 104  53  1
 145  53  1
  33  55  1
  53  55  1
  66  55  1
  99  55  1
 108  55  1
 152  55  1
  75  56  1
 166  56  1
  59  57  1
 140  57  1
 141  57  1
 187  57  1
 188  57  1
 224  57  1
 107  58  1
 148  58  1
 218  58  1
  34  59  1
  35  59  1
  44  59  1
  85  59  1
 120  59  1
 121  59  1
 130  59  1
 134  59  1
 192  59  1
 193  59  1
 194  59  1
 224  59  1
  52  60  1
  53  60  1
  92  60  1
 128  60  1
 220  60  1
  20  61  1
  69  61  1
 149  61  1
 155  61  1
 194  61  1
 224  61  1
 109  62  1
 209  62  1
  62  63  1
  78  63  1
 105  63  1
 116  63  1
 167  63  1
 206  63  1
 212  63  1
 224  63  1
 150  64  1
 169  64  1
  18  65  1
  44  65  1
  70  65  1
  78  65  1
 103  65  1
 124  65  1
 128  65  1
 203  65  1
 204  65  1
 250  65  1
 251  65  1
  66  66  1
  97  66  1
 219  66  1
 227  66  1
  26  67  1
  79  67  1
 120  67  1
 121  67  1
 140  67  1
 175  67  1
  23  68  1
 165  68  1
 219  68  1
  47  69  1
  63  69  1
  64  69  1
  73  69  1
  74  69  1
  83  69  1
 132  69  1
 170  69  1
 178  69  2
 116  70  1
 121  70  1
 142  70  1
 148  70  1
 225  70  1
 229  70  1
 103  71  1
  76  72  1
  77  72  1
 107  72  1
 121  72  1
 176  72  1
 114  73  1
 237  73  1
  11  74  1
  39  74  1
  70  74  1
 132  74  1
 184  75  1
 190  75  1
 191  75  1
 226  75  1
  45  76  1
 171  76  1
 173  76  1
 228  76  1
 229  76  1
 108  77  1
 109  77  1
 177  77  1
 181  77  1
   9  78  1
  77  78  1
 118  78  1
 134  78  1
 159  78  1
 230  78  1
  15  79  1
 165  79  1
 175  79  1
  43  82  1
  44  82  1
 118  82  1
 119  82  1
 139  82  1
 153  83  1
 162  83  1
 180  83  1
 181  83  1
  15  84  1
  27  84  1
 118  84  1
 166  84  1
 167  84  1
 174  84  1
 193  84  1
 162  85  1
 207  85  1
 239  85  1
 241  85  1
 257  85  1
 267  85  1
   5  86  1
   6  86  1
  27  86  1
 147  86  1
 148  86  1
  22  87  1
  25  87  1
 257  87  1
 120  88  1
 138  88  1
 166  88  1
 167  88  1
 182  88  1
 186  88  1
 248  88  1
   4  89  1
   5  89  1
 209  89  1
 262  89  1
  40  90  1
 129  90  1
 136  90  1
 269  90  1
 270  90  1
 162  91  1
   3  92  1
   4  92  1
  38  92  1
  39  92  1
 176  92  1
 177  92  1
 139  93  1
 140  93  1
 166  93  1
 167  93  1
 216  93  1
  24  94  1
  12  95  1
  13  95  1
  20  95  1
  21  95  1
 170  95  1
 220  95  1
  32  96  1
 115  96  1
 161  96  1
 272  96  1
 126  97  1
 184  97  1
 122  98  1
 107  99  1
  98 100  1
 122 100  1
 163 100  1
   7 102  1
  11 102  1
  22 102  1
  35 102  1
  36 102  1
  42 102  1
  92 102  1
 107 102  1
 118 102  1
 122 102  1
 171 102  1
 172 102  1
 191 102  1
 195 103  1
 266 103  1
  15 104  1
  16 104  1
 158 104  1
 167 104  1
 185 104  1
 220 105  1
  33 106  1
  91 106  1
 101 106  1
 216 106  1
  48 107  1
  82 107  1
 110 107  1
 191 107  1
 237 108  1
 263 108  1
   1 109  1
 164 109  1
 230 109  1
 231 109  1
 257 109  1
 215 110  1
 238 111  1
 254 111  1
  71 112  1
 176 112  1
 177 112  1
   1 113  1
  53 113  1
 159 113  1
 226 113  1
 244 113  1
 245 113  1
 277 113  1
 278 113  1
  11 114  1
  82 114  1
 176 114  1
  21 115  1
  79 115  1
 100 115  1
 184 115  1
 235 115  1
 250 115  1
 252 115  1
   1 116  1
  86 116  1
  93 116  1
 110 116  1
 111 116  1
 161 116  1
  46 117  1
  66 117  1
  89 117  1
 153 117  1
 156 117  1
 276 117  1
  62 118  1
  70 118  1
 178 118  1
 247 118  1
  30 119  1
  39 119  1
 214 119  1
 219 119  1
   1 120  1
 160 120  1
 246 120  1
  54 121  1
 111 121  1
 112 121  1
  72 122  1
  82 122  1
  85 122  1
  86 122  1
 153 122  1
 179 122  1
 245 122  1
 246 122  1
 273 122  1
   1 123  1
  49 123  1
 131 124  1
 142 124  1
 143 124  1
 194 124  1
 224 124  1
 186 125  1
 187 125  1
 214 125  1
 241 125  1
 124 126  1
 219 126  1
   1 127  1
  69 127  1
 147 127  1
 158 127  1
  65 128  1
 104 128  1
 107 128  1
 198 128  1
 199 128  1
 225 128  1
   1 129  1
  42 129  1
 180 130  1
 235 130  1
 239 130  1
  50 131  1
  55 131  1
 133 131  1
 220 131  1
 230 131  1
   3 132  1
  40 132  1
 121 132  1
 241 132  1
 265 132  1
 267 132  1
  57 133  1
 249 133  1
 272 133  1
 273 133  1
  14 134  1
  40 134  1
  89 134  1
 140 134  1
 155 134  1
 156 134  1
 234 134  1
 236 134  1
 237 134  1
   8 135  1
  37 135  1
  53 135  1
 148 135  1
 175 135  1
 180 135  1
 182 135  1
  51 136  1
  60 136  1
 120 136  1
 158 136  1
  46 137  1
  94 137  1
  95 137  1
 110 137  1
 126 137  1
 205 137  1
 220 137  1
 133 138  1
 185 138  1
 260 138  1
  15 139  1
  16 139  1
  24 139  1
  29 139  1
  37 139  1
 179 139  1
 224 139  1
 242 139  1
 263 139  1
   8 140  1
 155 140  1
  51 141  1
 164 141  1
 189 141  1
 190 141  1
 218 141  1
 277 141  1
  58 142  1
  85 142  1
 134 142  1
 136 142  1
 184 142  1
  51 143  4
  83 143  1
   3 144  1
  16 144  1
  77 144  1
  93 144  1
  44 145  1
  50 145  1
  51 145  1
  83 145  1
 111 145  1
 280 145  1
  60 146  1
  62 146  1
  73 146  1
 188 146  1
 272 146  1
  11 147  1
  18 147  1
 155 147  1
 159 147  1
 193 147  1
  86 148  1
  88 148  1
 171 148  1
 182 148  1
 183 148  1
 187 148  1
 222 148  1
   9 149  1
  10 149  1
 153 149  1
 178 149  1
  77 150  1
 221 150  1
 222 150  1
 273 150  1
  16 151  1
  17 151  1
  58 151  1
 163 151  1
 224 151  1
  54 152  1
 174 152  1
 273 152  1
  44 153  1
  45 153  1
  10 154  1
  22 154  1
  87 154  1
 192 154  1
  57 155  1
 116 155  1
 167 156  1
 168 156  1
 186 156  1
 221 156  1
  24 157  1
  25 157  1
 121 157  1
 174 157  1
 188 157  1
 195 157  1
 266 157  1
 270 157  1
  10 158  1
  15 158  1
  29 158  1
  31 158  1
  39 158  1
 151 158  1
 223 158  1
  43 159  1
 125 159  1
 231 159  1
 233 159  1
  81 160  1
 114 160  1
 213 160  1
 146 161  1
 170 161  1
 179 161  1
  46 162  1
 157 162  1
 195 162  1
 196 162  1
 224 162  1
 267 162  1
 272 162  1
  21 163  1
  95 163  1
 101 163  1
 163 163  1
 170 163  1
 175 163  1
 234 163  1
  10 164  1
  11 164  1
  83 164  1
 134 164  1
 143 164  1
 178 164  1
 242 164  1
 148 165  1
 249 165  1
 254 165  1
 265 165  1
  74 166  1
  76 166  1
  83 166  1
  97 166  1
 158 166  1
 281 166  1
 282 166  1
  19 167  1
 269 167  1
 270 167  1
 271 167  1
  13 168  1
  92 168  1
 173 168  1
 263 168  1
 264 168  1
 193 169  1
 191 170  1
 148 171  1
  15 172  1
  17 172  1
 107 172  1
 168 172  1
 120 173  1
 178 173  1
 180 173  1
 278 173  1
 279 173  1
 123 174  1
 232 174  1
 163 175  1
 171 175  1
 256 175  1
 130 176  1
 184 176  1
 185 176  1
  15 177  1
  20 177  1
  30 177  1
  35 177  1
 142 177  1
 150 177  1
 151 177  1
 155 177  1
 180 177  1
 224 177  1
  85 178  1
  95 178  1
  96 178  1
 165 178  1
 185 178  1
 220 178  1
 253 178  1
 276 178  1
 277 178  1
 191 179  1
  93 180  1
 133 180  1
 161 180  1
 170 180  1
 219 180  1
  57 181  1
  58 181  1
  81 181  1
 106 181  1
 142 181  1
 213 181  1
  92 182  1
 114 182  1
 128 182  1
 129 182  1
 159 182  1
 185 182  1
  58 183  1
  78 183  1
  79 183  1
 252 183  1
  47 184  1
 211 184  1
  83 185  1
 143 185  1
 175 185  1
 195 185  1
 219 185  1
 170 186  1
  12 187  1
  44 187  1
  62 187  1
 187 187  1
 150 188  1
  58 189  1
 137 189  1
 139 189  1
  14 190  1
  41 190  1
 270 190  1
  32 191  1
  52 192  1
  80 192  1
  82 192  1
  91 192  1
  97 192  1
 154 192  1
 156 192  1
 219 192  1
  29 193  3
  30 193  1
  31 193  1
  67 193  1
 128 193  1
 129 193  1
 132 193  1
 133 193  1
  47 194  1
  61 194  1
  62 194  1
  71 194  1
  72 194  1
  73 194  1
 203 194  1
 268 195  1
 269 195  1
 102 196  1
 105 196  1
 107 196  1
 140 196  1
 141 196  1
 146 196  1
 161 196  1
 249 196  1
  46 198  1
  77 198  1
  85 198  1
 105 198  1
 240 198  1
 241 198  1
  19 199  1
  42 199  1
 152 199  1
 153 199  1
 212 199  1
  58 200  1
  63 200  1
 130 200  1
 134 200  1
 194 200  1
  93 201  1
  95 201  1
 149 201  1
 153 201  1
 157 201  1
 161 201  1
 162 201  1
  67 202  1
 136 202  1
 168 202  1
 192 202  1
 249 202  1
  79 203  1
  86 203  1
  87 203  1
 102 203  1
 153 203  1
 108 204  1
 157 205  1
 169 205  1
 170 205  1
 252 205  1
 253 205  1
  55 206  1
 108 206  1
 110 206  1
 152 206  1
 212 206  1
 255 206  1
  67 207  1
  72 207  1
  95 207  1
 104 207  1
 125 207  1
 137 207  1
 144 207  1
 145 207  1
 189 207  1
 219 207  1
  93 208  1
 261 208  1
  27 209  1
 134 209  1
 135 209  1
 141 209  1
 215 209  1
 155 210  1
 170 210  1
 234 210  1
 151 211  1
 215 211  1
  63 212  1
  64 212  1
  85 212  1
 129 212  1
  73 213  1
  74 213  1
  80 213  1
  81 213  1
 142 213  1
 214 213  1
 121 214  1
 127 214  1
 150 214  1
 152 214  1
 165 214  1
 257 214  1
  63 215  1
  98 215  1
 137 215  1
 224 215  1
 225 215  1
 229 215  1
 231 215  1
 128 216  1
 129 216  1
 119 217  1
 184 217  1
 229 217  1
  74 218  1
  41 219  1
  86 219  1
 113 219  1
 141 219  1
 165 219  1
 228 219  1
 229 219  1
 106 220  1
 107 220  1
 170 220  1
 223 220  1
 148 221  1
 249 221  1
  66 222  1
  74 222  1
 127 222  1
 128 222  1
 155 222  1
 168 222  1
 217 222  1
 234 222  1
  48 223  1
 115 223  1
 219 223  1
 236 223  1
 246 223  1
 149 224  1
  51 225  1
  77 225  1
  80 225  1
 154 226  1
 162 227  1
 180 227  1
 122 228  1
 123 228  1
 169 228  1
 218 228  1
 228 228  1
  58 229  1
 149 230  1
 153 230  1
 154 230  1
  61 231  1
  81 231  1
  82 231  1
 179 231  1
 180 231  1
 119 232  1
 123 232  1
 218 232  1
 234 233  1
  65 234  1
 163 234  1
  83 235  1
 111 235  1
 229 235  1
  81 236  1
 118 236  1
 119 236  1
  91 237  1
  92 237  1
 105 237  1
 106 237  1
 222 237  1
 141 238  1
 146 238  1
  77 239  1
 105 240  1
 216 240  1
 217 240  1
  82 241  1
 158 241  1
 159 241  1
 167 241  1
 168 241  1
 116 242  1
  87 243  1
 125 244  1
 138 244  1
 142 244  1
 147 244  1
  97 245  1
 179 245  1
 166 246  1
 210 246  1
 146 247  1
 118 248  1
 142 248  1
 205 248  1
 122 249  1
 137 249  1
 125 250  1
 171 250  1
 199 250  1
 195 251  1
 130 252  1
 158 252  1
 186 254  1
 187 254  1


count = 959