 165   1  1
 166   1  1
 182   1  1
 190   1  1
 147   5  1
 207   5  1
 174   6  1
 211   6  1
 140   7  1
 215   7  1
 162   8  1
 218   8  1
 170  10  1
 199  10  1
 155  11  1
 169  12  1
 226  12  1
 126  13  1
 123  14  1
 163  14  1
 229  14  1
 200  15  1
 117  16  1
 130  17  1
 171  17  1
 172  17  1
 164  18  1
 165  18  1
 126  20  1
 137  20  1
 159  20  1
 185  20  1
 131  21  1
 142  21  1
 165  21  1
 166  21  1
 237  21  1
 127  23  1
  99  24  1
 171  24  1
 156  25  1
 174  25  1
  92  26  1
 140  26  1
 167  26  1
 168  26  1
 199  26  1
  88  27  1
 145  27  1
 174  27  1
 186  27  1
 128  28  1
 134  28  1
 135  28  1
 154  28  1
 155  28  1
 217  28  1
 247  28  1
 100  30  1
 101  30  1
 169  30  1
 188  30  1
  95  31  1
 140  31  1
 141  31  1
 163  31  1
 236  31  1
  77  32  1
 151  32  1
 226  32  1
 227  32  1
  90  33  1
 134  33  1
 176  33  1
  71  34  1
 146  34  1
 167  34  1
 172  34  1
 102  35  1
 141  35  1
 162  35  1
  61  36  1
 152  36  1
  90  37  1
 180  37  1
 186  37  1
 228  37  4
 229  37  2
 230  37  1
 231  37  1
 238  37  1
 106  38  1
 166  38  1
 182  38  1
  51  39  1
 140  40  1
 235  40  1
 236  40  1
 161  41  1
 162  41  1
 171  41  1
 188  41  1
 226  41  1
 227  41  1
 251  41  1
 203  42  1
 204  42  1
 221  42  1
  39  43  1
 126  43  1
 145  43  1
 182  43  1
  73  44  1
 130  44  1
 149  44  1
 178  44  1
  58  45  1
  79  45  1
 151  45  1
 157  45  1
  33  46  1
  53  46  1
 169  46  1
 170  46  1
 174  46  1
 204  46  1
 250  46  1
 157  47  1
  31  48  1
 119  48  1
  76  49  1
 150  50  1
 171  50  1
  72  51  1
 152  51  1
 180  51  1
 246  51  1
 120  52  1
 170  52  1
  25  53  1
  77  53  1
 157  53  1
 158  53  1
 114  54  1
 129  54  1
 215  54  1
 216  54  1
 263  54  1
  21  55  1
  66  55  1
 166  55  1
 256  55  1
 271  55  1
  75  56  1
  86  56  1
 132  56  1
 180  56  1
 216  56  1
 237  56  1
 260  56  1
  71  57  1
 118  57  1
 132  58  1
 153  58  1
 273  58  1
  76  59  1
 161  59  1
 175  59  2
 176  59  1
 133  60  1
 164  60  1
  16  61  1
  61  61  1
 217  61  1
 218  61  1
 222  61  1
 224  61  1
 137  62  1
 114  63  1
 131  63  1
 222  63  1
 110  64  1
 126  64  1
 276  64  1
 277  64  1
  72  67  1
 222  67  1
 229  68  1
  11  69  1
  80  69  1
 124  69  1
 137  69  1
 144  69  1
  64  70  1
 131  70  1
 133  70  1
 137  71  1
 219  71  1
 147  72  1
 233  72  1
  70  73  1
 197  73  1
 122  74  1
 123  74  1
 188  74  1
 190  74  1
 225  74  1
 226  74  1
 266  74  1
 117  75  1
 118  75  1
 151  75  1
 230  75  1
 231  75  1
 244  75  1
 245  75  1
 270  75  1
   7  76  1
   8  76  1
 145  76  1
 187  76  1
 188  76  1
 261  76  1
 105  77  1
 109  77  1
  89  78  1
 142  78  1
 240  78  1
 225  79  1
 251  79  1
 257  79  1
 258  79  1
   6  80  1
   7  80  1
  67  80  1
 100  80  1
 141  80  1
 185  80  1
 264  80  1
  91  81  1
 141  82  1
 211  82  1
 259  82  1
 276  82  1
 277  82  1
 215  83  1
 181  84  1
 188  84  1
 195  84  1
 196  84  1
 223  84  1
  93  86  1
 270  86  1
 178  87  1
 180  87  1
  96  88  1
 223  88  1
 272  88  1
 137  89  1
  90  90  1
 131  90  1
 175  91  1
 207  91  1
 210  91  1
 229  91  1
 272  91  1
  91  92  1
 179  92  1
 255  92  1
   3  93  1
   4  93  1
 124  93  1
 131  93  1
 138  94  1
 148  94  1
 150  94  1
 144  95  1
 205  95  1
   2  96  1
   3  96  1
 127  96  1
 209  96  1
  76  97  1
  78  97  1
 181  98  1
 182  98  1
 260  98  1
 146  99  1
 150  99  1
 266  99  1
 279  99  1
 280  99  1
 127 100  1
  75 101  1
 207 102  1
  34 103  1
 266 103  1
 267 103  1
  13 104  1
  32 104  1
  78 104  1
  43 105  1
  45 105  1
 220 105  1
   9 106  1
  22 106  1
  39 106  1
 173 106  1
 213 106  1
  29 107  1
  64 107  1
 180 107  1
 209 107  1
 224 107  1
 243 107  1
 248 108  1
 271 108  1
 272 108  1
  12 109  1
  29 109  1
  32 109  1
 171 109  1
 209 109  1
 260 109  1
 262 109  1
  46 110  1
 218 110  1
 219 110  1
  54 111  1
  85 111  1
  86 111  1
 237 111  1
  50 112  1
 177 112  1
 178 112  1
  34 113  1
  36 113  1
  40 113  1
  63 113  1
 258 113  1
 259 113  1
  52 114  1
  86 114  1
  91 114  1
 108 114  1
 242 114  1
 264 114  1
 175 115  1
 196 115  1
 197 115  1
 203 115  1
  85 116  1
 122 116  1
  32 117  1
  33 117  1
  34 117  1
 241 117  1
 242 117  1
  30 118  1
 209 118  1
  63 119  1
 155 119  1
 156 119  1
 195 119  1
 233 119  1
 234 119  1
  67 120  1
  45 121  1
  51 121  1
  89 121  1
 276 121  1
   9 122  1
  58 122  1
  59 122  1
 240 122  1
  73 123  1
 116 123  1
 118 123  1
 159 123  1
 172 123  1
 197 123  1
 234 123  1
 235 123  1
  12 124  1
 112 124  1
  37 125  1
  44 125  1
  95 125  1
 148 125  1
 164 125  1
 167 125  1
 248 125  1
 273 125  1
  14 126  1
  19 126  1
  53 126  1
 141 126  1
 152 126  1
 169 126  1
 199 126  1
 219 126  1
   5 127  1
   6 127  1
  30 127  1
 223 127  1
  32 128  1
  53 128  1
  60 128  1
 124 128  1
 232 128  1
 245 128  1
 257 128  1
  11 129  1
  12 129  1
  46 129  1
 172 129  1
 203 129  1
  39 130  1
  69 130  1
  71 130  1
 150 130  1
  19 131  1
  87 131  1
   4 132  1
   5 132  1
  55 132  1
  56 132  1
  92 132  1
 166 132  1
 272 132  1
  37 133  1
 122 133  1
 158 133  1
 197 133  1
 257 133  1
  29 134  1
 127 134  1
  75 135  1
 206 135  1
 222 135  1
 160 136  1
 195 136  1
 274 136  1
   9 137  1
  57 137  1
  13 138  1
  62 138  1
  63 138  1
  64 138  1
 122 138  1
 123 138  1
 173 138  1
 174 138  1
 187 138  1
 191 138  1
   1 139  1
  74 139  1
 214 139  1
  27 140  1
  32 140  1
  69 140  1
  70 140  1
  93 140  1
  50 141  1
  83 141  1
 106 141  1
 116 141  1
 210 141  1
  63 142  1
  16 143  1
  56 143  1
  81 143  1
  82 143  1
 204 143  1
 243 143  1
 169 144  1
 176 144  1
 218 144  1
 219 144  1
 234 144  1
  78 145  1
  85 145  1
  87 145  1
 186 145  1
 224 145  1
  10 146  1
  54 146  1
 214 146  1
 215 146  1
 246 146  1
 247 146  1
 268 146  1
  21 147  1
 180 147  1
  12 148  1
 189 148  1
 270 148  1
 180 149  1
 281 149  1
 282 149  1
  51 150  1
  52 150  1
  75 150  1
  76 150  1
 172 150  1
 199 150  1
 218 150  1
 257 150  1
   7 151  1
  29 151  1
  81 151  1
 234 151  1
 247 151  1
 266 151  1
 273 151  1
 274 151  1
  48 152  1
 203 152  1
 222 152  1
  70 154  1
  71 154  1
 228 154  1
 242 154  1
  79 155  1
 187 155  1
 210 155  1
 212 155  1
 216 155  1
  17 156  1
  18 156  1
 172 156  1
  38 157  1
  12 158  1
  46 158  1
  71 158  1
  10 159  1
  76 159  1
 183 159  1
 192 159  1
 279 159  1
 280 159  1
  99 160  1
 231 160  1
 197 161  1
 262 161  1
 270 161  1
   1 162  1
  16 162  1
  93 162  1
  78 163  1
  79 163  1
 177 163  1
 178 163  1
 229 163  1
 261 163  1
   7 164  1
 112 164  1
 183 164  1
 189 164  1
 190 164  1
 108 165  1
  19 166  1
  89 166  1
  96 166  1
 148 166  1
 149 166  1
   1 167  1
   2 167  1
  75 168  1
  94 168  1
 120 168  1
 137 168  1
 249 168  1
  33 169  1
  37 169  1
  60 169  1
 159 169  1
 179 169  1
 180 169  1
 209 169  1
 210 169  1
 156 170  1
 185 170  1
  64 171  1
 133 172  2
 207 172  1
 276 172  1
 277 172  1
 166 173  1
  36 174  1
  37 174  1
  67 174  1
  90 174  1
 133 174  1
 137 174  1
 157 174  1
 158 174  1
 180 174  1
 248 174  1
 249 174  1
 255 174  1
 256 174  1
 257 174  1
 189 176  1
 203 176  1
 204 176  1
 172 177  1
 274 177  1
 275 177  1
  12 178  1
  13 178  1
 182 178  1
 249 178  1
 250 178  1
  98 179  1
 205 179  1
  58 180  1
  93 180  1
 106 180  1
 158 180  1
 148 181  1
 109 182  1
 164 182  1
 169 182  1
 170 182  1
 272 182  1
 273 182  1
   7 183  1
   8 183  1
  35 183  1
 185 183  1
 191 183  1
 196 183  1
  54 184  1
  13 185  1
 162 185  1
  61 186  1
 198 186  1
 146 187  1
  34 188  1
  98 188  1
 205 188  1
 101 189  1
  48 190  1
  52 190  1
 140 190  1
 200 190  1
 201 190  1
 204 190  1
 205 190  1
 226 190  1
 162 191  1
 110 192  1
 268 192  1
 269 192  1
  77 193  1
 135 193  1
 159 193  1
 154 194  1
  51 195  1
  52 195  1
  53 195  1
 176 195  1
 184 195  1
 223 195  1
  13 196  1
  14 196  1
 139 196  1
 171 196  1
  54 197  1
  59 197  1
  66 197  1
 135 197  1
 235 197  1
 238 197  1
  76 198  1
 253 198  1
 257 198  1
  16 200  1
  72 200  1
  19 201  1
  53 201  1
  64 201  1
  78 201  1
 212 203  2
  57 204  1
  48 205  1
  69 205  1
  73 205  1
  50 206  1
 207 206  1
 215 207  1
 216 207  1
  33 208  1
  42 208  1
  52 208  1
  53 208  1
  78 208  1
  57 209  1
 205 210  1
  26 211  1
  44 211  1
  83 211  1
  94 212  1
 117 212  1
 260 212  1
  29 213  1
  78 213  1
  79 213  1
  87 213  1
 112 213  1
 202 213  1
 241 213  1
 204 214  1
 212 214  1
 258 215  1
 212 216  1
 217 216  1
 218 216  1
  95 218  1
 205 218  1
 206 218  1
  46 219  1
  85 219  1
 122 220  1
 228 220  1
 233 220  1
 214 221  1
  73 222  1
 109 222  1
 110 222  1
 252 222  1
  88 223  1
 218 223  1
 114 224  1
 234 225  1
 235 225  1
 131 226  1
 132 226  1
 239 226  1
 211 227  1
 247 227  1
  74 228  1
 197 228  1
 203 228  1
  98 229  1
 114 230  1
 242 230  1
  77 231  1
 123 231  1
 124 231  1
 190 231  1
  85 232  1
 107 232  1
 108 232  1
 202 233  1
 212 233  1
 237 234  1
 181 235  1
 132 236  1
  97 237  1
 116 237  1
 125 237  1
 179 237  1
 191 237  1
 100 238  1
 121 238  1
 103 239  1
 227 239  1
 176 240  1
 195 240  1
 114 242  1
 174 242  1
 129 243  1
 141 244  1
 121 245  1
 171 246  1
 143 247  1
 196 247  1
 203 247  1
 218 247  1
 171 248  1
 176 249  1
 180 250  1
 181 250  1
 213 251  1
 143 252  1
 203 252  1
 199 253  1


count = 789