 154   1  1
 179   1  1
 200   3  1
 153   5  1
 159   5  1
 209   5  1
 216   8  1
 192   9  1
 164  10  1
 164  12  1
 165  12  1
 105  14  1
 155  14  1
 188  14  1
 102  15  1
 159  15  1
 193  15  1
 168  16  1
 170  16  1
 232  16  1
  95  18  1
 234  18  1
  92  19  1
 152  20  1
 153  20  1
 240  21  1
  99  22  1
 181  22  1
  75  23  1
 134  23  1
 147  23  1
 160  23  1
 172  23  1
 211  24  1
 226  24  1
  97  25  1
 121  25  1
 144  25  1
 145  25  1
 154  25  1
  72  26  1
  92  26  1
 246  26  1
 159  27  1
 181  27  1
 182  27  1
  84  28  1
 149  28  1
 210  28  1
 211  28  1
 234  28  1
 235  28  1
 157  29  1
 168  29  1
  64  30  1
  91  30  1
 214  30  1
 239  30  1
 154  31  1
 166  31  1
 187  31  1
 189  31  1
  78  32  1
  85  32  1
 214  32  1
 146  33  1
 148  33  1
 181  33  1
 182  33  1
 217  33  1
 225  33  1
 229  33  1
 246  34  1
  76  35  1
 182  35  1
 154  36  1
 209  36  1
  51  37  1
 182  37  1
 183  37  1
  63  38  1
 145  39  1
 146  39  1
 235  39  1
  55  40  1
  56  40  1
 183  40  1
 239  40  1
  43  41  1
 190  41  1
 216  42  1
  40  43  1
 139  43  1
  50  44  1
  37  45  1
  52  45  1
  67  45  1
  68  45  1
 200  45  1
 213  45  1
 147  46  1
 148  46  1
  34  47  1
 151  47  1
 152  47  1
 265  47  1
 166  48  1
 205  48  2
 206  48  1
 182  49  1
 184  49  1
 185  49  1
 198  49  1
 200  49  1
  91  50  1
 172  50  1
  56  51  1
  96  51  1
 139  51  1
 150  52  1
 194  52  1
 269  52  1
  27  53  1
  77  53  1
  78  53  1
 167  53  1
 191  53  1
 192  53  1
  56  54  1
 165  54  1
  94  55  1
 202  55  1
 203  55  1
 263  55  1
  58  56  1
  59  56  1
 260  56  1
 261  56  1
 271  56  1
  62  57  1
 180  57  1
 174  58  1
 175  58  1
 214  58  1
 185  59  1
 186  59  1
 164  60  1
 165  60  1
 217  60  1
  68  61  1
  27  62  1
  80  62  1
 182  62  1
 157  63  1
 189  63  1
  18  64  1
 159  64  1
  73  66  1
 162  66  1
 182  66  1
  16  67  1
  23  67  1
 180  67  1
  29  68  1
 166  68  1
 175  69  1
 248  72  1
 260  72  1
 267  74  1
 246  76  1
  10  77  1
  11  77  1
  20  78  1
 243  79  1
 275  79  1
 276  79  1
  46  80  1
 198  80  1
 199  80  1
  14  81  1
  18  81  1
 195  81  1
 196  81  1
 203  81  1
 249  81  1
 250  81  1
   8  82  1
  58  82  1
  63  83  1
 268  83  1
 197  84  1
 242  84  1
 223  85  1
 237  85  1
   6  86  1
  12  86  1
  47  87  1
  83  87  1
 203  87  1
 204  87  1
 235  87  1
 236  87  1
 246  87  1
  16  88  1
  64  88  1
  65  88  1
  10  89  1
  11  89  1
  57  89  1
  75  89  1
  76  89  1
 171  89  1
  16  90  1
 201  90  1
 244  90  1
   3  91  1
   4  91  1
  87  91  1
  88  91  1
 166  91  1
  14  93  1
  44  93  1
  91  93  1
 199  93  1
 200  93  1
 216  93  1
  12  94  1
  19  95  1
  20  95  1
  41  95  1
 157  95  1
 158  95  1
 266  95  1
 274  95  1
   9  96  1
 231  96  1
 257  96  1
 258  96  1
  76  97  1
 226  97  1
  90  98  1
 233  98  1
  81  99  1
  82  99  1
 152  99  1
  18 101  1
 120 101  1
  15 102  1
 125 102  1
 126 102  1
 238 102  1
 239 102  1
  75 103  1
  83 103  1
  96 103  1
 163 103  1
 185 103  1
 187 103  1
 234 103  1
 104 104  1
 177 104  1
   9 105  1
  10 105  1
  98 106  1
  99 106  1
 110 106  1
 127 106  1
 163 106  1
 231 106  1
  13 107  1
  15 107  1
   1 108  1
  19 108  1
 168 109  1
 184 109  1
 157 110  1
 158 110  1
  10 111  1
 149 111  1
  27 112  1
  89 112  1
  98 112  1
 127 112  1
 128 112  1
 156 112  1
 229 112  2
 230 112  1
 251 112  1
   5 113  1
   8 113  1
  14 113  1
  19 113  1
  94 113  1
 236 113  1
 123 114  1
 168 114  1
 252 114  1
 245 115  1
 247 115  1
  96 116  1
 129 116  1
 215 116  1
 252 116  1
 258 116  1
  65 117  1
   1 118  1
  38 118  1
 227 118  1
 231 118  1
 259 118  1
  14 119  1
  98 119  1
 124 119  1
 194 119  1
 196 119  1
 200 119  1
 126 120  1
 177 120  1
 214 120  1
 227 120  1
  23 121  1
  26 121  1
  52 121  1
 265 121  1
  19 122  1
  21 122  1
  31 122  1
  56 122  1
  61 122  1
  62 122  1
 108 122  1
 241 122  1
 257 122  1
   4 123  1
   5 123  1
  14 123  1
  28 123  1
  29 123  1
  36 123  1
  37 123  1
 101 123  1
 117 123  1
  40 124  1
  41 124  1
  75 124  1
 124 124  1
 125 124  1
 178 124  1
 179 124  1
 192 124  1
 265 124  1
  36 125  1
  60 125  1
  83 125  1
 176 125  1
 253 125  1
 275 125  1
  44 126  1
  49 126  1
  85 126  1
  87 126  1
 170 126  1
 171 126  1
 198 126  1
 205 126  1
  11 127  1
  12 127  1
  19 127  1
  36 127  1
  98 127  1
 212 127  1
 228 127  1
  69 128  1
  74 128  1
 185 128  1
 223 128  1
 239 128  1
 259 128  1
 260 128  1
 229 129  1
 269 129  1
 217 130  1
 218 130  1
  12 131  1
  18 131  1
  25 131  1
  40 131  1
  93 131  1
  97 131  1
 229 131  1
 225 132  1
 227 132  1
  90 133  1
 197 133  1
 220 133  1
 238 133  1
 253 133  1
  31 134  1
 207 134  1
 268 134  1
  15 135  1
  16 135  1
  48 135  1
 129 135  1
 130 135  1
 240 135  1
 241 135  1
  52 136  1
 247 136  1
 262 136  1
  21 137  1
 173 137  1
 174 137  1
 273 137  1
  11 138  1
 121 138  1
 243 138  1
  57 139  1
 278 139  1
 279 139  1
 269 140  1
   1 141  1
 161 141  1
 162 141  1
 264 141  1
 266 141  1
 277 142  1
 278 142  1
 161 143  1
 248 143  1
 250 143  1
   1 144  1
   8 144  1
 277 144  1
 161 145  1
 244 145  1
 245 145  1
 276 146  1
 277 146  1
 242 147  1
 251 147  1
 164 148  1
 228 148  1
 229 148  1
   7 149  1
   8 149  1
  23 149  1
 231 149  1
 235 149  1
  14 150  1
 249 150  1
 169 151  1
  46 152  1
 216 152  1
 249 152  1
 262 152  1
  20 154  1
  60 154  1
 116 154  1
 103 155  1
 166 155  1
 167 155  1
 224 155  1
 225 155  1
  49 156  1
 109 156  1
 217 156  1
 218 156  1
 264 156  1
 266 156  1
  24 157  1
  91 157  1
 273 157  1
 274 157  1
   9 158  1
  10 158  1
 117 158  1
 128 158  1
  31 159  1
 170 159  1
 179 159  1
 226 159  1
  36 161  1
 139 161  1
 217 161  1
   4 162  1
   5 162  1
  10 162  1
 172 163  1
 173 163  1
  39 164  1
  41 164  1
 263 164  1
  50 165  1
 242 166  1
 262 166  1
 264 166  1
  39 167  1
 173 167  1
 259 167  1
  21 168  1
 113 168  1
 157 168  1
 158 168  1
 183 168  1
 111 169  1
 232 169  1
 246 169  1
   6 170  1
   7 170  1
 148 170  1
 169 170  1
  23 171  1
  37 171  1
  43 171  1
 180 172  1
 221 172  1
 263 172  1
 155 173  1
 231 173  1
 259 173  1
  35 174  1
 171 174  1
  15 175  1
  16 175  1
 175 175  1
 231 175  1
 100 176  1
 216 176  1
  49 177  1
  92 177  1
 236 177  1
 254 177  1
 263 177  1
  85 178  1
 243 178  1
  22 179  1
 177 179  1
  10 180  1
  11 180  1
 217 180  1
 247 180  1
  37 181  1
  75 183  1
 219 183  1
 236 183  1
 258 183  1
  70 184  1
  71 184  1
  19 186  1
 257 187  1
 258 187  1
  67 188  1
 118 188  1
 119 188  1
 235 188  1
 242 188  1
 247 189  1
  61 190  1
 174 191  1
 265 191  1
 266 191  1
  50 193  1
  37 195  1
 178 196  1
 179 196  1
 114 197  1
  25 198  1
 124 198  1
 262 198  1
 145 200  1
 147 200  1
 214 201  1
  50 202  1
 147 202  1
 148 202  1
 139 204  1
 140 204  1
 172 204  1
 184 204  1
 259 204  1
 215 205  1
 216 205  1
  60 206  1
  61 206  1
  90 206  1
 111 206  1
 112 206  1
 135 206  1
 257 207  1
  86 208  1
 208 208  1
 109 209  1
  39 210  1
 130 210  1
 166 210  1
 219 210  1
 237 210  1
  91 211  1
  92 211  1
 134 211  1
 135 211  1
 137 211  1
 181 211  1
 222 212  1
 223 212  1
 241 212  1
  42 213  1
 135 213  1
 233 213  1
 234 213  1
  91 214  1
 225 214  1
 226 214  1
 228 214  1
  60 215  1
  61 215  1
 127 215  1
 118 216  1
  46 217  1
  89 217  1
  90 217  1
 105 217  1
 106 217  1
 176 217  1
 177 217  1
 181 217  1
 239 217  1
 117 218  1
 118 218  1
 132 218  1
 157 218  1
 159 218  1
 213 218  1
 155 219  1
 207 219  1
 228 219  1
 229 219  1
  51 220  1
 144 220  1
 130 221  1
 235 221  1
  54 222  1
 185 222  1
  90 223  1
  91 223  1
 116 223  1
 117 223  1
 129 223  1
 134 223  1
 223 223  1
  57 224  1
  81 224  1
 157 224  1
 216 224  1
  72 225  1
  76 225  1
 199 225  1
 240 225  1
 133 226  1
 141 226  1
 147 226  1
 155 226  1
 210 226  1
 114 227  1
 177 227  1
 178 227  1
 225 227  1
 226 227  1
 237 227  1
  88 228  1
  89 228  1
 104 228  1
 152 228  1
 109 229  1
 168 229  1
 177 229  1
 205 229  1
  68 230  1
  69 230  1
  80 230  1
 103 230  1
 216 230  1
 217 230  1
 137 231  1
 159 231  1
 177 231  1
 178 231  1
 194 231  1
 207 231  1
  72 232  1
 119 232  1
 142 232  1
 111 233  1
 112 233  1
 178 233  1
 103 235  1
 128 235  1
 129 235  1
 156 235  1
 157 235  1
 178 235  1
 179 235  1
 203 235  1
 116 236  1
 136 237  1
 141 237  1
 208 237  1
 226 237  1
 110 238  1
 121 238  1
 114 239  1
 142 239  1
 147 239  1
 148 239  1
  87 240  1
 177 240  1
 178 240  1
 185 240  1
 187 240  1
 119 241  1
 133 241  1
 221 241  1
 175 242  1
 124 243  1
 170 244  1
 190 246  1
 119 248  1
 206 248  1
 128 250  1
 135 252  1
 143 254  1
 180 255  1


count = 733