 140   1  1
 144   1  1
 150   1  1
 137   2  1
 177   2  1
 179   3  1
 181   3  1
 108   7  1
 190   7  1
 191   7  1
 130   9  1
 136  10  1
 137  10  1
  91  11  1
 203  11  1
 113  12  1
 209  13  1
  81  14  1
 117  14  1
 128  15  1
 130  15  1
 214  15  1
  75  16  1
  76  16  1
 141  17  1
  72  18  1
  91  19  1
  69  20  1
 222  20  1
 108  21  1
 110  21  1
 120  21  1
 159  21  1
  66  22  1
  77  22  1
 136  23  1
 140  23  1
 106  24  1
 126  26  1
  87  27  1
 113  29  1
 128  29  1
 234  29  1
 235  29  1
 118  30  1
  48  31  1
 107  31  1
 123  31  1
 118  32  1
 241  32  1
 114  34  1
  80  36  1
  84  36  1
 113  36  2
 121  36  1
 123  36  1
 125  37  1
 129  37  1
  63  38  1
 181  38  1
 182  38  1
  60  39  1
  53  40  1
  59  41  1
  66  41  1
  75  41  1
 131  41  1
 249  41  1
 131  43  1
 163  43  1
  32  45  1
 240  46  1
 242  46  1
 243  46  1
 238  47  1
 136  48  1
 168  48  1
 176  48  1
 181  48  1
 235  48  1
 173  50  1
 216  50  1
 134  52  1
 135  52  1
 166  52  1
 231  53  1
 160  54  1
 166  54  1
 176  54  1
 213  54  1
 214  54  1
 215  54  1
 200  55  1
 211  55  1
  21  56  1
 209  56  1
 146  57  1
 162  57  1
 163  57  1
 241  57  1
 169  58  1
 174  58  1
 195  58  1
 262  58  1
 198  59  1
 219  61  1
 246  61  1
 196  63  1
 197  63  1
 142  64  1
 143  64  1
 204  64  1
  15  65  1
 214  65  1
 216  65  1
 197  66  1
 201  66  1
 202  66  1
 268  66  1
 158  67  1
  13  68  1
 184  68  1
 223  68  1
 180  69  1
 194  69  1
 247  69  1
 129  70  1
 188  70  1
 227  70  1
 270  70  1
  11  72  1
 144  73  1
 184  73  1
 272  73  1
 117  74  1
 178  74  1
 179  74  1
 256  74  1
 128  75  1
 147  75  1
 173  75  1
 260  75  1
 148  77  1
 190  77  1
 260  77  1
 165  78  1
 171  78  1
 186  78  1
   7  79  1
   8  79  1
 101  79  1
 148  79  1
 184  79  1
 189  79  1
 190  79  1
 206  79  1
 255  79  1
 256  79  1
 268  79  1
 150  80  1
 151  80  1
 241  80  1
 109  81  1
 261  81  1
   6  82  1
   7  82  1
 100  82  1
 188  82  1
 189  82  1
  92  83  1
 271  83  1
 203  84  1
 204  84  1
 181  85  1
 182  85  1
 139  86  1
 201  86  1
 278  86  1
   4  87  1
   5  87  1
  56  88  1
  63  88  1
 131  88  1
 185  88  1
 260  88  1
 269  88  1
 270  88  1
   4  89  1
  57  90  1
  92  90  1
 125  90  1
 130  90  1
   3  91  1
   4  91  1
 203  91  1
  78  92  1
 253  92  1
 254  92  1
  68  94  1
  69  94  1
  94  95  1
 195  95  1
 104  96  1
 109  96  1
 120  96  1
 121  96  1
 111  98  1
 202 100  1
  70 101  1
  79 101  1
 254 102  1
  72 103  1
  73 103  1
  89 103  1
  99 104  1
 100 104  1
  81 106  1
   1 107  1
 104 109  1
  75 110  1
  76 110  1
 259 110  1
 208 111  1
 253 111  1
 178 112  1
 188 112  1
 189 112  1
 170 113  1
 172 113  1
 186 113  1
 261 113  1
 184 114  1
 196 114  1
 203 114  1
 267 114  1
 269 114  1
  79 115  1
 194 115  1
   1 116  1
 161 116  1
 173 117  1
 178 117  1
 180 117  1
 160 119  1
  84 120  1
 271 120  1
  60 121  2
 155 121  1
 275 121  1
  25 122  1
 112 122  1
 262 122  1
  53 123  1
 272 123  1
  14 124  1
  20 124  1
  87 124  1
 110 124  1
  10 125  1
  63 125  1
 162 125  1
 181 125  1
 268 125  1
  24 126  1
 118 126  1
 200 126  1
 122 127  1
 243 127  1
 262 127  1
  50 128  1
 148 128  1
 149 128  1
  10 129  1
  27 129  1
  34 129  1
 174 129  1
  52 130  1
  87 130  1
 166 130  1
 170 130  1
 269 130  1
 275 130  1
  34 131  1
  62 131  1
  92 131  1
 204 131  1
 205 131  1
  38 132  1
  39 132  1
  90 132  1
 119 132  1
 244 132  1
 245 132  1
  61 133  1
 111 133  1
 149 133  1
 161 133  1
 204 133  1
 205 133  1
  10 134  1
  48 134  1
  52 134  1
 114 134  1
 165 134  1
 181 134  1
 183 134  1
 215 134  1
 216 134  1
 252 134  1
 279 135  1
 280 135  1
  45 136  1
 240 136  1
 197 137  1
 208 137  1
 229 137  1
   1 138  1
   2 138  1
  36 138  1
  38 138  1
  44 138  1
 114 138  1
 160 138  1
 167 138  1
 251 139  1
 252 139  1
 111 140  1
 155 140  1
 182 140  1
 240 140  1
  33 141  1
  78 141  1
 228 141  1
  39 143  1
 108 143  1
  86 144  1
 161 144  1
 198 144  1
   1 145  1
 166 145  1
 251 145  1
  74 146  1
 171 147  1
 185 147  1
 186 147  1
 201 147  1
 202 147  1
  73 148  1
 149 148  1
 196 148  1
 198 148  1
 269 148  1
  48 149  1
 154 149  1
 270 150  1
   7 151  1
  29 151  1
  31 151  1
  45 151  1
 155 151  1
 162 151  1
 262 151  1
  39 152  1
  78 153  1
 252 153  1
   1 154  1
 164 154  1
 165 154  1
  15 155  1
  97 155  1
  98 155  1
  76 156  1
  94 156  1
 257 157  1
 259 157  1
 261 157  1
 280 158  1
 281 158  1
  74 160  1
  91 160  1
  89 162  1
 172 162  1
 252 162  1
 253 162  1
  17 163  1
  18 163  1
 248 163  1
   8 164  1
   9 164  1
 264 164  1
 268 164  1
  49 165  1
 105 165  1
  23 166  1
  99 166  1
 240 166  1
 255 166  1
  12 167  1
  46 167  1
  77 167  1
  78 167  1
 175 167  1
  18 168  1
  42 168  1
 252 168  1
 122 169  1
 247 169  1
   9 170  1
  96 170  1
  90 171  1
 129 171  1
 261 171  1
 177 172  1
 178 172  1
 254 172  1
  40 173  1
 182 173  1
  68 174  1
  95 174  1
 168 174  1
 236 174  1
 275 174  1
 276 174  1
 134 175  1
 163 175  1
 188 175  1
  50 176  1
  68 176  1
  92 177  1
  52 179  1
  54 179  1
  64 179  1
  65 179  1
  79 179  1
  42 180  1
  57 180  1
 235 180  1
 239 180  1
  48 182  1
  87 182  1
 186 182  1
 187 182  1
 188 182  1
 193 182  1
 249 182  1
 263 182  1
  52 183  1
  58 183  1
  64 184  1
 155 184  1
 247 184  1
 177 185  1
  42 186  1
 197 186  1
  10 187  1
  46 187  1
 171 187  1
 220 187  1
  63 188  1
 190 188  1
 228 188  1
 267 189  1
  50 190  1
 213 190  1
 218 190  1
 100 191  1
  21 192  1
  37 192  1
 205 192  1
  26 193  1
 144 193  1
 146 193  1
 186 194  1
 200 194  1
  15 195  1
 137 195  1
  54 196  1
  97 196  1
  98 196  1
 152 196  1
 196 196  1
 147 197  1
  73 198  1
  74 198  1
 154 198  1
  95 199  1
 132 199  1
 135 199  1
 262 199  1
  56 200  1
 140 200  1
  76 201  1
 149 201  1
 150 201  1
 218 201  1
 219 201  1
  91 202  1
  99 202  1
 103 202  1
 230 202  1
 139 204  1
 140 204  1
  76 205  1
  77 205  1
 133 205  1
 219 205  1
 123 206  1
 215 206  1
  88 207  1
  90 207  1
 152 207  1
 110 208  1
 111 208  1
  76 209  1
 118 209  1
 134 209  1
 149 210  1
 230 210  1
 231 210  1
 244 210  1
 245 210  1
 105 211  1
 115 211  1
 240 211  1
 102 212  1
 146 212  1
 109 213  1
 167 213  1
  34 214  1
  40 214  1
  41 214  1
 173 214  1
 250 214  1
 106 215  1
 115 215  1
 116 215  1
 165 215  1
  68 216  1
 141 216  1
  49 217  1
  63 217  1
 237 217  1
  57 218  1
  38 219  1
  52 219  1
 164 219  1
 223 219  1
 232 219  1
  95 220  1
 101 220  1
 184 220  1
 225 220  1
 244 220  1
  39 221  1
  61 221  1
  62 221  1
 163 221  1
  41 222  1
 136 222  1
 160 227  1
 161 227  1
  50 229  1
 160 229  1
 187 230  1
 234 230  1
  74 231  1
  78 231  1
 159 231  1
 160 231  1
  72 233  1
 227 234  1
  61 235  1
  87 236  1
 224 236  1
  89 237  1
  80 238  1
  92 239  1
  78 242  1
  80 243  1
  82 243  1
 186 243  1
 187 243  1
 158 246  1
 202 246  1
 203 246  1
 176 248  1
 102 249  1
 183 252  1
 115 253  1
 170 255  1


count = 590