 156   1  1
 162   1  1
 158   8  1
 159   8  1
 109   9  1
 125  10  1
 200  10  1
 161  12  1
 114  13  1
 192  13  1
 141  14  1
 206  14  1
 164  16  1
 165  16  1
 197  16  1
 210  16  1
 103  17  1
 122  17  1
 159  17  1
 160  17  1
 191  17  1
 192  17  1
  89  18  1
 114  18  1
 115  18  1
 135  18  1
 136  18  1
 196  18  1
 197  18  1
 106  19  1
  84  20  1
  95  20  1
 123  20  1
 124  20  1
 137  23  1
 210  23  1
 117  24  1
 118  24  1
 145  25  1
  75  26  1
 140  26  1
 194  26  1
 195  26  1
 208  26  1
 222  27  1
 115  28  1
 207  28  1
 215  28  1
 147  29  1
 148  29  1
  81  30  1
  82  30  1
 130  30  1
  55  31  1
 161  31  1
 162  31  1
  45  34  1
 145  34  1
 146  34  1
 153  34  1
 162  34  1
 163  34  1
  40  36  1
  79  36  1
  80  36  1
  90  36  1
  96  37  1
  97  37  1
 131  37  1
 163  38  1
 164  38  1
  36  39  1
  78  39  1
  79  39  1
 202  39  1
 129  40  1
 130  40  1
 209  40  1
 109  41  1
 206  42  1
 207  42  1
  33  43  1
  34  43  1
  91  43  1
 133  44  1
  38  45  1
 128  45  1
 129  45  1
 172  45  1
 165  46  1
 167  46  1
 124  47  1
 242  47  1
  53  48  1
 147  48  1
  33  49  1
  37  49  1
 140  51  1
 141  51  1
 150  51  1
  80  52  1
 169  52  1
 170  52  1
 166  53  1
  77  54  1
 199  54  1
 135  55  1
  24  56  1
  88  56  1
  89  56  1
 105  56  1
 118  56  1
 130  56  1
 171  56  1
 181  56  1
 182  56  1
 129  58  1
 139  58  1
 113  59  1
 121  59  1
  25  60  1
 152  60  1
 254  60  1
  29  61  1
  45  61  1
  46  61  1
  68  61  1
 155  62  1
 156  62  1
 157  62  1
  97  63  1
 141  63  1
  12  64  1
  24  64  1
  35  64  1
 176  64  1
  72  65  1
  36  66  1
  68  66  1
 111  66  1
 153  66  1
 173  66  1
 259  66  1
  56  67  1
  89  67  1
 109  67  1
  10  68  1
 155  68  1
 103  69  1
 107  69  1
  54  70  1
  55  70  1
  20  71  1
  21  71  1
  50  71  1
 170  72  1
 171  72  1
  73  73  1
  74  73  1
 151  73  1
 178  73  1
 187  73  1
  15  74  1
  81  74  1
  82  74  1
  68  75  1
 145  75  1
 159  75  1
 187  77  1
 188  77  1
 172  78  1
 192  78  1
 270  80  1
 168  82  1
 190  83  1
 191  83  1
 229  83  1
 233  84  1
 274  85  1
  13  86  1
  18  86  1
 189  86  1
 190  86  1
 227  86  1
 215  88  1
  22  89  1
  23  89  1
  88  89  1
  89  89  1
 163  89  1
 205  89  1
 209  89  1
  13  90  1
 230  90  1
 276  90  1
 277  90  1
  10  91  1
  86  91  1
 160  91  1
 240  91  1
 215  92  1
 216  92  1
 225  92  1
  16  93  1
  80  93  1
 234  93  1
  70  94  1
 173  94  1
 221  94  1
 270  94  1
 271  94  1
 272  94  1
 278  95  1
 279  95  1
 206  98  1
 239  98  1
 184  99  1
 266 100  1
 274 100  1
 166 101  1
 167 101  1
 170 101  1
 269 101  1
  78 102  1
 179 102  1
   1 103  1
 230 103  1
 176 104  1
  51 106  1
  49 107  1
  70 107  1
 163 107  1
  46 109  1
  50 111  1
  51 111  1
 224 111  1
 225 111  1
 163 112  1
 211 112  1
  49 113  1
 106 113  1
   1 114  1
   6 115  1
   7 115  1
  49 115  1
 121 115  1
 199 116  1
 239 116  1
 202 117  1
   9 118  1
  83 118  1
 124 118  1
 125 118  1
 170 118  1
   3 119  1
  66 119  1
  23 120  1
  32 120  1
 152 120  1
  11 121  1
  86 121  1
 205 121  1
 210 121  1
 220 121  1
 240 121  1
 128 122  1
 148 122  1
  38 123  1
  46 123  1
  54 123  1
 117 123  1
 122 123  1
 204 123  1
 205 123  1
 237 123  1
   6 124  1
  67 124  1
 128 124  1
  13 125  1
  57 125  1
 109 125  1
 167 125  1
 170 125  1
 171 125  1
  94 126  1
 128 126  1
 162 126  1
 196 126  1
 210 126  1
 230 126  1
  42 127  1
 100 127  1
 140 127  1
 220 127  1
  35 128  1
 130 128  1
 135 128  1
 240 128  1
  12 129  1
  51 129  1
  62 129  1
 158 129  1
 247 129  1
  58 130  1
 152 130  1
 165 130  1
 170 130  1
 101 131  1
 123 131  1
 158 131  1
 215 131  1
  56 132  1
 128 132  1
 137 132  1
 138 132  1
 140 132  1
 152 132  1
 208 132  1
   6 133  1
   7 133  1
  97 133  1
 214 133  1
  18 134  1
  25 134  1
  56 134  1
  92 134  1
 115 134  1
  16 135  1
  66 135  1
 198 135  1
  56 136  1
  57 136  1
 214 136  1
 274 136  1
  12 137  1
 121 137  1
 133 137  1
 173 137  1
 250 137  1
  61 138  1
  11 139  1
  81 139  1
 129 140  1
 126 142  1
 127 142  1
 243 142  1
   8 143  1
 240 143  1
 241 143  1
 247 143  1
 118 144  1
 119 144  1
 175 144  1
 176 144  1
 231 144  1
  78 145  1
 160 145  1
 103 146  1
 126 146  1
  74 148  1
 122 148  1
 259 148  1
 260 148  1
 275 148  1
 240 149  1
 118 150  1
 254 150  1
 255 150  1
 275 150  1
  91 151  1
 225 151  1
 261 151  1
 271 151  1
  10 153  1
  72 153  1
  86 153  1
  23 154  1
 163 154  1
  70 155  1
 184 155  1
 227 155  1
 229 156  1
 271 156  1
 163 157  1
 164 157  1
 256 157  1
 273 157  1
  12 158  1
  83 158  1
 169 158  1
 192 158  1
 261 158  1
  70 160  1
  12 161  1
  13 161  1
 182 161  1
 168 164  1
 275 164  1
 186 165  1
 198 165  1
 199 165  1
 182 166  1
  78 167  1
 189 167  1
  28 168  1
  59 168  1
  60 168  1
 190 169  1
  36 170  1
  64 170  1
 280 170  1
 281 170  1
  81 171  1
 191 171  1
  31 172  1
  84 172  1
 186 172  1
   6 173  1
   7 173  1
 170 173  1
 268 174  1
  15 175  1
  24 175  1
  85 175  1
 249 176  1
  19 178  1
 179 178  1
 276 179  1
 277 179  1
   9 181  1
  10 181  1
 203 181  1
 269 181  1
  82 182  1
 186 182  1
 254 182  1
 199 183  1
  20 184  1
 194 184  1
  22 185  1
  94 186  1
 204 186  1
  91 187  1
 200 187  1
  78 188  1
 100 189  1
 171 189  1
 172 189  1
  12 190  1
 271 191  1
 156 192  1
  19 193  1
 153 193  1
  96 194  1
 114 195  1
 150 195  1
  91 196  1
 238 196  1
 246 196  1
 156 197  1
 232 197  1
  78 198  1
  79 198  1
 110 198  1
 161 198  1
 248 198  1
 146 199  1
 224 199  1
 239 199  1
 240 199  1
  75 200  1
 234 200  1
  82 201  1
 102 201  1
 104 201  1
 205 201  1
 143 202  1
 157 202  1
 240 202  1
 241 202  1
  74 203  1
  75 203  1
 126 203  1
 222 203  1
  35 204  1
  39 204  1
  85 204  1
  86 204  1
 158 204  1
 235 204  1
 236 204  1
 209 205  1
  33 206  1
 109 207  1
  38 208  1
  39 208  1
 149 208  1
 164 208  1
 187 208  1
 119 209  1
 159 209  1
 178 209  1
 190 210  1
 209 210  1
 210 210  1
 240 210  1
  38 211  1
 205 211  1
 104 212  1
 140 212  1
 150 212  1
 151 212  1
 161 212  1
 120 213  1
 121 213  1
 168 213  1
 169 213  1
 127 214  1
 145 214  1
 210 214  1
 242 214  1
  59 215  1
  63 215  1
  39 216  1
 159 217  1
 136 218  1
 155 218  1
  58 219  1
  74 219  1
 119 219  1
 167 219  1
 190 219  1
 191 219  1
 210 220  1
 236 220  1
  76 221  1
  77 221  1
 168 221  1
 161 222  1
  64 223  1
  77 223  1
 133 223  1
 134 223  1
 210 225  1
 187 226  1
 188 226  1
  78 227  1
 108 227  1
 236 227  1
 105 228  1
  63 229  1
  65 229  1
  83 229  1
 154 229  1
 155 229  1
 110 230  1
 215 230  1
 136 231  1
 137 231  1
 186 231  1
 187 231  1
 209 231  1
 131 232  1
 132 232  1
 148 233  1
 219 233  1
  92 234  1
  98 234  1
 106 234  1
 146 234  1
  80 235  1
 118 235  1
 213 235  1
  82 237  1
 126 238  1
 128 238  1
 220 239  1
 119 241  1
 216 241  1
 110 242  1
 112 242  1
 133 242  1
 134 242  1
 102 245  1
 156 245  1
 105 246  1
 119 246  1
 109 247  1
 150 247  1
 153 247  1
 163 248  1
 164 248  1
 185 250  1
 200 250  1
 147 251  1
 161 252  1
 128 253  1
 140 255  1
 187 255  1
 146 256  1


count = 600