 163   1  1
 169   1  1
 125   2  1
 189   3  1
 163   7  1
 157   8  1
 167   8  1
  97   9  1
  98   9  1
 147   9  1
 163   9  1
 119  10  1
 137  10  1
 210  10  1
 114  11  1
 153  11  1
 183  12  1
 215  12  1
  88  13  1
 160  13  1
 121  14  1
  80  15  1
 109  15  1
 129  15  1
 220  15  1
 223  17  1
  96  19  1
 124  19  1
 126  20  1
 128  20  1
 134  20  1
 135  20  1
 181  20  1
 101  21  1
 118  21  1
  86  22  1
  87  22  1
  64  23  1
 183  23  1
 230  23  1
 231  23  1
  89  24  1
 120  25  1
 121  25  1
 234  25  1
  60  26  1
 112  26  1
 113  26  1
  96  27  1
 102  29  1
 103  29  1
 135  29  1
 215  30  1
 229  30  1
  48  31  1
 219  31  1
 242  31  1
  98  32  1
 118  32  1
 131  32  1
 244  32  1
 193  33  1
 194  33  1
  46  34  1
 108  34  1
 110  34  1
 233  34  1
 220  35  1
 196  36  1
 215  36  1
 232  36  1
  56  37  1
 122  37  1
 124  37  1
 102  38  1
 114  38  1
 116  38  1
 212  38  1
 248  38  1
  42  40  1
 217  40  1
 183  41  1
 184  41  1
 196  41  1
 201  41  1
  48  42  1
 117  43  1
 184  44  1
 185  44  1
 119  45  1
 126  45  1
 127  45  1
 213  45  1
 214  45  1
 204  46  1
 205  46  1
 254  46  1
  32  47  1
 124  47  1
 188  47  1
 191  47  1
 192  47  1
 192  49  1
  27  50  1
 116  50  1
 120  50  1
 205  50  1
 207  50  1
  82  51  1
 185  51  1
  76  52  1
 260  52  1
 261  52  1
 213  53  1
 262  55  1
 263  55  1
  80  56  1
 171  56  1
 226  56  2
  73  57  1
  74  57  1
 182  57  1
 166  58  1
 176  58  1
 209  58  1
 210  58  1
  75  59  1
  18  60  1
 226  60  1
 266  61  1
 169  62  1
  16  64  1
 169  64  1
 225  64  1
 268  64  1
 227  66  1
 259  66  1
 260  66  1
  80  67  1
 210  67  1
  22  68  1
  52  68  1
 230  68  1
 237  68  1
  59  69  1
  70  69  1
 259  69  1
  12  70  1
  22  70  1
  54  70  1
  25  72  1
  26  72  1
  80  72  1
  87  72  1
 250  72  1
 251  72  1
 228  73  1
 245  73  1
 254  73  1
 273  74  1
  17  75  1
  20  75  1
 259  75  1
   9  76  1
  27  76  1
  28  76  1
  91  77  1
 254  78  1
  40  79  1
 275  79  1
 276  79  1
   6  80  1
  93  80  1
  18  81  1
 232  81  1
  25  82  1
 215  82  1
 217  82  1
 223  82  1
 238  82  1
  31  85  1
  38  85  1
 234  85  1
 241  85  1
  85  86  1
  87  86  1
  93  87  1
  21  88  1
  22  88  1
 135  88  1
  26  89  1
  30  90  1
 243  90  1
  27  91  1
 135  91  1
 222  91  1
 133  92  1
 172  92  1
 226  92  1
 239  92  1
 203  95  1
 204  95  1
  38  96  1
 117  96  1
 142  96  1
 157  96  1
 173  96  1
 174  96  1
 224  96  1
 229  96  1
  25  97  1
  30  97  1
 126  97  1
 132  97  1
 219  97  2
 220  97  1
 246  97  1
  48  98  1
 176  98  1
 198  98  1
  53  99  1
 164  99  1
 165  99  1
 169  99  1
 220  99  1
  11 100  1
  22 100  1
  23 100  1
   8 101  1
  19 101  1
  44 101  1
  78 101  1
 239 101  1
  42 102  1
  67 102  1
 158 102  1
 145 103  1
 146 103  1
 214 103  1
 244 103  1
 249 103  1
  19 104  1
  42 104  1
  57 104  1
 130 104  1
 131 104  1
 148 104  1
 150 104  1
 151 104  1
 200 104  1
 208 104  1
 231 104  1
  83 105  2
  59 106  1
  64 106  1
 208 106  1
 226 106  1
  33 107  1
 222 107  1
 252 107  1
 133 108  1
 140 108  1
 208 108  1
 204 109  1
 242 109  1
  80 110  1
 147 110  1
 148 110  1
 152 110  1
 153 110  1
 255 111  1
 204 112  1
 206 112  1
 219 112  1
 245 112  1
 249 112  1
 259 112  1
 135 113  1
 144 114  1
 145 114  1
 219 114  1
 262 114  1
  25 115  1
  26 115  1
 192 115  1
 201 115  1
 202 115  1
 253 115  1
  76 116  1
 140 116  1
 141 116  1
 213 116  1
 219 116  1
 264 116  1
 265 116  1
 186 117  1
 198 117  1
  31 118  1
  33 118  1
 167 118  1
 258 118  1
  83 119  1
 205 119  1
 211 119  1
 250 119  1
   1 120  1
  38 120  1
  75 120  1
  81 120  1
 180 120  1
 279 120  1
 280 120  1
   9 121  1
  86 121  1
  87 121  1
 171 121  1
 261 121  1
 265 121  1
 266 121  1
 273 121  1
 275 121  1
 139 122  1
 143 122  1
 197 122  1
   3 123  1
   4 123  1
  32 123  1
 145 123  1
 154 123  1
 155 123  1
 218 123  1
  19 124  1
  20 124  1
  50 124  1
 176 124  1
 191 124  1
 210 124  1
  37 125  1
 256 125  1
  30 126  1
  46 126  1
  74 126  1
  94 126  1
  95 126  1
 104 126  1
 157 126  1
 247 126  1
 267 126  1
  23 127  1
  62 127  1
 147 127  1
 170 127  1
 171 127  1
 188 127  1
 239 127  1
 255 127  1
 256 127  1
  71 128  1
 110 128  1
 205 128  1
  11 129  1
  18 129  1
  37 129  1
 121 129  1
 149 129  1
 226 129  1
 227 129  1
 228 129  1
  95 130  1
  96 130  1
 153 130  1
 154 130  1
 155 130  1
 199 130  1
 220 130  1
 232 130  1
  33 131  1
  62 131  1
  63 131  1
  68 131  1
  76 131  1
  99 131  1
 119 131  1
 134 131  1
 192 131  1
 207 131  1
 258 131  1
 115 132  1
 127 132  1
 138 132  1
 161 132  1
 196 132  1
 197 132  1
 232 132  1
 244 132  1
 254 132  1
  14 133  1
  16 133  1
  17 133  1
  72 133  1
  80 133  1
 247 133  1
 248 133  1
 275 133  1
 141 134  1
 228 134  1
 232 134  1
 262 134  1
 263 134  1
  70 135  1
 188 135  1
 192 135  1
 201 135  1
 249 135  1
 279 135  1
   3 136  1
   4 136  1
  11 136  1
 244 136  1
  17 137  1
  98 137  1
 158 137  1
 160 137  1
 248 137  1
 249 137  1
  37 138  1
 142 138  1
 143 138  1
 181 138  1
 264 138  1
  14 139  1
  15 139  1
  66 139  1
 102 139  1
  68 140  1
  81 140  1
 161 140  1
 171 140  1
 186 140  1
  72 141  1
 133 141  1
 155 141  1
 248 141  1
   8 142  1
   9 142  1
  63 142  1
  64 142  1
  86 142  1
 144 142  1
 164 142  1
 165 142  1
 193 142  1
  49 143  1
 132 143  1
 133 143  1
 168 143  1
 208 143  1
 209 143  1
 266 143  1
  82 144  1
 245 144  1
 246 144  1
   3 145  1
   4 145  1
  71 145  1
 147 145  1
  34 146  1
  40 146  1
  45 146  1
  75 146  1
  91 146  1
 151 146  1
 260 146  1
  54 147  1
  88 147  1
  21 148  1
 186 148  1
 209 148  1
 210 148  1
  71 149  1
 257 149  1
  51 150  1
  58 150  1
  78 150  1
  82 150  1
 136 150  1
  62 151  1
  69 151  1
  86 151  1
  99 151  1
 132 151  1
 257 151  1
  47 152  1
  37 153  1
  40 153  1
  41 153  1
  54 153  1
  55 153  1
  84 153  1
 127 153  1
 128 153  1
 246 153  1
  47 154  1
 114 154  1
 224 154  1
 273 154  1
 274 154  1
 140 155  1
 215 155  1
  64 156  1
 163 156  1
 260 156  1
  27 157  1
  49 157  1
  53 157  1
 151 157  1
 231 157  1
   5 158  1
   6 158  1
  89 158  1
 134 158  1
 136 158  1
 138 158  1
 169 158  1
 174 158  1
 197 158  1
  32 159  1
  33 159  1
  39 159  1
  40 159  1
 113 159  1
 158 159  1
 244 159  1
 245 159  1
 273 159  2
 274 159  1
 134 160  1
 202 160  1
  14 161  1
 116 161  1
 162 161  1
 164 161  1
  44 162  1
 196 162  1
 220 162  1
 230 162  1
 231 162  1
 147 163  1
 149 164  1
 188 164  1
 195 164  1
 244 164  1
 245 164  1
   7 165  1
   8 165  1
  26 165  1
 177 165  1
 167 166  1
 245 166  1
 155 167  1
  14 168  1
  15 168  1
 131 168  1
 137 168  1
 199 168  1
  27 169  1
  33 169  1
  43 169  1
 143 170  1
 172 170  1
 173 170  1
 202 170  1
 204 170  1
  23 171  1
 177 171  1
 178 171  1
 195 172  1
  17 173  1
 143 174  1
 217 174  1
 192 175  1
 201 175  1
 252 175  1
 267 175  1
 273 175  1
  12 176  1
  13 176  1
  32 176  1
  36 176  1
 198 176  1
 212 176  1
 248 176  1
  43 178  1
 217 178  1
 264 178  1
  30 180  1
  31 180  1
 189 180  1
 200 180  2
 245 180  1
 251 180  1
 252 180  1
  14 181  1
  15 181  1
 194 181  1
 279 182  1
 280 182  1
  22 183  1
  54 183  1
 204 183  1
 205 183  1
 260 183  1
  15 184  1
  16 184  1
  61 184  1
  68 184  1
 196 184  1
 258 184  1
  33 185  1
 278 185  1
 279 185  1
  25 187  1
  26 187  1
  74 187  1
 210 187  1
 106 188  1
 110 188  1
 116 188  1
  66 190  1
  67 190  1
  70 190  1
 116 190  1
 165 190  2
 166 190  1
 221 190  1
 213 191  1
 102 192  1
 168 192  1
 225 192  1
 257 192  1
  21 193  1
  22 193  1
 118 193  1
 210 193  1
 261 193  1
 221 194  1
  66 195  1
  68 195  1
  76 195  1
  25 196  1
  26 196  1
 264 196  1
  68 197  1
 101 197  1
 210 197  1
 217 197  1
 244 197  1
  29 198  1
 264 198  1
  71 199  1
 223 199  1
 224 199  1
 225 199  1
  67 200  1
 121 200  1
 122 200  1
 251 200  1
 264 200  1
  69 201  1
 104 201  1
 105 201  1
 169 201  1
 170 201  1
 215 202  1
 231 202  1
 256 202  1
  33 203  1
 107 203  1
 108 203  1
  35 204  1
 259 204  1
 260 204  1
 270 204  1
 239 206  1
 248 207  1
  42 208  1
 126 208  1
 146 208  1
 147 208  1
  65 209  1
 169 209  1
 244 209  1
 156 210  1
  65 212  1
 142 212  1
 217 212  1
 158 213  1
 221 213  1
  59 214  1
 231 214  1
 239 214  1
 240 214  1
 133 215  1
 245 215  1
 137 216  1
  66 217  1
 139 217  1
 233 217  1
 111 218  1
 239 218  1
  53 219  1
  54 219  1
 209 219  1
 256 219  1
 129 220  1
 163 220  1
 127 221  1
 141 221  1
 213 221  1
 214 221  1
 135 222  1
 137 222  1
 203 222  1
 170 223  1
 171 223  1
 110 224  1
 111 224  1
 199 224  1
 200 224  1
 206 224  1
 207 224  1
 218 224  1
  65 225  1
  66 225  1
 212 226  1
 174 227  1
 175 227  1
 208 227  1
 125 229  1
 215 229  1
  80 230  1
 210 230  1
 211 230  1
 130 231  1
 220 232  1
 221 232  1
 106 233  1
 108 233  1
 180 233  1
 181 233  1
  90 236  1
  91 236  1
  94 237  1
 176 238  1
 181 238  1
 206 238  1
 222 238  1
 217 239  1
 233 239  1
  97 240  1
 153 240  1
 103 243  1
 225 243  1
 226 243  1
 176 244  1
 130 245  1
 146 245  1
 222 245  1
 139 246  1
 115 247  1
 157 247  1
 190 248  1
 192 248  1
 125 250  1
 153 250  1
 216 250  1
 136 253  1
 141 254  1
 203 254  1


count = 779