 139   1  1
 150   1  1
 128   3  1
 172   3  1
 123   4  1
 116   5  1
 103   7  1
 146   7  1
 150   7  1
 193   7  1
 202  10  1
  93  11  1
 168  11  1
  91  13  1
 121  13  1
 117  14  1
 217  14  1
 123  15  1
 219  15  1
  81  17  1
  83  17  1
 126  17  1
 127  17  1
 163  17  1
 160  18  1
 202  18  1
 130  20  1
 135  20  1
 136  20  1
 230  20  1
  71  21  1
  72  21  1
 116  21  1
 102  22  1
 122  22  1
 151  22  1
 202  22  1
 233  22  1
 165  23  1
 199  23  2
  80  24  1
 127  24  1
  64  25  1
 125  25  1
 168  25  1
 177  25  1
  94  26  1
 103  26  1
 104  26  1
 157  26  1
 200  26  1
 215  26  1
  61  27  1
 159  27  1
 160  27  1
 137  28  1
  86  29  1
 105  29  1
 106  29  1
 147  29  1
 189  29  1
 190  29  1
  54  30  1
 165  30  1
 214  30  1
  88  32  1
 139  32  1
  50  33  1
 120  33  1
 195  33  1
  89  34  1
  90  34  1
 150  34  1
 151  34  1
  96  35  1
 180  35  1
 195  35  1
 210  35  1
 211  35  1
  92  36  1
 215  36  1
 249  36  1
 164  37  1
 165  37  1
 201  37  1
  44  38  1
 171  38  1
 174  38  1
 184  38  1
 104  39  1
 186  39  1
 207  39  1
 130  40  1
 243  40  1
 111  41  1
 112  41  1
 147  41  1
 193  41  1
  84  42  1
  85  42  1
 130  42  1
 204  42  1
  55  43  1
  56  43  1
  57  43  1
  65  43  1
  70  43  1
  71  43  1
 106  43  1
 151  43  1
 171  43  1
 191  44  1
 258  44  1
  61  45  1
  68  45  1
  95  45  1
 153  45  1
 154  45  1
  85  46  1
  86  46  1
 197  46  1
 241  46  1
 242  46  1
 250  46  1
 251  46  1
 149  47  1
 170  47  1
 203  47  1
 210  47  1
 211  47  1
 237  47  1
 118  48  1
 175  48  1
 178  48  1
 245  48  1
 164  49  1
 165  49  1
 207  49  1
 106  50  1
 107  50  1
 235  50  1
  63  51  1
  65  51  1
 110  51  1
 117  51  1
 192  51  1
 199  51  1
  31  52  1
 179  52  1
 235  52  1
 241  52  1
 171  53  1
 151  54  1
 209  54  1
 154  55  1
 176  55  1
 207  55  1
 239  55  1
 253  55  1
 254  55  1
  87  56  1
  88  56  1
 226  56  1
 251  56  1
  67  57  1
  68  57  1
 105  57  1
 191  57  1
 244  57  1
 245  57  1
 266  57  1
 101  58  1
 249  58  1
  88  60  1
 203  60  1
 214  60  1
 254  60  1
 256  60  1
 157  61  1
 242  62  1
 251  62  1
 252  62  1
  55  63  1
  56  63  1
 217  63  1
 155  64  1
 163  64  1
 261  64  1
 262  64  1
 169  65  1
 170  65  1
  62  66  1
 134  66  1
 252  66  1
  22  67  1
  23  67  1
  67  67  1
  68  67  1
 143  67  1
 165  67  1
 167  67  1
  44  68  1
  71  68  1
 127  68  1
 129  68  1
 211  68  1
 241  68  1
  20  70  1
  78  70  1
 146  70  1
 152  70  1
 200  70  1
  34  71  1
  37  71  1
  39  71  1
 163  71  1
 210  71  1
  46  72  1
  57  72  1
 155  72  1
 212  72  2
  54  74  1
  55  74  1
 162  75  1
 191  75  1
 194  75  1
 259  76  1
 260  76  1
  15  77  1
  40  77  1
 246  77  1
 210  78  1
 259  78  1
 186  79  1
 194  79  1
 219  79  1
 169  80  1
 170  80  1
 118  81  1
 186  81  1
 191  81  1
 221  81  1
  45  82  1
 247  82  1
 164  83  1
 251  83  1
 233  84  1
 255  84  1
  11  85  1
 109  85  1
  21  86  1
  93  86  1
 122  86  1
 205  86  1
  27  87  1
  35  87  1
 234  87  1
  18  88  1
  31  88  1
  99  88  1
 112  88  1
 114  88  1
 122  88  1
 160  89  1
  24  90  1
 104  90  1
 127  90  1
 128  90  1
 262  91  1
   8  92  1
   9  92  1
  92  92  1
  93  92  1
 105  92  1
 110  92  1
 203  92  1
 235  92  1
  15  93  1
 154  93  1
 264  93  2
  99  94  1
 125  94  1
 164  94  1
 165  94  1
 177  94  1
 200  94  1
  52  96  1
  59  96  1
 125  96  1
 151  96  1
 260  96  1
  24  97  1
 161  97  1
 162  97  1
 172  97  1
  12  98  1
  61  98  1
 120  98  1
 185  98  1
 186  98  1
 243  98  1
  29  99  1
  93  99  1
 135  99  1
 279  99  1
 280  99  1
 121 100  1
 165 100  1
 269 100  1
 273 100  1
  29 101  1
 178 101  1
 196 101  1
 197 101  1
 224 101  1
 260 101  1
 261 101  1
  73 102  1
  69 103  1
  79 103  1
 152 103  1
 154 103  1
 160 103  1
 162 103  1
 244 103  1
  82 104  1
  84 104  1
 100 104  1
 114 104  1
 147 104  1
 183 104  1
 184 104  1
 248 104  1
 249 104  1
  93 105  1
  56 106  1
  69 106  1
  96 106  1
 221 106  1
 273 106  1
  21 107  1
 144 107  1
  60 108  1
 259 108  1
  46 109  1
  83 109  1
 111 109  1
 135 109  1
 136 109  1
 180 109  1
 186 109  1
  53 110  1
 153 110  1
 154 110  1
 201 110  1
  72 111  1
  38 112  1
  40 112  1
 199 112  1
 248 112  1
 108 113  1
 109 113  1
 147 113  1
 148 113  1
 210 113  1
 246 113  1
 131 114  1
 144 114  1
 184 114  1
  79 115  1
 193 115  1
  30 116  1
  31 116  1
  72 116  1
 203 116  1
  38 117  1
  42 117  1
  68 117  1
 156 117  1
 216 117  1
  77 118  1
 113 118  1
 178 118  1
  30 119  1
  31 119  1
 243 119  1
  33 120  1
  34 120  1
 124 120  1
  28 121  1
  81 121  1
 104 121  1
 119 121  1
 120 121  1
 128 121  1
 141 121  1
 216 121  1
 275 121  1
  77 122  1
  86 122  1
 145 122  1
 158 122  1
 178 122  1
 188 122  1
 249 122  1
 220 123  1
  61 124  1
 271 124  1
 102 125  1
 202 125  1
   7 126  1
  29 126  1
  30 126  1
  70 126  1
  71 126  1
  79 126  1
  84 126  1
 112 126  1
 183 126  1
 190 126  1
 217 126  1
 243 126  1
  15 127  1
 178 127  1
 223 127  1
 238 127  1
  71 128  1
 104 128  2
 105 128  1
 106 128  1
 125 128  1
 126 128  1
 131 128  1
 132 128  1
 186 128  1
 208 128  1
 213 128  1
 216 128  1
 246 128  1
 251 128  1
   8 129  1
 226 129  2
   1 130  1
   2 130  1
  33 130  1
  84 130  1
  90 130  1
  91 130  1
 199 130  1
 206 130  1
 212 130  1
 268 130  1
 175 131  1
 193 131  1
 239 131  1
 256 131  1
   1 132  1
 120 132  1
 185 132  1
  48 133  1
  49 133  1
  66 133  1
 103 133  1
 176 133  1
 188 133  1
 189 133  1
 218 133  1
 225 133  1
 235 133  1
 110 134  1
 275 134  1
   8 135  1
  96 135  1
 248 135  1
  18 136  1
  61 136  1
 120 137  1
 191 137  1
 233 137  1
  96 139  1
 101 139  1
 105 139  1
 114 139  1
 110 140  1
 219 140  1
 220 140  1
 193 141  1
  74 142  1
  68 143  1
 106 143  1
 107 143  1
 122 143  1
 200 143  1
 202 143  1
 214 143  1
 220 143  1
  14 144  1
 118 144  1
 210 145  1
   2 146  1
   3 146  1
  79 146  1
  82 146  1
 127 146  1
 280 146  1
 281 146  1
  95 147  1
 152 147  1
  17 148  1
 215 148  1
  92 149  1
  93 149  1
 101 149  1
 102 149  1
 110 149  1
 111 149  1
 128 149  1
 129 149  1
 208 149  1
 270 149  1
 145 150  1
 146 150  1
 243 150  1
  14 151  1
 151 151  1
 152 151  1
 248 151  1
 253 151  1
 131 152  1
 132 152  1
 165 152  1
 213 152  1
  10 153  1
  91 153  1
  92 153  1
 240 153  1
  82 154  1
 105 154  1
 271 154  1
  24 155  1
  84 155  1
  85 155  1
 209 155  1
 254 156  1
  31 157  1
 100 157  1
 168 157  1
  42 158  1
 154 158  1
 166 158  1
 262 158  1
 278 158  1
 279 158  1
 142 160  1
 156 160  1
 260 160  1
  38 161  1
  96 161  1
  98 161  1
 139 161  1
 175 162  1
  15 163  1
  40 163  1
  44 163  1
 144 163  1
 237 163  1
 148 164  1
 178 164  1
  83 166  1
 165 166  1
 181 166  1
 260 166  1
  87 167  1
  88 167  1
 170 167  1
 265 167  1
 268 167  1
 275 167  1
 276 167  1
 165 168  1
 210 168  1
 238 168  1
 255 168  1
 256 168  1
 257 168  1
 155 169  1
 184 169  1
 186 169  1
 218 169  1
 231 169  1
  82 170  1
 243 170  1
 274 170  1
 275 170  1
  87 171  1
 148 171  1
 189 171  1
 190 171  1
 214 171  1
 263 171  1
 230 172  1
 116 173  1
 161 173  1
 216 173  1
 251 173  1
 266 173  1
 267 173  1
   6 174  1
 112 174  1
 172 174  1
 178 174  1
 219 174  1
 124 175  1
 136 175  1
 137 175  1
 272 175  1
 273 175  1
 166 176  1
 167 176  1
 193 176  1
 241 176  1
 143 177  1
 144 177  1
 113 178  1
 138 179  2
 139 179  1
 140 179  1
 177 179  1
 134 180  1
 179 180  1
 192 180  1
 259 180  1
 238 181  1
  63 184  1
 154 184  1
 260 184  1
 261 184  1
  12 185  1
  13 185  1
 153 186  1
 160 186  1
 238 186  1
 249 187  1
  72 188  1
 144 188  1
 161 188  1
 240 188  1
  21 189  1
 168 189  1
 267 189  1
  14 190  1
  15 190  1
  29 190  1
  66 190  1
 259 190  1
  82 191  1
 141 191  1
  31 192  1
 170 193  1
  64 194  1
  65 194  1
  83 194  1
  85 194  1
 264 194  1
  16 195  1
  17 195  1
  28 195  1
 136 195  1
  87 196  1
 207 196  1
  91 197  1
  92 197  1
 135 197  1
 212 197  1
  79 198  1
 204 198  1
  36 199  1
  40 199  1
  63 199  1
  71 199  1
 118 199  1
 200 199  1
  83 200  1
  93 200  1
 174 200  1
 205 200  1
 239 200  1
 200 201  1
  76 202  1
 102 202  1
 106 202  1
 111 202  1
 123 202  1
 205 202  1
  35 203  1
  59 204  1
  82 204  1
 126 204  1
 127 204  1
 132 204  1
 133 204  1
 223 204  1
  56 205  1
  57 205  1
  93 205  1
  97 205  1
 212 205  1
 213 205  1
 246 205  1
 259 205  1
  80 206  1
 171 206  1
 172 206  1
 194 206  1
 203 206  1
  65 207  1
  27 208  1
  92 208  1
 220 208  1
 249 208  1
 100 209  1
 126 209  1
 173 209  1
  39 210  1
  63 210  1
 124 210  1
 164 210  1
 165 210  1
 177 211  1
 241 211  1
 242 211  1
 229 212  1
 255 212  1
 203 213  1
  32 214  1
  42 214  1
  90 214  1
  91 214  1
 150 214  1
 171 214  1
 172 214  1
 244 214  1
 245 214  1
 246 214  1
  63 215  1
 146 215  1
 235 215  1
 236 215  1
 150 216  1
 168 216  1
 253 216  1
 100 217  1
 142 217  1
 161 217  1
 188 217  1
 189 217  1
 204 217  1
 210 217  1
 214 217  1
 215 217  1
 150 218  1
 151 218  1
 237 219  1
 225 220  1
  73 221  1
 117 221  1
 119 221  1
 235 221  1
 248 221  1
  98 222  1
 138 222  1
 139 222  1
 177 222  1
 128 223  1
  98 224  1
 114 224  1
 139 224  1
 153 224  1
 231 224  1
 125 225  1
 126 225  1
 174 225  1
 220 225  1
  47 226  1
 138 226  1
 156 226  1
 157 226  1
 107 227  1
 203 227  2
 204 227  1
 205 227  1
 167 228  1
  67 229  1
 111 229  1
 172 229  1
  73 230  1
 220 230  1
  55 231  1
 210 231  1
  67 232  1
  73 232  1
 233 232  1
 121 234  1
 212 234  1
  62 235  1
 114 235  1
 230 235  1
 126 236  1
 223 236  1
  64 237  1
 112 237  1
 221 237  1
  79 238  1
 118 238  1
 119 238  1
 104 239  1
 184 239  1
  69 240  1
 156 240  1
 123 241  2
 212 241  1
 213 241  1
  88 242  1
  89 242  1
 156 242  1
 158 242  1
  74 243  1
  75 243  1
  91 243  1
 103 243  1
 185 243  1
 166 244  1
 111 245  1
 143 245  1
 123 246  1
 148 246  1
 205 246  1
 130 247  1
  84 248  1
 126 248  1
 159 248  1
 161 248  1
 173 248  1
 174 248  1
 149 250  1
 150 250  1
 134 251  1
 105 252  1
 144 252  1
 107 253  1
 109 253  1
 125 256  1


count = 852