 171   1  1
 191   1  1
 203   3  1
 130   4  1
 210   5  1
 183   6  1
 212   6  1
 196   7  1
 148   8  1
 154   8  1
 182   9  1
 183   9  1
 219  10  1
 159  12  1
 223  12  1
 102  13  1
 149  13  1
 150  13  1
 120  14  1
 155  14  1
 226  14  1
  97  15  1
  94  17  1
 109  19  1
 116  19  1
 161  20  1
 184  21  1
 102  22  1
  94  23  1
 158  23  1
  87  24  1
  79  25  1
 188  25  1
  65  26  1
  67  26  1
  88  27  1
  89  27  1
 104  27  1
 119  27  1
 120  27  1
 170  28  1
 178  28  1
  60  29  1
  72  29  1
  73  29  1
  76  29  1
  77  29  1
 180  29  1
 120  30  1
 107  31  1
 156  31  1
 203  32  1
  94  33  1
 130  33  1
  79  34  1
 109  34  1
 137  34  1
  48  36  1
  58  36  1
 163  36  1
 182  36  1
 191  36  1
 192  36  1
 198  36  1
 199  36  1
 252  36  1
 139  37  1
 176  37  1
 118  38  1
  78  39  1
 112  39  1
 113  39  1
 165  39  1
 178  39  1
  52  40  1
  53  40  1
 106  40  1
 107  40  1
 118  40  1
 147  40  1
  60  41  1
 192  41  1
  64  42  1
  74  42  1
 148  42  1
 183  42  1
  83  43  1
 179  43  1
 106  44  1
  66  45  1
  70  45  1
 148  45  1
 149  45  1
 237  45  1
 170  46  1
 151  47  1
 242  47  1
  44  48  1
 193  48  1
 198  48  1
 199  48  1
  56  49  1
  57  49  1
 113  49  1
 114  49  1
 158  49  1
 159  49  1
 245  49  1
 167  51  1
 172  51  1
 176  51  1
 202  51  1
 203  51  1
 238  51  1
  57  52  1
  58  52  1
 230  52  1
 232  52  1
  45  53  1
 238  53  1
 245  53  1
 230  54  1
 243  54  1
  54  56  1
 110  56  1
 161  56  1
 162  56  1
 265  56  1
 266  56  1
 156  58  1
 108  59  1
 110  59  1
 242  59  1
 266  59  1
 267  59  1
  46  60  1
 252  60  1
  59  61  1
 113  62  1
 149  62  1
 153  62  1
 223  62  1
 238  63  1
 239  63  1
 253  64  1
 223  66  1
  24  67  1
  25  67  1
 112  67  1
 227  67  1
 221  69  1
 262  69  1
  28  70  1
 255  70  1
 225  71  1
  18  72  1
  24  72  1
 231  74  1
 265  74  1
 220  75  1
 238  75  1
 180  76  1
  27  77  1
  34  77  1
 245  77  1
 273  77  1
 248  78  1
  15  79  1
  16  79  1
 209  80  1
 253  80  1
  28  81  1
 221  81  1
 255  81  1
  17  82  1
 178  82  1
 259  82  1
 277  83  1
 172  85  1
 230  85  1
  43  86  1
  46  86  1
 177  86  1
 185  86  1
 248  86  1
  40  87  1
 188  87  1
 189  87  1
 230  87  1
 236  88  1
 237  88  1
  16  90  1
  30  90  1
 205  90  1
 230  91  1
 247  91  1
 249  91  1
  93  92  1
 227  92  1
  19  93  1
 201  93  1
   9  95  1
 260  96  1
  94  97  1
 201  98  1
 184  99  1
 231  99  1
 204 100  1
 116 102  1
 178 102  1
 182 102  1
  93 104  1
 116 104  1
 175 104  1
 204 104  1
 110 105  1
 111 105  1
   1 106  1
   2 106  1
 166 106  1
 167 106  1
 201 106  1
 202 106  1
 251 106  1
 282 106  1
 283 106  1
 120 107  1
 121 107  1
 235 108  1
 263 108  1
 264 108  1
 115 109  1
 117 109  1
   7 110  1
   9 110  1
  65 110  1
 148 110  1
 169 110  1
  16 111  1
  69 111  1
 265 111  1
  22 112  1
 167 112  1
   1 113  1
 119 113  1
 238 113  1
 235 115  1
  19 116  1
  21 116  1
  69 117  1
 117 117  1
 240 118  1
   1 119  1
  14 119  1
 135 120  1
 171 120  1
 233 120  1
 247 120  1
 175 121  1
  64 122  1
  65 122  1
  88 122  1
 189 122  1
   6 123  1
  77 123  1
 198 123  1
  11 124  1
  65 124  1
  71 124  1
  95 124  1
 147 124  1
 148 124  1
 193 124  1
 244 124  1
 159 125  1
 183 125  1
 186 125  1
 188 125  1
 239 125  1
 193 127  1
 198 127  1
 222 127  1
  40 128  1
  65 128  1
  66 128  1
  93 128  1
 170 128  1
 181 128  1
 249 128  1
  16 129  1
  25 129  1
  53 129  1
 164 129  1
 185 129  1
 238 129  1
 245 129  1
 253 129  1
 270 129  1
 271 129  1
 272 129  1
   3 130  1
  22 130  1
  99 130  1
   7 131  1
 186 131  1
 233 131  1
  59 132  1
  88 132  1
 169 132  1
 170 132  1
  12 133  1
  13 133  1
  15 133  1
  27 133  1
  83 133  1
  91 133  1
 103 133  1
 146 133  1
 187 133  1
 198 133  1
 237 133  1
 239 133  1
  80 134  1
  94 134  1
  99 134  1
 100 134  1
 272 134  1
  51 135  1
  63 135  1
 194 135  1
  29 136  1
  61 137  1
  20 138  1
  24 138  1
  78 138  1
 144 138  1
 145 138  1
  82 139  1
 211 139  1
 212 139  1
 239 139  1
 166 140  1
 226 141  1
 230 141  1
   7 143  1
   8 143  1
 220 143  1
 245 143  1
 257 143  1
  62 144  1
 130 144  1
 234 144  1
 240 144  1
 242 144  1
 252 144  1
  58 146  1
 136 146  1
 163 147  1
 164 147  1
 165 147  1
 130 148  1
 238 148  1
 239 148  1
  52 149  1
 125 149  1
 132 149  1
  40 150  1
 262 150  1
 170 151  1
 235 152  1
 246 152  1
 247 152  1
  52 153  1
 152 153  1
 230 153  1
 254 153  1
 265 153  1
 266 153  1
 271 153  1
  58 154  1
 120 154  1
 138 154  1
 143 154  1
 147 154  1
 242 154  1
 258 154  1
  46 155  1
  47 155  1
 116 155  1
 161 155  1
 224 155  1
 227 155  1
 228 155  1
 238 155  1
 251 155  1
 276 155  1
 277 155  1
   5 156  1
   6 156  1
  83 156  1
 131 156  1
 132 156  1
  61 157  1
 110 157  1
 111 157  1
 171 157  1
 172 157  1
 220 157  1
 221 157  1
 268 157  1
 269 157  1
  15 158  1
  19 158  1
  80 158  1
 131 158  1
 163 158  1
 164 158  1
   7 159  1
   8 159  1
  32 159  1
  78 159  1
 179 159  1
  36 160  1
  51 160  1
 117 160  1
 119 160  1
 131 160  1
  23 161  1
 108 161  1
 110 161  1
 226 161  1
 233 161  1
 137 162  1
 264 162  1
  23 163  1
  24 163  1
 165 163  1
 270 163  1
  17 164  1
 169 164  1
 170 164  1
  26 165  1
  30 165  1
  36 165  1
  37 165  1
 173 165  1
 174 165  1
 176 165  1
 177 165  1
 225 165  1
 233 165  1
  46 167  1
 114 167  1
 219 167  1
 223 167  1
  18 168  1
  34 168  1
 143 169  1
 178 169  1
 247 169  1
 267 169  1
 145 170  1
 162 171  1
 241 171  1
  12 172  1
  13 172  1
 148 172  1
 181 172  1
 237 172  1
 177 173  1
 167 174  1
 246 174  1
 252 174  1
 253 174  1
 272 174  1
 273 174  1
 248 176  1
 249 176  1
 180 177  1
 271 177  1
 272 177  1
 254 178  1
  16 180  1
 229 183  1
  18 184  1
  19 184  1
 246 184  1
 217 186  1
 268 186  1
 269 186  1
 151 188  1
 212 189  1
 222 189  1
 245 189  1
 256 189  1
 257 189  1
 216 190  1
 229 191  1
 210 193  1
 218 193  1
 250 193  1
 260 193  1
  89 195  1
  90 195  1
  91 195  1
 208 195  1
 241 196  1
 246 196  1
 247 196  1
  91 197  1
 183 198  1
 265 199  1
 266 199  1
 105 200  1
 148 200  1
 150 200  1
 101 201  1
 182 201  1
  46 202  1
  54 203  1
  55 203  1
  56 203  1
  97 203  1
 201 203  1
 210 203  1
 215 203  1
 152 205  1
 153 205  1
 263 205  1
 182 206  1
 183 206  1
  99 207  1
 121 207  1
 138 207  1
  56 208  1
  45 209  1
 261 209  1
 144 210  1
 193 210  1
  47 211  1
 123 211  1
 200 211  1
  94 213  1
 141 213  1
 146 213  1
 203 213  1
 204 213  1
  85 214  1
 101 214  1
 102 214  1
 250 214  1
 257 214  1
  55 215  1
 136 215  1
 137 215  1
  58 217  1
 187 217  1
  75 218  1
  83 218  1
 146 218  1
 147 218  1
 247 218  1
  88 219  1
 191 219  1
 192 219  1
 253 219  1
  76 220  1
 101 220  1
 126 220  1
 127 220  1
 227 220  1
  99 221  1
 134 221  1
 135 221  1
  67 222  1
 142 222  1
 148 223  1
 182 223  1
 205 223  1
 233 223  1
  89 224  1
 142 224  1
 177 224  1
 210 224  1
 145 225  1
 192 225  1
 193 225  1
 116 226  1
 135 226  1
 228 226  1
 229 226  1
  82 228  1
  85 228  1
 138 228  1
 139 228  1
 117 229  1
 118 229  1
 176 229  1
 229 229  1
  98 230  1
 101 230  1
 111 230  1
 127 230  1
 128 230  1
 132 230  1
 147 230  1
 107 231  1
 144 231  1
 197 231  1
 105 232  1
 127 232  1
 177 232  1
 130 233  1
 131 233  1
 179 234  1
 189 236  1
 200 236  1
 201 236  1
 131 237  1
 168 237  1
 127 238  1
 193 238  1
 179 239  1
 180 239  1
 232 239  1
 116 241  1
 134 241  1
 180 241  1
 131 242  1
 132 242  1
 177 243  1
 181 243  1
 124 244  1
 137 244  1
 224 244  1
 127 245  1
 187 246  1
 145 247  1
 146 247  1
 164 247  1
 165 247  1
 193 247  1
 194 247  1
 216 248  1
 136 249  1
 151 249  1
 185 250  1
 193 251  1
 210 251  1
 164 252  1
 157 255  1
 192 256  1


count = 652