 164   1  1
 180   1  1
 184   1  1
 187   2  1
 190   3  1
 146   5  1
 138   7  1
 202   7  1
 136   8  1
 205   8  1
 155   9  1
 156   9  1
 152  11  1
 125  12  1
 214  12  1
 121  14  1
 122  14  1
 152  14  1
 220  16  1
 172  17  1
 122  19  1
 160  19  1
 162  20  1
 165  20  1
 166  20  1
 176  20  1
 157  22  1
 227  22  1
  99  25  1
 159  25  1
 110  26  1
 111  26  1
 172  26  1
  93  28  1
  94  28  1
 236  28  1
 114  29  1
 115  29  1
 160  29  1
  90  30  1
 239  30  1
 114  31  1
  86  32  1
  87  32  1
 123  33  1
  83  34  1
  96  34  1
 164  34  1
 119  35  1
 169  35  1
  60  36  1
  55  37  1
  91  37  1
 119  37  1
 246  37  1
 110  38  1
  51  39  1
  52  39  1
 174  39  1
 175  39  1
  85  40  1
  79  41  1
 250  41  1
  47  42  1
  98  42  2
 109  42  1
  62  43  1
  68  44  1
  79  44  1
  80  44  1
  42  45  1
  53  46  1
  86  46  1
 126  46  1
 128  46  1
  38  47  1
  59  48  1
 104  48  1
 141  48  1
  35  49  1
  55  49  1
  88  49  1
 120  50  1
  91  51  1
  98  51  1
 114  51  1
 128  51  1
 103  52  1
 176  52  1
 249  52  1
  30  53  1
 105  54  1
 165  54  1
 167  54  1
  25  56  1
 146  56  1
 263  56  1
 179  57  1
 150  58  1
 164  58  1
 165  58  1
 253  58  1
  76  59  1
  73  61  1
 167  62  1
 258  62  1
  73  63  1
 254  63  1
 267  63  1
 148  65  1
 186  65  1
  78  66  1
  70  67  1
 250  67  1
 199  68  1
 200  68  1
  76  69  1
 205  69  1
 211  70  1
 271  70  1
 272  70  1
  70  71  1
 152  71  1
 251  71  1
  63  72  1
 189  72  1
  20  74  1
  77  74  1
  27  75  1
 213  75  1
 214  75  1
 273  75  1
 274  75  1
  67  76  1
 118  76  1
 246  76  1
 110  78  1
 153  78  1
 211  78  1
  15  79  1
  67  79  1
  68  79  1
  79  79  1
  80  79  1
 206  79  1
 105  80  1
  70  81  1
  71  81  1
 192  81  1
 204  81  1
 206  81  1
 246  81  1
 247  81  1
  22  82  1
 145  82  1
 182  82  1
  30  83  1
 196  83  1
  11  84  1
  14  84  1
 248  84  1
 252  84  1
 125  85  1
 126  85  1
 257  87  1
 263  87  1
 125  88  1
  14  89  1
 181  89  1
 182  89  1
 118  90  1
 128  90  1
 261  90  1
  33  91  1
  90  91  1
  11  93  1
  12  93  1
  21  93  1
  85  93  1
 109  93  1
 179  93  1
 125  94  1
 127  94  1
  25  95  1
 263  95  1
  18  96  1
  93  96  1
  94  96  1
 175  96  1
 173  97  1
  18  98  1
  69  98  1
  80  98  1
 110  98  1
   9 100  1
 264 100  1
  67 101  1
 183 101  1
 184 101  1
 253 102  1
 174 103  1
 257 103  1
 267 103  1
   9 105  1
  10 105  1
  72 105  1
  79 105  1
 181 105  1
 120 106  1
  48 107  1
  49 107  1
  53 109  1
 266 109  1
  47 110  1
  48 110  1
  74 110  1
  83 110  1
 173 111  1
  84 112  1
   1 113  1
  77 113  1
  87 113  1
 193 115  1
 282 115  1
 283 115  1
  80 116  1
  62 117  1
  90 117  1
  91 117  1
 108 117  1
 170 117  1
 201 117  1
 115 118  1
 188 118  1
 103 119  1
 196 119  1
 260 119  1
 281 119  1
 282 119  1
  55 120  1
 192 120  1
 206 120  1
 207 120  1
 255 120  1
 117 121  1
 122 121  1
 162 122  1
 216 122  1
 264 122  1
 273 122  1
 152 124  1
 166 124  1
 280 124  1
 281 124  1
   1 125  1
  92 125  1
 130 125  1
 171 125  1
 192 125  1
 248 125  1
 251 125  1
  62 126  1
 115 126  1
 116 126  1
 147 126  1
 148 126  1
 266 126  1
 268 126  1
 269 126  1
   3 127  1
   4 127  1
 169 127  1
 174 127  1
 175 127  1
 181 127  1
 189 127  1
 206 127  1
 207 127  1
 279 127  1
 280 127  1
  20 128  1
  25 128  1
 101 128  1
 111 128  1
 235 128  1
 261 128  1
 128 129  1
 138 129  1
 139 129  1
 142 129  1
 169 129  1
 189 129  1
 199 129  1
 244 129  1
  93 130  1
 123 130  1
 136 130  1
  29 131  1
  88 131  1
  95 131  1
 142 131  1
 157 131  1
 174 131  1
 188 131  1
 194 131  1
 230 131  1
 245 131  3
 273 131  1
 274 131  1
  58 132  1
 123 132  1
 204 132  1
 264 132  1
 270 132  1
 245 133  1
 123 134  1
 136 134  1
 170 134  1
 237 134  1
 251 134  1
  22 135  1
 165 135  1
 220 135  1
 257 135  1
 258 135  1
 112 136  1
 127 136  1
 128 136  1
 192 136  1
 200 136  1
 201 136  1
 260 136  1
   5 137  1
 120 137  1
 205 137  1
 163 138  1
  13 139  1
  66 139  1
  69 139  1
 143 139  1
 237 139  1
 178 140  1
 182 140  1
 225 140  1
 226 140  1
 271 140  1
 272 140  1
   9 141  1
 230 141  1
 234 141  1
 237 141  1
 274 141  1
 125 142  1
 176 143  1
 222 143  1
 119 145  1
 234 145  1
 235 145  1
 238 146  1
  46 147  1
  58 147  1
  94 147  1
 227 147  1
 280 147  1
 281 147  1
 106 148  1
 210 148  1
 222 148  1
  45 149  1
  92 150  1
 181 150  1
 222 150  1
  44 151  1
  45 151  1
  80 151  1
  86 152  1
 178 152  1
 215 152  1
 226 152  1
 227 152  1
 220 153  1
  75 155  1
  63 156  1
  84 156  1
  73 158  1
 175 158  1
 213 158  1
 214 158  1
  42 159  1
  82 159  1
 179 159  1
 181 159  1
 176 160  1
 153 161  1
 183 161  1
 215 161  1
  74 162  1
  79 162  1
   9 163  1
  10 163  1
 182 163  1
 194 164  1
 270 164  1
  67 165  1
  68 165  1
 143 165  1
 155 165  1
 156 165  1
   8 166  1
  25 166  1
 147 166  1
  78 167  1
  79 167  1
 162 167  1
 276 167  1
   3 169  1
   4 169  1
  28 169  1
 249 169  1
  35 170  1
  72 170  1
 165 170  1
 150 171  1
 152 171  1
 191 171  1
 187 172  1
 157 173  1
 200 173  1
 250 173  1
 271 173  1
 202 175  1
 246 175  1
 247 175  1
  80 176  1
 187 176  1
   6 177  1
   7 177  1
  40 177  1
 173 177  1
 269 177  1
  19 178  1
  75 178  1
 144 178  1
 146 178  1
 177 178  1
 243 178  1
 166 179  1
 185 179  1
  13 180  1
  65 180  1
  69 180  1
 190 180  1
  28 181  1
  38 181  1
 134 181  2
 135 181  1
 136 181  1
 156 181  1
 158 181  1
 203 181  1
 204 181  1
  63 182  1
  82 182  1
 172 182  1
 173 182  1
  78 183  1
  49 184  1
 163 184  1
  17 185  1
  47 185  1
  59 185  1
 203 185  1
 265 185  1
 136 186  1
 182 186  1
  19 188  1
  77 188  1
  78 188  1
 161 188  1
 162 188  1
 200 188  1
 160 190  1
 262 190  1
  40 191  1
 123 191  1
  90 193  1
  87 194  1
 239 194  1
  22 195  1
  39 195  1
  63 195  1
  87 196  1
  63 197  1
 151 197  1
  17 198  1
  86 198  1
 124 198  1
  41 199  1
  62 199  1
  82 199  1
 258 199  1
 259 199  1
  74 200  1
  75 200  1
 147 201  1
 224 201  1
  74 202  1
 235 202  1
  93 203  1
  98 203  1
 125 203  1
 153 203  1
  88 204  1
 116 204  1
 117 204  1
 229 204  1
  37 205  1
  40 205  1
  61 205  1
  80 205  1
 113 205  1
 144 205  1
 213 205  1
  26 206  1
  82 206  1
  87 206  1
 148 206  1
 156 206  1
  53 207  1
 255 207  1
 256 207  1
 166 208  1
 185 208  1
 190 208  1
 237 208  1
 238 208  1
  42 209  1
  53 209  1
 125 209  1
 127 209  1
 128 209  1
 131 209  1
 139 209  1
 201 209  1
  55 210  1
  57 210  1
  60 210  1
  68 210  1
  72 210  1
  73 210  1
  80 210  1
  81 210  1
  36 211  1
  86 211  1
 132 211  1
 198 211  1
 234 211  1
  49 212  1
 166 212  1
 167 212  1
 194 212  1
 195 212  1
 184 213  1
 185 213  1
  58 214  1
  96 214  1
  97 214  1
 116 214  1
 117 214  1
 142 214  1
 157 214  1
 159 214  1
 161 214  1
  71 215  1
  72 215  1
  74 215  1
 122 215  1
 123 215  1
 153 215  1
  51 216  1
  56 217  1
 135 218  1
  54 219  1
  55 219  1
 125 219  1
 200 219  1
  60 220  1
 122 220  1
 135 220  1
 137 220  1
 165 221  1
  97 222  1
  98 222  1
 131 222  1
 153 222  1
 191 222  1
 100 223  1
 101 223  1
 135 224  1
 187 224  1
 201 225  1
  94 226  1
 164 226  1
  57 227  1
  78 227  1
 154 227  1
 100 228  1
 111 228  1
 138 229  1
  82 230  1
 153 230  1
 154 230  1
 179 230  1
 180 230  1
 181 230  1
  68 231  1
 148 231  1
 149 231  1
 189 231  1
 234 231  1
  91 232  1
 182 232  1
 108 233  1
  78 234  1
 132 234  1
 229 234  1
  81 235  1
  94 235  1
  95 235  1
 147 235  1
 148 235  1
 101 237  1
 130 237  1
 223 237  1
  87 239  1
 220 239  1
  90 241  1
  91 241  1
  99 243  1
 146 243  1
 212 244  1
 128 246  1
 210 246  1
 173 247  1
 174 247  1
 206 248  1
 170 250  1
 194 253  1
 196 253  1


count = 649