 141   1  1
 153   1  1
 171   1  1
 120   3  1
 183   3  1
 116   5  1
 117   5  1
 160   5  1
 189   7  1
 190   7  1
 162   8  1
 164   8  1
 165   8  1
 168   9  1
 174   9  1
 102  10  1
 103  10  1
 172  11  1
 198  11  1
  99  12  1
 113  15  1
 182  15  1
 188  15  1
 205  15  1
  93  16  1
 184  16  1
 104  17  1
 120  17  1
 122  17  1
 178  17  1
 195  17  1
 207  17  1
 116  18  1
 118  18  1
 149  20  1
 110  21  1
 123  21  1
 194  21  1
  71  22  1
  72  22  1
 103  22  1
 180  22  1
 222  22  1
 123  23  1
 124  23  1
 150  23  1
 161  24  1
 128  25  1
 187  25  1
 225  25  1
  66  27  1
 131  27  1
 175  27  1
 176  27  1
 123  28  1
  60  29  1
  62  29  1
  80  29  1
 110  29  1
 127  29  1
  83  30  1
  75  31  1
  51  32  1
  52  32  1
 115  32  1
 123  32  1
 129  34  1
 131  34  1
 161  34  1
  88  35  1
 143  35  1
 141  36  1
 161  36  1
 234  36  1
 240  36  1
  77  37  1
  85  37  1
 116  37  1
 121  37  1
 145  37  1
 166  37  1
  44  38  1
  56  38  1
 111  38  1
 163  38  1
 241  38  1
 159  39  1
 212  39  1
  54  40  1
  87  40  1
 122  40  1
 157  40  1
 181  40  1
 182  40  1
 244  40  1
  40  41  1
  72  41  1
  73  41  1
  74  41  1
 138  41  1
 141  42  1
 147  42  1
 148  42  1
 176  42  1
 177  42  1
 207  42  1
 233  42  1
  36  43  1
  37  43  1
  72  43  1
  84  43  1
  86  43  1
 202  43  1
 227  43  1
 240  43  1
  95  44  1
 165  44  1
 166  44  1
 177  44  1
 181  44  1
 187  44  1
 221  44  1
 222  44  1
 223  44  1
  67  45  1
  68  45  1
 148  45  1
 191  45  1
 239  45  1
  54  46  1
  88  46  1
 161  46  1
 177  46  1
 178  46  1
 219  46  1
 142  47  1
 172  47  1
 244  47  1
  56  48  1
 203  48  1
 225  48  1
 253  48  1
  29  49  1
  72  49  1
  81  50  1
 165  50  1
  26  51  1
  38  51  1
  88  51  1
 145  51  1
 158  51  1
 195  51  1
 197  51  1
 199  51  1
 201  51  1
  44  52  1
  49  52  1
  60  52  1
  92  52  1
 191  52  1
 225  52  1
  70  53  1
  98  53  1
 214  53  1
 212  54  1
  62  55  1
 151  55  1
 158  55  1
  19  56  1
 204  56  1
 242  56  1
  37  57  1
  41  57  1
  80  57  1
  92  57  1
 140  57  1
 141  57  1
 223  57  1
  52  58  1
  88  58  1
  17  59  1
  64  60  1
 206  60  1
 214  60  1
  67  61  1
  45  62  1
 136  62  1
 137  62  1
  15  63  1
  37  63  1
  39  63  1
  55  63  1
  81  63  1
  85  63  1
 182  63  1
 183  63  1
  48  64  1
 134  64  2
 135  64  2
 136  64  1
 156  64  1
 198  64  1
 229  64  1
 230  64  1
 243  65  1
  62  66  1
  20  68  1
  46  68  1
  47  68  1
  87  68  1
 104  68  1
 161  68  1
 106  69  1
 108  69  1
 166  69  1
 270  69  1
  31  70  1
  39  70  1
  90  70  1
 102  70  1
  69  71  1
  70  71  1
 158  71  1
 248  71  1
  49  72  1
  92  72  1
 154  72  1
 272  72  1
  40  73  1
 110  73  1
 165  73  1
 177  73  1
 178  73  1
 183  73  1
 203  73  1
 225  73  1
  32  74  1
  62  74  1
  92  74  1
  99  74  1
 108  74  1
 161  74  1
 247  74  1
  34  75  1
  79  75  1
 221  75  1
 237  75  1
  57  76  1
  58  76  1
  91  76  1
 166  76  1
 167  76  1
 233  76  1
  87  77  1
 100  77  1
 158  77  1
 226  77  1
 230  77  1
 266  77  1
  39  78  1
 108  78  1
 195  78  1
 207  78  1
  42  79  1
  61  79  1
 193  79  1
 215  79  1
   7  80  1
   8  80  1
 140  80  1
 173  80  1
 174  80  1
 179  80  1
 180  80  1
 223  80  1
  89  81  1
  90  81  1
 131  81  1
 216  81  1
 243  81  2
  67  82  1
 141  82  1
 142  82  1
 162  82  1
 188  82  1
 134  83  1
 135  83  1
 227  83  1
 230  83  1
 231  83  1
 150  84  1
 277  84  1
 278  84  1
  55  85  1
  61  85  1
 192  85  1
 194  85  1
 201  85  1
 203  85  1
 207  85  1
   4  86  1
   5  86  1
  42  86  1
  43  86  1
  92  86  1
 121  86  1
  73  87  1
  78  87  1
  87  87  1
 142  87  1
 143  87  1
 155  87  1
 172  87  1
 174  87  1
 175  87  1
 201  87  1
 239  87  1
 278  87  1
 279  87  1
 187  88  1
 188  88  1
 222  88  1
 180  89  1
 197  89  1
 198  89  1
 240  89  1
   3  90  1
   4  90  1
  34  90  1
  40  90  1
  41  90  1
  85  90  1
  86  90  1
 105  90  1
 178  90  1
 268  90  1
 279  90  1
 280  90  1
 157  91  1
 194  91  1
 221  91  1
 247  91  1
  22  92  1
  30  92  1
  31  92  1
 114  92  1
 171  92  1
 241  92  1
   2  93  1
   3  93  1
 107  93  1
 108  93  1
 131  93  1
 221  93  1
 140  94  1
 144  94  1
 148  94  1
 155  94  1
 156  94  1
 194  94  1
 251  94  1
 252  94  1
 124  95  1
 125  95  1
 202  95  1
 225  95  1
  70  96  1
  71  96  1
 154  96  1
 235  96  1
 239  96  1
 240  96  1
 252  96  1
  40  97  1
  73  97  1
  74  97  1
  88  97  1
 126  97  1
 179  97  1
 216  97  1
 209  98  1
  78  99  1
 138  99  1
 194  99  1
 196  99  1
 198  99  1
 265  99  1
 280  99  1
 281  99  1
  97 100  1
 235 100  1
 236 100  1
 107 101  1
  45 102  1
  46 102  1
 102 102  1
 103 102  1
 135 102  1
 177 102  2
 193 102  1
 203 102  1
 254 102  1
  54 103  1
 129 103  1
 140 103  1
 142 103  1
  66 104  1
  91 104  1
 103 104  1
 193 104  1
 198 104  1
 244 104  1
 245 104  1
  60 105  1
  85 105  1
 223 105  1
 224 105  1
  56 106  1
 103 106  1
 136 106  1
 244 106  1
  88 107  1
 107 107  1
 125 107  1
 127 107  1
 187 107  1
 211 107  1
 216 107  1
 113 108  1
 229 108  1
 272 108  1
 196 109  1
 216 109  1
 239 109  1
 255 109  1
  44 110  1
  48 110  1
 187 110  1
 224 110  1
 253 110  1
  68 111  1
  88 111  1
 108 111  1
 109 111  1
 113 111  1
 131 111  1
 198 111  1
 200 111  1
 210 111  1
 260 111  1
 268 111  1
 277 111  1
  43 112  1
  65 112  1
 219 112  1
   1 113  1
  35 113  1
  73 113  1
 122 113  1
 147 113  1
 177 113  1
 210 113  1
 212 113  1
  31 114  1
  93 114  1
  94 114  1
 265 114  1
 179 115  1
 180 115  1
 188 115  1
 189 115  1
 202 115  1
 234 115  1
  57 116  1
 132 116  1
 142 116  1
 217 116  1
 218 116  1
 244 116  1
 248 116  1
 267 116  1
   6 117  1
   7 117  1
  72 117  1
 252 117  1
  78 118  1
 118 118  1
 128 118  1
 135 118  1
   1 119  1
  27 119  1
  48 119  1
 144 119  2
 155 119  1
 159 119  1
 206 119  1
 257 119  1
 128 120  1
 146 120  1
 237 120  1
  45 121  1
  46 121  1
 180 121  1
 181 121  1
 231 121  1
 232 121  1
 244 121  1
 255 121  1
  26 122  1
  55 122  1
  79 122  1
 115 122  1
 251 122  1
   7 123  1
 118 123  1
 126 123  1
 143 123  1
  28 124  1
  43 124  1
  73 124  1
 168 124  1
 174 124  1
 110 125  1
 176 125  1
 228 125  1
 259 125  1
  47 126  1
  93 126  1
 144 126  1
 179 126  1
 180 126  1
 181 126  1
 264 126  1
  18 127  1
  22 127  1
  38 127  1
  71 127  1
 183 127  1
 184 127  1
 199 127  1
 204 127  1
 259 127  1
 100 128  1
 105 128  1
 137 128  1
 141 128  1
 166 128  1
 195 128  1
 271 128  1
   7 129  1
  24 129  1
  53 129  1
  54 129  1
 131 129  1
 148 129  1
 204 129  1
 259 129  1
 266 129  1
  68 130  1
 111 130  1
 115 130  1
 158 130  1
 166 130  1
 191 130  1
 194 130  1
 209 130  1
 131 131  1
 161 131  1
 185 131  1
 187 131  1
  23 132  1
  35 132  1
  60 132  1
  93 132  1
 116 132  1
 123 132  1
 140 132  1
 198 132  1
 230 132  1
 234 132  1
 252 132  1
 276 132  1
  18 133  1
  56 133  1
 256 133  1
   8 134  1
  27 134  1
  45 134  1
  47 134  1
  65 134  1
 214 134  1
 234 134  1
 259 134  1
 151 135  1
 221 135  1
  10 136  1
  15 136  1
  35 136  1
  58 136  1
 119 136  1
 154 136  1
 167 136  1
 192 136  1
 224 136  1
 225 136  1
  26 137  1
  50 137  1
  60 137  1
  96 137  1
 113 137  1
 145 137  1
 230 137  1
 249 137  1
 267 138  1
 268 138  1
  65 139  1
  66 139  1
 146 139  1
 158 139  1
 249 139  1
  10 140  1
  11 140  1
  12 140  1
  22 140  1
  23 140  1
  33 140  1
  42 140  1
  49 140  1
  93 140  1
  95 140  1
 125 140  1
 170 140  1
 181 140  1
 182 140  1
  27 141  1
  38 141  1
 112 141  1
 147 141  1
 155 141  1
 174 141  1
 203 141  1
  16 142  1
  23 142  1
  60 142  1
  62 142  1
 116 142  1
 125 142  1
 139 142  1
 140 142  1
 198 142  1
 199 142  1
 207 142  1
 246 142  1
 262 142  1
  58 143  1
 122 143  1
 217 143  1
 233 143  1
 238 143  1
 166 144  1
 249 144  1
 273 144  1
  45 145  1
  88 145  1
 112 145  1
 202 145  1
 208 145  1
 262 145  1
  29 146  1
 117 146  1
 165 146  1
 188 146  1
  26 147  1
  32 147  1
  33 147  1
 130 147  1
 136 147  1
 216 147  1
 222 147  1
 256 147  1
   4 148  1
   5 148  1
  15 148  1
  17 148  1
  36 148  1
 244 148  1
 274 148  1
 146 149  1
 269 149  1
  36 150  1
  42 150  1
 119 150  1
 120 150  1
 128 150  1
 160 150  1
 185 150  1
 194 150  1
 210 150  2
 211 150  1
 243 150  1
 244 150  1
 255 150  1
 273 150  1
  81 151  1
 141 151  1
 180 151  1
 189 151  1
 190 151  1
  12 152  1
  85 152  1
 176 152  1
 197 152  1
 202 152  1
  98 153  1
  99 153  1
 162 153  1
 240 153  1
 257 153  1
  79 154  1
 125 154  1
 130 154  1
  72 155  1
  74 155  1
 138 155  1
 157 155  1
 257 155  1
 282 155  1
 283 155  1
 109 156  1
 119 156  1
 120 156  1
 153 156  1
 169 156  1
 191 156  1
 247 156  1
  29 157  1
  83 157  1
  33 158  1
  35 158  1
  76 158  1
 100 158  1
 101 158  1
 144 158  1
 146 158  1
 153 158  1
 164 158  1
 165 158  1
 187 158  1
 200 158  1
 249 158  1
 265 158  1
 266 158  1
 273 158  1
  62 159  1
  80 159  1
 103 159  3
 181 159  1
 182 159  1
 253 159  1
 261 159  1
 101 160  1
 129 160  1
 156 160  1
 157 160  1
 210 160  1
 220 160  1
 276 160  1
  14 161  1
  20 161  1
 117 161  1
 194 161  1
 261 161  1
  32 162  1
  99 162  1
 104 162  1
 113 162  1
 124 162  1
 125 162  1
 144 162  1
 146 162  1
 148 162  1
 149 162  1
 207 162  1
 253 162  1
  58 163  1
  60 163  1
 163 163  1
 164 163  1
 166 163  1
 168 163  1
 224 163  1
  37 164  1
  45 164  1
 131 164  1
 135 164  1
 175 164  1
 190 164  1
 269 164  1
  28 165  1
  52 165  1
 164 165  1
 198 165  1
 199 165  1
  54 166  1
 103 166  1
 143 166  1
 147 166  1
 221 166  1
 226 166  1
   7 167  1
   8 167  1
  15 167  1
  42 167  1
  98 167  1
 123 167  1
 184 167  1
 204 167  1
 205 167  1
 206 167  1
 256 167  2
  22 168  1
  49 168  1
 225 168  1
  20 169  1
 118 169  1
 126 169  1
 172 169  1
 244 169  1
 249 169  1
 214 170  1
 224 170  1
 225 170  1
  17 171  1
 130 172  1
 209 172  1
 271 172  1
  99 173  1
 170 173  1
 171 173  1
 188 173  1
 192 173  1
 242 173  1
  89 174  1
 119 174  2
 120 174  1
 162 174  1
 264 174  1
  11 175  1
  58 175  1
 175 175  1
 176 175  1
  86 176  1
  93 176  1
 166 176  1
  43 177  1
  58 177  1
 145 177  1
 201 177  1
 240 177  1
 246 177  1
 276 177  1
 277 177  1
  76 178  1
 103 178  1
 167 178  1
 179 178  1
  50 179  1
  55 179  1
 108 179  1
 112 179  1
 117 179  1
 186 179  1
 213 179  1
 266 179  1
 143 180  1
 144 180  1
 162 180  1
  15 181  1
  75 181  1
 117 181  1
 202 181  1
 209 181  1
 255 181  1
 139 182  1
 209 183  1
 232 183  1
  70 184  1
  94 184  1
  96 184  1
  98 184  1
 152 184  1
 156 184  1
 240 184  1
 115 185  1
 214 185  1
  57 186  1
  59 186  1
  65 186  1
  66 186  1
 100 186  1
 121 186  1
 122 186  1
 142 186  1
 161 186  1
 166 186  1
 264 186  1
  19 187  1
  20 187  1
 138 187  1
 173 187  1
 232 187  1
  45 188  1
  72 188  1
  74 188  2
 168 188  1
 236 188  1
 251 188  1
 252 188  1
 253 188  1
 257 188  1
 158 189  1
 189 189  1
 216 189  1
 217 189  1
 221 189  1
 163 190  1
 239 190  1
 244 190  1
  29 191  1
  30 191  1
  35 191  1
  37 191  1
 211 191  1
  58 192  1
 114 192  1
 195 192  1
 216 192  1
  67 193  1
 200 193  1
 211 193  1
  32 194  1
  33 194  1
  74 194  1
  95 194  1
  96 194  1
 100 194  1
 101 194  1
 216 194  1
 248 194  1
 250 194  1
  49 195  1
 114 195  1
 241 195  1
  56 196  1
  83 196  1
 239 196  1
 266 196  1
  88 197  1
 187 198  1
 245 198  1
 247 198  1
  74 199  1
  75 199  1
  94 199  1
  95 199  1
 159 199  1
 232 199  1
 256 199  1
 257 199  1
  30 200  1
 194 200  1
 223 200  1
 237 200  1
 264 200  1
  80 201  1
  72 202  1
 255 202  1
  61 203  1
  38 204  1
  54 204  1
 142 204  1
 225 204  1
 249 204  1
  56 205  1
  71 205  1
  72 205  1
 216 205  1
 220 205  1
 106 206  1
 212 206  1
  86 207  1
  88 207  1
 229 207  1
 240 207  1
  56 209  1
  71 209  1
  79 209  1
 142 209  1
 151 209  1
 243 209  1
  92 210  1
 107 210  1
 224 210  1
  56 211  1
  57 211  1
 105 211  1
 208 211  1
  75 212  1
 132 212  1
 251 212  1
 233 213  1
 238 213  1
 243 213  1
  61 214  1
 179 214  1
  68 215  1
  72 215  1
 209 215  1
 169 216  1
 204 216  1
  54 217  1
  99 217  1
 110 217  1
 111 217  1
 153 217  1
 103 218  1
 104 218  1
 160 218  1
 174 218  1
 233 218  1
  69 219  1
  74 220  1
 236 220  1
 239 220  1
  76 221  1
  77 221  1
 131 221  1
 197 221  1
 244 221  1
 182 222  1
 183 222  1
  93 223  1
 131 223  1
 141 223  1
 188 223  1
 234 223  1
 108 224  1
 182 224  1
 155 225  1
 156 225  1
 121 226  1
 123 226  1
 125 226  1
 178 226  1
  70 227  1
  72 227  1
 112 227  1
  76 228  1
 106 228  1
  80 229  1
 118 229  1
 101 231  1
 102 231  1
 140 231  1
 149 231  1
  94 232  1
  95 232  1
 184 232  1
 185 232  1
 132 233  1
 225 233  1
 108 234  1
 125 234  1
 136 234  1
 148 234  1
 149 234  1
  95 235  1
 100 235  1
 117 236  1
 104 237  1
 130 237  1
 136 237  1
 137 237  1
 184 237  1
  90 238  1
 121 239  1
 126 239  1
 152 239  1
 111 240  1
 112 240  1
 114 240  1
 133 241  1
 170 241  1
 177 242  1
 127 243  1
 185 243  1
 175 244  1
 180 244  1
 134 245  1
 193 245  1
 194 245  1
 160 247  1
 118 248  1
 147 248  1
 172 248  1
 141 249  1
 135 250  1
 163 250  1
 151 251  1
 171 251  1
 124 252  1
 186 252  1
 128 254  1
 179 254  1
 162 256  1


count = 1115