 138   1  1
 165   1  1
 128   3  1
 170   3  1
 172   3  1
 176   4  1
 120   5  1
 117   6  1
 182   6  1
 112   8  1
 184   8  1
 109   9  1
 106  10  1
 189  11  1
  97  13  1
  95  14  1
 194  15  1
 195  15  1
 155  19  1
 157  19  1
 152  20  1
 103  21  1
  97  22  1
  72  24  1
 107  24  1
 153  24  1
  89  25  1
  99  25  1
 215  25  1
  93  26  1
  94  26  1
  66  27  1
  67  27  1
 117  28  1
  63  29  1
  89  29  1
  57  31  1
  93  31  1
  97  31  1
 101  31  1
 102  31  1
  53  32  1
  50  33  1
  97  33  1
  48  34  1
  88  34  1
  89  34  1
 115  34  1
 116  34  1
 155  34  1
 156  34  1
 101  35  1
 106  35  1
 107  35  1
  43  37  1
 116  37  1
 228  37  1
  94  38  1
 105  38  1
 106  38  1
 120  38  1
  99  39  1
 108  39  1
 109  39  1
 125  39  1
 126  39  1
 110  41  1
 154  41  1
 155  41  1
 230  41  1
  61  42  1
  94  42  1
  95  42  1
 117  42  1
 131  43  1
 132  43  1
 121  44  1
 137  44  1
 232  44  1
 125  45  1
 100  47  1
  68  48  1
 116  48  1
 118  48  1
 239  48  1
 111  49  1
 163  49  1
  70  50  1
  80  50  1
  89  50  1
 143  50  1
 181  50  1
 110  51  1
 118  51  1
 206  51  1
 122  52  1
 131  52  1
 135  52  1
 210  52  1
  75  53  1
 110  53  1
 185  53  1
 186  53  1
 187  53  1
 100  54  1
 104  54  1
 136  55  1
 140  55  1
 132  56  1
 108  57  1
 115  57  1
 135  59  1
 187  59  1
 211  60  1
 233  60  1
  18  61  1
 229  61  1
 213  62  1
 246  65  1
 176  66  1
 150  68  1
 175  68  1
 176  68  1
 239  68  1
 245  69  1
 246  69  1
 250  69  1
 251  69  1
  11  70  1
 240  70  1
 154  71  1
 155  71  1
 159  71  1
 160  71  1
 192  71  1
 150  72  1
 188  72  1
 234  72  1
 261  72  1
 154  73  1
   8  75  1
 147  76  1
 148  76  1
 186  76  1
 240  76  1
 244  76  1
  21  77  1
  90  77  1
 160  77  1
 161  77  1
 214  77  1
  27  78  1
  31  78  1
  57  78  1
  35  79  1
 153  79  2
 154  79  1
 181  79  1
   5  80  1
   6  80  1
 216  80  1
 266  80  1
 149  81  1
 171  81  1
 200  81  1
 222  81  1
 240  81  1
  71  82  1
  73  82  1
 140  82  1
 167  82  1
   4  83  1
   5  83  1
  54  83  1
  63  83  1
 149  83  1
 188  83  1
 207  83  1
 213  83  1
 240  83  1
  27  84  1
  31  84  1
 156  84  1
  14  85  1
 133  85  1
 187  85  1
 215  85  1
 216  85  1
 240  85  1
 241  85  1
   3  86  1
   4  86  1
  52  86  1
 155  86  1
 156  86  1
 167  86  1
 168  86  1
 210  86  1
 236  86  1
  48  87  1
 205  87  1
 122  88  1
 131  88  1
 144  88  1
 168  88  1
 172  88  1
 179  88  1
 152  89  1
 230  89  1
 232  89  1
  12  90  1
  53  90  1
  55  90  1
  57  90  1
  62  90  1
  84  90  1
  88  90  1
 169  90  1
 251  90  1
 270  90  1
   8  91  1
  19  91  1
  48  91  1
 119  91  1
 198  91  1
  14  92  1
  33  92  1
  83  92  1
 252  92  1
  38  93  1
  64  93  1
  78  93  1
 175  93  1
 184  93  1
 185  93  1
 263  93  1
 168  94  1
 224  94  1
   7  95  1
   8  95  1
 174  95  1
 200  95  1
 221  95  1
 237  95  1
 239  95  1
 257  95  1
  30  96  1
  35  96  1
  36  96  1
 140  96  1
 150  96  1
 151  96  1
 226  96  1
 153  98  1
 195  98  1
 261  98  1
  70  99  1
 275  99  1
 276  99  1
 144 100  1
 248 100  1
   1 101  1
 190 102  1
 197 102  1
 257 102  1
  66 103  1
 153 103  1
 173 103  1
 225 103  1
 191 105  1
 203 105  1
  16 106  1
  76 106  1
 176 106  1
 183 106  1
  56 107  1
  57 107  1
 147 107  1
 168 107  1
 179 107  1
 180 107  1
 191 107  1
 236 107  1
  18 108  1
  19 108  1
  45 108  1
  49 108  1
  70 108  1
  71 108  1
  72 108  1
 156 108  1
 196 108  1
 238 109  1
 171 110  1
 172 110  1
 185 110  1
 186 110  1
  53 111  1
 158 111  1
 160 111  1
 233 111  1
 234 111  1
 156 112  1
 198 112  1
 245 112  1
 246 112  1
  79 113  1
 153 113  1
 167 113  1
  20 114  1
  29 114  1
 202 114  1
  35 115  1
  36 115  1
 150 115  1
 228 115  1
  81 116  1
  82 116  1
 175 116  1
 181 116  1
 141 117  1
 142 117  1
 191 117  1
 158 118  1
 212 118  1
 247 118  1
  26 119  1
  36 119  1
 178 119  1
 179 119  1
 180 119  1
 251 119  1
  50 120  1
  51 120  1
  91 120  1
 111 120  1
 239 120  1
 240 120  1
  55 121  1
 171 121  1
 228 121  1
 229 121  1
  17 122  1
  86 122  1
 113 122  1
 157 122  1
  21 123  1
  36 123  1
 163 123  1
 242 123  1
  48 124  1
 180 124  1
 218 124  1
 230 124  1
   1 125  1
  88 125  1
  89 125  1
 130 125  1
 187 125  1
 188 125  1
 244 125  1
 245 125  1
 220 126  1
 231 126  1
  33 127  1
 111 127  1
 150 127  1
 173 127  1
 254 127  1
  23 128  1
  29 128  1
  94 128  1
  96 128  1
 189 128  1
   2 129  1
 102 129  1
 120 129  1
 149 129  1
 185 129  1
 244 129  1
 166 130  1
 218 130  1
 219 130  1
 223 130  1
 249 130  1
  15 131  1
  88 131  1
  90 131  1
 125 131  1
 144 131  1
 145 131  1
 148 131  1
 172 131  1
 193 131  1
 202 131  1
 207 131  1
 208 131  1
  19 132  1
  27 132  1
  40 132  1
 140 132  1
 159 132  1
 273 132  1
 274 132  1
   5 133  1
   6 133  1
  48 133  1
  88 133  1
 195 133  1
 229 133  1
 235 133  1
 262 133  1
 125 134  1
 212 134  1
  44 135  1
  59 135  1
  88 135  1
  97 135  1
 256 135  1
  11 136  1
 146 136  1
 166 136  1
 222 136  1
 245 136  1
  38 137  1
  39 137  1
  65 137  1
 113 137  1
 158 137  1
 193 137  1
 170 138  1
 171 138  1
 207 138  1
 224 138  1
 226 138  1
  19 139  1
  38 139  1
 138 139  1
  11 140  1
  12 140  1
  65 140  1
 133 140  1
 144 140  1
 216 140  1
 227 140  1
 234 140  1
 236 140  1
 255 140  1
  44 141  1
  87 141  1
  88 141  1
 114 141  1
 138 141  1
 189 141  1
  24 142  1
  27 142  1
  83 142  1
  84 142  1
   6 143  1
   7 143  1
  17 143  1
 112 143  1
 194 143  1
 225 143  1
  82 144  1
  90 144  1
  91 144  1
 203 144  1
 215 144  1
 270 144  1
  31 145  1
  32 145  1
 172 145  1
 198 145  1
 229 145  1
 230 145  1
   4 146  1
  55 146  1
  82 146  1
 114 146  1
 115 146  1
 224 146  1
 225 146  1
 185 147  1
 196 147  1
  38 149  1
  39 149  1
  84 149  1
 107 149  1
 177 149  1
 270 150  1
  41 152  1
 229 152  1
 230 152  1
 272 152  1
  58 153  1
  82 153  1
 178 154  1
 196 154  1
 205 154  1
  33 155  1
 116 155  1
 191 155  1
 203 155  1
 183 156  1
 201 156  1
 231 156  1
 243 156  1
 244 156  1
  75 157  1
  79 157  1
  31 158  1
  32 158  1
  38 158  1
  40 158  1
  59 158  1
  96 158  1
 123 158  1
 186 159  1
 236 159  1
 177 160  1
 240 160  1
 244 160  1
  36 161  1
 126 161  1
 127 161  1
  46 162  1
  55 162  1
 192 162  1
 193 162  1
  78 163  1
 228 164  1
  72 165  1
 133 165  1
 225 165  1
 252 165  1
 253 165  1
 282 165  1
 283 165  1
  35 167  1
  81 167  1
 195 167  1
 203 167  1
 241 167  1
 243 167  1
  22 168  1
 124 168  1
 125 168  1
 135 168  1
 137 168  1
 140 168  1
 247 168  1
 143 170  1
 195 170  1
  24 172  1
 247 172  1
 269 172  1
  84 173  1
 258 173  1
 259 173  1
 275 173  1
  44 174  1
  92 174  1
 128 174  1
 199 174  1
 229 174  1
  94 175  1
 143 176  1
 144 176  1
 173 176  1
 174 176  1
 259 176  1
 265 177  1
  47 178  1
  48 178  1
  84 178  1
  95 178  1
 232 179  1
 233 179  1
 243 179  1
 244 179  1
 263 179  1
   8 180  1
   9 180  1
 133 180  1
  81 182  1
  83 182  1
  88 182  1
  99 182  1
 253 182  1
 108 183  1
  47 184  1
  93 184  1
 135 184  1
 184 184  1
  45 185  1
 110 185  1
 180 186  1
 181 186  1
 201 186  1
 202 186  1
 245 186  1
 113 187  1
 152 187  1
 237 187  1
  81 188  1
  85 188  1
 162 188  1
 163 188  1
 189 188  1
  74 189  1
  75 189  1
  52 190  1
 133 190  1
 202 190  1
 275 190  1
 276 190  1
  15 191  1
  58 194  1
  68 194  1
  69 194  1
 126 195  1
 127 195  1
 154 195  1
  18 196  1
 119 197  1
 115 198  1
 145 199  1
 149 199  1
 150 199  1
 271 200  1
 144 201  1
 149 201  1
 196 201  1
 197 201  1
 254 201  1
 255 201  1
 120 202  1
 137 202  1
 200 202  1
 149 203  1
 150 203  1
  50 204  1
  69 204  1
  75 205  1
 164 205  1
  87 206  1
  88 206  1
 159 206  1
 256 206  1
 132 207  1
 136 207  1
 201 207  1
  91 209  1
 145 209  1
 153 209  1
 196 209  1
 197 209  1
  43 210  1
 159 211  1
 160 211  1
  31 212  1
  97 212  1
  98 212  1
 102 212  1
 135 212  1
  76 214  1
 173 214  1
 198 214  1
  36 215  1
  68 215  1
 103 217  1
 104 217  1
 252 217  1
  41 218  1
  78 218  1
 148 218  1
 149 218  1
 185 218  1
 173 220  1
 174 220  1
 204 221  1
 103 222  1
 104 222  1
 144 222  1
  83 223  1
 208 224  1
  98 225  1
 243 225  1
  56 226  1
  57 226  1
 140 227  1
 187 228  1
  62 229  1
 139 231  1
  70 232  1
  88 232  1
 136 232  1
 208 232  1
 227 232  1
 228 232  1
  79 235  1
  92 235  1
 191 235  1
 101 236  1
  85 237  1
 105 237  1
 106 237  1
 213 244  1
 121 246  1
 209 246  1
 210 246  1
 124 247  1
 164 248  1
 158 249  1
 160 249  1
 158 251  1
 198 252  1
 139 253  1


count = 719