 155   1  1
 159   1  1
 166   1  1
 170   1  1
 184   1  1
 188   1  1
 151   2  1
 153   2  1
 148   3  1
 135   6  1
 132   7  1
 125  10  1
 111  15  1
 113  15  1
 109  16  1
 121  17  1
 101  19  1
 119  19  1
 121  19  1
 226  19  1
 114  20  1
  90  24  1
 101  24  1
 233  24  1
  66  29  1
  98  29  1
  92  31  1
  85  32  1
 143  34  1
 144  34  1
 149  34  1
 150  34  1
  71  35  1
  72  35  1
  90  35  1
  91  35  1
 139  36  1
  45  37  1
 135  37  1
 158  37  1
 160  37  1
 244  37  1
  62  38  1
  69  38  1
  88  38  1
  56  39  1
 144  39  1
  51  40  1
 119  43  1
 124  43  1
 148  43  1
 152  43  1
  34  44  1
 110  45  2
 135  45  1
 148  45  1
 154  45  1
 128  46  1
 140  46  1
 252  46  1
  30  47  1
 133  47  1
 126  50  1
 138  50  1
 143  50  1
 111  51  1
 117  51  1
 134  51  1
 130  53  1
 150  53  1
 156  54  1
 246  54  1
 248  54  1
 249  54  1
 258  54  1
 109  58  1
 110  58  1
 216  58  1
 242  58  1
  19  59  1
 154  59  1
 163  59  1
 158  60  1
 159  60  1
 212  60  1
 231  60  1
 149  61  1
 247  61  1
  24  62  1
 113  62  1
 159  62  1
  17  63  1
  31  64  1
 154  64  1
 265  64  1
 108  65  1
 215  65  1
 216  65  1
  15  66  1
 252  66  1
 253  66  1
 196  67  1
  21  68  1
 200  68  1
  13  69  1
 215  69  1
 252  70  1
  97  71  1
 177  71  1
 181  71  1
 212  71  1
 101  73  1
 181  73  1
 198  73  1
 199  73  1
 200  73  1
 195  74  1
  17  75  1
 188  75  1
 175  76  1
 228  76  1
 185  77  1
 194  78  1
 195  78  1
 244  78  1
  99  80  1
 156  81  1
 158  81  1
 168  81  1
 160  82  1
 186  82  1
 236  82  1
 237  82  1
 238  82  1
 164  83  1
 245  83  1
  12  84  1
  13  84  1
   6  85  1
   7  85  1
 250  85  1
  12  86  1
 178  87  1
 254  87  1
 255  87  1
   5  88  1
   6  88  1
  11  88  1
  12  88  1
  96  88  1
 142  89  1
 242  89  1
 263  89  1
 175  90  1
  10  92  1
 241  92  1
 242  92  1
 261  92  1
 266  93  1
 175  94  1
 251  94  1
 252  94  1
  91  95  1
 142  95  1
 260  95  1
 273  95  1
 159  96  1
 178  96  1
 281  96  1
 282  96  1
  77  97  1
  81  97  1
 222  97  1
 229  97  1
 238  97  1
 244  98  1
  74  99  1
  81  99  1
 150  99  1
 231  99  1
 234  99  1
  10 100  1
  11 100  1
  12 100  1
  94 101  1
 150 101  1
 222 101  1
  98 102  1
 241 102  1
  53 103  1
  54 103  1
 147 103  1
 228 103  1
 229 103  1
 236 103  1
   9 104  1
 111 104  1
 122 104  1
 125 104  1
  52 105  2
  83 105  1
  84 105  1
 240 105  1
 100 106  1
 106 106  1
 179 107  1
 183 109  1
 217 109  1
  53 111  1
 107 111  1
 108 111  1
 222 111  1
 224 111  1
 226 111  1
  99 112  1
 216 112  1
 264 112  1
  10 113  1
  52 113  1
  53 113  1
  65 113  1
  66 113  1
 173 114  1
 270 114  1
  81 115  1
  82 115  1
  91 116  1
  92 116  1
 216 116  1
  75 117  1
 228 117  1
 275 117  1
 276 117  1
  13 118  1
  66 118  1
 184 118  1
 190 118  1
 194 118  1
 265 118  1
 166 119  1
 201 120  1
  32 121  1
 207 121  1
  24 122  1
  25 122  1
 188 122  1
 254 122  1
 265 122  1
 267 122  1
  16 123  1
  87 123  1
  91 123  1
 195 123  1
 197 123  1
 215 123  1
  37 124  1
  52 124  1
  53 124  1
  54 124  1
  94 124  1
 209 124  1
 210 124  1
 222 124  1
  65 125  1
 169 125  1
 245 125  1
 158 126  1
 188 126  1
 224 126  1
  58 127  1
  59 127  1
  60 127  1
  65 127  1
 137 127  1
 265 127  1
  24 128  1
  38 128  1
 123 128  1
 124 128  1
 154 128  1
 213 128  1
 275 128  1
  15 129  1
  16 129  1
  42 129  1
  50 129  1
  65 129  1
 132 129  1
 148 129  1
 243 129  1
  57 130  1
 106 130  1
 166 130  1
 245 130  1
   8 131  1
  55 131  1
 162 131  1
 218 131  1
  63 132  1
  85 132  1
 110 132  1
 119 132  1
 120 132  1
 213 132  1
 250 132  1
 132 133  1
 140 133  1
 141 133  1
 210 133  1
 211 133  1
 221 133  1
 124 134  1
 125 134  1
 149 134  1
 161 135  1
 179 135  1
 180 135  1
 214 136  1
  83 137  1
 119 137  1
 120 137  1
 157 137  1
 192 137  1
 210 137  1
 176 138  1
 185 138  1
 200 138  1
 170 139  1
   1 140  1
 114 141  1
 193 141  1
  89 142  1
 187 143  1
 181 145  1
 182 145  1
 265 145  1
 270 146  1
  73 148  1
  82 149  1
 188 149  1
 265 149  1
 192 150  1
 193 150  1
 196 150  1
 177 151  1
 188 151  1
 271 151  1
 272 151  1
 172 152  1
 261 152  1
  80 153  1
 259 154  1
  67 155  1
 190 155  1
 191 155  1
 252 155  1
   6 156  1
   7 156  1
  78 156  1
 120 156  1
 123 156  1
 259 156  1
 171 157  1
 270 157  1
 250 158  1
 263 158  1
  76 159  1
  68 160  1
 171 160  1
 172 160  1
 190 160  1
 191 160  1
   1 161  1
 129 161  1
 160 161  1
 233 161  1
 248 161  1
 161 163  1
 239 163  1
 131 165  1
   1 166  1
   2 166  1
 164 166  1
 235 166  1
 243 166  1
 275 166  1
 276 166  1
   7 167  1
   8 167  1
 185 167  1
   8 170  1
   9 170  1
 246 171  1
 133 172  1
 134 172  1
 191 172  1
 192 172  1
 137 173  1
 168 173  1
 169 173  1
 142 175  1
 242 175  1
   4 176  1
   5 176  1
 161 176  1
 147 177  1
   5 178  1
 190 178  1
 240 178  1
   5 180  1
   6 180  1
  11 180  1
  12 180  1
 164 181  1
 184 181  1
 189 181  1
 190 181  1
 238 181  1
 168 182  1
 169 182  1
 147 183  1
 148 183  1
 149 183  1
 183 183  1
 267 184  1
  13 185  1
 238 185  1
 239 185  1
 138 186  1
 198 187  1
 220 187  1
 221 187  1
 147 188  1
 218 188  1
 138 189  1
 144 189  1
 184 189  1
 185 189  1
 190 189  1
 193 190  1
 141 191  1
 203 191  1
 204 191  1
 241 191  1
 262 191  1
 198 192  1
  95 193  1
 187 193  1
 246 193  1
  11 194  1
  12 194  1
 195 194  1
 220 194  1
 226 194  1
 230 194  1
 190 195  1
 100 196  1
 198 196  1
 216 196  1
 222 196  1
  96 197  1
 141 197  1
 102 198  1
 257 199  1
  16 200  1
  80 200  1
 211 200  1
 221 200  1
 138 201  1
 105 202  1
 198 202  1
  99 203  1
 202 203  1
  79 204  1
  21 205  1
  87 205  1
  94 206  1
 143 206  1
 144 206  1
 148 206  1
 149 206  1
 203 207  1
 140 208  1
  72 209  1
 125 209  1
 130 209  1
  28 210  1
 128 211  1
 165 212  1
  72 213  1
 113 213  1
 110 214  1
 128 214  1
 143 214  1
 151 214  1
 160 214  1
 132 215  1
 172 216  1
 239 216  1
  36 217  1
  37 217  1
  74 217  1
  75 217  1
 141 217  1
 111 218  1
  42 219  1
  85 219  1
 156 219  1
 162 219  1
  44 220  1
 139 220  1
 147 220  1
  75 221  1
  80 221  1
  89 223  1
 107 223  1
 152 223  1
  85 226  1
  74 227  1
 102 227  1
 227 227  1
 169 229  1
 170 229  1
  98 230  1
 113 230  1
 223 230  1
 128 231  1
 129 231  1
 117 232  1
  88 233  1
 174 234  1
  92 235  1
 113 236  1
 167 236  1
 168 236  1
 215 236  1
  84 237  1
 109 237  1
 116 237  1
 118 237  1
  87 239  1
  88 239  1
 115 239  1
  91 240  1
 107 240  1
  96 242  1
 112 242  1
 113 242  1
 101 244  1
 104 245  1
 164 245  1
 165 245  1
 107 246  1
 202 246  1
 110 247  1
 170 247  1
 185 253  1
 137 255  1
 144 256  1


count = 559