 167   1  1
 172   1  1
 194   4  1
 197   5  1
 199   6  1
 113   9  1
 110  10  1
 212  11  1
 106  13  1
 101  14  1
 117  14  1
  93  18  1
  94  18  1
 117  18  1
 118  18  1
 223  18  1
  90  20  1
  85  22  1
 119  23  1
  81  24  1
  82  24  1
  95  24  1
 147  24  1
  91  26  1
 193  26  1
 197  26  1
 128  27  1
  89  28  1
  76  30  1
 130  30  1
 191  30  1
 132  32  1
 151  33  1
 172  33  1
 217  33  1
 156  34  1
  81  35  1
  82  35  1
 167  35  1
 159  36  1
 187  36  1
 211  36  1
 213  36  1
  51  37  1
  83  37  1
 164  37  1
  53  39  1
  39  40  1
 158  41  1
  91  42  1
  92  42  1
 155  42  1
  89  45  1
 123  45  1
  38  46  1
  70  46  1
 166  46  1
  90  47  1
  91  47  1
  95  48  1
 136  48  1
 137  48  1
 167  48  1
  77  49  1
  78  49  1
  47  50  1
 106  50  1
 167  50  1
  33  51  1
 162  51  1
  88  52  1
 184  53  1
  40  54  1
  89  54  1
 135  54  1
 256  54  1
  20  55  1
  81  55  1
 139  55  1
 163  55  1
  46  56  1
  84  56  1
 171  56  1
 193  57  1
 261  59  1
  52  60  1
  83  60  1
 182  60  1
 184  60  1
 200  60  1
  17  62  1
 190  62  1
 192  62  1
 219  63  1
  51  64  1
 203  64  1
 194  65  1
  38  66  1
 206  66  1
 207  66  1
 213  66  1
 214  66  1
 266  67  1
 267  67  1
  44  68  1
  90  68  1
 159  68  1
 209  69  1
 171  70  1
 166  71  1
  52  72  1
 162  72  1
 184  72  1
 209  73  1
 210  73  1
 103  74  1
  16  75  1
  81  75  1
  82  75  1
 174  75  1
 175  75  1
 195  75  1
 206  75  1
  93  76  1
 112  76  1
 208  76  1
 182  77  1
  21  78  1
 114  78  1
 161  78  1
 193  78  1
 263  78  1
 176  79  1
 273  79  1
   7  80  1
   8  80  1
 117  80  1
 118  80  1
 119  80  1
 167  80  1
  13  81  1
  94  81  1
 251  82  1
 252  82  1
 261  82  1
 262  82  1
   6  83  1
   7  83  1
 115  84  1
 169  84  1
 170  84  1
 182  84  1
 183  84  1
 204  84  1
 255  84  1
 260  84  1
 160  85  1
 161  85  1
 195  85  1
   5  86  1
   6  86  1
 111  86  1
 112  86  1
 171  87  1
 172  87  1
  62  88  1
  63  88  1
 182  88  1
  84  89  1
 187  89  1
 159  90  1
 160  90  1
  13  91  1
  53  92  1
  54  92  1
 177  92  1
 178  92  1
  10  93  1
  60  93  1
   3  95  1
   4  95  1
  72  95  1
 159  95  1
 160  95  1
  79  96  1
 173  96  1
 174  96  1
 196  96  1
  70  97  1
 190  97  1
 281  98  1
 282  98  1
 193 100  1
 187 101  1
 199 101  1
   1 102  1
   2 102  1
 168 102  1
 181 103  1
  69 104  1
  70 104  1
 109 104  1
 188 104  1
 244 105  1
   1 106  1
  90 107  1
  91 107  1
 101 107  1
 195 107  1
 281 108  1
 282 108  1
 165 109  1
 106 110  1
 178 111  1
  78 112  1
  80 112  1
 168 112  1
 118 113  1
 180 113  1
 248 114  1
 163 116  1
 183 116  1
 236 116  1
 195 117  1
   1 118  1
  90 118  1
  94 118  1
 121 118  1
 197 118  1
 230 118  1
 112 119  1
 113 119  1
 135 119  1
 147 119  1
 263 119  1
 102 120  1
 119 120  1
 158 120  1
 171 120  1
 188 120  1
 220 120  1
 247 120  1
 248 120  1
 252 120  1
   7 121  1
 139 121  1
 210 121  1
 215 121  1
 223 121  1
 235 121  1
 241 121  1
  23 122  1
 116 122  1
 127 122  1
 128 122  1
 163 122  1
 174 122  1
 198 122  1
 199 122  1
  69 123  1
  78 123  1
  86 123  1
 273 123  1
  34 124  1
 226 124  1
  26 125  1
  53 125  1
  61 125  1
  63 125  1
 176 125  1
 210 125  1
 211 125  1
 166 126  1
 191 126  1
   3 127  1
 115 127  1
 137 127  1
 180 127  1
 184 127  1
 185 127  1
 219 127  1
  11 128  1
  69 128  1
  78 128  1
  83 128  1
 129 128  1
 235 128  1
  38 129  1
  64 129  1
 161 129  1
 264 129  1
 119 130  1
 146 130  1
 167 130  1
 179 130  1
 219 130  1
   3 131  1
   4 131  1
  31 131  1
 125 131  1
 150 131  1
 171 131  1
 173 131  1
 187 131  1
 191 131  1
 205 131  1
 212 131  1
 214 131  1
 272 131  1
  14 132  1
  95 132  1
 113 132  1
 114 132  1
 223 132  1
  90 133  1
 120 133  1
 179 133  1
 193 133  1
 228 133  1
 266 133  2
 267 133  1
 210 134  1
 233 134  1
 234 134  1
 201 135  1
 271 135  1
   7 136  1
  10 136  1
  87 136  1
 119 136  1
   1 137  1
   2 137  1
 116 137  1
 184 138  1
  44 139  1
  98 139  1
 161 139  1
 162 139  1
 210 139  1
 212 139  1
   1 140  1
  92 140  1
 166 140  1
 229 140  1
  49 141  1
 202 141  1
  41 142  1
  88 142  1
  89 142  1
 190 142  1
 217 142  1
 177 145  1
 217 145  1
  39 146  1
  43 146  1
  60 146  1
 181 146  1
 172 147  1
  51 148  1
  82 148  1
 193 148  1
 201 148  1
   1 149  1
  62 150  1
 173 150  1
 210 150  1
 211 150  1
 271 150  1
  45 152  1
 174 152  1
 264 152  1
 266 152  1
 204 153  1
 205 153  1
 214 153  1
 215 153  1
  67 154  1
 183 154  1
 208 154  1
 209 154  1
 210 154  1
 216 155  1
 255 155  1
 271 155  1
 282 155  1
 283 155  1
 212 156  1
 268 157  1
 281 158  1
 282 158  1
 176 159  1
 177 159  1
  77 160  1
 189 160  1
 255 160  1
 170 161  1
 171 161  1
 220 161  1
  67 162  1
  68 162  1
 183 162  1
 242 162  1
 243 162  1
 279 163  1
 176 164  1
 250 164  1
 255 164  1
 193 165  1
 195 167  1
 247 169  1
 182 170  1
 183 170  1
 243 170  1
 199 171  1
 202 172  1
   4 173  1
   5 173  1
 170 173  1
 136 174  2
 205 174  1
 189 175  1
 193 175  1
 273 175  1
 274 175  1
 133 176  1
 183 177  1
 231 177  1
  10 178  1
  25 178  1
 174 178  1
 203 178  1
   6 179  1
   7 179  1
 188 179  1
 178 181  1
  16 182  1
  26 182  1
 194 182  1
 190 183  1
 270 183  1
 271 183  1
   8 184  1
   9 184  1
  14 184  1
 152 184  1
 204 184  1
 219 184  1
 269 185  1
   9 187  1
  10 187  1
 154 187  1
 198 187  1
 213 187  1
 229 187  1
 239 187  1
  66 189  1
  67 189  1
 159 189  1
 160 189  1
 236 189  1
  91 190  1
 207 190  1
 208 190  1
  97 192  1
 203 192  1
 265 192  1
  79 193  1
 232 193  1
  12 194  1
  13 194  1
 110 194  1
 161 194  1
 263 195  1
  64 196  1
 105 196  1
  86 197  1
 152 197  1
 104 198  1
 105 198  1
  81 199  1
  82 199  1
 232 199  1
 261 199  1
 100 200  1
 101 200  1
 139 200  1
 163 200  1
 167 200  1
 110 201  1
 148 201  1
  20 202  1
  94 203  1
 110 203  1
  46 204  1
  81 204  1
 258 204  1
  48 205  1
 110 205  1
 126 205  1
  36 206  2
  37 206  1
 114 206  1
 164 207  1
  26 208  1
 148 208  1
 159 208  1
 153 209  1
  40 210  1
  43 210  1
  93 210  1
 117 210  1
 142 210  1
 143 210  1
  33 211  1
 133 211  1
 139 211  1
  80 212  1
  46 214  1
  52 214  1
  58 214  1
  59 214  1
  62 214  1
  86 214  1
 115 214  1
 162 214  1
  98 215  1
 118 215  1
  40 216  1
 158 216  1
 248 216  1
  54 218  1
  80 218  1
  81 218  1
  87 220  1
 143 220  1
 155 220  1
 139 221  1
  84 223  1
 149 223  1
 151 223  1
  52 225  1
  53 225  1
  78 225  1
 133 225  1
 166 225  1
 167 225  1
  78 227  1
  82 227  1
 150 227  1
  94 228  1
 131 228  1
 140 228  1
  76 229  1
 167 229  1
  83 231  1
 166 231  1
 128 232  1
  70 233  1
  72 233  1
  86 233  1
 156 233  1
 157 233  1
 158 233  1
 162 233  1
  75 234  1
  92 234  1
  93 234  1
 228 234  1
  78 235  1
  98 235  1
 224 236  1
 225 236  1
 159 237  1
 164 237  1
 165 237  1
 148 240  1
 179 240  1
 180 240  1
 133 241  1
 143 241  1
 158 241  1
 159 241  1
 169 241  1
 110 243  1
 136 243  1
 152 243  1
 113 244  1
 145 244  1
 146 244  1
 156 244  1
 157 244  1
 215 244  1
 146 247  1
 124 248  1
 127 249  1
 170 250  1
 207 250  1
 172 251  1
 189 255  1
 162 256  1
 168 257  1


count = 601