 147   1  1
 151   1  1
 154   1  1
 162   1  1
 183   4  1
 158   6  1
 149   7  1
 164   7  1
 140   8  1
 191   8  1
 193   8  1
 183   9  1
 199   9  1
 101  10  1
 202  10  1
 116  11  1
 188  13  1
 166  14  1
 167  14  1
 209  14  1
  90  15  1
 181  15  1
 182  15  1
 212  16  1
 145  17  1
 108  18  1
 109  18  1
 187  18  1
  78  19  1
 115  19  1
 121  19  1
 189  20  1
 198  20  1
 220  20  1
  76  21  1
 137  21  1
 138  21  1
 161  21  1
 162  21  1
 123  22  1
 124  22  1
  70  23  1
  72  23  1
 117  23  1
 118  23  1
 198  24  1
  79  25  1
  80  25  1
 112  25  1
 180  25  1
 181  25  1
 196  25  1
 139  26  1
 140  26  1
  58  27  1
  59  27  1
 188  27  1
 193  27  1
 216  27  1
 119  29  1
 120  29  1
 124  29  1
 213  29  1
 181  30  1
 182  30  1
 197  30  1
 164  31  1
 210  31  1
 218  32  1
 113  33  1
 114  33  1
 159  34  1
 167  34  1
 168  34  1
 182  34  1
  58  35  1
 144  35  1
 145  35  1
 155  35  1
 120  36  1
  63  37  1
  64  37  1
  72  37  1
 155  37  1
 156  37  1
 166  37  1
 167  37  1
 208  37  1
 209  37  1
 215  37  1
  81  38  1
  82  38  1
 115  38  1
 116  38  1
  64  39  1
  43  40  1
 142  40  1
 213  40  1
 118  42  1
 124  42  1
  71  43  1
 211  43  1
  51  44  1
  52  44  1
  59  44  1
  60  44  1
 204  44  1
 205  44  1
 162  45  1
  54  46  1
 125  46  1
 126  46  1
 250  46  1
  44  48  1
  85  48  1
  89  48  1
 129  48  1
 204  48  1
 208  48  1
 122  51  1
 158  51  1
  63  52  1
  64  52  1
  86  52  1
  91  53  1
 130  53  1
  29  54  1
  50  54  1
 126  54  1
  40  55  1
  69  55  1
  65  56  1
 157  56  1
  45  58  1
  47  59  1
 261  59  1
  48  61  1
  53  61  1
  22  62  1
  20  65  1
  32  65  1
  40  65  1
  51  65  1
  52  65  1
  56  65  1
 266  67  1
 267  67  1
  18  68  1
 268  70  1
 269  70  1
  16  71  1
  57  72  1
  62  72  1
  19  77  1
  56  77  1
  21  78  1
 190  78  1
 273  79  1
  36  81  1
  38  81  1
  39  81  1
 177  81  1
  36  83  1
 158  83  1
 276  83  1
   8  84  1
 219  85  1
 221  85  1
 190  86  1
 191  86  1
 148  87  1
 219  87  1
 239  87  1
   6  88  1
   7  88  1
  16  88  1
  21  88  1
  39  88  1
 235  88  1
  24  90  1
  25  90  1
 138  90  1
 150  90  1
 222  90  1
 228  90  1
 273  90  1
  28  91  1
 269  91  1
  32  92  1
 279  92  1
 280  92  1
  12  93  1
  13  93  1
  14  93  1
 127  93  1
 187  94  1
 188  94  1
  16  95  1
  17  95  1
 179  95  1
 237  95  1
 238  95  1
 280  95  1
 281  95  1
   9  97  1
  10  97  1
 183  97  1
 184  97  1
 217  97  1
 222  97  1
 121  98  1
 225  99  1
  15 100  1
 171 100  1
 172 100  1
 227 100  1
 234 100  1
 260 101  1
 222 103  1
 240 103  1
 128 104  1
 126 105  1
 236 105  1
 238 105  1
   1 106  1
   2 106  1
 159 106  1
 163 106  1
 164 106  1
 245 107  1
 157 108  1
 230 108  1
 150 109  1
 244 109  1
 136 110  1
 143 110  1
 161 110  1
 248 110  1
   8 111  1
 158 111  1
 209 111  1
  94 113  1
 101 113  1
 223 113  1
 230 113  1
 238 113  1
  21 114  1
 104 114  1
  49 116  1
 220 116  1
 243 116  1
 245 116  1
 246 116  1
  33 117  1
  45 117  1
  47 117  1
  53 117  1
 204 117  1
  79 118  1
 259 118  1
  44 119  1
  72 119  1
 213 119  1
 236 119  1
 102 120  1
  49 121  1
  89 121  1
 242 121  1
 243 121  1
 254 121  1
 255 121  1
  32 122  1
  69 122  1
  93 122  1
 146 122  1
 215 122  1
 233 122  1
 235 123  1
  16 124  1
  46 124  1
  47 124  1
  96 124  1
 144 124  1
 259 124  1
 260 124  1
 265 124  1
  71 125  1
  72 125  1
 139 125  1
 280 125  1
  25 126  1
  37 126  1
  83 126  1
  91 126  1
 202 126  1
 225 126  1
 243 126  1
  76 127  1
  49 128  1
 144 128  1
 145 128  1
 207 128  1
 208 128  1
 275 128  1
   6 129  1
 235 129  1
  25 130  1
  77 130  1
 241 130  1
   1 131  1
  53 131  1
 198 131  1
 218 131  1
 232 131  1
  27 132  1
  28 132  1
  35 132  1
  42 132  1
  43 132  1
 140 132  1
 208 133  1
 231 133  1
  43 134  1
 193 134  1
 201 135  1
 269 135  1
 271 135  1
  33 136  1
 193 136  1
 218 136  1
   6 137  1
 242 137  1
 193 138  1
 194 138  1
 203 138  1
 204 138  1
 273 138  1
 274 138  1
 275 138  1
 209 139  1
 210 139  1
   1 141  1
 247 141  1
 248 141  1
 210 142  1
 129 143  1
 213 144  1
 243 144  1
 269 144  1
 230 145  1
 231 145  1
   2 146  1
 194 146  1
 195 146  1
 175 147  1
 217 147  1
 219 147  1
 266 147  1
 267 147  1
 268 147  1
 122 148  1
 181 148  1
 222 148  1
 224 148  1
 202 149  1
   4 150  1
   5 150  1
  10 150  1
 221 151  1
 232 151  1
 233 151  1
 240 151  1
 156 152  1
 167 152  1
 194 152  1
  11 154  1
  16 154  1
  97 154  1
  98 154  1
 233 154  1
  21 155  1
  90 155  1
 107 155  1
 115 155  1
 117 155  1
 243 155  1
 264 155  1
 265 155  1
 267 155  1
 113 156  1
 208 156  1
 209 156  1
 237 156  1
  88 157  1
  89 157  1
 178 157  1
 179 157  1
  21 158  1
 271 158  1
 104 159  1
 201 159  1
 203 159  1
 206 159  1
  16 160  1
 180 160  1
 192 160  1
 240 160  1
 241 160  1
  92 162  1
 211 162  1
 272 162  1
 273 162  1
 100 163  1
 237 163  1
  20 164  1
 267 164  1
  11 165  1
  12 165  1
 185 165  1
 232 165  1
  17 166  1
  18 166  1
 143 167  1
 228 167  1
 229 167  1
 278 167  1
 279 167  1
 214 169  1
 224 169  1
 229 169  1
 235 169  1
 267 169  1
 263 170  1
 146 171  1
 147 171  1
 269 172  1
 270 172  1
 271 172  1
 258 173  1
 259 173  1
 276 174  1
 173 175  1
 226 175  1
 238 176  1
 177 177  1
 181 177  1
 227 177  1
 233 177  1
 268 177  1
  17 178  1
  35 178  1
 221 178  1
 222 178  1
  41 179  1
  53 179  1
 256 179  1
 239 180  1
 252 180  1
 204 181  1
 231 181  1
 232 181  1
 246 182  1
 248 182  1
 271 182  1
 272 182  1
  21 184  1
  52 184  1
 227 184  1
 205 186  1
  84 187  1
 207 187  1
  88 188  1
 269 189  1
  43 190  1
  78 190  1
  79 190  1
 208 190  1
  45 191  1
  47 191  1
  91 191  1
  38 192  1
 100 194  1
  66 195  1
  67 195  1
  33 197  1
  98 197  1
  72 198  1
  95 198  1
  55 199  1
  65 199  1
  51 201  1
  52 201  1
  97 201  1
  98 201  1
  91 202  1
  47 204  1
  48 204  1
  70 205  1
  71 205  1
  97 205  1
  84 209  1
  71 211  1
  72 211  1
  89 211  1
 249 212  1
 121 213  1
  78 214  1
 193 214  1
 197 214  1
 248 214  1
 246 215  1
  76 216  1
  82 216  1
 170 217  1
 199 217  1
  71 218  1
 143 219  1
 170 219  1
  71 220  1
 123 221  1
 124 221  1
 170 221  1
 176 221  1
 197 221  1
 198 221  1
 238 221  1
 150 222  1
 204 222  1
 142 223  1
 143 223  1
 183 223  1
 121 224  1
 146 224  1
 147 224  1
 148 224  1
 160 224  1
 164 224  1
 177 224  1
 194 225  1
 195 225  1
  79 226  1
 115 226  1
 181 226  1
  72 229  1
 173 229  1
 205 229  1
 137 230  1
 164 230  1
 179 230  1
 130 231  1
 140 231  1
 199 231  1
 146 232  1
 160 232  1
 225 232  1
  82 233  1
 118 233  1
 119 233  1
 166 233  1
 167 233  1
 132 234  1
 221 234  1
 204 235  1
 127 236  1
 128 236  1
 139 236  1
 110 238  1
 111 238  1
 144 238  1
 145 238  1
 214 238  1
  93 239  1
 135 239  1
 153 239  1
 211 240  1
 113 241  1
 169 241  1
  96 242  1
 163 242  1
 172 242  1
 132 244  1
 186 244  1
 104 245  1
 105 245  1
 138 245  1
 141 245  1
 121 246  1
 135 246  1
 136 246  1
 200 246  1
 181 247  1
 195 247  1
 192 248  1
 130 249  1
 164 249  1
 189 249  1
 187 250  1
 155 252  1
 165 255  1
 146 257  1


count = 600