 157   1  1
 174   1  1
 144   3  1
 138   5  1
 124  10  1
 126  10  1
 186  10  1
 138  13  1
 164  13  1
 185  13  1
 169  14  1
 196  14  1
 131  15  1
 172  15  1
 173  15  1
 174  15  1
 181  15  1
 124  16  1
 193  16  1
 140  17  1
 110  18  1
 111  18  1
 116  19  1
 117  19  1
 130  19  1
 131  19  1
  82  20  1
 106  20  1
 126  20  1
 193  20  1
 194  20  1
 140  21  1
 169  21  2
 171  21  1
 178  21  1
 100  22  1
  92  23  1
 113  24  1
 205  24  1
 233  24  1
  84  25  1
 117  26  1
 136  26  1
 137  26  1
 143  26  1
 163  26  1
 176  26  1
 177  26  1
  77  27  1
  89  27  1
 181  28  1
 182  28  1
 205  28  1
 142  29  1
 160  29  1
 239  29  1
  55  30  1
  57  30  1
  78  30  1
 113  30  1
 192  30  1
  67  31  1
 197  31  1
  51  32  1
  52  32  1
  74  32  1
  75  32  1
 207  32  1
  89  33  1
 179  33  1
  93  34  1
  94  34  1
 193  34  1
 245  34  1
 204  36  1
  45  37  1
  91  37  1
 128  37  1
 140  37  1
 119  38  1
 120  38  1
 134  38  1
 161  39  1
 139  40  1
  40  41  1
 190  42  1
 177  43  2
 179  43  1
 205  43  1
  36  44  1
 141  44  1
 132  45  1
 149  45  1
 150  45  1
 175  45  2
 152  46  1
  32  47  1
 169  47  1
 175  47  1
 177  48  1
 180  48  1
 261  48  1
 161  49  1
 203  49  1
 205  49  1
 128  50  1
 134  50  1
 172  50  2
 120  51  1
 140  51  1
 149  51  1
 120  53  1
 266  53  1
 166  54  1
 113  55  1
 119  55  1
 120  55  1
 172  55  2
 146  56  1
 161  56  1
 162  56  1
 115  57  1
 164  57  1
 166  57  1
 147  58  1
 155  58  1
 157  58  1
 170  59  1
 171  59  1
 119  61  1
 158  61  1
 168  61  1
 182  61  1
 271  62  1
 184  63  1
 168  64  1
 104  66  1
 105  66  1
 273  66  1
  14  67  1
 105  71  1
 208  71  1
 211  71  1
 267  71  1
 204  72  1
  17  73  1
 190  73  1
 191  73  1
 102  74  1
 276  74  1
 277  74  1
  96  75  1
 208  77  1
 210  77  1
 229  78  1
  20  79  1
  21  79  1
  80  79  1
  82  79  1
  13  80  1
  90  80  1
  92  80  1
 183  80  1
  88  81  1
 222  81  1
 223  81  1
 240  81  1
  21  82  1
 244  82  1
 181  83  1
 223  83  1
  18  84  1
 204  84  1
 222  85  1
 223  85  1
 249  85  1
 244  86  1
   5  87  1
   6  87  1
  27  87  1
  96  87  1
  97  87  1
 250  87  1
  16  88  1
  32  88  1
  33  88  1
  21  89  1
 250  89  1
 175  90  1
 182  90  1
 183  90  1
  10  91  1
 199  91  1
 220  91  1
 221  91  1
 254  91  1
   3  94  1
   4  94  1
  88  95  1
  93  95  1
 183  95  1
  73  96  1
 174  96  1
   2  97  1
   3  97  1
  82  97  1
  83  97  1
 186  97  1
 274  98  1
   9 100  1
  10 100  1
 219 100  1
 221 100  1
 210 101  1
 214 101  1
 172 102  1
 173 102  1
 188 102  1
 256 102  1
 260 102  1
   7 103  1
  86 103  1
 208 103  1
   1 104  1
 186 104  1
 205 104  1
  77 105  1
 262 105  1
 171 106  1
 220 108  1
 169 109  1
 175 109  1
 184 109  1
 185 109  1
 180 110  1
  83 111  1
  93 111  1
 274 111  1
  98 112  1
 269 112  1
 201 113  1
 202 113  1
 260 113  1
 265 113  1
   1 114  1
 169 114  1
  88 115  1
 126 115  1
 178 115  1
 179 115  1
 206 116  1
 247 116  1
   1 117  1
   2 117  1
  22 118  1
 127 118  1
 128 118  1
  90 119  1
 244 119  1
 254 119  1
  22 120  1
  34 120  1
  91 121  1
 160 121  1
 200 121  1
 208 121  1
 212 121  1
  10 122  1
  93 122  1
 126 122  1
 172 122  1
 173 122  1
 174 122  1
 177 122  1
 261 122  1
  24 123  1
  25 123  1
 232 123  2
  40 124  1
  95 124  1
 165 124  1
 217 124  1
 218 124  1
  33 125  1
  34 125  1
 223 125  1
 275 125  1
 154 126  1
 155 126  1
 196 126  1
 198 126  1
 230 126  1
 234 126  1
 245 126  1
 261 126  1
  42 127  1
  43 127  1
 169 127  1
 193 127  1
 161 128  1
 175 128  1
 205 128  1
  34 129  1
  48 129  1
  55 129  1
 148 129  1
  19 130  1
 111 130  1
 195 130  1
 232 130  1
 275 130  1
  13 131  1
  26 131  1
  30 131  1
  41 131  1
  91 131  1
 198 131  1
 217 131  1
   5 132  1
   6 132  1
 151 132  1
  55 133  1
 176 133  1
 204 133  1
 205 133  1
 208 133  1
 123 134  1
   3 135  1
  29 135  1
  43 135  1
  53 135  1
  89 135  1
  90 135  1
 126 135  1
 158 135  1
  10 136  1
 131 136  1
 132 136  1
 213 136  1
 160 137  1
  87 138  1
 177 138  1
 174 139  1
 200 139  1
 173 141  1
 223 141  1
   7 142  1
 133 142  1
 179 142  1
 180 142  1
  85 143  1
  86 143  1
 123 143  1
 137 143  1
   1 144  1
 167 144  1
 168 144  1
 107 145  1
 127 145  1
 131 145  1
 171 146  1
  82 147  1
 113 147  1
 180 147  1
 202 148  1
 203 148  1
 182 149  1
 183 149  1
 259 150  1
 266 150  1
 267 150  1
 216 151  1
 249 151  1
 251 151  1
 185 152  1
 186 152  1
  87 154  1
 177 154  1
 267 154  1
 268 154  1
 261 155  1
   1 156  1
 216 156  1
 208 157  1
  72 158  1
  85 158  1
 187 158  1
 214 158  1
 259 158  1
 176 159  1
 177 159  1
 190 160  1
 191 160  1
  83 161  1
 258 162  1
  72 163  1
  79 164  1
 174 164  1
 175 164  1
 280 164  1
 281 164  1
 170 165  1
 171 165  1
 248 165  1
 215 166  1
 184 167  1
 185 167  1
 197 167  1
 222 167  1
   2 168  1
   3 168  1
 174 168  1
 242 169  1
 260 169  1
 182 171  1
 223 171  1
 224 171  1
 227 172  1
 256 172  1
 257 172  1
 277 172  1
 278 172  1
 231 174  1
 241 174  1
 248 175  1
 249 175  1
 233 176  1
 238 176  1
 253 177  1
 208 178  1
 209 178  1
 257 178  1
 275 178  1
 276 178  1
  12 179  1
  13 179  1
 259 179  1
 248 180  1
 257 181  1
 274 181  1
 275 181  1
  15 182  1
  20 182  1
 213 182  1
  22 184  1
 242 184  1
 246 184  1
 206 185  1
 212 185  1
  11 187  1
  30 187  1
 241 189  1
  27 190  1
 233 190  1
  15 192  1
  23 193  1
  24 193  1
  54 195  1
  56 198  1
 236 198  1
 137 199  1
 141 200  1
 248 200  1
  49 201  1
 152 201  1
 257 201  1
 266 201  1
 157 202  1
  23 203  1
 136 203  1
 142 204  1
 146 204  1
 155 205  1
 156 205  1
 133 206  1
 134 206  1
 139 206  1
 140 206  1
 147 210  1
 148 210  1
  47 211  1
 140 212  1
 152 212  1
  45 213  1
  46 213  1
 133 214  1
 134 214  1
 145 214  1
 149 214  1
 130 216  1
 139 216  1
  87 217  1
 141 217  1
 143 217  1
  52 218  1
  47 220  1
 125 220  1
 107 221  1
  80 222  1
 152 223  1
 142 224  1
  76 225  1
 103 225  1
 124 226  1
  64 227  1
 107 227  1
 149 227  1
 154 227  1
  57 228  1
 152 228  1
  72 229  1
 151 230  1
 235 230  1
  74 231  1
 126 231  1
 127 231  1
  62 232  1
  63 232  1
 139 232  1
 231 232  1
 232 232  1
 131 234  1
  70 235  1
  76 237  1
 107 237  1
  81 239  1
 101 239  1
 217 239  1
 114 240  1
 214 241  1
 102 243  1
 105 244  1
 118 244  1
 148 244  1
 208 244  1
 209 244  1
 156 246  1
 112 247  1
 149 247  1
 115 249  1
 116 249  1
 141 250  1
 122 251  1
 153 251  1
 193 253  1
 187 255  1


count = 546