 123   4  1
 186   5  1
 188   5  1
 190   6  1
 109   9  1
 133   9  1
 139   9  1
 140   9  1
 194   9  1
 195   9  1
 101  11  1
 200  11  1
 138  12  1
 139  12  1
 187  12  1
 134  13  1
 150  13  1
 137  15  1
 207  16  1
 141  17  1
 142  17  1
 191  17  1
 192  17  1
 127  18  1
 128  18  1
 184  18  1
  77  21  1
 129  22  1
 182  22  1
  85  23  1
  92  23  1
 100  23  1
 187  23  1
  96  24  1
  97  24  1
 141  24  1
 136  25  1
 143  25  1
  94  28  1
  95  28  1
 124  28  1
  99  29  1
 100  29  1
 122  29  1
  57  30  1
 120  30  1
 144  30  1
 153  30  1
 193  30  1
 198  30  1
 131  31  1
 119  32  1
 184  32  1
  50  33  1
  97  33  1
  98  33  1
 107  33  1
 127  33  1
 128  33  1
  48  34  1
 133  34  1
 137  35  1
 195  36  1
 196  36  1
 132  38  1
 133  38  1
 100  39  1
 105  39  1
 152  39  1
 188  40  1
 106  42  1
 146  43  1
 186  45  1
 194  45  1
 127  49  1
 150  49  1
 135  51  1
 154  51  1
 156  51  1
 139  52  1
 215  52  1
 146  53  1
 117  54  1
 118  54  1
 131  55  1
 159  55  1
 162  55  1
 222  55  1
 121  57  1
 227  57  1
  18  58  1
 208  58  1
 195  59  1
 196  59  1
 230  59  1
 101  60  1
 213  60  1
 199  61  1
 201  61  1
 190  62  1
 192  62  1
 233  62  1
 149  63  1
 195  63  1
 190  64  1
 106  65  1
 236  65  1
 237  65  1
 190  66  1
 245  66  1
 257  66  1
 251  67  1
 107  69  1
 259  69  1
 235  70  1
 251  72  1
 252  72  1
 253  72  1
  15  73  1
  16  73  1
 176  75  1
 263  75  1
 233  76  1
 187  77  1
 248  77  1
  15  79  1
  16  79  1
 202  80  1
 203  80  1
 268  81  1
  20  82  1
  16  83  1
  25  83  1
 170  83  1
  27  85  1
  28  85  1
 188  85  1
 189  85  1
  16  87  1
  17  87  1
  74  87  1
 168  87  1
 241  87  1
 243  87  1
 271  87  1
  10  89  1
  78  89  1
 187  89  1
 199  89  1
 200  89  1
  31  90  1
  85  90  1
 250  90  1
 251  90  1
  13  91  1
  90  91  1
 198  91  1
  79  92  1
 166  92  1
   1  93  1
   2  93  1
  70  93  1
  94  93  1
 255  93  1
 259  93  1
  32  94  1
  62  94  1
  97  94  1
 170  94  1
 274  94  1
 275  94  1
  20  95  1
 165  95  1
 252  95  1
  27  96  1
  14  97  1
  15  97  1
  74  97  1
 192  97  1
  17  98  1
 168  98  1
  70  99  1
 136  99  1
 137  99  1
 266  99  1
 270  99  1
  52 100  1
 165 100  1
 187 100  1
 188 100  1
  50 101  1
 179 101  1
 250 101  1
 193 102  1
 177 103  1
 178 103  1
 134 104  1
 135 104  1
 247 104  1
   1 105  1
 236 105  1
 241 105  1
  54 106  1
 199 106  1
 207 106  1
 208 106  1
 234 106  1
  50 107  1
  52 108  1
   1 109  1
  94 109  1
 128 109  1
 134 109  1
 231 109  1
 200 110  1
 201 110  1
 209 110  1
  55 111  1
  56 111  1
 161 111  1
 162 111  1
 182 111  1
  64 112  1
 124 112  1
 125 112  1
 136 112  1
 137 112  1
 184 112  1
 196 112  1
  82 113  1
 193 113  1
 169 114  1
 119 115  1
 120 115  1
 181 115  1
 148 116  1
 169 116  1
 228 116  1
 240 116  1
 278 116  1
  60 117  1
  61 117  1
 137 117  1
 234 117  1
 235 117  1
  64 118  1
 273 119  1
  30 120  1
  64 120  1
 147 120  1
 160 120  1
 242 120  1
  41 121  1
 119 121  1
 123 121  1
 267 121  1
   6 122  1
  13 122  1
  39 122  1
  45 122  1
 127 122  1
  63 123  1
 252 123  1
  26 124  1
 170 124  1
 191 124  1
  54 125  1
 156 126  1
 160 126  1
 238 126  1
 240 126  1
 250 126  1
  44 127  1
  55 127  1
 201 127  1
 212 127  1
  16 128  1
  38 128  1
 125 128  1
 190 128  1
 191 128  1
  14 129  1
  56 129  1
  61 129  1
  92 129  1
  93 129  1
 164 130  1
 167 130  1
 168 130  1
 247 130  1
   6 131  1
  23 131  1
 196 131  1
 198 131  1
 208 132  1
 251 132  1
 214 133  1
   1 134  1
   2 134  1
  89 134  1
 171 134  1
  24 135  1
   7 136  1
 121 136  1
 249 136  1
 280 137  1
 281 137  1
  15 138  1
  86 139  1
 154 139  1
 175 139  1
 274 140  1
 281 140  1
 282 140  1
 122 141  1
  18 142  1
  19 142  1
 144 144  1
 124 145  1
 125 145  1
 271 145  1
  85 146  1
  86 146  1
 112 146  1
 131 146  1
 144 146  1
 264 146  1
   1 147  1
   2 147  1
  99 147  1
 103 147  1
 140 147  1
 141 147  1
 164 147  1
 166 147  1
 159 148  1
 160 148  1
 138 149  1
   9 150  1
  78 150  1
 127 150  1
 260 151  1
  15 152  1
  75 152  1
  95 152  1
  96 152  1
 134 153  1
 185 153  1
  16 154  1
  80 154  1
  81 154  1
 101 154  1
 102 154  1
  10 156  1
  93 156  1
 160 156  1
 259 156  1
  16 157  1
  76 157  1
  77 157  1
  97 157  1
  98 157  1
 261 158  1
 262 158  1
  77 159  1
  92 159  1
  93 159  1
 134 159  1
  88 160  1
  90 160  1
 127 160  1
 137 160  1
 156 160  1
 244 161  1
  16 162  1
 124 162  1
 104 163  1
 148 163  1
 194 163  1
 267 163  1
 273 163  1
  19 164  1
  21 164  1
 114 165  1
  89 167  1
 155 167  1
 197 167  1
 239 167  1
 251 168  1
 167 169  1
   7 170  1
 159 170  1
 229 170  1
 247 170  1
 134 171  1
 136 171  1
 170 172  1
 171 172  1
 241 172  1
 242 172  1
   9 174  1
 199 174  1
 200 174  1
 210 174  1
  28 175  1
 172 175  1
 206 175  1
 226 175  1
 276 176  1
  16 178  1
 162 178  1
 163 178  1
 217 178  1
 218 178  1
  30 180  1
 274 180  1
  12 181  1
 201 181  1
  23 182  1
  20 183  1
 270 186  1
 163 187  1
 174 188  1
 269 188  1
 176 189  1
 113 191  1
 267 192  1
 121 193  1
 193 193  1
  21 194  1
 170 194  1
 171 194  1
 179 195  1
 192 195  1
 182 196  1
 264 197  1
 265 197  1
 187 198  1
 188 198  1
 163 199  1
 125 200  1
 126 200  1
 190 200  1
 262 201  1
 167 203  1
 183 203  1
 144 204  1
 147 204  1
 172 204  1
 188 204  1
 131 205  1
 186 205  1
  36 207  1
 186 207  1
 259 207  1
 260 207  1
 100 208  1
 101 208  1
 138 208  1
 147 208  1
  38 209  1
  97 210  1
 147 210  1
 164 210  1
 165 210  1
 257 210  1
 136 212  1
 143 212  1
  45 213  1
  91 213  1
 127 213  1
 176 213  1
 132 214  1
 157 214  1
 158 214  1
  89 215  1
 185 215  1
 186 215  1
  51 216  1
  83 216  1
  84 216  1
 142 216  1
 118 217  1
 125 217  1
 252 217  1
 156 219  1
 157 219  1
  77 220  1
 184 220  1
 137 221  1
 138 221  1
 155 221  1
  88 222  1
 131 222  1
 177 222  1
 178 222  1
 238 222  1
  61 223  1
  72 223  1
  73 223  1
  75 223  1
 137 223  1
 164 224  1
 116 225  1
 120 225  1
 137 225  1
 138 225  1
 158 225  1
 236 226  1
 127 227  1
 149 228  1
 118 229  1
  72 230  1
 110 230  1
 108 231  1
  75 232  1
  76 232  1
 127 232  1
 128 232  1
  93 233  1
  98 233  1
 235 233  1
  79 234  1
 144 234  1
  82 236  1
  83 236  1
  92 236  1
 141 236  1
 149 236  1
 230 236  1
  86 238  1
  99 238  1
 133 238  1
 141 238  1
 124 239  1
 109 240  1
 122 240  1
 114 241  1
 119 241  1
 140 241  1
 153 241  1
 172 241  1
 173 241  1
 105 243  1
 136 243  1
 140 243  1
 125 244  1
 142 245  1
 208 248  1
 172 249  1
 173 249  1
 147 251  1
 204 251  1
 154 252  1
 176 252  1
 192 254  1
 185 256  1
 172 257  1


count = 558