 150   1  1
 156   1  1
 161   1  1
 132   3  1
 171   3  1
 151   6  1
 189   7  1
 113   8  1
 110   9  1
 151   9  1
 194   9  1
 106  10  1
 103  11  1
  77  12  1
 205  14  1
  70  15  1
  71  15  1
 104  16  1
  79  17  1
  87  18  1
  89  18  1
  97  18  1
  64  19  1
 213  19  1
  82  21  1
 104  21  1
 145  21  1
 100  22  1
 153  22  1
 140  23  1
 147  23  1
 156  24  1
  71  25  1
  88  26  1
  89  26  1
 100  27  1
  78  28  1
 139  28  1
  83  29  1
 148  29  1
  95  31  1
 226  31  1
 227  31  1
  47  32  1
  74  32  1
 157  33  1
 232  34  1
  59  36  1
  72  36  1
 128  36  1
  41  37  1
 155  37  1
 156  37  1
 237  37  1
 104  38  1
 131  38  1
 135  38  1
 160  38  1
  49  39  1
 150  39  1
 151  39  1
  45  41  1
  56  41  1
 242  42  1
  44  43  1
  93  43  1
  94  43  1
 106  43  1
 107  43  1
 167  44  1
  44  45  1
 143  45  1
  64  46  1
  68  46  1
 158  46  1
  39  47  1
  40  47  1
  53  47  1
 247  47  1
 133  48  1
 146  48  1
 101  49  1
 122  49  1
 137  49  1
  34  50  1
  69  50  1
 130  50  1
 142  51  1
 164  51  1
  70  52  1
 123  52  1
  58  53  1
 126  53  1
  31  54  1
  39  54  1
 126  55  1
 145  55  1
 146  55  1
  27  56  1
  28  56  1
 134  57  1
 259  59  1
  18  60  1
 147  60  1
  29  61  1
  30  61  1
 147  62  1
  22  63  1
  36  63  1
 261  63  1
 262  63  1
  27  64  1
  32  64  1
  21  66  1
  12  67  1
  15  72  1
  16  72  1
 186  72  1
 266  72  1
 267  72  1
 193  74  1
 167  75  1
 198  77  1
 189  78  1
 218  78  1
   6  79  1
   7  79  1
 181  79  1
 192  79  1
 222  79  1
 271  80  1
 170  81  1
 171  81  1
 223  81  1
 225  81  1
   5  82  1
   6  82  1
 227  82  1
  20  83  1
 187  83  1
 204  83  1
 230  83  1
 157  84  1
 196  84  1
  22  85  1
  23  85  1
 161  85  1
 163  85  1
 191  85  1
 200  85  1
 201  85  1
 220  85  1
  15  86  1
  16  86  1
 214  86  1
 234  86  1
 235  86  1
   3  87  1
   4  87  1
  10  87  1
 197  87  1
  35  88  1
 152  89  1
 160  89  1
 161  89  1
   9  90  1
  19  90  1
  23  90  1
  30  90  1
  37  90  1
  41  90  1
  91  90  1
  92  90  1
 148  90  1
 206  90  1
 236  90  1
  83  91  1
 102  91  1
 184  91  1
 229  92  1
 276  92  1
 277  92  1
 143  93  1
 233  94  1
 234  94  1
 138  95  1
 135  96  1
 161  96  1
  72  97  1
  73  97  1
  75  97  1
 166  97  1
   7  98  1
   8  98  1
  99  98  1
 195  98  1
 196  98  1
 247  98  1
 109  99  1
  93 100  1
 132 100  1
 130 101  1
 239 102  1
 243 102  1
 127 103  1
 117 104  1
 196 105  1
  89 106  1
  79 108  1
 176 108  1
 177 108  1
 278 109  1
 279 109  1
  89 110  1
  94 111  1
  54 112  1
 170 112  1
  82 113  1
 110 113  1
 182 113  1
 115 114  1
  97 115  1
 181 116  1
 196 116  1
 120 118  1
 155 118  1
 165 118  1
 201 119  1
 154 120  1
 179 120  1
 208 120  1
 209 120  1
  26 122  1
  61 122  1
  63 122  1
 187 122  1
 208 122  1
  66 123  1
 157 123  1
 271 123  1
 272 123  1
 273 123  1
  34 124  1
 184 124  1
  10 125  1
  29 125  1
  69 125  1
 208 125  1
  88 126  1
 145 126  1
 149 126  1
 179 126  1
 203 126  1
 204 126  1
 205 126  1
 215 126  1
 216 126  1
 244 126  1
  69 127  1
 155 127  1
  19 128  1
  38 128  1
 211 128  1
  14 129  1
  15 129  1
  22 129  1
  27 129  1
  42 129  1
  68 129  1
  69 129  1
 188 129  1
   9 130  1
  35 130  1
  48 130  1
 259 130  1
  63 131  1
  72 131  1
  73 131  1
 140 131  1
 170 131  1
 171 131  1
 172 131  1
 187 131  1
 245 131  1
 246 131  1
 155 132  1
 192 132  1
 193 132  1
 201 132  1
 238 132  1
 263 132  1
 264 132  1
  41 133  1
  42 133  1
  78 133  1
 100 133  1
 142 133  1
 181 133  1
 186 133  1
 187 133  1
 240 133  1
 241 133  1
  29 134  1
  98 134  1
 118 134  1
 195 134  1
  89 135  1
 232 135  1
 257 135  1
 184 136  1
 222 136  1
 237 136  1
 120 137  1
 209 137  1
 217 137  1
 257 137  1
 258 137  1
  29 138  1
 162 138  1
 176 138  1
 242 138  1
 266 138  1
 273 138  1
  49 139  1
  90 139  1
 155 139  1
 170 139  1
 203 139  1
 214 139  1
 251 139  1
 279 139  1
 280 139  1
 172 140  1
 173 140  1
 188 140  1
   3 141  1
   4 141  1
  25 141  1
  26 141  1
  87 141  1
  43 142  1
 120 142  1
 121 142  1
 223 142  1
 204 143  1
 251 143  1
 162 144  1
 168 144  1
 216 144  1
 222 144  1
  82 145  1
 253 145  1
  80 146  1
  93 146  1
 181 146  1
 207 146  1
 282 146  1
 283 146  1
   1 147  1
   2 147  1
 174 148  1
 254 148  1
  38 149  1
 205 149  1
   8 150  1
   9 150  1
  78 150  1
  79 150  1
 181 150  1
 182 150  1
  86 151  1
  62 152  1
 174 152  1
 175 152  1
 198 152  2
 202 152  1
 251 153  1
  33 154  1
 187 154  1
 194 154  1
 257 154  1
  17 155  1
  13 156  1
  27 156  1
 224 156  1
 231 156  1
 254 156  1
 255 156  1
  57 157  1
 199 157  1
  83 158  1
 233 158  1
 276 158  1
 266 159  1
 267 159  1
   7 160  1
   8 160  1
 176 160  1
 186 160  1
 236 160  1
   2 161  1
   3 161  1
  37 161  1
  40 161  1
  73 161  1
 195 161  1
 205 161  1
 219 161  1
 254 161  1
  32 162  1
 200 162  1
 214 162  1
 182 163  1
 183 163  1
 208 164  1
 213 164  1
 220 164  1
 221 164  1
 248 164  1
 249 164  1
 182 165  1
 199 165  1
 241 165  1
 242 165  1
 123 166  1
 216 166  1
 279 166  1
 280 166  1
   8 167  1
   9 167  1
 132 167  1
 181 167  1
 182 167  1
 260 168  1
  26 170  1
 174 170  1
 175 170  1
 199 170  1
 200 170  1
 215 170  1
  18 171  1
 214 172  1
 133 173  1
 182 173  1
  15 174  1
  10 175  1
 241 175  1
 206 176  1
 139 177  1
 140 177  1
 182 177  1
 210 177  1
 237 177  2
 127 178  1
 143 179  1
 245 179  1
  12 181  1
 149 182  1
 114 183  1
  68 184  1
  59 186  1
  20 187  1
  52 187  1
  63 187  1
 125 187  1
 142 187  1
 114 188  1
 139 188  1
 140 188  1
 147 188  1
 270 189  1
  66 190  1
  67 190  1
  52 191  1
  53 191  1
 116 191  1
 117 191  1
 136 191  1
  58 192  1
  59 192  1
  35 193  1
 219 194  1
 267 194  1
  38 195  1
  39 195  1
  27 196  1
 112 197  1
 236 197  1
  17 199  1
  18 199  1
  55 199  1
  59 199  1
 138 199  1
 139 199  1
 264 199  1
  28 200  1
  29 200  1
 239 200  1
 244 200  1
  91 201  1
  96 202  1
 148 202  1
  43 203  1
  44 203  1
  89 203  1
 239 204  1
 123 205  1
 147 205  1
 148 205  1
  31 206  1
  96 207  1
  97 207  1
 105 207  1
 116 207  1
 144 207  1
  43 208  1
  88 208  1
  89 208  1
  33 209  1
  34 209  1
  47 210  1
 138 210  1
 142 210  1
  54 211  1
 149 211  1
 131 212  1
  43 213  1
 121 213  1
 135 213  1
 136 213  1
 143 213  1
  51 216  1
 119 217  1
  48 218  1
 244 218  1
  34 219  1
  35 219  1
 134 219  1
  49 220  1
  88 220  1
  89 220  1
  39 221  1
 130 221  1
 139 221  1
  75 222  1
  42 223  1
  70 223  1
  89 223  1
  90 223  1
  95 223  1
  96 223  1
 118 223  1
 127 225  1
 131 225  1
  57 227  1
 113 227  1
  74 228  1
 123 228  1
 124 228  1
  52 231  1
 113 231  1
 115 231  1
 136 231  1
 119 232  1
 123 232  1
 124 232  1
  54 233  1
 113 233  1
 121 233  1
 129 234  1
  89 235  1
  99 237  1
 100 237  1
 118 237  1
 133 237  1
 223 238  1
 112 240  1
 131 240  1
 125 241  1
 126 241  1
 118 242  1
  74 243  1
 213 244  1
 104 245  1
 139 245  1
 207 245  1
 128 246  1
 203 246  1
 135 247  1
 201 247  1
 115 248  1
 118 249  1
 180 253  1
 181 253  1
 169 256  1


count = 595