 166   1  1
 172   1  1
 189   3  1
 133   4  1
 119   7  1
 116   8  1
 160   9  1
 165   9  1
 209  10  1
 167  11  1
 212  11  1
 140  14  1
 117  15  1
 154  15  1
 220  15  1
 222  17  1
  82  18  1
  79  19  1
 112  19  1
 118  19  1
 119  19  1
 144  19  1
 145  19  1
 229  21  1
 230  21  1
  91  22  1
 143  22  1
 144  22  1
  86  24  1
 138  24  1
 235  24  1
 132  25  1
 133  25  1
  65  26  1
 125  26  1
 155  26  1
 156  26  1
 218  26  1
 238  26  1
 121  27  1
  72  28  1
  82  28  1
  83  28  1
 148  28  1
 149  28  1
 209  28  1
 210  28  1
  77  29  1
 146  30  1
 207  30  1
 218  30  1
 219  30  1
  90  31  1
 116  31  1
 117  31  1
 167  31  1
 162  32  1
 216  33  1
  84  34  1
  92  34  1
 104  34  1
 105  34  1
 130  34  1
 136  34  1
 183  34  1
 184  34  1
  67  35  1
  68  35  1
  96  35  1
  87  36  1
  88  36  1
 189  36  1
  52  37  1
  77  37  1
  78  37  1
  66  38  1
 111  38  1
 129  38  1
 163  38  1
 166  38  1
 105  39  1
 183  39  1
 184  39  1
  45  40  1
  46  40  1
  97  40  1
 214  40  1
 215  40  1
  70  41  1
  77  41  1
  81  41  1
 106  43  1
 107  43  1
 131  43  1
 190  43  1
 197  43  1
 211  44  1
  84  45  1
 159  45  1
 163  45  1
 192  45  1
 127  46  1
 183  46  1
  98  47  1
  71  48  1
 194  48  1
 195  48  1
 196  48  1
 261  50  1
  45  51  1
  46  51  1
  74  52  1
  80  52  1
 111  52  1
 165  52  1
 230  52  1
  78  53  1
  85  53  1
 104  53  1
 263  53  1
 264  53  1
  30  55  1
 210  56  1
 106  57  1
 107  57  1
 108  57  1
 220  57  1
 221  57  1
 101  58  1
 248  58  1
 254  58  1
 265  58  1
 266  58  1
 213  60  1
  53  61  1
  54  61  1
 231  61  1
 250  63  1
  54  65  1
 110  65  1
 106  66  1
 268  66  1
 269  66  1
 247  67  1
  17  69  1
  78  69  1
  79  69  1
  80  69  1
  89  69  1
  90  69  1
 247  70  1
  15  73  1
  16  73  1
  80  74  1
 231  74  1
 232  74  1
  57  75  1
 207  77  1
  86  78  1
 204  78  1
 240  78  1
 241  78  1
 223  79  1
  12  80  1
 180  80  1
 275  80  1
  88  81  1
  94  81  1
 251  81  1
 228  82  1
  18  83  1
 173  83  1
 232  83  1
  10  84  1
  20  84  1
 168  84  1
 242  84  1
 251  85  1
 252  85  1
  25  86  1
  27  86  1
 165  86  1
 240  86  1
  17  87  1
 234  87  1
  33  89  1
  35  89  1
  94  89  1
  95  89  1
 201  89  1
  31  92  1
  99  92  1
 101  92  1
 103  92  1
 249  92  1
  14  93  1
  93  93  1
 151  93  1
 259  93  1
 262  93  1
  98  94  1
   4  95  1
   5  95  1
  22  95  1
 212  95  1
 255  95  1
  29  96  1
  90  96  3
 139  96  1
 167  97  1
  18  98  1
  96  98  1
 137  98  1
 209  98  1
 210  98  1
 215  98  1
 107  99  1
 114  99  1
 176  99  1
 258  99  1
  10 100  1
  12 100  1
 133 101  1
 165 101  1
 166 101  1
 261 101  1
  17 102  1
 118 102  1
 122 102  1
 124 102  1
 206 102  1
 210 102  1
  98 103  1
 114 103  1
 164 103  1
 172 103  1
  24 104  1
 243 105  1
 251 105  1
  29 106  1
 101 106  1
 265 106  1
 266 106  1
   2 107  1
   3 107  1
 160 108  1
 267 108  1
  80 109  1
 106 109  1
 112 109  1
 116 109  1
 140 109  1
 154 109  1
 170 109  1
  76 110  1
 165 110  1
 268 111  1
  47 112  1
 100 112  1
  17 113  1
 118 113  1
 112 114  1
 113 114  1
 124 114  1
 126 114  1
 273 114  1
  44 115  1
  80 115  1
 158 115  1
 266 115  1
  15 116  1
 127 116  1
 148 116  1
 249 117  1
  48 118  1
 155 118  1
 254 118  1
 260 119  1
   7 120  1
   8 120  1
  71 120  1
  93 120  1
 138 120  1
 239 120  1
  67 121  1
 114 121  1
 275 121  1
  92 122  1
  93 122  1
   7 123  1
  48 123  1
  49 123  1
 183 123  1
  13 124  1
 118 124  1
 177 124  1
  22 125  1
  24 125  1
  26 125  1
  28 125  1
  79 125  1
 126 125  1
 223 125  1
 236 125  1
 250 125  1
 193 126  1
  22 127  1
  45 127  1
 123 127  1
 174 127  1
 175 127  1
  30 128  1
  31 128  1
 188 129  1
 233 129  1
  20 130  1
 190 130  1
 192 130  1
 250 130  1
 255 130  1
 266 130  1
   6 131  1
  35 131  1
  36 131  1
 113 131  1
 114 131  1
 120 131  1
 177 131  1
 184 131  1
 243 131  1
 247 131  1
  12 132  1
  63 132  1
  75 132  1
  26 133  1
  55 133  1
  61 133  1
 281 133  1
 282 133  1
 125 134  1
 138 134  1
   1 135  1
  53 135  1
  69 136  1
 275 136  1
  47 137  1
  48 137  1
 150 137  1
 208 137  1
 211 137  1
  58 138  1
  60 138  1
 280 138  1
 281 138  1
  38 139  1
 117 139  1
 118 139  1
 134 139  1
 203 139  1
 109 140  1
 110 140  1
 126 140  1
 263 140  1
 159 141  1
 124 142  1
 152 142  1
 273 142  1
 274 142  1
 259 143  1
 267 143  1
   1 145  1
  49 145  1
 226 146  1
 137 147  1
 158 147  1
 250 147  1
  59 148  1
 156 148  1
   1 149  1
   2 149  1
  37 149  1
 108 149  1
 243 149  1
  32 150  1
 104 150  1
 130 150  1
 167 150  1
  28 151  1
  69 151  1
 139 151  1
 141 151  1
 241 151  1
  39 152  1
  40 152  1
  57 152  1
  58 152  1
 143 152  1
 155 152  1
 204 152  1
 221 152  1
 263 153  1
 157 154  1
 164 154  1
 241 154  1
   2 155  1
   3 155  1
  55 155  1
  98 155  1
  99 155  1
 160 155  1
 173 155  1
 206 155  1
 232 155  1
 233 155  1
 265 155  1
 275 155  1
  32 156  1
 108 156  1
 112 156  1
 150 156  1
  37 157  1
 130 157  1
 215 157  1
 248 157  1
 252 157  1
  97 158  1
 197 158  1
 202 158  1
  93 159  1
 107 159  1
 178 159  1
 243 159  1
 141 160  1
 149 160  1
 249 160  1
  95 161  1
 118 161  1
 260 161  1
 261 161  1
 274 161  1
  30 162  1
  34 162  1
  95 163  1
 232 163  1
 144 164  1
 146 164  1
 148 164  1
 151 165  1
 182 165  1
 248 165  1
 252 165  1
  32 166  1
 199 166  1
   6 167  1
   7 167  1
  37 167  1
 103 167  1
  26 168  1
 158 168  1
 237 169  1
 245 169  1
  34 170  1
 146 170  1
 164 170  1
 241 170  1
 242 170  1
  24 171  1
  25 171  1
 147 172  1
 179 172  1
 184 172  1
 205 172  1
 206 172  1
   9 173  1
  27 173  1
  28 173  1
 153 173  1
  40 174  1
 102 174  1
 172 174  1
 173 174  1
 157 175  1
  68 176  1
  72 176  1
 232 176  1
  37 178  1
 158 178  1
 159 178  1
 251 178  1
  42 179  1
 275 179  1
 276 179  1
  66 180  1
 209 180  1
 225 181  1
 249 181  1
  46 182  1
  63 182  1
 246 182  1
 274 182  1
 275 182  1
 213 183  1
  52 184  1
 160 184  1
 164 184  1
 165 184  1
  43 185  1
  60 185  1
  75 185  1
 273 185  1
 274 185  1
  32 186  1
  39 186  1
  40 186  1
  60 187  1
  81 187  1
  86 187  1
  17 189  1
  82 189  1
 100 190  1
 101 190  1
 102 190  1
 240 190  1
 271 190  1
 272 190  1
  76 191  1
 167 191  1
  51 192  1
  55 192  1
  63 192  1
 158 193  1
 162 194  1
 246 194  1
 250 194  1
  22 195  1
  81 195  1
 172 195  1
 176 195  1
  72 196  1
 232 196  1
  23 197  1
  59 197  1
  61 197  1
 204 197  1
 236 197  1
 255 197  1
 257 197  1
  64 198  1
 195 199  1
 212 199  1
 107 200  1
 206 200  1
 222 200  1
 245 200  1
 252 200  1
  46 202  1
  47 202  1
  82 202  1
 193 202  1
 194 202  1
 252 202  1
 267 202  1
 268 202  1
  64 203  1
 248 203  1
  40 204  1
 175 204  1
 189 204  1
 207 204  1
 257 204  1
 266 204  1
  67 205  1
 109 205  1
 110 205  1
  34 206  1
 101 206  1
 102 206  1
 157 206  1
 178 206  1
 247 207  1
 177 209  1
 183 209  1
 215 210  1
  95 211  1
 172 211  1
 183 211  1
 197 211  1
 198 211  1
 202 211  1
 205 211  1
 247 211  1
  38 212  1
 220 212  1
 184 213  1
 189 213  1
 190 213  1
 192 213  1
 202 213  1
  92 214  1
 110 214  1
 234 214  1
 235 214  1
 239 214  1
 240 214  1
 201 215  1
 202 215  1
  64 216  1
  65 216  1
  77 216  1
  79 216  1
 180 216  1
 234 216  2
 195 217  1
 196 217  1
 209 217  1
  43 218  1
  60 218  1
  61 218  1
 216 218  1
  56 219  1
 106 219  1
 161 219  1
 162 219  1
 174 219  1
 187 219  1
  46 220  1
  95 220  1
 211 220  1
 179 221  1
 207 221  1
 234 221  1
  89 222  1
  90 222  1
 211 222  1
 219 222  1
 221 222  1
  98 223  1
 192 223  1
 201 223  1
 203 223  1
 204 223  1
 216 223  1
 236 223  1
 240 223  1
  52 224  1
 211 224  1
 199 225  1
  88 226  1
 180 226  1
 181 226  1
 148 227  1
 223 227  1
 232 227  1
 246 227  1
 247 227  1
  92 228  1
  93 228  1
 164 228  1
 165 228  1
 169 228  1
 215 228  1
 175 229  1
 243 229  1
 165 230  1
 144 231  1
  61 232  1
 165 232  1
  95 233  1
 186 233  1
 235 233  1
 100 234  1
 211 234  1
 223 234  1
  88 235  1
  89 235  1
 137 235  1
 169 235  1
 170 235  1
  70 236  1
  84 236  1
 111 236  2
 112 236  1
 160 236  1
  80 237  1
  93 237  1
 130 237  1
 215 237  1
 134 238  1
  97 239  1
 126 239  1
 140 239  1
 113 240  1
 123 240  1
 226 240  1
  85 241  1
 119 242  1
 222 242  1
 170 244  1
  80 245  1
  81 245  1
 189 245  1
 139 246  1
 140 246  1
 191 246  1
  96 248  1
 167 248  1
 206 249  1
 160 251  1
 161 251  1
 121 252  1
 140 252  1
 141 252  1
 186 255  1
 135 256  1
 137 257  1
 139 257  1


count = 716