 165   1  1
 181   1  1
 187   1  1
 123   3  1
 117   4  1
 109   6  1
 204   6  1
 207   7  1
 148   8  1
 179   8  1
 183   8  1
 210   8  1
 152  10  1
 194  10  1
 198  11  1
 114  12  1
 218  12  1
 219  12  1
 111  13  1
 188  13  1
  85  14  1
 107  14  1
 108  14  1
 178  14  1
 222  14  1
 146  16  1
 183  16  1
 204  16  1
 226  16  1
 154  17  1
 105  18  1
 174  18  1
 181  18  1
  90  19  1
 111  20  1
 188  20  1
  90  22  1
 117  22  1
  95  23  1
  96  23  1
  97  23  1
 105  23  1
 106  23  1
 160  23  1
 164  23  1
 166  23  1
 183  23  1
 116  24  1
 117  24  1
 171  24  1
 172  24  1
  83  25  1
  87  25  1
  88  25  1
 146  25  1
 194  25  1
 178  26  2
 239  26  1
  56  27  1
  57  27  1
  97  27  1
 143  28  1
 168  28  1
 166  29  1
 181  29  1
 193  29  1
 194  29  1
 228  31  1
  48  32  1
 109  32  1
 140  32  1
 142  32  1
 189  33  1
 226  33  1
 118  35  1
 144  35  1
  43  36  1
 138  36  1
 139  36  1
 220  37  1
 250  37  1
 126  38  1
 139  38  1
 122  39  1
 131  40  1
 139  40  1
 140  40  1
 112  41  1
  85  42  1
  87  42  1
  91  42  1
 172  42  1
 202  42  1
 211  42  1
 215  42  1
 216  42  1
 254  42  1
  34  43  1
 124  44  1
 145  44  1
  41  45  1
 143  45  1
  84  46  1
  85  46  1
 122  46  1
 133  46  1
 135  46  1
 256  46  1
 257  46  1
  76  47  1
  77  47  1
  80  47  1
 110  47  1
 232  47  1
  40  48  1
 137  49  1
 201  50  1
 231  50  1
 149  51  1
 134  52  1
  32  54  1
 145  54  1
  30  55  1
 152  55  1
 171  55  1
 261  56  1
 262  56  1
  20  57  1
 169  57  1
 220  58  1
 225  58  1
 140  59  1
 228  59  1
  18  61  1
 208  61  1
 209  61  1
 263  61  1
 264  61  1
 141  63  1
 214  64  1
  15  65  1
 152  65  1
 227  65  1
 266  67  1
 267  67  1
 140  68  1
 164  69  1
 249  69  1
 160  70  1
 268  70  1
 269  70  1
 229  71  1
 230  71  1
  18  72  1
 152  73  1
 187  73  1
 217  74  1
 236  74  1
 237  74  1
 243  75  1
 255  75  1
 262  75  1
  22  76  1
  23  76  1
 211  76  1
 228  77  1
 229  77  1
 255  77  1
 183  78  1
 204  78  1
   7  79  1
   8  79  1
 174  79  1
 255  79  1
 263  79  1
 171  80  1
 183  80  1
 188  80  1
 201  80  1
 202  80  1
 214  81  1
 235  81  1
 247  81  1
 249  81  1
 187  82  1
 223  82  1
 224  82  1
 232  82  1
  13  84  1
 255  84  1
 217  86  1
 221  86  1
 279  86  1
  67  87  1
  72  87  1
 199  87  1
 227  87  1
 117  88  1
 248  88  1
 255  88  1
  12  89  1
  13  89  1
 110  89  1
 111  89  1
 129  89  1
 198  89  1
 202  89  1
  74  90  1
 159  90  1
 155  91  1
 170  91  1
 173  91  1
 227  91  1
 228  91  1
 233  91  1
 257  91  1
 134  92  1
  75  93  1
 113  93  1
 178  93  1
  38  94  1
  81  94  1
 110  95  1
 113  95  1
 230  95  1
 263  95  1
  61  96  1
  65  96  1
  83  96  1
 119  96  1
 139  97  1
 251  97  1
  37  98  1
  38  98  1
 174  98  1
 225  98  1
 276  98  1
 277  98  1
 282  98  1
 283  98  1
  53  99  1
 112  99  1
 117  99  1
 125  99  1
 270 100  1
  53 101  1
  81 101  1
 248 101  1
   2 102  1
   3 102  1
 207 102  1
 208 102  1
  33 103  1
  34 103  1
  35 103  1
 118 103  1
 119 103  1
 158 103  1
 146 104  1
  62 105  1
 102 105  1
  56 106  1
  96 106  2
  97 106  1
 165 106  1
 200 106  1
 205 106  1
 272 106  1
 112 107  1
 215 107  1
 274 107  1
 165 108  1
 263 108  1
 277 108  1
 102 109  1
 103 109  1
 117 109  1
 265 109  1
 228 110  1
 131 111  1
 140 111  1
 214 111  1
 258 111  1
 110 112  1
 112 112  1
 124 112  1
 125 112  1
 126 112  1
 149 112  1
 153 112  1
 161 112  1
 206 112  1
  27 113  1
 166 113  1
 223 113  1
 101 114  1
 114 114  1
 195 114  1
  97 115  1
 137 115  1
 178 115  1
 262 115  1
 269 115  1
   7 116  1
   8 116  1
  74 116  1
 101 116  1
 220 116  1
 221 116  1
 271 116  1
 272 116  1
 118 117  1
 119 117  1
 130 117  1
 191 117  1
  85 118  1
 122 118  1
  11 119  1
  41 119  1
  79 119  1
 137 119  1
 187 119  1
 228 119  1
 229 119  1
 268 119  1
   2 120  1
   3 120  1
  30 120  1
  36 120  1
  98 120  1
 177 120  1
 183 120  1
 185 120  1
  80 121  1
  87 121  1
 124 121  1
 125 121  1
 130 121  1
 225 121  1
 229 121  1
  24 122  1
  25 122  1
  26 122  1
 210 122  1
 212 122  1
 217 122  1
  35 123  1
  79 123  1
  80 123  1
 119 123  1
 128 123  1
  39 124  1
  41 124  1
  48 124  1
  71 124  1
 157 124  1
 172 124  1
 193 124  1
 271 124  1
 280 124  1
 281 124  1
  50 125  1
  67 125  1
 117 125  1
 118 125  1
 125 125  1
 237 125  1
 242 125  1
 245 125  1
 246 125  1
 247 125  1
  61 126  1
  82 126  1
  87 126  1
 181 126  1
 182 126  1
 200 126  1
 206 126  1
 208 126  1
 213 126  1
 230 126  1
 231 126  1
  14 127  1
  20 127  1
  58 127  1
 202 127  1
 204 127  1
 242 127  1
  10 128  1
  27 128  1
  43 128  1
  49 128  1
  95 128  1
 271 128  1
  69 129  1
  90 129  1
 124 129  1
 125 129  1
 153 129  1
 159 129  1
 237 129  1
 258 129  1
 278 129  1
 279 129  1
  75 130  1
  55 131  1
 164 131  1
 170 131  1
 189 131  1
  58 132  1
  64 132  1
  65 132  1
 120 132  1
 178 132  1
 179 132  1
  28 133  1
  96 133  1
 239 133  1
 265 133  1
  38 134  1
  39 134  1
 154 134  1
 159 134  1
 187 134  1
 269 134  1
  99 135  1
 105 135  1
 126 135  1
 181 135  1
 182 135  1
  62 136  1
 160 136  1
 162 136  1
 256 136  1
 171 137  1
 172 137  1
 240 137  1
  58 138  1
 178 138  1
 242 138  1
 101 139  1
 149 139  1
 158 139  1
  51 140  1
 118 140  1
 165 140  1
 142 141  1
 143 141  1
 151 141  1
 233 141  1
  38 142  1
  28 143  1
  89 143  1
  93 143  1
 121 143  1
 234 143  1
 242 143  1
  20 144  1
  21 144  1
  46 144  1
 246 144  1
  36 145  1
 120 145  1
 121 145  1
 159 145  1
 160 145  1
 161 145  1
 238 145  1
  39 146  1
 149 146  1
  62 147  1
  81 147  1
  88 147  1
  94 147  1
 141 147  1
 179 147  1
 247 147  1
   4 148  1
   5 148  1
  85 148  1
  99 148  1
 107 148  1
 112 148  1
 127 148  1
  30 149  1
  32 149  1
 105 149  1
 163 149  1
  36 150  1
  46 150  1
  51 150  1
  54 150  1
  55 150  1
  63 150  1
  99 150  1
  48 151  1
  71 151  1
 151 151  1
 179 151  1
  17 152  1
  99 152  1
 100 152  1
   5 153  1
   6 153  1
 105 153  1
 106 153  1
 272 153  1
  13 155  1
  23 155  1
  81 155  1
 154 155  1
 155 155  1
 162 155  1
 171 155  1
 175 155  1
  99 156  1
  37 157  1
  71 157  1
 118 157  1
 122 157  1
  65 158  1
 114 158  1
  74 159  1
 157 159  1
 169 159  1
 172 159  1
 264 159  2
 141 160  1
  89 161  1
  94 161  1
 126 161  1
 223 161  1
  24 162  1
  25 162  1
  86 162  1
 162 162  1
 180 162  1
 244 162  1
 261 162  1
 262 162  1
 266 162  1
 267 162  1
  75 163  1
  76 163  1
 150 163  1
  40 164  1
  41 164  1
 164 164  1
 236 164  1
  93 165  1
 240 165  1
 247 165  1
 248 165  1
 270 165  1
 271 165  1
  53 166  1
 153 166  1
 266 166  1
   9 167  1
  10 167  1
  86 167  1
  98 167  1
 191 167  1
 239 167  1
 240 167  1
 263 167  1
 264 167  1
 160 168  1
 184 168  1
 186 168  1
  43 169  1
  47 169  1
  76 169  1
  77 169  1
 188 169  1
 239 169  1
 263 169  1
  31 170  1
 121 170  1
 234 170  1
 235 170  1
 276 170  1
  26 171  1
  56 171  1
 230 171  1
  24 172  1
  32 172  1
  65 172  1
 243 172  1
  41 173  1
 165 173  1
 182 173  1
 248 173  1
 249 173  1
 261 173  1
 262 173  1
  74 174  1
 115 174  1
 237 174  1
 242 174  1
  46 175  1
 109 175  1
 106 177  2
 107 177  1
 226 177  1
 229 179  1
 230 179  1
 241 179  1
  31 180  1
 238 180  1
 260 180  1
  17 181  1
  38 181  1
  77 183  1
 221 183  1
 266 183  1
  29 185  1
  30 185  1
  32 186  1
  41 186  1
  32 188  1
  39 189  1
  40 189  1
  41 189  1
  76 189  1
  77 189  1
  51 190  1
 223 190  1
  44 191  1
 262 191  1
 263 191  1
  42 195  1
  44 196  1
  54 197  1
  55 197  1
  60 197  1
 230 198  1
 235 198  1
 223 200  1
 239 200  1
 245 200  1
  52 201  1
 121 201  1
 122 201  1
  36 202  1
 124 202  1
 257 203  1
 145 204  1
 147 204  1
 225 204  1
  57 205  1
 125 205  1
 126 205  1
 118 207  1
 149 209  1
  46 210  1
 127 210  1
  57 212  1
  58 212  1
 135 212  1
 141 213  1
 124 214  1
 150 214  1
 151 214  1
 159 214  1
 220 214  1
 221 214  1
  77 215  1
 110 216  1
 250 216  1
  66 217  1
 135 218  1
 146 218  1
  80 219  1
 140 219  1
 248 219  1
 104 220  1
 106 220  1
 128 220  1
 146 220  1
  85 222  1
  94 222  1
 114 222  1
 122 222  1
 207 222  1
 223 222  1
 150 223  1
 152 223  1
  85 224  1
 135 224  1
 165 224  1
 167 224  1
 218 224  1
 112 225  1
 113 225  1
  65 226  1
 169 226  1
 211 226  1
  94 227  1
 111 227  1
 153 227  1
 218 228  1
 229 228  1
 210 229  1
 211 229  1
  98 231  1
 102 231  1
 130 231  1
 160 231  1
 237 231  1
  83 233  1
 136 233  1
 151 233  1
 108 234  1
 121 234  1
 199 234  1
 200 234  1
 233 234  1
 110 235  1
 111 235  1
 186 235  1
  88 236  1
 100 236  1
 120 236  1
 126 236  1
 161 236  1
 229 236  1
 230 236  1
 164 237  1
 216 237  1
  90 238  1
 126 238  1
 198 238  1
 199 238  1
 110 240  1
 177 240  1
 115 242  1
 120 242  1
 162 242  1
 163 242  1
 168 242  1
 102 243  1
 217 243  1
 105 244  1
 156 244  1
 108 245  1
 188 245  1
 213 245  1
 214 245  1
 146 246  1
 147 246  1
 178 246  1
 113 247  1
 191 247  1
 210 247  1
 160 249  1
 170 249  1
 171 249  1
 205 249  1
 155 250  1
 129 253  1
 178 256  1


count = 762