 163   1  1
 166   1  1
 145   3  1
 121   8  1
 152   8  1
 184   9  1
 119  10  1
 186  10  1
 187  10  1
 113  11  1
 127  12  1
 210  12  1
 108  13  1
 141  13  1
 142  13  1
 105  14  1
 191  15  1
 101  16  1
 102  16  1
 130  16  1
 136  16  1
 142  17  1
 218  17  1
 118  18  1
 152  18  1
 120  19  1
 132  19  1
 220  19  1
  95  20  1
 205  20  1
 136  21  1
 207  21  1
 127  22  1
 140  22  1
 129  24  1
 144  24  1
 228  24  1
 229  24  1
 120  25  1
  77  26  1
 155  26  1
 232  26  1
  74  28  1
  91  28  1
 125  28  1
 135  29  1
 149  29  1
 153  29  1
  84  30  1
 160  30  1
 140  31  1
  60  34  1
  61  34  1
  94  34  1
 161  34  1
 162  34  1
 231  35  1
 131  36  1
 123  37  1
 144  37  1
 145  37  1
  53  38  1
 162  38  1
 163  38  1
 168  38  1
 231  38  1
 124  39  1
 125  39  1
 136  39  1
  64  40  1
  72  40  1
  74  40  1
  75  40  1
 233  40  1
 234  40  1
  49  41  1
  85  41  1
  87  41  1
 125  41  1
 169  41  1
  45  43  1
  85  43  1
  98  43  1
 147  43  1
 200  43  1
 206  43  1
  79  44  1
  80  44  1
 124  44  1
 249  44  1
  44  45  1
  91  45  1
  53  46  1
  55  46  1
  56  46  1
 192  46  1
 210  46  1
 212  46  1
  91  47  1
 134  47  1
 142  47  1
 173  47  1
 150  48  1
  40  49  1
  48  49  1
 147  49  1
 196  49  1
 207  50  1
  36  51  1
 203  51  1
 105  52  1
 196  52  1
 197  52  1
  35  53  1
  84  53  1
  98  53  1
 143  53  1
  45  54  1
 257  54  1
  40  55  1
 132  55  1
  57  56  1
 128  56  1
 203  56  1
 208  56  1
  86  57  1
  87  57  1
  29  58  1
 102  58  1
 137  58  1
  28  60  1
 211  60  1
 225  60  1
 244  60  1
  56  61  1
  57  61  1
 215  61  1
 235  61  1
 262  61  1
  62  62  1
  88  62  1
 144  62  1
 151  64  1
  34  65  1
  35  65  1
  58  66  1
  63  66  1
 102  66  1
 103  66  1
 132  66  1
 244  66  1
 264  66  1
 265  66  1
  54  67  1
 239  67  1
 231  68  1
 235  69  1
  39  70  1
 226  70  2
 228  70  1
 265  70  1
 266  70  1
  30  72  1
  33  72  1
  99  72  1
  36  73  1
 237  73  1
  39  74  1
 226  75  1
 267  75  1
 268  75  1
  72  76  1
  74  76  1
  87  76  1
 231  76  1
 241  76  1
  27  77  1
  33  77  1
  65  77  1
 236  77  1
 254  77  1
  22  78  1
  23  78  1
 249  79  1
  14  80  1
  79  80  1
 270  80  1
 271  80  1
 259  81  1
  69  82  1
  77  85  1
 220  85  1
 225  85  1
  70  87  1
 272  87  1
 273  87  1
  48  88  1
  49  88  1
  59  88  1
  76  88  1
 174  88  1
 178  88  1
 239  88  1
 251  88  1
  43  89  1
 247  89  1
   9  90  1
  10  90  1
  32  90  1
  40  90  1
  54  90  1
  66  90  1
 160  91  1
 172  91  1
 236  91  1
 254  91  1
 258  91  1
 265  91  1
 266  91  1
  34  92  1
  63  92  1
  65  92  1
   8  93  1
   9  93  1
  46  93  1
  57  93  1
  61  93  1
 181  93  1
 216  93  4
 218  93  1
  65  94  1
 250  94  1
 251  94  1
 156  95  1
 214  95  1
  65  96  1
 142  96  1
 143  96  1
 149  96  1
 183  96  1
 197  96  1
 218  96  1
 236  96  1
 266  96  1
 267  96  1
 171  97  1
 175  97  1
 180  97  1
 181  97  1
  62  99  1
 178  99  1
   6 100  1
   7 100  1
 261 100  1
  17 101  1
  41 101  1
 129 101  1
 156 101  1
 255 101  1
  23 102  1
 115 102  1
 116 102  1
 168 102  1
  19 103  1
  25 103  1
  41 103  1
 203 104  1
 207 104  1
 215 104  1
 234 104  1
 262 104  1
 140 105  1
 165 105  1
 187 105  1
 275 105  1
 276 105  1
  61 106  1
 158 106  1
   4 107  1
   5 107  1
 115 107  1
 257 107  1
 258 107  1
 268 107  1
  14 108  1
  71 108  1
  76 108  1
 100 108  1
 138 108  1
 189 108  1
 228 108  1
 260 108  1
  98 109  1
 117 109  1
 132 109  1
 133 109  1
 153 109  1
 154 109  1
 175 109  1
 214 109  1
  10 110  1
  11 110  1
  40 110  1
  59 110  1
  60 110  1
  80 110  1
 220 110  1
 245 110  1
 260 110  1
   2 111  1
   3 111  1
  64 111  1
  65 111  1
 145 111  1
  57 112  1
  62 112  1
 103 112  1
 108 112  1
 131 112  1
  49 113  1
 114 113  1
 142 113  1
 225 113  1
 230 113  1
 256 113  1
  12 114  1
 245 114  1
 265 114  1
 266 114  1
 267 114  1
  16 115  1
  60 115  1
 130 115  1
 142 115  1
 208 115  1
 231 115  1
   7 116  1
  29 116  1
  40 116  1
  42 116  1
 197 116  1
 235 116  1
   1 117  1
 142 117  1
 146 117  1
 208 117  1
  25 118  1
  71 118  1
 181 118  1
 221 118  1
 263 118  1
  86 119  1
 208 119  1
 209 119  1
 244 119  1
 256 119  1
  21 120  1
  73 120  1
  74 120  1
 138 120  1
 186 120  1
 201 120  1
 221 120  1
 264 120  1
  82 121  1
 224 121  1
  46 122  1
 132 122  1
 231 122  1
  94 123  1
 112 123  1
 277 123  1
 180 124  1
 227 124  1
 228 124  1
 199 125  1
 271 125  1
 272 125  1
 273 125  1
  87 126  1
 115 126  1
 116 126  1
  35 127  1
  74 127  1
  82 127  1
 107 127  1
 240 127  1
   6 128  1
 111 128  1
 175 128  1
 176 128  1
 210 128  1
  31 129  1
  40 129  1
 216 129  1
 217 129  1
   1 130  1
  46 130  1
 112 130  1
 116 130  1
 201 130  1
 224 130  1
  52 131  1
  61 131  1
 229 131  1
  66 132  1
  71 132  1
  75 132  1
 183 132  1
 235 132  1
  34 133  1
  99 133  1
  92 134  1
 112 134  1
 225 134  1
 196 135  1
 220 135  1
 273 135  1
  52 136  1
 204 136  1
 205 136  1
  46 137  1
  90 137  1
  91 137  1
  43 138  1
  48 138  1
 215 139  1
 220 139  1
 227 139  1
 228 139  1
 269 139  1
  92 140  1
  18 141  1
 138 141  1
 205 141  1
 206 141  1
 255 141  1
 260 141  1
  11 142  1
  44 142  1
  49 142  1
  96 142  1
  97 142  1
 217 142  1
 251 142  1
 280 142  1
 281 142  1
  15 143  1
 132 143  1
 135 143  1
 137 143  1
 229 143  1
 230 143  1
  42 144  1
 215 144  1
 251 144  1
 269 144  1
 270 144  1
  15 145  2
  51 145  1
  52 145  1
 156 145  1
 205 145  1
  78 146  1
  82 146  1
 122 146  1
 126 146  1
 232 146  2
 250 146  1
 251 146  1
 265 146  1
 266 146  1
 281 146  1
 282 146  1
  15 147  1
  19 147  1
  20 147  1
  53 147  1
 158 147  1
  11 148  1
 222 148  1
  35 149  1
 162 149  1
 260 149  1
  24 150  1
  83 150  1
 140 150  1
 142 150  1
 148 150  1
 126 151  1
 163 151  1
 164 151  1
 231 151  1
 239 151  1
 260 151  1
  28 152  1
  39 152  1
  43 152  1
 237 152  1
 264 152  1
  79 153  1
 117 153  1
 154 153  1
 155 153  1
 258 153  1
  96 154  2
  97 154  1
 150 154  1
 265 154  1
  13 155  1
  17 155  1
  59 155  1
 103 155  1
 159 155  1
 231 155  1
 232 155  1
 115 156  1
 122 156  1
 174 156  1
  99 157  1
 105 157  1
 126 157  1
 162 157  1
 180 157  1
 269 157  1
 109 158  1
 218 158  1
  51 159  1
 118 159  1
 207 159  1
  88 160  1
 151 160  1
 156 161  1
 167 161  1
 172 161  1
 212 161  1
 216 161  1
 240 161  1
 248 161  1
 109 162  1
 116 162  1
 231 162  1
 233 162  1
  92 163  1
 185 163  1
 186 163  1
 208 163  1
 209 163  1
 117 164  1
 139 164  1
 146 164  1
 149 164  1
 150 164  1
 269 164  1
  51 165  1
 122 165  1
 175 165  1
 186 165  1
 243 165  1
 248 165  1
  92 166  1
  49 167  1
  66 167  1
 181 167  1
 209 167  1
 231 167  1
 232 167  1
 240 167  1
 257 167  1
   9 168  1
  10 168  1
 131 168  1
 138 168  1
 190 168  1
 202 168  1
 213 168  1
 129 169  1
 268 169  1
 269 169  1
  44 170  1
 183 170  1
 251 170  1
 253 170  1
 194 171  1
  62 172  1
 239 172  1
 240 172  1
  48 173  1
 133 173  1
 137 173  1
 222 173  1
 223 173  1
 257 173  1
  52 174  1
 218 174  1
  42 175  1
 269 175  1
 170 176  1
 137 177  1
 175 177  1
 220 177  1
  13 178  1
 133 179  1
 172 179  1
 173 179  1
 219 179  1
 258 180  1
 262 180  1
  45 181  1
  63 181  1
 248 181  1
 268 181  1
  52 182  1
 165 182  1
 174 182  1
 243 182  1
 244 182  1
  49 183  1
 218 183  1
 268 183  1
 148 184  1
 177 185  1
  23 186  1
  35 187  1
  81 187  1
 218 187  1
 219 187  1
 240 187  1
 259 187  1
  25 188  1
  26 188  1
  31 188  1
 140 188  1
 141 188  1
 150 188  1
 180 188  1
 227 188  1
 263 188  1
 275 188  1
 276 188  1
 216 190  1
 217 190  1
  81 191  1
 139 191  1
 148 191  1
 169 191  1
 230 191  1
 239 192  1
 162 193  1
 211 193  1
 274 193  1
 275 193  1
  81 194  1
 112 194  1
 113 194  1
 223 194  1
 147 195  1
 186 195  1
 187 195  1
 209 195  1
  72 196  1
 116 196  1
 135 196  1
 172 196  1
 220 196  1
 225 196  1
 139 197  1
 225 198  1
  67 199  1
  68 199  1
 241 199  1
 246 199  1
  60 200  1
 188 200  1
 189 200  1
 193 200  1
 209 200  1
 210 200  1
 271 200  1
 119 202  1
 177 202  1
 209 202  1
 250 202  1
  84 203  1
 232 203  1
 269 203  1
  73 204  1
  74 204  1
 144 204  1
 186 204  1
 208 204  1
 209 204  1
 139 205  1
 140 205  1
 193 205  1
 194 205  1
 246 205  1
 190 206  1
 239 206  1
  84 208  1
  85 208  1
 156 208  1
 178 208  1
 179 208  1
 180 208  1
  96 209  1
 170 209  1
  44 210  1
  92 210  1
 118 210  1
 140 210  1
  98 211  1
  99 211  1
 112 211  1
 124 211  1
 145 211  1
 241 211  1
  49 212  1
  51 212  1
 118 212  1
 182 212  1
  52 214  1
  84 214  1
  85 214  1
 259 214  1
  60 215  1
  89 215  1
  90 215  1
 138 215  1
 147 215  1
 185 215  1
 191 215  1
 192 215  1
 246 215  1
  93 216  1
 242 216  1
 158 217  1
 159 217  1
 136 218  1
 167 218  1
 168 218  1
  62 219  1
  63 219  1
  83 219  1
  87 219  1
 116 219  1
 196 219  1
 254 219  1
  92 220  1
  93 220  1
 189 220  1
  68 221  1
 109 221  1
  47 222  1
  48 222  1
 199 222  1
  51 223  1
  96 223  1
  87 224  1
 127 224  1
 155 224  1
  56 225  1
 101 225  1
  70 226  1
 154 226  1
 206 226  1
  74 227  1
  80 229  1
 189 229  1
 191 229  1
 193 229  1
 241 229  1
 244 229  1
  65 230  1
  74 230  1
 129 230  1
 130 230  1
  88 231  1
 152 231  1
 199 231  1
  81 232  1
 150 232  1
  86 233  1
 103 233  1
 194 234  1
 195 234  1
  72 235  1
 130 235  1
 123 237  1
 173 237  1
  80 238  1
 150 238  1
 178 238  1
 100 239  1
 109 239  1
 133 239  1
 195 239  1
  88 240  1
 153 240  1
 181 240  1
 182 240  1
 205 240  1
 206 240  1
 207 240  1
 227 240  1
 160 241  1
  95 242  1
 109 242  1
 110 242  1
 120 242  1
 172 242  1
 201 243  1
 222 243  1
 192 244  1
 193 244  1
 166 245  1
 220 245  1
 131 246  1
 184 246  1
 136 247  1
 137 247  1
 163 248  1
 164 248  1
 205 249  1
 153 250  1
 124 251  1
 164 251  1
 127 252  1
 187 255  1
 180 256  1


count = 830