 159   1  1
 175   1  1
 194   2  1
 200   4  1
 125   5  1
 179   6  1
 155   7  1
 184   7  1
 158   8  1
 138  10  2
 139  10  1
 140  10  1
 149  10  1
 102  12  1
 142  12  1
 190  12  1
 191  12  1
  95  14  1
 121  14  1
 122  14  1
 157  15  1
 164  15  1
 224  15  1
  90  16  1
 111  16  1
 112  16  1
 105  17  1
 106  17  1
 159  17  1
 226  17  1
 180  18  1
 181  18  1
 115  19  1
 149  19  1
 230  19  1
  76  21  1
  77  21  1
 108  21  1
 145  21  1
  71  23  1
  73  23  1
  87  23  1
  81  24  1
 120  24  1
 150  24  1
 151  24  1
 185  24  1
 190  24  1
 191  24  1
 196  24  1
 236  24  1
 108  25  1
 109  25  1
 122  25  1
 123  25  1
 147  25  1
 211  25  1
 189  27  1
  78  28  1
 182  28  1
 183  28  1
 228  28  1
 229  28  1
 240  28  1
  70  29  1
 164  29  1
 189  29  1
  98  30  1
  99  30  1
 164  31  1
 235  31  1
  51  32  1
  52  32  1
 154  32  1
 155  32  1
 225  32  1
 118  33  1
 193  33  1
 106  34  1
 107  34  1
 167  34  1
 169  34  1
 204  34  1
 205  34  1
 104  35  1
 149  35  1
  57  36  1
  95  36  1
  99  36  1
 104  37  1
 147  37  1
  53  38  1
 141  38  1
 142  38  1
 192  38  1
 220  38  1
  42  39  1
 197  40  1
  38  41  1
 223  43  1
 149  44  1
 243  44  1
 244  44  1
 142  46  1
 154  47  1
 107  48  1
 131  48  1
 132  48  1
 222  48  1
 257  48  1
 160  50  1
 218  50  1
 242  50  1
 243  50  1
 174  51  1
 175  51  1
 172  52  1
 246  52  1
 163  53  1
 164  53  1
 227  53  1
 155  55  1
  18  57  1
 132  57  1
 144  57  1
 170  57  1
 171  57  1
 218  57  1
 219  57  1
  17  59  1
 221  59  1
 218  62  1
 168  63  1
 169  63  1
 256  66  1
 162  67  1
 167  67  1
  11  68  1
 227  69  1
 228  69  1
  16  70  1
 233  70  1
 239  70  1
  99  72  1
 233  72  1
 260  72  1
 261  72  1
  14  73  1
   6  75  1
 101  76  1
 181  76  1
 186  77  1
  11  79  1
  12  79  1
  13  79  1
  68  79  1
  90  79  1
 268  79  1
 269  79  1
  74  80  1
  88  80  1
  96  80  1
 218  82  1
 269  82  1
 270  82  1
  17  83  1
  79  83  1
 181  83  1
 169  84  1
 184  85  1
  22  87  1
 188  88  1
 189  88  1
 221  89  1
 230  89  1
 273  90  1
   1  91  1
   2  91  1
  11  91  1
 162  91  1
 154  92  1
 155  92  1
 224  92  1
  22  94  1
 238  95  1
 263  95  1
  13  96  1
  70  96  1
  75  96  1
 124  96  1
 149  96  1
 162  96  1
 267  96  1
  99  97  1
 245  97  1
  93  98  1
 101  98  1
 112  98  1
 161  98  1
 162  98  1
  12  99  1
  13  99  1
  68  99  1
 128  99  1
 184  99  1
 224  99  1
 225  99  1
 257  99  1
   1 100  1
 162 100  1
 164 100  1
 249 100  1
  78 101  1
 171 101  1
 257 101  1
 182 102  1
 133 103  1
 169 103  1
  85 104  1
  87 104  1
 137 104  1
 138 104  1
 259 104  1
 265 104  1
 278 104  1
 279 104  1
  68 105  1
  89 105  1
 139 106  1
 232 106  1
  10 108  1
  94 108  1
  95 108  1
 118 108  1
 161 108  1
   5 109  1
  71 109  1
 244 109  1
 160 110  1
 229 110  1
 260 110  1
  75 111  1
 152 111  1
 244 111  1
 260 112  1
 151 113  1
 249 113  1
  30 114  1
  69 114  1
  77 114  1
 139 114  1
  82 115  1
 256 115  1
 257 115  1
  34 117  1
  35 117  1
 239 117  1
 240 117  1
 250 117  1
 251 117  1
   1 118  1
  18 118  1
  58 118  1
  84 118  1
  60 119  1
  66 119  1
 135 119  1
 137 119  1
 236 119  1
 256 119  1
 257 119  1
  15 120  1
  16 120  1
  60 121  1
  84 121  1
  22 122  1
  23 122  1
  78 122  1
 168 122  1
 199 122  1
 239 122  1
 240 122  1
 245 122  1
 250 122  1
 251 122  1
 252 122  1
 268 122  1
  37 123  1
  74 123  1
  75 123  1
 124 123  1
 184 123  1
 211 123  1
 231 123  1
 130 124  1
 141 124  1
 160 124  1
 161 124  1
 188 124  1
 254 124  1
  32 125  1
  54 125  1
 136 125  1
   6 126  1
   7 126  1
  14 126  1
  15 126  1
  36 126  1
  92 126  1
 141 126  1
 149 126  1
  26 127  1
  46 127  1
  85 127  1
 112 127  1
 113 127  1
 190 127  1
 220 127  1
  21 128  1
  40 128  1
 126 128  1
 141 128  1
 224 128  1
 276 128  1
 114 129  1
 137 129  1
 157 129  1
 161 129  1
  14 130  1
 201 130  1
 248 130  1
 254 130  1
 270 130  1
 273 130  1
 281 130  1
 282 130  1
  47 131  1
 114 131  1
 239 131  1
 240 131  1
 260 131  1
   7 132  1
   8 132  1
  43 132  1
  44 132  1
 189 132  1
 201 132  1
 202 132  1
 222 132  1
 265 132  1
 266 132  1
  37 133  1
  38 133  1
  80 133  1
 137 133  1
 206 133  1
  17 134  1
  85 134  1
 188 134  1
 194 134  1
 272 134  1
   5 135  1
  15 135  1
  92 135  1
 186 135  1
 196 135  1
 239 135  1
 240 135  1
 253 135  1
 261 135  1
 139 136  1
 213 136  1
 214 136  1
 219 136  1
 246 136  1
 247 136  1
  43 137  1
 147 137  1
 216 137  1
 276 137  1
  10 138  1
  73 139  1
 212 140  1
 238 140  1
 239 140  1
  46 141  1
  47 141  1
  80 141  1
 135 141  1
 226 141  1
 227 141  1
  11 142  1
 172 142  1
  47 143  1
  84 143  1
 154 143  1
 195 143  1
 225 143  1
 214 144  1
  13 145  1
  46 145  1
  47 145  1
 192 145  1
 193 145  1
  50 146  1
  73 146  1
 133 146  1
 135 146  1
  99 147  1
 159 147  1
 203 147  1
 204 147  1
 214 147  1
 215 147  1
 232 147  1
 233 147  1
  81 148  1
 102 148  1
 129 148  1
 130 148  1
  95 149  1
  96 149  1
 114 149  1
 147 149  1
  12 150  1
  77 150  1
  78 150  1
 119 150  1
 152 150  1
 126 151  1
  11 152  1
  71 152  1
 134 152  1
 180 152  1
 187 152  1
 211 153  1
 142 154  1
 234 154  1
 236 154  1
   8 155  1
  10 155  1
  67 155  1
  68 155  1
 130 155  1
 155 155  1
   1 157  1
 226 157  1
  70 159  1
 136 159  1
 138 159  1
 139 159  1
 185 159  1
 191 159  1
 192 159  1
 212 159  1
 213 159  1
  73 160  1
 192 161  1
  27 162  1
 149 162  1
 183 162  1
   1 163  1
  22 164  1
 226 164  1
 236 164  1
 239 164  1
 154 166  1
 229 166  1
 195 167  1
 196 167  1
   1 168  1
   2 168  1
   9 168  1
  35 168  1
  21 169  1
 226 169  1
 237 169  1
  39 170  1
 229 170  1
 231 170  1
 216 171  1
  51 172  1
  54 172  1
 198 173  1
 224 174  1
 240 175  1
 279 175  1
 280 175  1
   4 176  1
   5 176  1
 200 176  1
 227 176  1
 255 176  1
 257 176  1
 173 177  1
 185 177  1
 186 177  1
 221 177  1
 218 178  1
 219 178  1
 197 180  1
 198 180  1
 199 180  1
 188 181  1
 222 182  2
 196 183  1
 189 184  1
   8 185  1
   9 185  1
 195 185  1
 207 185  1
 212 185  1
 221 187  1
 222 187  1
 239 188  1
 208 189  1
 236 189  1
 252 189  1
 253 189  1
 222 190  1
 258 191  1
 259 191  1
 255 192  1
 273 192  1
 274 192  1
 236 193  1
 225 194  1
 251 194  1
  13 195  1
  29 196  1
 271 196  1
  25 198  1
 167 198  1
 176 198  1
 230 200  1
 269 200  1
 270 200  1
  30 201  1
 255 201  1
 262 201  1
  94 202  1
  96 202  1
 165 202  1
 176 202  1
 244 203  1
 245 203  1
  90 204  1
 248 204  1
 249 204  1
  61 205  1
  62 205  1
  97 205  1
  98 205  1
 102 205  1
 178 205  1
 179 205  1
 219 205  1
  27 206  1
  34 206  1
 267 206  1
 268 206  1
  30 208  1
 228 208  1
 244 208  1
 245 208  1
 180 209  1
  65 210  1
  86 210  1
 161 210  1
 242 210  1
  31 211  1
  40 211  1
  41 211  1
 182 211  1
 183 211  1
  33 212  1
 265 212  1
  43 213  1
 225 213  1
 226 213  1
 245 213  1
 252 213  1
  92 214  1
 103 215  1
 104 215  1
 204 215  2
 181 216  1
 221 217  1
 222 217  1
 228 217  1
  82 218  1
 201 218  1
 231 218  1
  91 219  1
 260 219  1
 182 220  1
 205 220  1
 210 220  1
 231 220  1
  44 221  1
  54 221  1
  65 221  1
 191 221  1
 220 221  1
 238 221  1
 182 222  1
 183 222  1
 195 222  1
 197 222  1
  60 223  1
  61 223  1
  79 223  1
  93 223  1
  98 223  1
 212 223  1
  63 224  1
 190 224  1
  74 225  1
 241 225  1
  55 226  1
  96 227  1
  91 228  1
  92 228  1
 189 228  1
 197 228  1
 252 228  1
  60 229  1
 184 229  1
 212 229  1
 236 229  1
 238 229  1
 174 230  1
 178 230  1
  81 231  1
 174 232  1
 201 232  1
 248 232  1
 216 233  1
 229 233  1
  72 235  1
  74 235  1
  84 235  1
  97 235  1
  98 235  1
 101 235  1
 177 235  1
 178 235  1
 234 235  1
  95 237  1
 112 237  1
 118 237  1
  80 239  1
  81 239  1
 101 239  1
 102 239  1
 139 239  1
 196 239  1
 197 239  1
 202 239  1
 170 240  1
 223 240  1
 109 241  1
 114 241  1
 236 241  1
  85 242  1
 137 242  1
 233 243  1
  94 244  1
 113 244  1
 142 244  1
 228 245  1
 124 246  1
 128 247  1
 129 247  1
 225 247  1
 175 248  1
 223 249  1
 172 250  1
 198 250  1
 205 250  1
 134 251  1
 141 251  1
 142 251  1
 147 251  1
 165 251  1
 149 252  1
 150 252  1
 154 252  1
 155 252  1
 172 252  1
 215 252  1
 217 252  1
 127 253  1
 165 253  1
 211 253  1
 213 253  1
 130 254  1
 132 255  1
 134 255  1
 136 256  1
 138 256  1
 185 257  1


count = 702