 174   1  1
 198   1  1
 163   3  1
 213   3  1
 218   5  1
 145   6  1
 171   6  1
 172   6  1
 120   9  1
 158  10  1
 115  11  1
 167  11  1
 204  11  1
 194  12  1
 221  12  1
 178  13  1
 199  13  1
 136  14  1
 137  14  1
 237  14  1
 166  15  1
  96  16  1
 128  16  1
 129  16  1
 144  16  1
 171  16  1
 181  16  1
 195  16  1
 164  17  1
 231  17  1
 139  18  1
 140  18  1
 198  18  1
 199  18  1
 113  19  1
 224  20  1
 226  20  1
 106  21  1
 122  21  1
 124  21  1
 177  21  1
  80  22  1
 183  22  1
 238  22  1
 172  23  1
 229  23  1
 248  23  1
  75  24  1
  90  25  1
 127  25  1
 141  25  1
 142  25  1
 223  25  1
 251  26  1
  68  27  1
  92  27  1
 222  27  1
 223  27  1
 105  28  1
 161  28  1
  66  29  1
 121  29  1
 122  29  1
 137  29  1
 165  29  1
 247  29  1
 228  30  1
 229  30  1
 234  30  1
  62  31  1
  94  31  1
 143  31  1
 144  31  1
 233  33  1
 234  33  1
  56  34  1
  98  34  1
 219  35  1
 222  35  1
 245  35  1
  76  36  1
 101  41  1
 102  41  1
 129  41  1
 130  41  1
  45  43  1
 267  43  1
 268  43  1
  56  44  1
  57  44  1
 130  44  1
 146  44  1
  97  45  1
 110  45  1
 111  45  1
 153  45  1
 228  45  1
  77  46  1
  78  46  1
 139  46  1
 111  47  1
 113  47  1
 124  47  1
 125  47  1
 136  47  1
 270  47  1
 228  49  1
 232  49  1
 236  49  1
  44  51  1
  57  51  1
 137  51  1
 112  52  1
 144  52  1
 133  53  1
 213  53  1
 152  54  1
 220  54  1
 225  54  1
 273  54  1
 274  54  1
 209  56  1
  77  57  1
 115  57  1
 212  57  1
 155  59  1
  34  60  1
 148  60  1
 219  60  1
 119  61  1
 123  61  1
 259  61  1
 151  62  1
 111  63  1
 113  63  1
 159  63  1
 163  63  1
 164  63  1
  35  64  1
 188  64  1
 107  65  1
 264  65  1
  38  66  1
 257  66  1
 190  67  1
 193  67  1
 262  67  1
 277  67  1
 278  67  1
  30  69  1
 110  69  1
 192  69  2
  18  70  1
  76  70  1
 184  70  1
 258  70  1
 111  71  1
 193  71  1
 189  72  1
 253  72  1
 254  72  1
  60  73  1
 270  74  1
 271  74  1
  23  76  1
  81  76  1
  83  76  1
 268  76  1
  33  77  1
 188  77  1
 189  77  1
 254  78  1
  33  79  1
 128  79  1
 257  79  1
  10  80  1
  44  80  1
 126  80  1
 134  80  1
 187  80  1
 250  80  1
 260  80  1
  14  82  1
  19  82  1
  51  82  1
  58  82  1
 187  82  1
 243  82  1
 244  82  1
 174  83  1
  44  84  1
  45  84  1
  51  84  1
   8  85  1
   9  85  1
  41  85  1
  58  85  1
 183  85  1
  54  86  1
 177  86  1
 275  87  1
   7  88  1
   8  88  1
  35  88  1
  37  88  1
  30  89  1
 173  89  1
 174  89  1
 274  89  1
 190  90  1
  12  91  1
  13  91  1
 186  91  1
 141  92  1
 153  92  1
 136  93  1
 155  93  1
 181  93  1
 182  93  1
 276  93  1
 233  94  1
 241  94  1
 127  95  1
 250  95  1
 254  95  1
   4  96  1
   5  96  1
  15  96  1
  45  97  1
 231  97  1
  10  98  1
  39  98  1
  47  98  2
  49  98  1
 277  98  1
 278  98  1
  20  99  1
  21  99  1
 120  99  1
 165 100  1
 166 100  1
 244 100  1
 245 100  1
  50 101  1
 275 101  1
   1 103  1
   2 103  1
 232 103  1
  45 105  1
  46 105  1
 165 105  1
   1 106  1
  35 106  1
  36 106  1
 265 106  1
 242 107  1
 251 108  1
 269 108  1
 270 108  1
  32 109  1
 158 109  1
 210 109  1
  16 110  1
  28 110  1
 245 110  1
 246 110  1
 264 110  1
  13 111  1
  40 111  1
  49 111  1
 153 111  1
   1 112  1
 209 112  1
 216 113  1
 269 113  1
 283 113  1
  96 115  1
 151 115  1
 216 115  1
 277 115  1
  27 116  1
  86 117  1
 101 117  1
 195 117  1
 199 117  1
 214 117  1
 216 117  1
   3 118  1
  13 118  1
  65 118  1
 212 118  1
 233 118  1
 248 118  1
  24 119  1
  69 119  1
 257 119  1
  31 120  1
  36 120  1
  45 120  1
 149 120  1
 248 120  1
  48 121  1
 101 121  1
 102 121  1
 144 121  1
 229 121  1
 230 121  1
 236 121  1
   5 123  1
   6 123  1
  53 123  1
 144 123  1
 160 123  1
  38 124  1
  62 125  1
  71 125  1
  86 125  1
 144 125  1
 147 126  1
 158 126  1
 181 126  1
 195 126  1
 197 126  1
 199 126  1
 242 126  1
 101 127  1
 140 127  1
 141 127  1
 163 127  1
 205 127  1
  55 128  1
 252 128  1
 272 128  1
  10 129  1
  16 129  1
  42 129  1
  83 129  1
 133 129  1
 134 129  1
 135 129  1
 141 129  1
 205 129  1
 265 129  1
  65 130  1
 130 130  1
 174 130  1
 175 130  1
 176 130  1
 188 130  1
 194 130  1
 198 130  1
 228 130  1
 236 130  1
 241 130  1
 276 130  1
 277 130  1
 205 131  1
 218 131  1
 232 131  1
  18 132  1
  57 132  1
 142 132  1
 162 132  1
 166 132  1
 167 132  1
  86 133  1
 179 133  1
  30 134  1
   1 135  1
  38 135  1
  60 135  1
  84 135  1
 263 135  1
  64 136  1
 129 136  1
 231 136  1
 259 136  1
   6 138  1
   7 138  1
  66 138  1
  72 139  1
  81 139  1
  83 139  1
 192 140  1
 227 140  1
 198 141  1
 199 141  1
 248 141  1
 250 141  1
 245 143  1
 254 143  1
 255 143  1
  87 144  1
 191 144  1
 192 144  1
 220 144  1
 273 144  1
  71 145  1
 131 145  1
 196 145  1
 241 145  1
 194 146  1
   1 147  1
  67 147  1
  96 147  1
 121 147  1
 139 147  1
 154 147  1
 159 147  1
 245 148  1
  87 149  1
  96 149  1
 121 149  1
   1 151  1
   2 151  1
 121 151  1
 236 151  1
  10 152  1
  59 152  1
  67 152  1
 125 152  1
 126 152  1
 161 152  1
  93 153  1
 137 153  1
 231 153  1
  10 154  1
 117 154  1
 168 154  1
 240 154  1
  17 155  1
 228 155  1
 229 155  1
 263 155  1
  88 156  1
  80 157  1
 229 157  1
 257 157  1
  21 158  1
  22 158  1
 170 158  1
 261 158  1
 269 158  1
  11 159  1
  12 159  1
  68 159  1
  69 159  1
 178 159  1
  72 160  1
  75 160  1
  51 162  1
  60 162  1
 173 162  1
 194 162  1
 112 163  1
 270 163  1
 196 164  1
  22 165  1
 187 165  1
 188 165  1
  30 166  1
 120 166  1
 121 166  1
 130 166  1
 190 166  1
  58 167  1
 124 167  1
 276 167  1
 277 167  1
 103 168  2
 104 168  1
 270 168  1
 149 169  1
 265 169  1
  13 170  1
  23 170  1
  66 170  1
 140 170  1
 165 170  1
 170 170  1
  61 171  1
  62 171  1
 206 171  1
 248 171  1
 249 171  1
  18 172  1
  34 172  1
 230 172  1
 231 172  1
  30 173  1
   7 174  1
   8 174  1
  17 174  1
 213 174  1
 252 174  1
 274 174  1
 275 174  1
  27 175  1
  65 175  1
  15 176  1
  45 176  1
  47 176  1
 208 176  1
 210 176  1
   8 177  1
   9 177  1
  31 178  1
 273 178  1
 274 178  1
 243 179  1
 244 179  1
 254 180  1
  19 182  1
 206 182  1
 208 185  1
 203 186  1
  67 187  1
  89 187  1
  90 187  1
  14 188  1
  63 189  1
  64 189  1
  60 192  1
  44 193  1
  45 193  1
  50 194  1
  60 194  1
  73 194  1
  78 194  1
 202 194  1
 203 194  1
  42 195  1
  33 196  1
 208 196  1
  22 197  1
  31 198  1
  32 198  1
  50 198  1
  51 198  1
  60 198  1
  82 198  1
 211 198  1
 212 198  1
 202 200  1
 227 201  1
  63 202  1
 209 202  1
 211 202  1
 235 202  1
 165 203  1
 139 204  1
 140 204  1
 207 204  1
 158 205  1
 213 205  1
 218 205  1
 236 205  1
 137 206  1
 207 206  1
 262 206  1
  40 207  1
  41 207  1
 154 207  1
 167 207  1
  52 208  1
 144 208  1
 173 208  1
  56 209  1
 210 209  1
  63 210  1
  64 210  1
 140 210  1
  92 211  1
 102 211  1
 152 212  1
 216 212  1
 102 213  1
 144 213  1
 156 213  1
 138 214  1
 139 214  1
 218 215  1
  66 216  1
 150 217  1
  45 219  1
 131 219  1
 142 220  1
 143 220  1
 220 220  1
  51 223  1
 132 223  1
 133 223  1
  53 225  1
  64 225  1
  80 225  1
  81 225  1
 162 225  1
 164 225  1
  70 226  1
  71 226  1
 103 227  1
 104 227  1
 164 227  1
 130 229  1
 131 229  1
 231 229  1
 232 229  1
  80 230  1
 127 231  1
  65 232  1
  94 233  1
  95 233  1
 135 233  1
 136 233  1
 161 233  1
 194 233  1
 212 233  1
  67 234  1
 164 236  1
  93 237  1
  94 237  1
 131 237  1
 234 238  1
 214 239  1
 221 239  1
  91 240  1
 152 241  1
 153 241  1
 167 241  1
 217 242  1
 102 243  1
 192 243  1
 198 243  1
 199 243  1
 125 244  1
 223 245  1
 169 246  1
 170 246  1
 122 247  1
 198 248  1
 110 249  1
 130 249  1
 113 250  1
 193 250  1
 210 250  1
 117 251  1
 207 251  1


count = 647