 112   3  1
 192   6  1
 195   7  1
  90   8  1
 142   9  1
 112  10  1
 115  10  1
 116  10  1
  84  12  1
 100  12  1
 129  12  1
 111  13  1
 141  13  1
 142  13  1
  99  14  1
 100  14  1
 105  14  1
 145  14  1
 159  15  1
  96  16  1
  97  16  1
  92  17  1
 121  18  1
 165  18  1
  88  19  1
 106  19  1
 140  19  1
 159  19  1
  76  20  1
 149  20  1
 156  20  1
  71  21  1
 114  21  1
 164  21  1
  68  22  1
 109  22  1
 120  22  1
 134  22  1
 230  22  1
  65  23  1
 233  24  1
 234  24  1
 124  25  1
 125  25  1
 182  25  1
  59  26  1
  75  26  1
  70  27  1
 125  27  1
  55  29  1
 124  29  1
 125  29  1
 174  29  1
  76  30  1
  77  30  1
  52  31  1
  65  31  1
  85  31  1
 146  31  1
  87  32  1
 145  33  1
 184  33  1
 185  33  1
  48  34  1
  87  34  1
 123  34  1
  79  36  1
 221  37  1
 226  37  1
 109  38  1
 128  38  1
 231  38  1
  74  39  1
  89  39  1
  91  39  1
 113  39  1
 128  40  1
 133  40  1
 191  41  1
 218  41  1
  85  42  2
  86  42  1
  87  42  1
 148  42  1
 204  43  1
 205  43  1
 216  43  1
 217  43  1
 233  43  1
 113  44  1
 181  44  1
 182  44  1
 109  45  1
 207  45  1
 242  45  1
  75  46  1
 134  46  1
 258  46  1
 155  47  1
 221  47  1
 233  47  1
 234  47  1
 242  47  1
 243  47  1
 252  48  1
  78  49  1
 155  49  1
 156  49  1
 237  49  1
 238  49  1
  63  50  1
  64  50  1
 183  50  1
 184  50  1
  73  51  1
 212  51  1
 239  51  1
  44  54  1
 150  54  1
  59  55  1
  77  55  1
  78  55  1
 181  55  1
 206  55  1
 207  55  1
 255  55  1
 265  55  1
 145  56  1
 224  56  1
 238  56  1
 240  56  1
 259  56  1
 202  57  1
 203  57  1
 218  57  1
  79  58  1
 139  58  1
  39  59  1
  51  59  1
  63  59  1
 203  59  1
 230  59  1
  28  61  1
  75  61  1
 144  61  1
  69  62  1
  71  62  1
  78  62  1
 262  62  1
  49  63  1
  50  63  1
 153  63  1
 180  63  1
 269  63  1
 270  63  1
  32  64  1
  34  64  1
  36  64  1
 234  64  1
  23  65  1
 171  66  1
 176  66  1
 229  66  1
  31  67  1
  73  67  1
  79  67  1
 258  67  1
 262  67  1
  65  68  1
  66  68  1
  84  68  1
  89  68  1
  90  68  1
 226  68  1
 233  68  1
 256  68  1
 271  68  1
 272  68  1
  14  69  1
 206  69  1
  38  70  1
  43  70  1
  90  70  1
 166  70  1
 196  70  1
 203  70  1
 213  70  1
  33  72  1
 186  72  1
 257  72  1
  21  73  1
  22  73  1
  24  73  1
 190  73  1
 198  73  1
 199  73  1
 252  73  1
 110  74  1
 248  74  1
 261  74  1
  50  75  1
 101  75  1
 190  75  1
 199  75  1
 203  75  1
 210  75  1
 229  76  1
 230  76  1
  19  77  1
  44  77  1
  97  77  1
  98  77  1
 190  77  1
 202  77  1
 104  78  1
  41  79  1
 201  79  1
 254  79  1
 255  79  1
   9  80  1
  10  80  1
  38  80  1
 137  81  1
 232  81  1
 253  81  1
 276  81  1
 277  81  1
  77  82  1
 132  82  1
 133  82  1
 250  82  1
   7  83  1
  17  83  1
  92  83  1
 107  83  1
 208  83  1
 240  83  1
 246  83  1
 277  84  1
 278  84  1
 101  85  1
 111  86  3
 128  86  1
 230  86  1
  37  87  1
  84  87  1
  90  88  1
 107  88  1
 116  88  1
 184  88  1
 185  88  1
 249  88  1
 278  88  1
 279  88  1
  12  89  1
 174  89  1
  95  90  1
 100  90  1
 140  90  1
 238  90  1
 268  90  1
 129  91  1
 230  91  1
 231  91  1
 279  91  1
 280  91  1
  63  92  1
  88  92  1
 123  92  1
 124  92  1
 168  92  1
 169  92  1
 185  92  1
  67  93  1
  68  93  1
   4  94  1
   5  94  1
  61  94  1
 126  94  1
  39  95  1
  40  95  1
  93  95  1
 161  95  1
  61  96  1
  97  96  1
 106  96  1
 238  96  1
   3  97  1
   4  97  1
  32  97  1
 111  97  1
 112  97  1
  10  98  1
  27  98  1
  61  98  1
  87  98  1
  88  98  1
  34  99  1
  35  99  1
  69  99  1
 274  99  1
   9 100  1
  38 100  1
 106 100  1
 171 100  1
 174 100  1
   7 101  1
 243 101  1
  56 102  1
 100 102  1
 104 102  1
 115 102  1
 116 102  1
  76 103  1
 110 104  1
 129 104  1
 140 104  1
 275 104  1
  54 105  1
 166 105  1
 238 105  1
 239 105  1
 113 106  1
 115 106  1
 236 106  1
 156 107  1
 251 108  1
 259 109  1
  46 110  1
 123 110  1
 134 110  1
  52 111  1
 113 111  1
   1 112  1
  43 112  1
 251 112  1
 127 113  1
 205 113  2
 206 113  1
 207 113  1
 181 114  1
 182 114  1
   5 115  1
   6 115  1
 121 115  1
 245 115  1
 247 115  1
 252 115  1
 253 115  1
  96 116  1
 236 116  1
 101 117  1
 274 117  1
 276 117  1
 277 117  1
 115 118  1
 124 118  1
 125 118  1
   1 119  1
  45 119  1
  46 119  1
  87 119  1
  94 119  1
  95 119  1
 106 119  1
 253 119  1
 269 119  1
 160 120  1
 165 120  1
 255 120  1
 258 120  1
 178 121  1
  72 122  1
 112 122  1
 113 122  1
 117 122  1
 118 122  1
 132 122  1
 137 122  1
 146 122  1
 262 122  2
  10 123  1
  39 123  1
  61 123  1
  66 123  1
  88 123  1
  89 123  1
 155 123  1
 178 124  1
 236 124  1
  11 125  1
  66 125  1
  75 125  1
  76 125  1
 100 125  1
 126 125  1
 193 125  1
 194 125  1
 195 125  1
 255 125  1
 274 125  1
   1 126  1
   2 126  1
  38 126  1
  44 126  1
 114 126  1
 120 126  1
 165 126  1
 166 126  1
  32 127  1
  58 127  1
  61 127  1
  92 127  1
 132 127  1
 182 127  1
 185 127  1
 186 127  1
  71 128  1
  85 128  1
  86 128  1
 139 128  1
 158 128  1
 173 128  1
 218 128  1
  51 129  1
 110 129  1
   3 130  1
   4 130  1
  19 130  1
  90 130  1
 117 130  1
 202 130  1
  75 131  1
  97 131  1
 134 131  1
 192 131  1
 196 131  1
  13 132  1
  14 132  1
  41 132  1
  80 132  1
 165 132  1
 209 132  1
 217 132  1
 229 132  1
  45 133  1
 181 133  1
 182 133  1
 186 133  1
 206 133  1
 222 133  1
 263 133  1
 271 133  1
  26 134  1
 138 134  1
  11 135  1
  12 135  1
 102 135  1
 144 135  1
 169 135  1
 199 135  1
 274 135  1
  79 136  1
  92 136  1
 192 136  1
   3 137  1
   4 137  1
  25 137  1
  37 137  1
 112 137  1
 211 137  1
 217 137  1
 264 138  1
 157 139  1
 158 139  1
  34 140  1
  12 141  1
  84 141  1
  95 141  1
 275 141  1
 108 142  1
 181 142  1
 183 142  1
 269 142  1
  37 144  1
  79 144  1
  80 144  1
 103 144  1
 105 144  1
 191 144  1
 260 144  1
  21 145  1
  26 145  1
  35 145  1
 193 145  1
 194 145  1
  83 146  1
  86 146  1
 164 146  1
 197 146  1
 202 147  1
 258 147  1
 176 148  1
 252 148  1
  29 149  1
 162 149  1
 192 149  1
 263 149  1
  35 150  1
  37 150  1
 104 150  1
 245 150  1
 246 150  1
 252 151  1
 255 151  1
 257 151  1
 104 152  1
 237 153  1
 262 153  1
 103 154  1
 230 154  1
 231 154  1
  20 155  1
  21 155  1
  80 155  1
 205 155  1
  70 156  1
  58 157  1
  78 157  1
  80 157  1
 207 160  1
 252 160  1
  64 161  1
 215 161  1
 278 161  1
 279 161  1
  10 162  1
 189 162  1
  62 163  1
  72 163  1
 146 163  1
 203 163  1
  25 164  1
  29 164  1
 193 164  1
 251 164  1
   5 165  1
   6 165  1
  13 165  1
 203 165  1
 245 165  1
  75 167  1
  76 167  1
 203 167  1
 204 167  1
 260 167  1
 268 167  1
 269 167  1
 276 168  1
 277 168  1
  23 169  1
  71 169  1
 175 169  1
 257 170  1
 177 171  1
 190 171  1
 235 171  1
 257 172  1
 267 173  1
  43 174  1
  49 174  1
  69 174  1
 195 174  1
 245 174  1
  11 175  1
  64 175  1
  58 176  1
 186 176  1
 187 176  1
  47 178  1
 180 178  1
 264 178  1
 266 178  1
 267 178  1
  95 179  1
  15 180  1
  40 180  1
  65 180  1
  23 181  1
  79 181  1
  85 181  1
  97 181  1
 239 181  1
 257 181  1
  46 182  1
  47 182  1
  82 182  1
  25 183  1
  26 183  1
  97 183  1
  44 184  1
  46 184  1
  82 184  1
 242 184  1
 272 184  1
 273 184  1
 215 185  1
 220 185  1
  82 186  1
  92 186  1
  72 187  1
  87 187  1
  27 188  1
  28 188  1
  45 188  1
  66 188  1
  75 188  1
  76 188  1
  94 188  1
  70 189  1
 262 189  1
  40 190  1
  35 191  1
  63 191  1
 231 191  1
 226 192  2
 260 193  1
 234 194  1
  61 195  1
  80 195  1
 257 195  1
  43 196  1
  47 197  1
  65 197  1
  67 197  1
 112 199  1
 226 199  1
 259 199  1
  60 200  1
  58 201  1
  34 202  1
  89 202  1
 103 202  1
 114 202  1
  51 203  1
  54 203  1
 264 203  1
  43 204  1
  84 204  1
 119 204  1
 197 204  1
 229 205  1
 234 205  1
  91 207  1
 189 207  1
 247 207  1
  49 208  1
 104 208  1
 105 208  1
 121 208  1
 185 208  1
 241 208  1
 125 209  1
 150 209  1
 228 210  1
  86 211  1
 161 211  1
 162 211  1
 249 211  1
 149 212  1
 100 213  1
 239 213  1
 221 214  1
 256 214  1
  82 215  1
  84 215  1
 159 215  1
  80 216  1
 184 218  1
  96 219  1
 187 220  1
 215 220  1
  58 221  1
  59 221  1
 107 221  1
 210 221  1
 252 221  1
  94 222  2
  95 222  1
 111 223  1
 136 223  1
 139 223  1
 141 223  1
 159 223  1
 194 224  1
 199 224  1
  68 225  1
 191 226  1
 245 226  1
 100 227  1
 166 227  1
  73 228  1
 103 228  1
 104 228  1
 170 228  1
 185 228  1
 186 228  1
  99 230  1
 172 231  1
 102 232  1
 103 232  1
 160 232  1
 161 232  1
 165 232  1
 111 233  1
 113 233  1
 144 233  1
 190 233  1
 191 233  1
 177 235  1
  82 236  1
 128 236  1
 129 236  1
 230 236  1
 101 237  1
 102 237  1
 123 237  1
 169 237  1
 185 237  1
 186 237  1
 203 237  1
 114 238  1
 144 238  1
 156 238  1
 228 238  1
  95 239  1
  96 239  1
 120 239  1
 137 239  1
 161 239  1
 209 239  1
 210 239  1
  88 240  1
 101 240  1
 116 240  1
 108 242  1
 163 242  1
 165 242  1
 171 242  1
 172 242  1
 173 242  1
 210 242  1
 222 242  1
 132 243  1
 153 243  1
 127 244  1
 141 244  1
 175 244  1
 219 244  1
 144 245  1
 199 245  1
 138 246  1
 213 246  1
 144 247  1
 166 247  1
 169 247  1
 191 247  1
 211 247  1
 118 248  1
 125 249  1
 170 249  1
 176 249  1
 186 249  1
 129 250  1
 202 250  1
 132 251  1
 137 252  1
 160 252  1
 164 252  1
 192 254  1
 195 254  1


count = 781