 177   4  1
 139   5  1
 132   8  1
 197  11  1
 120  13  1
 111  17  1
 113  17  1
 206  17  1
 105  18  1
 211  20  1
  91  21  1
 114  22  1
 109  24  1
 115  24  1
 220  27  1
  96  30  1
 100  30  1
 120  30  1
 126  30  1
 178  30  1
 225  30  1
 123  31  1
 171  32  1
  55  33  1
 125  33  1
 175  33  1
 176  33  1
 117  34  1
 167  35  1
 175  35  1
 161  36  2
 162  36  1
  49  38  1
 104  38  1
 122  39  1
 125  39  1
 127  39  1
 118  40  1
 174  41  1
 175  41  1
 118  42  1
 129  42  1
 206  42  1
  41  43  1
 226  43  1
  39  45  1
 108  45  1
 110  45  1
 112  45  1
 126  45  1
 208  45  1
 210  45  1
 133  46  1
 102  47  1
 145  48  1
 163  48  1
 176  48  1
 120  49  1
 227  50  1
 221  51  1
 248  52  1
 142  53  1
 125  54  1
 134  54  1
 152  54  1
 153  54  1
 106  56  1
 137  57  1
 213  58  1
 252  58  1
 114  59  1
 134  59  1
 139  59  1
 150  59  1
 206  59  1
  20  60  1
 112  61  1
 146  61  1
 254  61  1
 139  63  1
 133  64  1
 256  64  1
 151  66  1
 109  67  1
 174  69  1
 202  69  1
 150  70  1
 151  70  1
  10  71  1
 261  71  1
 112  72  1
 208  72  1
 118  74  1
 148  74  1
 263  74  1
 126  75  1
 176  75  1
 218  76  1
 177  77  1
 178  77  1
 187  77  1
 168  78  1
 266  78  1
   7  79  1
   8  79  1
 144  79  1
 208  79  1
 223  79  1
 140  80  1
 141  80  1
 203  80  1
 210  80  1
 118  81  1
 215  81  1
 190  82  1
 199  82  1
 200  82  1
 229  82  1
 268  82  1
   5  83  1
   6  83  1
 217  83  1
 218  83  1
 122  84  1
 124  84  1
 126  84  1
 137  84  1
 168  84  1
 196  84  1
 221  85  1
 132  86  1
 126  87  1
 180  87  1
 181  87  1
 232  87  1
 175  88  1
 176  88  1
 225  88  1
 272  88  1
 228  90  1
   2  91  1
   3  91  1
  65  91  1
 274  91  1
 238  92  1
 239  92  1
  62  93  1
 168  93  1
   1  94  1
   2  94  1
 175  94  1
 106  95  1
 107  95  1
 232  95  1
 233  95  1
  60  96  1
 182  96  1
 188  97  1
 242  97  1
 243  97  1
  71  99  1
  83  99  1
  88  99  1
  97  99  1
  34 100  1
  64 100  1
  65 100  1
 178 100  1
 179 100  1
  29 101  1
  90 101  1
 168 101  1
 169 101  1
 188 101  1
 189 101  1
  15 102  1
  38 102  1
  59 102  1
  61 102  1
  28 103  1
 112 103  1
  14 104  1
  39 104  1
  40 104  1
  99 104  1
 173 104  1
 174 104  1
  77 105  1
  14 106  1
  24 106  1
 178 106  1
  68 107  1
   9 108  1
  12 108  1
 188 108  1
  79 109  1
 102 109  1
 184 110  1
 185 110  1
  72 111  1
 168 112  1
   3 115  1
   4 115  1
  99 115  1
 109 115  1
  76 116  1
  88 117  1
  94 117  1
  80 118  1
  92 118  1
 179 118  1
  60 119  1
 116 119  1
  41 120  1
  74 120  1
 196 120  1
 101 121  1
 110 121  1
 182 121  1
   7 122  1
  61 122  1
  74 122  1
  86 122  1
  87 122  1
 117 122  1
 118 122  1
 154 122  1
  81 123  1
  95 123  1
  96 123  1
 271 123  1
  23 124  1
  29 124  1
 186 124  1
 187 124  1
 193 124  1
  98 125  1
  99 125  1
 210 125  1
 246 125  1
 247 125  1
  17 126  1
 111 126  1
 190 126  1
  45 127  1
  56 127  1
 115 127  1
 167 127  1
 168 127  1
 195 127  1
 203 127  1
 246 127  1
  47 128  1
 139 128  1
 162 128  1
 254 128  1
 258 128  1
  14 129  1
  50 129  1
 123 129  1
 157 129  1
 246 129  1
 265 129  1
 137 130  1
 143 130  1
 203 130  1
 209 130  1
 210 130  1
 232 130  1
 238 130  1
  56 131  1
 217 131  1
 259 131  1
 265 131  1
 142 132  1
 143 132  1
 175 132  1
 199 132  1
 272 132  1
  14 133  1
  30 133  1
 117 133  1
 125 133  1
 183 133  1
 251 133  1
  61 134  1
  69 134  1
 123 134  1
 162 134  1
 256 134  1
 257 134  1
  44 135  1
 152 135  1
 157 135  1
 189 135  1
 205 135  1
 225 135  1
 227 135  1
 228 135  1
 233 135  1
 243 135  1
  19 136  1
  49 136  1
  60 136  1
  68 136  1
  69 136  1
 166 136  1
 180 136  1
 210 136  1
 265 136  1
   8 137  1
   9 137  1
  25 137  1
 103 137  1
  53 138  1
  60 138  1
 270 138  1
  58 139  1
 102 139  1
 103 139  1
 119 139  1
 196 139  1
 197 139  1
 261 139  1
 263 139  1
   6 140  1
  13 140  1
  14 140  1
 153 140  1
 154 140  1
 205 140  1
 259 140  1
  23 141  1
  24 141  1
  76 141  1
  77 141  1
  43 142  1
 169 142  1
 191 142  1
 269 142  1
 270 142  1
 117 143  1
 118 143  1
 181 143  1
 227 143  1
 270 144  1
   1 145  1
  21 145  1
  80 145  1
  91 146  1
 115 146  1
 166 146  1
 271 146  1
 273 146  1
  74 147  1
 262 147  1
 204 148  1
  51 149  1
 209 149  1
  17 150  1
 173 150  1
 182 150  1
 200 150  1
 265 150  1
  84 151  1
 208 151  1
  21 152  1
  22 152  1
  23 152  1
  72 152  1
 105 152  1
 187 153  1
 177 154  1
 204 154  1
 193 155  1
  80 156  1
 199 156  1
 203 156  1
 256 156  1
 257 156  1
 184 157  1
 185 157  1
  24 159  1
  78 159  1
 183 160  1
 184 160  1
 254 160  1
 255 160  1
 281 160  1
 282 160  1
 177 161  1
 178 161  1
  97 162  1
  98 162  1
 183 162  1
 189 163  1
 190 163  1
 183 164  1
 202 164  1
 203 164  1
 208 164  1
 244 164  1
  27 165  1
 102 165  1
 192 165  1
 110 166  1
 222 166  1
 242 166  1
 101 167  1
 226 167  1
 250 167  1
  30 168  1
  31 168  2
  74 168  1
 186 168  1
  60 169  1
 256 169  1
 257 169  1
  63 170  1
  67 170  1
  73 170  1
  74 170  1
 186 170  1
 263 170  1
  65 171  1
  70 171  1
 240 171  1
 241 171  1
 247 171  1
 259 171  1
 198 172  1
 253 172  1
   6 173  1
 159 173  1
 171 173  1
 172 173  1
 192 173  1
 235 173  1
 232 174  1
 244 175  1
  74 177  1
 134 177  1
 135 177  1
 194 177  1
 241 177  1
 176 178  1
 177 178  1
 201 178  1
 202 178  1
 221 179  1
 237 179  1
 238 179  1
 180 180  1
 192 180  1
 143 181  1
 161 181  1
 169 181  1
 233 181  1
 273 181  1
   9 183  1
  10 183  1
 159 183  1
 165 183  1
 229 183  1
 230 183  1
  59 184  1
 150 184  1
 173 184  1
 193 184  1
 248 184  1
  63 185  1
  65 185  1
 180 185  1
 189 185  1
 223 185  1
 271 185  1
 176 186  1
 190 187  1
 147 188  1
 148 188  1
  76 189  1
  77 189  1
 178 189  1
 189 189  1
 215 189  1
 145 190  1
  49 191  1
 138 191  1
 194 191  1
  47 192  1
  63 192  1
 180 192  1
 187 192  1
  53 193  1
 189 195  1
 265 195  1
  14 196  1
 193 196  1
  90 197  1
 181 197  1
 264 197  1
 185 198  1
  16 199  1
  96 200  1
  80 203  1
  23 204  1
  24 204  1
  87 204  1
  88 204  1
 222 204  1
 225 204  1
  83 205  1
  94 205  1
  99 205  1
  54 208  1
  96 208  1
 256 208  1
 127 209  1
 136 209  1
 237 209  1
  54 210  1
  32 211  1
  58 212  1
 100 212  1
 102 212  1
 138 213  1
  58 214  1
  93 214  1
  97 214  1
 119 214  1
 123 214  1
 131 214  1
 205 214  1
 207 214  1
  49 215  1
  50 215  1
 251 215  1
  84 216  2
  86 216  1
 231 217  1
 129 218  1
 127 219  1
 213 219  1
 249 219  1
  40 220  1
 102 220  1
 207 220  1
  42 221  1
 120 221  1
 237 221  1
  67 222  1
  86 222  1
  87 222  1
  81 223  1
  82 223  1
 232 223  1
 246 223  1
  47 224  1
  70 225  1
  51 227  1
  70 228  1
  82 228  1
  83 228  1
 134 230  1
 136 230  1
 237 231  1
  88 232  1
  85 233  1
  67 235  1
  93 235  1
  94 235  1
 184 236  1
 118 237  1
 115 238  1
 120 238  1
 121 238  1
 224 239  1
 221 240  1
 189 241  1
 106 242  1
 191 242  1
 137 245  1
 139 245  1
 126 246  1
 127 246  1
 184 247  1
 130 248  1
 205 249  1
 133 250  1
 200 250  1
 136 252  1
 139 254  1
 140 254  1
 143 255  1
 191 255  1
 184 256  1
 150 257  1


count = 597