 163   1  1
 172   1  1
 176   1  1
 139   4  1
 202   4  1
 136   5  1
 125   8  1
 196   8  1
 122   9  1
 190   9  1
 147  10  1
 158  10  1
 216  10  1
 201  11  2
 202  11  1
 203  11  1
 115  12  1
 147  13  1
 107  14  1
 143  14  1
 153  14  1
 159  14  1
 160  14  1
 196  14  1
 222  14  1
 137  16  1
 190  16  1
 204  16  1
 214  16  1
 215  16  1
 100  17  1
 146  17  1
 201  17  1
 226  17  1
 135  18  1
 219  19  1
 132  20  1
 139  20  1
 140  20  1
 148  20  1
 150  20  1
 152  20  1
 150  22  1
 196  22  1
 214  23  1
  96  24  1
 218  24  1
  74  25  1
 236  25  1
  71  26  1
  91  26  1
  97  26  1
 223  26  1
  68  27  1
  65  28  1
  83  28  1
 240  28  1
  77  30  1
  78  30  1
  83  30  1
 144  30  1
 219  30  1
  89  31  1
  95  31  1
 139  32  1
 145  32  1
 101  33  1
 102  33  1
 151  33  1
 152  33  1
 158  33  1
  69  34  1
  81  34  1
 162  34  1
 246  34  1
  53  35  1
  87  37  1
 104  37  1
 105  37  1
  48  38  1
 155  38  1
  87  39  1
  89  39  1
 144  39  1
 159  39  1
  44  40  1
  45  40  1
  92  40  1
  93  40  1
 151  40  1
 161  40  1
  55  41  1
  70  42  1
  71  42  1
  97  42  1
 138  42  1
 139  42  1
 157  42  1
 192  42  1
 193  42  1
 194  42  1
  39  44  1
  52  44  1
  70  44  1
 150  44  1
 170  44  1
  87  45  1
  89  45  1
 156  45  1
 197  45  1
  46  46  1
  47  46  1
  95  46  1
  96  46  1
 165  46  1
 166  46  1
  81  47  1
  43  48  1
  63  49  1
  80  49  1
  81  49  1
  91  49  1
  92  49  1
 157  49  1
 158  49  1
 182  49  1
 167  50  1
 168  50  1
  39  51  1
  63  51  1
 121  51  1
 181  51  1
  63  53  1
 168  53  1
  65  54  1
 142  54  1
 143  54  1
 154  55  1
 158  55  1
 159  55  1
 121  56  1
 138  56  1
  37  57  1
  38  57  1
  32  58  1
  64  58  1
  65  58  1
  78  59  1
  82  59  1
 143  59  1
 157  59  1
  20  60  1
 162  61  1
 170  61  1
  38  62  2
  39  62  1
  40  62  1
 117  62  1
 156  62  1
 124  64  1
  41  65  1
 141  65  1
 166  65  1
 167  65  1
 175  66  1
 120  67  1
 138  67  1
 139  67  1
 145  67  1
 270  67  1
  12  68  1
  13  68  1
  20  68  1
  85  68  1
  86  68  1
 198  68  1
 119  69  1
 193  69  1
  22  71  1
  23  71  1
  84  71  1
 116  71  1
  82  72  1
 134  72  1
 157  72  1
 158  72  1
   9  73  1
 154  73  1
 168  73  2
 169  73  1
 170  73  1
  80  74  1
 119  74  1
 199  74  1
 179  76  1
   7  77  1
  54  77  1
  17  78  1
 116  78  1
 159  78  1
  13  79  1
 170  79  1
 177  79  1
 193  80  1
 276  80  1
 277  80  1
 135  81  1
   4  82  1
   5  82  1
  11  82  1
 135  83  1
 137  83  1
 165  83  1
 214  83  1
  52  84  1
 115  84  1
 172  84  1
 223  84  1
 278  85  1
 279  85  1
 210  86  1
 227  86  1
 142  87  1
 160  87  1
  84  88  1
 153  88  1
  44  89  1
 134  89  1
 115  90  1
 116  90  1
 203  90  1
 204  90  1
   1  91  1
   2  91  1
  44  91  1
 107  91  1
 109  91  1
 201  91  1
 120  92  1
 122  92  1
 143  92  1
 208  92  1
 125  93  1
 136  93  1
 112  94  1
 143  94  1
 226  94  2
 227  94  1
 126  95  1
 139  95  1
 186  95  1
 187  95  1
 200  95  1
  46  96  1
  47  96  1
 157  96  1
 158  96  1
 159  96  1
 154  97  1
 204  97  1
 117  98  1
 281  98  1
 282  98  1
 146  99  1
 211  99  1
 212  99  1
 126 101  1
  47 102  1
  75 102  1
 207 103  1
 221 103  1
 215 104  1
   8 107  1
  49 107  1
  54 107  1
  59 107  1
  87 107  1
 213 107  1
 229 107  1
  10 108  1
  11 108  1
 138 108  1
 225 108  1
 142 109  1
  93 111  1
   9 112  1
  61 113  1
  83 113  1
 158 113  1
 175 113  1
   7 114  1
  88 114  1
 165 115  1
 144 116  1
 152 116  1
  71 117  1
  89 117  1
 267 117  1
 104 118  1
  61 119  1
  73 119  1
 170 119  1
 272 119  1
 274 119  1
 276 119  1
  76 120  1
 266 120  1
  80 121  1
  90 121  1
 102 121  1
 108 121  1
 110 121  1
   9 122  1
  95 122  1
 163 122  1
 165 122  1
 196 122  1
 204 122  1
 208 122  1
 276 122  1
 261 123  1
 270 123  1
  47 124  1
  69 124  1
  91 124  1
  96 124  1
 117 124  1
 131 124  1
 265 124  1
 266 124  1
 104 125  1
 146 125  1
 147 125  1
 192 125  1
 218 125  1
  24 126  1
  27 126  1
  28 126  1
  40 126  1
  41 126  1
  51 126  1
  99 126  1
 225 126  1
  54 127  1
  67 127  1
  68 127  1
 208 127  1
 209 127  1
 214 127  1
 273 127  1
 274 127  1
 275 127  1
 261 128  1
 262 128  1
  62 129  1
 227 129  1
  97 130  1
 124 130  1
 237 130  1
 266 130  1
  62 131  1
  70 131  2
 254 131  1
 114 132  1
 156 132  1
 217 132  1
 218 132  1
 248 132  1
 249 132  1
 251 132  1
 258 132  1
 272 132  1
 280 132  1
 281 132  1
  40 133  1
  50 133  1
 203 133  1
 274 133  1
  58 134  1
  69 134  1
 165 134  1
 263 134  1
 264 134  1
  21 135  1
  67 135  1
  53 136  1
 253 136  1
  99 137  1
 100 137  1
 251 137  1
  70 138  1
  72 138  1
 258 138  1
  96 141  1
 175 142  1
 176 142  1
 228 142  1
 229 142  1
 255 142  2
 256 142  1
 257 142  1
 262 142  1
 264 142  1
  91 144  1
 170 144  1
 177 145  1
 178 145  1
 196 145  1
 170 147  1
 198 148  1
 258 148  1
   9 149  1
 172 149  1
 173 149  1
 174 149  1
 205 149  1
 208 149  1
 209 149  1
 219 149  1
 253 149  1
 254 149  1
 261 149  1
 242 150  1
   8 151  1
 203 151  1
 209 151  1
 233 151  1
 251 151  1
 216 152  1
 239 152  1
 209 153  1
 210 153  1
   3 154  1
   4 154  1
  89 154  1
 113 156  1
 212 156  1
 236 157  1
 135 158  1
   4 159  1
   5 159  1
  91 159  1
 136 160  1
 137 160  1
 100 161  1
 102 161  1
 235 161  1
   5 162  1
   6 162  1
  20 162  1
 130 162  1
 131 162  1
 207 162  1
 115 163  1
 233 163  1
 124 164  1
 229 164  1
   6 165  1
   7 165  1
 191 165  1
 158 166  1
 159 166  1
  13 167  1
  18 167  1
 225 167  1
 233 167  1
 210 169  1
   8 170  1
   9 170  1
  19 171  1
 222 171  1
 191 172  1
 192 172  1
 210 172  1
 229 172  1
 223 173  1
 224 173  1
  37 174  1
  38 174  1
 170 174  1
 172 174  1
 236 174  1
  10 175  1
  11 175  1
  42 175  1
 175 175  1
  33 176  1
 178 176  1
 275 176  1
 276 176  1
 183 177  1
 215 177  1
 216 177  1
 221 177  1
 111 178  1
 193 178  1
  20 179  1
  27 179  1
  48 179  1
  49 179  1
  50 179  1
 116 179  1
  12 180  1
 185 180  1
 186 180  1
 191 180  1
 192 180  1
 193 180  1
 274 180  1
 275 180  1
  35 181  1
  21 182  1
  30 183  1
  16 184  1
  49 185  1
 231 185  1
 232 185  1
 272 185  1
  37 186  1
 222 187  1
 229 188  1
 218 189  1
 219 189  1
  98 190  1
  29 191  1
  67 191  1
  90 191  1
 218 194  1
 219 194  1
  98 195  1
  66 196  1
  49 197  1
 233 199  1
 110 200  1
 111 200  1
 108 201  1
 231 201  1
  43 202  1
 231 203  1
  49 204  1
  50 204  1
 231 205  1
 232 205  1
 236 206  1
  47 207  1
  48 207  1
 250 207  1
 112 208  1
 103 209  1
 172 210  1
 242 212  1
 244 212  1
 248 212  1
 177 213  1
 240 213  1
 214 214  1
 215 214  1
  48 215  1
 102 215  1
 103 215  1
 171 215  1
 211 215  1
 255 215  1
 105 216  1
  62 217  1
  63 217  1
 165 217  1
 209 217  1
  69 218  1
 100 218  1
 246 218  1
 105 220  1
  56 221  1
  73 222  1
 160 223  1
 211 223  1
 158 224  1
 214 224  1
 144 225  1
 222 226  1
 224 226  1
  77 227  1
 107 227  1
 140 227  1
 166 227  1
  66 228  1
  67 228  1
 170 228  1
 171 228  1
 140 229  1
 148 229  1
 105 230  1
 141 231  1
 214 231  1
 215 231  1
  76 232  1
 221 232  1
  90 233  1
  96 233  1
 229 233  1
 100 234  1
 146 234  1
 147 234  1
  81 235  1
 160 235  1
 161 235  1
 171 235  1
 172 235  1
  99 237  1
 142 237  1
 156 238  1
 224 238  1
 151 239  1
 161 239  1
  88 240  1
  95 241  1
 140 241  1
 141 241  1
 227 241  1
 160 243  1
 126 244  1
 143 244  1
 114 245  1
 164 245  1
 182 245  1
 136 246  1
 211 246  1
 119 247  1
 168 247  1
 169 247  1
 125 249  1
 160 249  1
 179 249  1
 156 250  1
 152 251  1
 185 251  1
 186 251  1
 165 252  1
 178 252  1
 200 253  1
 145 254  1
 197 254  1
 188 256  1
 163 257  1


count = 644