 151   1  1
 155   1  1
 167   1  1
 172   1  1
 178   3  1
 187   5  1
 124   6  1
 190   6  1
 118   8  1
 114   9  1
 116   9  1
 108  11  1
 201  11  1
 101  14  1
 162  14  1
 163  14  1
 168  14  1
 169  14  1
 206  14  1
  96  16  1
 209  16  1
 210  16  1
  93  17  1
 164  18  1
 166  18  1
 213  18  1
  85  20  1
 216  20  1
 217  20  1
  80  22  1
 128  22  1
 131  23  1
  76  25  1
 188  25  1
 171  28  1
 116  29  1
  60  30  1
  61  30  1
 187  30  1
 189  31  1
 134  33  1
 140  33  1
  54  34  1
  52  36  1
 173  37  1
 242  38  1
  47  39  1
  43  41  1
 175  41  1
  40  43  1
 175  43  1
 133  44  1
 177  44  1
 186  44  1
 187  44  1
 247  44  1
 248  44  1
  37  45  1
 122  45  1
 123  45  1
 137  45  1
 141  47  1
 179  47  1
 249  47  1
 250  47  1
  31  48  1
  32  48  1
 110  48  1
 114  49  1
 120  49  1
 126  49  1
 130  49  1
 138  51  1
  27  52  1
 132  52  1
 109  53  1
 111  54  1
 123  54  1
 144  54  1
 113  55  1
 118  55  1
  13  66  1
 182  69  1
 267  69  1
 177  73  1
 191  73  1
 185  74  1
 240  75  1
 241  75  1
 265  75  1
  14  76  1
 191  77  1
 173  78  1
 204  78  1
 241  78  1
 242  78  1
  14  79  1
 180  79  1
 206  81  1
 266  81  1
 267  81  1
 175  82  1
 178  82  1
 214  83  1
 243  83  1
  16  84  1
  17  84  1
 195  84  1
 262  84  1
  12  85  1
 174  86  1
 217  86  1
   5  87  1
   6  87  1
 194  87  1
 195  87  1
 199  87  1
 233  87  1
 238  87  1
 275  87  1
 276  87  1
 173  88  1
 218  89  1
 276  90  1
 277  90  1
 180  91  1
 222  91  1
 230  91  1
 231  91  1
 250  91  1
 251  91  1
 228  92  1
   3  93  1
   4  93  1
 277  93  1
 278  93  1
  77  94  1
  78  94  1
 140  94  1
 170  94  1
 243  94  1
 222  95  1
   2  96  1
   3  96  1
  67  96  1
  68  96  1
 220  96  1
 257  96  1
 178  97  1
  63  98  1
  99  98  1
 244  98  1
 255  98  1
 126  99  1
  72 100  1
 224 100  1
 216 101  1
  67 102  1
  68 102  1
 103 102  1
 124 102  1
 223 102  1
 239 102  1
 240 102  1
  44 103  1
 209 103  1
 217 103  1
  67 104  1
 100 104  1
 126 105  1
 127 105  1
 218 105  1
 219 105  1
  78 106  1
 192 106  1
 207 106  1
 189 107  1
  34 108  1
 109 108  1
 110 108  1
 238 108  1
 168 109  1
 214 109  1
 242 109  1
  29 110  1
 110 110  1
 184 110  1
 185 110  1
 196 110  1
 238 110  1
 179 111  1
 217 111  1
 238 112  1
  45 113  1
  46 113  1
   1 114  1
  55 114  1
  59 114  1
  83 114  1
 240 114  1
  17 115  1
  43 115  1
 109 115  1
  48 116  1
  51 116  1
  99 116  1
 126 116  1
 164 116  1
 165 116  1
 188 116  1
  86 117  1
 217 117  1
 218 117  1
  67 118  1
  76 118  1
  77 118  1
 120 118  1
 167 118  1
  11 119  1
  12 119  1
 278 119  1
 279 119  1
  58 120  1
 126 120  1
 160 120  1
 168 120  1
 169 120  1
 184 121  1
 192 121  1
 215 121  1
   1 122  1
  21 122  1
  54 122  1
  59 122  1
  71 122  1
  72 122  1
 198 122  1
  19 123  1
  48 123  1
 131 123  1
 171 123  1
 172 123  1
 183 123  1
   6 124  1
   8 124  1
  59 124  1
  69 124  1
 112 124  1
 113 124  1
 148 124  1
 200 124  1
 214 124  1
 271 124  1
 273 124  1
  44 125  2
 127 125  1
 178 125  1
 180 125  1
 190 125  1
 191 125  1
  25 126  1
 155 126  1
 156 126  1
 168 126  1
 169 126  1
 194 126  1
 109 127  1
 143 127  1
 266 127  1
 267 127  1
  17 128  1
  34 128  1
  39 128  1
 162 128  1
 164 128  1
 177 128  1
 259 128  1
  44 129  1
  59 129  1
  83 129  1
 126 129  1
 127 129  1
 136 129  1
 203 129  1
 249 129  1
 266 129  1
 188 130  1
 189 130  1
  28 131  1
  29 131  1
  56 131  1
 148 131  1
 218 131  1
 272 131  1
  22 132  1
  23 132  1
  24 132  1
  39 132  1
 168 132  1
 240 132  1
  32 133  1
 134 133  1
 142 133  1
 159 133  1
 219 133  2
 251 133  1
  17 134  1
 150 134  1
 164 134  1
  83 135  1
  23 136  1
 168 136  1
 218 136  1
 279 136  1
  19 137  1
 112 137  1
 255 137  1
 262 137  1
 162 138  1
 192 138  1
 196 138  1
 197 138  1
 251 138  1
 268 138  1
 131 139  1
 190 139  1
 223 139  1
 258 139  1
  54 140  1
   1 141  1
 157 142  1
 216 142  1
  49 143  1
  76 143  1
  98 143  1
 110 143  1
 111 143  1
 165 143  1
 185 143  1
 186 143  1
 270 143  1
 271 143  1
 170 144  1
 218 144  2
  90 145  1
  91 145  1
 140 145  1
 199 145  1
 213 145  1
 162 146  1
 188 146  1
 203 146  1
   1 147  1
  48 147  1
  74 147  1
  84 147  1
 242 147  1
 147 148  1
 162 148  1
 205 148  1
 251 148  1
 258 148  1
 263 148  1
 218 149  1
 219 149  1
  44 150  1
  50 150  1
 149 150  1
 150 150  1
 209 150  1
 255 150  1
 167 151  1
 217 151  1
 235 151  2
  71 152  1
 159 152  1
 201 152  1
 238 152  1
 188 153  1
 234 153  1
 254 153  1
 262 153  1
 169 155  1
 209 155  1
 254 155  1
 256 155  1
  78 156  1
  67 158  1
 162 158  1
 194 158  1
 215 158  1
 216 158  1
 248 159  1
 154 160  1
 170 160  1
 199 160  1
 274 160  1
 275 160  1
 173 161  1
  77 162  1
 156 162  1
 160 162  1
 281 163  1
 282 163  1
 165 164  1
  71 165  1
 281 165  1
  82 166  1
 280 167  1
 281 167  1
  90 169  1
  20 170  1
 179 170  1
 205 170  1
 279 170  1
 280 170  1
  15 171  1
  92 171  1
 153 171  1
 165 171  1
 166 171  1
 183 171  1
 199 171  1
  94 172  1
 279 172  1
  21 173  1
 102 173  1
 121 173  1
   4 174  1
   5 174  1
 278 174  1
 279 174  1
  10 175  1
  85 175  1
 105 175  1
 123 175  1
 145 175  1
 181 176  1
 112 177  1
 137 177  1
 138 177  1
 146 177  1
 175 177  1
 187 177  1
 197 177  1
 198 177  1
  14 178  1
 157 178  1
 158 178  1
   6 179  1
   7 179  1
 146 179  1
 107 180  1
 132 180  1
 136 180  1
 174 180  1
 175 180  1
  12 181  1
 185 181  1
 186 181  1
 205 181  1
 114 182  1
 142 182  1
 143 182  1
 181 185  1
 189 186  1
 190 186  1
 146 188  1
 147 188  1
 250 188  1
 138 190  1
 251 190  1
 197 191  1
 210 192  1
 241 193  1
 271 193  1
 152 194  1
 154 194  1
  12 195  1
 141 196  1
 143 196  1
 146 196  1
 161 196  1
 149 197  1
 268 197  1
  14 198  1
 267 199  1
 136 201  1
 143 201  1
 152 202  1
 242 202  1
 119 205  1
 120 205  1
 121 205  1
 146 205  1
 152 206  1
 262 206  1
 108 208  1
 122 209  1
  25 210  1
 124 211  1
 126 211  1
 128 211  1
 137 212  1
 257 212  1
 103 213  1
 148 213  1
 116 214  1
 105 216  1
 131 216  1
  34 217  1
 136 217  1
 107 218  1
  37 219  1
  38 219  1
  41 220  1
  44 223  1
  74 224  1
 130 226  1
  76 228  1
  93 228  1
 127 228  1
 238 229  1
  77 230  1
 120 230  1
  71 231  1
  72 231  1
 235 231  1
  91 232  1
  65 234  1
  67 234  1
 131 234  1
  70 235  1
  79 235  1
 126 235  1
 127 235  1
 135 235  1
 228 235  1
 229 235  1
  80 237  1
 116 237  1
 117 237  1
  74 238  1
 132 238  1
 112 239  1
  88 241  1
  95 242  1
 118 242  1
 215 242  1
 107 243  1
 108 243  1
 212 244  1
  83 245  1
 118 246  1
 146 246  1
 124 248  1
 142 248  1
 204 248  1
 199 250  1
 115 251  1
 135 251  1
 141 252  1
 193 252  1
 162 257  1


count = 564