 156   1  1
 162   1  1
 178   1  1
 193   2  1
 148   3  1
 200   4  1
 131   8  1
 153   8  1
 180   8  1
 128   9  1
 149   9  1
 151   9  1
 165   9  1
 125  10  1
 218  11  1
 219  11  1
 176  12  1
 118  13  1
 147  13  1
 153  13  1
 154  13  1
 222  13  1
 115  14  1
 225  15  1
 106  16  1
 170  16  1
 155  17  1
 175  17  1
 228  17  1
 229  17  1
 150  18  1
 232  19  1
 180  20  1
  85  22  1
 156  22  1
 221  22  1
 236  22  1
  96  23  1
 175  23  1
 180  25  1
  95  26  1
 105  26  1
 174  26  1
 242  26  1
  71  27  1
  88  27  1
 136  28  1
 161  28  1
 131  29  1
 175  29  1
  65  30  1
  66  30  1
 234  30  1
 235  30  1
 236  30  1
 107  31  1
 221  31  1
 110  32  1
 111  32  1
 232  32  1
  85  33  1
 144  33  1
 157  33  1
 223  34  1
 161  35  1
 173  35  1
 174  35  1
 228  35  1
 229  35  1
 230  35  1
 127  36  1
  51  37  1
  52  37  1
  97  37  1
 165  37  1
 204  37  1
 208  37  1
 122  38  1
 214  38  1
  82  39  1
 130  39  1
 131  39  1
 210  39  1
  79  40  2
  84  40  1
 167  40  1
 168  40  1
 232  40  1
 216  41  1
 217  41  1
 227  41  1
  45  42  1
  55  42  1
  56  42  1
 113  42  1
 127  42  1
 256  42  1
 122  43  1
 130  43  1
 156  43  1
  50  44  1
  86  44  1
  87  44  1
 100  44  1
 138  44  1
 153  44  1
 161  44  1
 177  44  1
 207  44  1
 111  45  1
 130  45  1
 135  45  1
 258  45  1
  53  46  1
 119  46  1
 143  46  1
 161  46  1
 167  46  1
  38  47  1
 131  47  1
 205  48  1
 260  48  1
 148  49  1
 201  49  1
  33  50  1
 123  50  1
 162  50  1
 163  50  1
  87  51  1
  92  51  1
  93  51  1
 129  51  1
 180  51  1
 181  51  1
 191  51  1
 193  51  1
 194  51  1
  29  52  1
  42  52  1
 158  52  1
  38  53  1
 140  53  1
  40  54  1
 164  55  1
 178  55  1
 179  55  1
  97  56  1
 121  56  1
 158  57  1
  92  58  1
 138  60  1
 179  60  1
 171  61  1
 173  61  1
 267  62  1
 177  63  1
 178  63  1
 229  63  1
 169  64  1
 242  64  1
  17  65  1
 148  65  1
 156  66  1
 231  66  1
  15  68  1
 147  68  1
 175  68  1
 146  70  1
 175  70  1
 227  70  1
 234  70  1
 239  71  1
 141  72  1
 157  72  1
 161  72  1
 171  72  1
 244  72  1
 224  73  2
 226  73  1
 247  73  1
  17  74  1
 155  74  1
 234  74  1
 141  75  1
 164  75  1
 264  76  1
 267  76  1
 275  77  1
  16  78  1
 262  78  1
   9  79  1
  10  79  1
 156  79  1
 189  79  1
 152  80  1
 114  81  1
 268  81  1
 269  81  1
 182  82  1
 184  82  1
 210  82  1
 151  83  1
 188  83  1
 253  83  1
   7  84  1
   8  84  1
 145  84  1
 160  84  1
 251  84  1
 266  84  1
 232  85  1
 259  85  1
 139  86  1
 264  86  1
 243  87  1
 247  87  1
 257  87  1
 179  88  1
 180  88  1
 206  88  1
 132  89  1
 182  90  1
   5  91  1
   6  91  1
 103  91  1
 105  91  1
 115  91  1
 255  92  1
  89  93  1
 111  93  1
 122  93  1
 176  93  1
 188  93  1
 272  93  1
  10  95  1
 125  95  1
 129  95  1
  56  96  1
 118  96  1
 106  97  1
 178  97  1
 179  97  1
 188  97  1
 193  97  1
 204  97  1
  15  98  1
 110  98  1
 267  98  1
 269  98  1
  17  99  1
  19  99  1
  53  99  1
 112  99  1
 272  99  1
   9 100  1
  81 101  1
 186 101  1
  45 102  1
  46 102  1
 263 102  1
   3 103  1
   4 103  1
  88 103  1
  89 103  1
 117 103  1
 176 103  1
 177 103  1
 258 103  1
  56 104  1
 271 104  1
 272 104  1
  80 105  1
 204 105  1
 205 105  1
 174 106  1
 189 106  1
 191 106  1
 256 106  1
 115 107  1
 116 107  1
 264 109  1
  32 110  1
  33 110  1
  69 110  1
  70 110  1
 172 110  1
 206 110  1
 256 110  1
 257 110  1
  82 111  1
 262 111  1
  33 112  1
 162 112  1
 204 112  1
  59 113  1
  61 113  1
  94 113  1
  95 113  1
 107 113  1
 192 113  1
  53 114  1
  63 114  1
  65 114  1
 177 114  1
 178 114  1
  84 115  1
 265 115  1
 266 115  1
   9 116  1
  14 116  1
 122 116  1
 127 116  1
 173 116  1
 188 116  1
 171 117  1
 178 117  1
 130 118  1
 165 118  1
 183 118  1
  87 119  1
 273 119  1
 277 119  1
 129 120  1
 193 121  1
  10 122  1
 121 122  1
 122 122  1
 268 122  1
  60 123  1
  64 123  1
 197 123  1
 251 123  1
  34 124  1
  35 124  1
 169 124  1
 204 124  1
 205 124  1
 258 124  1
  29 125  1
  31 125  1
  66 125  1
  68 125  1
  73 125  1
  92 125  1
 116 125  1
 119 125  1
 126 125  1
 127 125  1
 155 125  1
  21 126  1
  25 126  1
  27 126  1
 258 126  1
   8 127  1
  52 127  1
  61 127  1
  66 127  1
 165 127  1
 193 128  1
 245 128  1
  43 129  1
  69 129  1
 198 129  1
 223 129  1
  34 130  1
  97 130  1
 158 130  1
 194 130  1
 195 130  1
  19 131  1
  27 131  1
  43 131  1
  44 131  1
  88 131  1
 207 131  1
 273 131  1
 102 132  1
   9 133  1
  86 133  1
  94 133  1
 121 133  1
 146 133  1
 101 134  1
 169 134  1
 170 134  1
 282 134  1
 283 134  1
  18 135  1
  39 135  1
  40 135  1
  41 135  1
 188 135  1
 194 135  1
 195 135  1
 210 135  1
  99 136  1
 152 136  1
 202 136  1
 207 136  1
  20 137  1
  63 137  1
  94 137  1
   6 138  1
   7 138  1
  42 138  1
  43 138  1
  56 138  1
  85 138  1
  86 138  1
 157 138  1
 267 138  1
   1 139  1
 122 139  1
 142 139  1
 198 139  1
 199 139  1
 260 139  1
 159 140  1
 209 140  1
 210 140  1
 228 140  1
 271 140  1
  44 141  1
  45 141  1
  89 141  1
  90 141  1
 121 141  1
 122 141  1
 127 141  1
  49 142  1
  51 142  1
 163 142  1
 214 142  1
 228 142  1
  83 144  1
 206 144  1
 111 145  1
 202 145  1
  54 146  1
  58 146  1
  78 146  1
  79 146  1
 114 146  1
 119 146  1
 120 146  1
 211 146  1
 270 146  1
 271 146  1
 177 147  1
 178 147  1
 100 148  1
 211 148  1
  95 149  1
  97 149  1
 172 149  1
  78 150  1
 138 150  1
 177 151  1
 178 151  1
 280 151  1
 281 151  1
 213 152  1
 214 152  1
  46 153  1
  48 153  1
 268 153  1
 139 154  1
 141 154  1
 167 154  1
 228 154  1
 238 154  1
 272 154  1
  70 156  1
 132 156  1
 148 156  1
 167 156  1
 204 156  1
 250 156  1
 170 157  1
 171 157  1
 239 157  1
 232 159  1
 271 159  1
 272 159  1
 174 160  1
 185 160  1
 261 160  1
   1 161  1
 137 161  1
 182 161  1
 189 161  1
  80 162  1
 243 162  1
  71 163  1
 145 163  1
 157 164  1
 231 164  1
 276 164  1
 277 164  1
 141 165  1
 178 165  1
 264 165  1
 225 166  1
 243 166  1
 268 166  1
 269 166  1
 149 167  1
  24 168  1
 211 168  1
 232 168  1
 182 169  1
 197 169  1
 216 169  1
  21 170  1
 186 170  1
 229 170  1
 232 170  1
 139 171  1
 158 171  1
 174 171  1
 175 171  1
 153 172  1
 154 172  1
 201 172  1
 202 172  1
 235 172  1
 164 173  1
 208 173  1
 202 174  1
 229 174  1
  10 175  1
 216 175  1
 103 176  1
 168 176  1
 205 176  1
 206 176  1
 271 176  1
 194 177  1
 198 177  1
 100 178  1
 180 178  1
 227 178  1
 228 178  1
 212 179  1
  11 180  1
  80 180  1
 146 180  1
 150 180  1
 176 181  1
 177 181  1
 198 181  1
  68 182  1
  82 182  1
 153 182  1
 183 182  1
  91 183  1
  92 183  1
  93 183  1
 208 183  1
 155 184  1
 156 184  1
 195 184  1
  67 185  1
  68 185  1
 190 185  1
 191 185  1
 202 186  1
 203 186  1
  60 187  1
 102 187  1
 166 188  1
 180 188  1
 210 188  1
 156 189  1
 264 189  1
  10 190  1
  88 190  1
 166 190  1
  92 191  1
  93 191  1
  99 191  1
  70 192  1
  86 192  1
  87 192  1
 174 192  1
 176 192  1
 218 192  1
  59 193  1
 170 193  1
  70 194  1
 218 194  1
  14 195  1
  20 195  1
  24 195  1
 214 196  1
 224 196  1
 237 196  1
  79 197  1
 102 197  1
 106 197  1
  25 198  1
  78 199  1
 163 199  1
 164 199  1
 187 200  1
 214 200  1
  18 201  1
  78 201  1
  79 201  1
  92 201  1
 101 201  1
 102 201  1
 151 201  1
 206 201  1
 132 203  1
 211 203  1
 108 204  1
 149 204  1
 161 204  1
 184 204  2
  94 205  1
  96 205  1
 196 205  1
 211 205  1
 212 205  1
  80 206  1
 129 206  1
 139 206  1
  24 207  1
 146 207  1
 205 207  1
 158 208  1
 186 208  1
  83 209  1
 111 209  1
 120 209  1
 166 209  1
 206 209  1
 101 210  1
 116 210  1
 117 210  1
 193 210  1
 194 210  1
 139 211  1
 143 211  1
 150 211  1
 212 211  1
 213 211  1
 112 212  1
 129 212  1
 148 212  1
 197 212  1
 132 213  1
 133 213  1
 136 213  1
 137 213  1
  33 214  1
  34 214  1
 160 214  1
 245 214  1
 165 215  1
  39 216  1
  88 216  1
 110 216  1
 111 216  1
 118 216  1
 144 216  1
 145 216  1
 152 216  1
 137 218  1
 242 218  1
  43 219  1
 108 219  1
 115 219  1
 155 219  1
 160 219  1
 124 220  1
 128 220  1
 141 220  1
  46 221  1
 113 221  1
 114 221  1
 116 221  1
 160 221  1
  64 222  1
  65 222  1
  77 222  1
  97 222  1
  98 222  1
 121 222  1
  74 223  1
  92 223  1
  93 223  1
 109 223  1
 134 223  1
 160 223  1
 238 223  1
 107 225  1
 115 225  1
 126 225  1
  57 226  1
 119 226  1
 209 226  1
  77 227  1
 110 227  1
 131 227  1
  82 228  1
 216 229  1
 217 229  1
 103 231  1
 107 231  1
 157 231  1
 195 231  1
 196 231  1
 217 231  1
 202 232  1
 203 232  1
 112 233  1
 141 233  1
 142 233  1
 228 233  1
  93 234  1
  94 234  1
 154 234  1
 135 235  1
 141 235  1
 120 236  1
 121 236  1
  91 237  1
 128 237  1
 142 238  1
 204 238  1
 219 239  1
  86 240  1
 110 240  1
 111 240  1
 151 240  1
 152 240  1
 134 241  1
 135 241  1
 145 241  1
 215 241  1
 175 242  1
 111 243  1
 149 243  1
 165 243  1
 166 243  1
 159 244  1
 169 244  1
 210 244  1
 101 245  1
 116 245  1
 134 245  1
 135 245  1
 173 246  1
 176 246  1
 208 246  1
 150 248  1
 204 248  1
 139 249  1
 140 249  1
 152 250  1
 173 250  1
 122 251  1
 168 251  1
 163 252  1
 131 254  1
 188 254  1
 141 256  1


count = 769