 134   1  1
 139   1  1
 144   1  1
 150   1  1
 160   1  1
 165   1  1
 175   1  1
 119   4  1
 192   4  1
 116   5  1
 196   5  1
 199   6  1
 206  10  1
 134  11  1
 125  14  1
 130  14  1
 212  14  1
  72  20  1
 126  21  1
  61  24  1
  62  24  1
  82  25  1
 128  26  1
 129  26  1
 227  27  1
  56  28  1
  99  29  1
 100  29  1
 233  30  1
  94  31  1
  62  32  1
  78  32  1
  82  32  1
 235  32  1
  44  33  1
  45  33  1
  66  33  1
 128  33  1
  62  34  1
 101  34  1
  75  35  1
 240  35  1
 102  36  1
 228  36  1
  63  37  1
  68  37  1
  69  37  1
 147  39  2
 148  39  1
 235  39  1
  35  40  1
  61  40  1
  97  40  1
 230  40  1
 226  41  1
  82  42  1
  83  42  1
  84  42  1
 149  42  1
 235  42  1
  30  43  1
  31  43  1
  40  43  1
  65  43  1
 214  43  1
 239  45  1
 240  45  1
  99  46  1
 108  46  1
 152  46  1
 251  46  1
  60  47  1
  61  47  1
 102  47  1
 226  47  1
  24  48  1
  38  48  1
  39  48  1
  67  48  1
  97  48  1
 222  48  1
 229  49  1
 230  49  1
 253  49  1
  63  50  1
 129  50  1
 149  50  1
  19  51  1
  20  51  1
 182  51  1
 227  51  1
 102  52  1
 180  52  1
  68  53  1
 141  53  1
 145  53  1
 147  53  1
 176  53  1
 185  53  1
  17  54  1
  93  54  1
  97  54  1
 209  54  1
 149  55  1
  69  56  1
 219  56  1
  21  58  1
  25  58  1
  98  58  1
  95  59  1
  96  59  1
 101  59  1
 102  59  1
 103  59  1
 149  59  1
 150  59  1
 205  59  1
 206  59  1
 258  59  1
  30  60  1
 105  60  1
  13  61  1
  14  61  1
  90  61  1
 236  61  1
 105  62  1
 240  62  1
  20  63  1
 146  63  1
 206  63  1
  11  64  1
  30  64  1
 107  64  1
 107  66  1
 239  66  1
 240  66  1
 253  66  1
  17  67  1
 250  67  1
 107  68  1
  14  69  1
  15  69  1
  91  69  1
  67  70  1
  78  70  1
  96  70  1
  69  72  1
 185  74  1
 186  74  1
 192  75  1
 213  75  1
  77  76  1
 183  76  1
 209  77  1
   7  78  1
   8  78  1
 220  78  1
 242  79  1
 143  81  1
 168  81  1
 169  81  1
 245  81  1
 246  81  1
 141  84  1
 180  84  1
 272  84  1
 273  84  1
  75  85  1
  76  85  1
 241  86  1
  85  87  1
 168  87  1
  79  88  1
 130  88  1
 175  88  1
 241  88  1
 154  89  1
 163  89  1
 164  89  1
 206  89  1
  42  90  1
  79  90  1
 186  90  1
 213  90  1
 217  90  1
 222  90  1
 241  90  1
 133  91  1
 137  91  1
 249  91  1
  44  92  1
 173  92  1
 178  92  1
 202  92  1
 274  92  1
 275  92  1
 157  93  1
  36  94  1
  37  94  1
 147  94  1
 198  94  1
 224  94  1
 225  94  1
 233  94  1
  73  95  1
 136  95  1
 151  95  1
 210  95  1
  44  96  1
  92  96  1
  93  96  1
  97  96  1
 170  96  1
 177  96  1
 214  96  1
 251  96  1
 137  97  1
 184  97  1
 185  97  1
 236  97  1
 239  97  1
 255  97  1
 256  97  1
   1  98  1
  49  98  1
 144  98  1
  73  99  1
 189  99  1
 190  99  1
 176 100  1
 251 100  1
 252 100  1
 183 101  1
 184 101  1
  52 102  1
  61 102  1
 149 102  1
 212 102  1
 169 103  1
 170 103  1
 247 104  1
 188 105  1
 192 105  1
  72 106  1
  66 107  1
  76 107  1
 182 107  1
 259 107  1
 253 108  1
 254 108  1
 263 108  1
 264 108  1
 212 109  1
 213 109  1
 217 109  1
 248 109  1
   1 110  1
 195 110  1
 166 111  1
 167 111  1
 225 111  1
 261 112  1
  94 114  1
  77 115  1
   7 116  1
   8 116  1
  96 116  1
  97 116  1
 122 116  1
 128 116  1
 167 116  1
 245 116  1
 261 116  1
 262 116  1
 278 116  1
 279 116  1
  91 117  1
 124 118  1
 125 118  1
 238 119  1
 273 119  1
  81 120  1
 158 120  1
  69 122  1
 123 122  1
 155 122  1
 169 122  1
 234 122  1
  39 123  1
 129 123  1
 130 123  1
 143 123  1
 261 123  1
  35 124  1
 152 124  1
 205 124  1
 269 125  1
   8 126  1
   9 126  1
  35 126  1
  99 126  1
 100 126  1
 116 126  1
 120 126  1
 134 126  1
 168 126  1
  49 127  1
  68 127  1
 145 127  1
  35 128  1
  39 128  1
  56 128  1
  57 128  1
 139 128  1
 159 128  1
 193 128  1
 225 128  1
 271 128  1
  49 129  1
 155 129  1
 260 129  1
  16 130  1
  17 130  1
 150 130  1
 220 130  1
 253 130  1
 262 130  1
 267 130  1
  20 131  1
  25 131  1
  26 131  1
 136 131  1
 222 131  1
  64 132  1
 189 132  1
 195 132  1
 142 133  1
 158 133  1
 171 133  1
  99 134  1
 100 134  1
 148 134  1
 132 135  1
 140 135  1
 190 135  1
 208 135  1
 215 135  1
 233 135  1
  63 136  1
  14 137  1
  15 137  1
  58 137  1
  71 137  1
 165 137  1
 235 137  1
 236 137  1
 250 137  1
 125 138  1
 143 138  1
 151 138  1
 154 138  1
 160 138  1
 161 138  1
 171 138  1
 206 138  1
  10 139  1
 157 139  1
 241 139  1
 139 140  1
 193 140  1
  58 141  1
  63 141  1
 132 141  1
 263 141  1
 101 142  1
 136 142  1
 251 142  1
 274 142  1
   1 143  1
   2 143  1
  53 143  1
  93 143  1
 147 143  1
 177 143  1
 202 143  1
 267 143  1
 269 143  1
 247 144  1
 274 144  1
 275 144  1
 214 145  1
 218 145  1
   1 146  1
 257 146  1
 258 146  1
   6 147  1
   7 147  1
  95 147  1
 141 147  1
 270 148  1
   9 149  1
  87 149  1
 116 149  1
 172 149  1
 177 149  1
 255 149  1
 202 150  1
   9 151  1
  62 151  1
 114 151  1
 115 151  1
 140 151  1
 213 151  1
 252 151  1
 142 152  1
 203 152  1
 215 152  1
 263 152  1
  10 153  1
  55 153  1
  60 153  1
 173 153  1
 177 153  1
 178 153  1
 261 154  1
 262 154  1
  86 155  1
 173 155  1
 174 155  1
 196 155  1
 197 155  1
   1 156  1
   7 156  1
  80 156  1
 128 156  1
 250 156  1
 125 157  1
  77 158  1
 130 158  1
 138 158  1
 141 158  1
 184 159  1
 105 160  1
 144 161  1
 187 161  1
 218 161  2
  11 162  1
  81 163  1
 155 163  1
 280 163  1
 281 163  1
  24 164  1
 100 164  1
 172 164  1
 177 164  1
 262 164  1
 168 165  1
 216 165  1
  34 166  1
  71 166  1
  95 166  1
 210 166  1
   9 167  1
  19 167  1
 179 167  1
 180 167  1
 258 167  1
 259 167  1
 175 168  1
  39 169  1
  83 170  1
 158 170  1
  18 171  1
 133 171  1
 192 171  1
  12 172  1
 179 172  1
   6 173  1
   7 173  1
  15 173  1
  86 173  1
 195 173  1
  44 175  1
  50 175  1
 145 175  1
 261 175  1
 262 175  1
  54 176  1
 139 176  1
 140 176  1
  40 177  1
  47 177  1
  48 177  1
 148 177  1
 155 177  1
  26 178  1
  27 178  1
 199 178  1
 200 178  1
 277 178  1
 278 178  1
  14 179  1
  15 179  1
  17 179  1
  33 179  1
  29 180  1
  67 180  1
 262 180  1
  15 181  1
 142 181  1
 143 181  1
  28 182  1
 167 182  1
 187 182  1
  14 183  1
  72 183  1
 172 183  1
 200 183  1
 267 183  1
  28 184  1
  52 184  1
  85 184  1
 153 184  1
 154 184  1
   9 185  1
  10 185  1
 164 185  1
  52 186  1
 156 186  1
 141 187  1
 173 187  1
  17 188  1
  42 188  1
 102 189  1
 103 189  1
  18 190  1
  39 190  1
  47 190  2
 111 190  1
 174 191  1
  36 192  1
  22 193  1
  30 193  1
 139 193  1
 143 193  1
 144 193  1
  58 194  1
  59 194  1
  60 194  1
  84 195  1
 113 195  1
 114 195  1
 158 196  1
 146 198  1
  48 199  1
 137 199  1
 149 199  1
 271 199  1
 141 200  1
 142 200  1
  20 201  1
  47 201  1
  87 201  1
  97 201  1
 147 201  1
 111 202  1
 113 202  1
  85 203  1
 155 203  1
 269 203  1
  99 204  1
 103 204  1
 142 204  1
  27 205  1
  61 205  1
  86 205  1
  93 206  1
  42 207  1
  35 210  1
  83 210  1
  84 210  1
 263 210  1
 154 212  1
 130 214  1
 131 214  1
  82 215  1
  83 215  1
  87 215  1
 259 215  1
 166 216  1
 167 216  1
 168 216  1
 104 217  1
 128 217  1
 100 218  1
  92 219  1
 125 219  1
 176 219  1
  47 220  1
  58 220  1
  59 220  1
  88 220  1
  90 220  1
 155 220  1
 169 220  1
 178 220  1
  50 222  1
  95 222  1
  96 222  1
 111 222  1
 112 222  1
 121 222  1
 173 222  3
 129 223  1
 130 223  1
  91 224  1
 159 224  1
 160 224  1
  54 225  1
  55 225  1
  84 225  1
 248 225  1
 129 226  1
 151 227  1
  60 228  1
 155 228  1
 232 228  1
 236 228  1
 147 229  2
  82 231  1
 118 231  1
 105 232  1
 149 232  1
 153 232  1
 227 232  1
  68 233  1
 209 233  1
 213 233  1
 214 233  1
 100 235  1
 124 235  1
 237 235  1
 121 236  1
 122 236  1
 147 236  1
  75 237  1
 100 237  1
 101 237  1
 105 237  1
 107 237  1
 110 237  1
 214 237  1
 115 238  1
 116 238  1
 133 238  1
 230 238  1
 115 240  1
 228 240  1
  85 241  1
 102 242  1
 124 242  1
 125 242  1
 209 242  1
 118 243  1
  92 245  1
  93 245  1
 145 245  1
 217 245  1
  96 246  1
 129 247  1
 150 247  1
 151 247  1
 213 247  1
 214 247  1
 144 249  1
 150 250  1
 209 250  1
 163 251  1
 164 251  1
 123 254  1
 155 257  1


count = 681