 143   1  1
 150   1  1
 114   6  1
 143   6  1
 148   6  1
 187   6  1
 109   8  1
 147  10  1
 148  10  1
  97  11  1
 167  11  1
 168  11  1
  94  12  1
 145  13  1
 207  15  1
 137  17  1
 138  17  1
 210  17  1
 146  18  1
  77  19  1
 212  19  1
  75  21  1
 126  21  1
 154  21  1
 202  21  1
 215  21  1
  93  22  1
  89  23  1
  91  23  1
 154  23  1
 166  23  1
  70  24  1
 127  24  1
 129  24  1
 149  25  1
 207  25  1
  66  26  1
 140  26  1
 141  26  1
 172  26  1
 200  26  1
 201  26  1
  87  27  1
  97  27  1
 223  27  1
 135  28  1
 157  28  1
 205  29  1
 168  30  1
 169  30  1
  67  32  1
  84  32  1
 123  32  1
 124  32  1
  78  33  1
  94  33  1
 152  33  1
 231  33  1
  73  35  1
  74  35  1
  95  35  1
 100  35  1
 162  35  1
 198  35  1
 199  35  1
 168  36  1
 169  36  1
  48  37  1
  67  37  1
  93  37  1
 139  37  1
 143  37  1
 153  37  1
  76  39  1
 128  39  1
 129  39  1
  43  40  1
  73  40  1
  91  40  1
 180  40  1
 239  40  1
  84  41  1
 241  41  1
  40  42  1
 146  42  1
 195  42  1
 130  43  1
 156  43  1
 153  45  1
 186  45  1
 124  46  1
 131  46  1
 149  46  1
 204  46  1
 187  47  1
  81  48  1
 168  48  1
 169  48  1
  32  49  1
 191  49  1
  72  50  1
 131  50  1
 143  50  1
 148  50  1
 149  50  1
  77  51  1
  29  52  1
  72  52  1
 125  52  1
 156  53  1
 171  53  1
 175  53  1
  28  54  1
 240  54  1
 241  54  1
 242  54  1
 113  55  1
 133  55  1
 134  55  1
 238  55  1
  73  56  1
  77  57  1
 144  57  1
 234  57  1
 257  57  1
  83  58  1
 232  58  1
  22  59  1
 151  60  1
 152  60  1
 221  60  1
 248  60  1
 136  61  1
 139  62  1
 235  62  1
 236  62  1
 238  62  1
  20  63  1
 128  64  1
  33  65  1
 133  65  1
 241  65  1
 244  65  1
 146  66  1
 179  66  1
  28  67  1
 183  67  1
 184  67  1
 230  67  1
 266  67  1
  36  68  1
 192  68  1
 227  68  1
 238  68  1
 135  69  1
 141  69  1
 187  69  1
 234  69  1
  15  70  1
  29  70  1
  72  71  1
 180  71  1
 206  71  1
 210  71  1
 230  71  1
  21  72  1
  22  72  1
 147  72  1
 270  72  1
  13  73  1
 149  73  1
 176  73  1
 192  73  1
 184  74  1
 201  74  1
 217  75  1
  11  76  1
 171  76  1
 222  76  1
 223  76  1
 272  76  1
 169  77  1
 220  77  1
 190  78  1
 253  78  1
 256  78  1
   9  79  1
  15  79  1
  24  79  1
  31  79  1
 181  79  1
 182  79  1
 198  79  1
 233  79  1
 244  79  1
 274  79  1
  14  81  1
 176  81  1
  38  82  1
 186  83  1
 220  83  1
 221  83  1
  12  84  1
  39  85  1
   5  86  1
   6  86  1
 166  86  1
 167  86  1
 178  86  1
 200  86  1
 195  87  1
 219  90  1
   9  91  1
  10  91  1
 179  91  1
   2  93  1
   3  93  1
 164  93  1
 165  93  1
 203  93  1
 108  94  1
 199  94  1
 278  94  1
 279  94  1
 174  95  1
 175  95  1
 184  95  1
 188  95  1
  10  96  1
  11  96  1
  67  96  1
 112  96  1
 117  96  1
 162  96  1
 279  97  1
 280  97  1
  70  98  1
   8  99  1
  86  99  1
 191  99  1
  88 101  1
  95 102  1
  96 102  1
  98 103  1
   1 105  1
  84 105  1
  91 105  1
 279 105  1
  95 107  1
  99 107  1
 100 107  1
  89 108  1
 125 108  1
  57 109  1
  66 109  1
 111 109  1
 158 109  1
  88 110  1
  89 110  1
 118 110  1
   6 112  1
  48 112  1
 162 112  1
 186 112  1
  57 113  1
 128 113  1
 167 113  1
  52 114  1
  63 114  1
 190 114  1
  46 115  1
   1 116  1
  62 116  1
  63 116  1
 121 116  1
 155 116  1
 269 116  1
  89 117  1
 119 117  1
  45 118  1
  97 118  1
  89 119  1
  54 120  1
  83 120  1
 192 120  1
 193 120  1
 187 121  1
  99 122  1
 103 122  1
 161 122  1
  88 123  1
  30 124  1
  35 124  1
 155 124  1
 190 124  1
  10 125  1
  24 125  1
  38 125  1
 223 125  1
  13 126  1
  14 126  1
  45 126  1
  51 126  1
  71 126  1
  77 126  1
  88 126  1
  93 126  1
  94 126  1
 117 126  1
 201 126  1
 202 126  1
 215 126  1
 260 126  1
  62 127  1
 137 127  1
 145 127  1
  45 128  1
  59 128  1
 208 128  1
 210 128  1
  28 129  1
  76 129  1
 137 129  1
 147 129  1
  10 130  1
  32 130  1
  33 130  1
  52 130  1
 181 130  1
 182 130  1
 268 130  1
 124 131  1
 137 131  1
 117 132  1
 164 132  2
 235 132  1
 273 132  1
 182 133  1
 183 133  1
  11 134  1
  13 134  1
  16 134  1
  41 134  1
 107 134  1
 160 134  1
 167 134  1
 201 134  1
 222 134  1
  45 135  1
  46 135  1
  58 135  1
 142 135  1
  18 136  1
 102 136  1
 121 136  1
 122 136  1
 174 136  1
 276 136  1
 277 136  1
  49 137  1
 150 137  1
   3 138  1
   4 138  1
  17 138  1
  18 138  1
 116 138  1
 117 138  1
 191 138  1
 255 139  1
  90 140  1
 155 140  1
 172 140  1
 191 140  1
 192 140  1
 270 140  1
 271 140  1
  16 141  1
  17 141  1
 280 141  1
  25 142  1
  19 143  1
  30 143  1
  57 143  1
  67 143  1
  68 143  1
  75 143  1
 105 143  1
 123 143  1
 162 143  1
 254 144  1
  26 145  1
 184 145  1
 190 145  1
 191 145  1
 270 145  1
 102 146  1
 127 146  1
  15 147  1
  16 147  1
  57 147  1
  72 147  1
 268 147  1
 121 148  1
 122 148  1
 224 148  1
 244 148  1
  52 149  1
 107 149  1
 115 149  1
 191 149  1
 192 149  1
  48 150  1
  72 150  1
 124 151  1
 180 151  1
 274 151  1
  17 152  1
  20 152  1
  58 152  1
  68 152  1
  70 152  1
  83 152  1
 128 152  1
 268 152  1
  28 153  1
  37 153  1
 249 153  1
 250 153  1
 251 153  1
 272 153  1
  24 154  1
  41 154  1
  42 154  1
 178 154  1
 225 154  1
  75 155  1
 173 155  1
 230 155  1
 258 155  1
 259 155  1
  19 156  1
 222 156  1
   1 157  1
   2 157  1
  32 157  1
  33 157  1
 252 157  1
   9 158  1
  10 158  1
 194 158  1
 233 158  1
 234 158  1
  45 159  1
  87 159  1
 168 159  1
 259 159  1
 264 159  1
  10 160  1
  36 160  1
  83 160  1
 243 160  1
 182 161  1
 217 161  2
 221 161  1
  13 163  1
 225 163  1
 240 163  1
  22 164  1
  24 164  1
  50 164  1
 201 164  1
 232 164  1
 143 165  1
 145 165  1
 244 165  1
 249 165  1
 265 165  1
 266 165  1
  54 166  1
 134 166  1
 169 166  1
   3 167  1
   4 167  1
  10 167  1
  26 167  1
  57 167  1
 173 167  1
 214 167  1
 235 167  1
  60 168  1
 191 168  1
  93 169  1
 223 169  1
 224 169  1
 251 169  1
 264 169  1
 265 169  1
  23 170  1
  24 170  1
  83 170  1
  89 170  1
   4 171  1
   5 171  1
  16 172  1
  99 172  1
 200 172  1
 201 172  1
 178 173  1
 221 173  1
 263 173  1
 173 174  1
 174 174  1
 226 174  1
 233 174  1
 279 174  1
 280 174  1
 157 175  1
 158 175  1
  21 176  1
 101 176  1
 103 176  1
 104 176  1
 180 176  1
 201 176  1
 269 176  1
 162 177  1
 163 177  1
 164 177  1
 252 177  1
 194 178  1
 164 179  1
 277 179  1
 278 179  1
 180 180  1
 181 180  1
 229 180  1
  14 181  1
 196 181  1
 225 181  1
  20 182  1
 190 182  1
 256 183  1
  15 184  1
 223 184  1
 170 185  1
 152 186  1
 174 186  1
 192 186  1
 201 186  1
 125 187  1
 126 187  1
 206 187  1
 249 187  1
 259 187  1
 260 187  1
 146 188  1
 156 188  1
 208 188  1
  73 189  1
 215 189  1
  71 190  1
 201 190  1
  13 191  1
  14 191  1
  69 191  1
  75 191  1
 143 191  1
 196 191  1
 261 191  1
  20 192  1
 248 192  1
  22 193  1
  80 193  1
 140 193  1
 156 193  1
 212 193  1
 271 193  1
 123 194  1
 125 194  1
 133 194  1
 134 194  1
 254 194  1
  62 195  1
 138 195  1
 160 195  1
 229 195  1
 250 195  1
  17 196  1
 212 196  1
 214 196  1
 258 196  1
 259 196  1
  27 198  1
  72 198  1
  73 198  1
 118 198  1
 106 199  1
  86 200  1
  83 201  1
 123 201  1
 158 201  1
 159 201  1
 127 202  1
 128 202  1
 237 202  1
 238 202  1
 251 202  1
  34 203  1
  35 203  1
 122 203  1
 130 203  1
 253 203  1
 254 203  1
 117 204  1
 138 204  1
 150 204  1
 151 204  1
 152 204  1
 243 204  1
 134 205  1
 248 205  1
  80 206  1
  81 206  1
 149 206  1
  70 207  1
 103 207  1
 132 207  1
 220 207  1
 225 207  1
 106 208  1
 142 208  1
  88 209  1
 110 209  1
 212 209  1
 115 210  1
 155 210  1
 218 210  1
 161 211  1
 115 212  1
 165 212  1
 172 212  1
 229 212  1
  92 213  1
 183 213  1
 189 213  1
 115 214  1
 122 214  1
 126 214  1
 127 214  1
 128 214  1
 134 214  1
 187 215  1
 188 215  1
 189 215  1
 215 215  1
 216 215  1
 250 215  1
  64 216  1
 166 216  1
 193 216  1
  93 217  1
  94 217  1
  99 217  1
 171 218  1
  89 219  1
 248 219  1
  70 220  1
 149 220  1
  63 222  1
  64 222  1
  71 222  1
  72 222  1
 104 222  1
 155 222  1
 243 222  1
  47 223  1
 194 223  1
 197 224  1
 241 224  1
  53 226  1
  64 226  1
 157 226  1
 237 226  1
 108 227  1
 148 227  1
 149 227  1
 115 228  1
 199 228  1
 200 228  1
 154 229  1
 155 229  1
 234 229  1
  58 230  1
 159 231  1
  75 232  1
 104 232  1
 144 232  1
 202 232  1
  78 233  1
  82 233  1
 106 233  1
  66 235  1
 108 235  1
 229 235  1
 155 236  1
 100 237  1
 125 237  1
 159 237  1
  69 238  1
  73 239  1
  84 239  1
 100 239  1
 120 239  1
 121 239  1
 162 239  1
 223 239  1
  75 241  1
  99 241  1
 100 241  1
 115 241  1
 219 241  1
  89 242  1
 118 243  1
 167 244  1
 106 245  1
 131 245  1
 114 246  1
 173 246  1
 174 246  1
 208 246  1
 211 246  1
 120 247  1
 140 247  1
 174 249  1
 141 250  1
 143 250  1
 153 250  1
 145 251  1
 193 251  1
 190 254  1


count = 740