 149   1  1
 156   1  1
 162   1  1
 165   1  1
 170   1  1
 176   1  1
 178   2  1
 180   2  1
 183   3  1
 136   4  1
 190   5  1
 195   7  1
 198   8  1
 116  10  1
 118  10  1
 113  11  1
  97  15  1
 210  15  1
 211  15  1
  95  16  1
 214  17  1
 116  18  1
 117  18  1
 202  18  1
 144  19  1
  85  20  1
  98  20  1
 108  20  1
 109  20  1
 110  20  1
 218  20  1
 123  21  1
 124  21  1
 133  21  1
 134  21  1
 140  21  1
 207  21  1
  80  22  1
 200  22  1
 221  22  1
  77  23  1
 118  23  1
  66  24  1
 113  24  1
 134  24  1
 135  24  1
 141  25  1
 142  25  1
 226  25  1
 197  26  1
 100  27  1
 143  27  1
  76  29  1
 137  29  1
 157  29  1
 202  29  1
 191  30  1
  80  32  1
 108  32  1
 160  32  1
 161  32  1
  46  33  1
 139  34  1
 197  34  1
 101  35  1
  41  36  1
 158  36  1
 109  37  1
 149  38  1
 150  38  1
 105  39  1
 143  39  1
 109  41  1
 144  41  1
  44  42  1
  86  42  1
  87  42  1
 125  44  1
 127  44  1
 134  44  1
  79  45  1
  80  45  1
 118  46  1
 119  46  1
 134  46  1
  36  47  1
 134  48  1
  50  49  1
 125  50  1
 140  50  1
  81  51  1
  82  51  1
 115  51  1
 116  51  1
 130  51  1
 131  51  1
 122  52  1
 123  52  1
 154  54  1
 155  54  1
 256  54  1
  27  55  1
 114  56  1
 115  56  1
 157  56  1
 158  56  1
  33  57  1
  34  57  1
 135  57  1
 120  58  1
 113  59  1
 114  59  1
 147  59  1
 148  59  1
 260  59  1
  14  63  1
  71  64  1
  78  65  1
 117  65  1
  83  67  1
 107  67  1
 162  67  1
 191  67  1
 201  67  1
  11  68  1
  12  68  1
  68  69  1
  69  69  1
 166  69  1
 187  69  1
 209  69  1
 184  70  1
 267  70  1
 168  72  1
 169  72  1
 212  72  1
 217  72  1
   9  73  1
  10  73  1
 219  73  1
  72  74  1
  81  74  1
  82  74  1
 169  74  1
 170  74  1
 181  74  1
 269  74  1
  14  76  1
 181  76  1
 224  76  1
  16  78  1
 121  80  1
 209  80  1
   7  81  1
   8  81  1
  19  81  1
  23  81  1
 206  81  1
 272  81  1
 273  81  1
 233  82  1
  33  83  1
 230  83  1
 235  84  1
 236  84  1
  11  85  1
  14  85  1
 179  85  1
 239  85  1
  21  86  1
  22  86  1
 126  86  1
 196  86  1
 229  87  1
  93  88  1
 131  88  1
 136  88  1
 210  88  1
 274  88  1
 275  88  1
 205  89  1
 222  89  1
  90  90  1
  91  90  1
 103  90  1
 104  90  1
 244  90  1
 123  91  2
 124  91  1
 125  91  1
 216  91  1
 232  91  1
 192  92  1
 201  92  1
  86  93  1
 218  93  1
 225  93  1
 226  93  1
 249  93  1
  88  94  1
 276  94  1
 277  94  1
  91  95  1
 214  95  1
 203  96  1
 206  96  1
 234  96  1
 252  96  1
 277  96  1
   8  97  1
   9  97  1
  70  98  1
 223  98  1
 277  98  1
 278  98  1
 171  99  1
 187  99  1
 255  99  1
 256  99  1
  91 100  1
  92 100  1
 169 100  1
 248 100  1
 101 101  1
 261 101  1
  94 102  1
 169 102  1
 201 102  1
 202 102  1
 206 102  1
 252 102  1
 176 104  1
 177 104  1
 183 104  1
 208 104  1
 210 104  1
 214 105  1
 134 106  1
 143 106  1
 147 106  1
 169 106  1
  15 107  1
  98 107  1
 124 107  1
 181 107  1
 201 107  1
 126 108  1
  75 109  1
 150 109  1
 199 109  1
 206 109  1
 214 110  1
 215 110  1
   9 111  1
 198 111  1
 208 111  1
 166 112  1
 177 112  1
 127 113  1
 208 113  1
 156 114  1
 247 114  1
 159 115  1
 208 115  1
 209 115  1
 239 115  1
 240 115  1
  50 116  1
 251 116  1
 252 116  1
 258 116  1
 233 117  1
  46 118  1
 139 119  1
 246 119  1
   9 120  1
  46 120  1
  82 120  1
 131 120  1
 132 120  1
 157 120  1
 242 120  1
  87 123  1
  12 124  1
 240 124  1
  51 125  1
 162 125  1
 204 125  1
 268 125  1
  43 126  1
  44 126  1
 209 126  1
 234 126  1
 235 126  1
 240 126  1
 246 126  1
  26 127  1
  57 127  1
 256 127  1
 275 127  1
  63 128  1
  94 128  1
 196 128  1
 251 128  1
  70 129  1
  71 129  1
 165 129  1
 206 129  1
 212 129  1
 230 129  1
 273 129  1
  16 130  1
  25 130  1
 127 130  1
 152 130  1
 221 130  1
 225 130  1
   3 131  1
  54 131  1
  60 131  1
  77 131  1
 168 131  1
 169 131  1
 267 131  1
  63 132  1
   4 133  1
   5 133  1
  14 133  1
  15 133  1
  46 133  1
  53 133  1
 201 133  1
 275 133  1
 277 133  1
 261 134  2
  40 135  1
  74 135  1
  75 135  1
 191 135  1
 221 135  1
 255 135  1
  29 136  1
  31 136  1
  34 136  1
  71 136  1
  83 136  1
 116 136  1
 126 136  1
 130 136  1
 229 136  1
  58 137  1
  96 137  1
 156 137  1
  77 138  1
 205 138  1
 137 139  1
 171 139  1
  38 141  1
  39 141  1
  44 141  1
  92 141  1
  93 141  1
 165 141  1
  28 142  1
  86 143  1
 170 143  1
 224 143  1
  17 144  1
 139 144  1
  48 146  1
  84 147  1
  85 147  1
 225 147  1
 226 147  1
   9 148  1
 226 149  1
  44 150  1
  45 150  1
 142 150  1
  17 151  1
  31 153  1
  54 153  1
  61 153  1
  62 153  1
  83 153  1
  22 154  1
  79 154  1
  80 154  1
 115 154  1
  57 155  1
 111 155  1
 129 155  1
  67 156  1
 142 156  1
  12 157  1
  56 157  1
  69 157  1
 148 158  1
  56 159  1
  73 159  1
 107 159  1
 108 159  1
  15 160  1
 199 160  1
  23 161  1
 142 161  1
 237 161  1
  74 163  1
  77 163  1
  79 163  1
 209 163  1
 280 163  1
 281 163  1
 155 165  1
 201 165  1
 202 165  1
 214 165  1
 215 165  1
 195 166  1
  20 167  1
  83 167  1
  91 167  1
  99 167  1
 169 167  1
 170 167  1
  10 168  1
  11 168  1
  89 168  1
 228 168  1
 229 168  1
 234 168  1
 197 169  1
  17 170  1
 225 170  1
 247 170  1
 179 172  1
 215 172  1
 240 172  1
 244 172  1
 181 173  1
  12 176  1
  13 176  1
 182 176  1
 183 176  1
 201 176  1
 198 177  1
  19 179  1
 195 179  1
 196 179  1
  32 184  1
  60 185  1
  21 186  1
  37 187  1
  32 188  1
  48 189  1
  18 190  1
  44 190  1
  45 190  1
  58 190  1
 274 191  1
 275 191  1
  25 193  1
  26 193  1
  38 195  1
  21 196  1
  22 196  1
  74 196  1
  33 197  1
  81 197  1
 177 198  1
  23 199  1
  24 199  1
  30 199  1
  31 199  1
 271 199  1
 272 199  1
  55 200  1
  38 201  1
  61 201  1
  62 201  1
 151 201  1
  34 202  1
  71 202  1
  72 202  1
 168 202  1
 169 202  1
 151 203  1
 231 203  1
  63 204  1
 225 204  1
 226 204  1
 269 204  1
 270 204  1
  57 205  1
 150 205  1
 155 205  1
 233 205  1
 145 206  1
 117 207  1
  59 208  1
  66 208  1
 146 209  1
  41 210  1
  58 210  1
 222 210  1
  76 211  1
 146 211  1
 163 211  1
 174 211  1
 176 211  1
 263 211  1
  57 212  1
  58 212  1
 113 212  1
 194 212  1
 225 212  1
 227 212  1
 150 213  1
 165 213  1
 217 213  1
  38 214  1
  55 214  1
 261 214  1
 262 214  1
 168 215  1
 233 216  1
  43 217  1
 109 217  1
 197 217  1
 198 217  1
  69 218  1
  70 218  1
  49 220  1
  75 220  1
  76 220  1
 193 220  1
 103 221  1
 104 221  1
 233 221  1
  59 222  1
  75 222  1
 199 222  1
 200 222  1
  62 223  1
 168 223  1
 170 223  3
 172 223  1
 194 223  1
 200 225  1
 201 225  1
 251 225  1
 252 225  1
  57 226  1
  69 226  1
 196 226  1
 197 226  1
 225 226  1
 226 226  1
 190 227  1
 248 227  1
  60 228  1
  68 228  1
 101 228  1
 102 228  1
  76 229  1
  66 231  1
 100 231  1
 101 231  1
 226 231  1
 227 231  1
 231 231  1
 188 232  1
  68 233  1
  80 233  1
 152 233  1
 240 233  1
  99 234  1
 188 234  1
  96 235  1
  94 236  1
 106 236  1
 107 236  1
 235 236  1
 177 237  1
 178 237  1
 179 237  1
  90 238  1
  91 238  1
 133 238  1
 199 238  1
 145 239  1
 147 239  1
 172 239  1
 173 239  1
 197 240  1
 199 240  1
 230 240  1
  85 241  1
  86 241  1
 112 241  1
 146 241  4
 118 242  1
  94 244  1
 131 244  1
 224 244  1
 107 245  1
 139 245  1
 140 245  1
  98 246  1
 127 246  1
 149 246  1
 101 247  1
 136 247  1
 104 248  1
 179 248  1
 180 248  1
 200 248  1
 213 249  1
 124 250  1
 163 251  1
 167 251  1
 173 251  1
 195 251  1
 139 254  1


count = 624