 160   1  1
 174   1  1
 182   2  1
 142   3  1
 139   4  1
 190   7  1
 125   8  1
 195  10  1
 200  13  1
 109  14  1
 106  15  1
 132  15  1
 135  15  1
 204  15  1
 124  17  1
 210  17  1
 215  19  1
 114  20  1
  86  22  1
  88  22  1
  84  23  1
  99  23  1
 100  23  1
 114  24  1
  79  26  1
  81  30  1
  87  30  1
 100  30  1
 127  30  1
 228  31  1
  94  34  1
  95  34  1
  62  35  1
  56  36  1
  89  36  1
  90  36  1
 131  36  1
 214  36  1
 208  37  1
  36  38  1
  96  38  1
  97  38  1
 138  39  1
 218  39  1
  49  40  1
 129  40  1
 222  40  1
 131  41  1
  53  42  1
  62  42  1
 105  42  1
 125  42  1
 179  42  1
  73  43  1
  75  43  1
  92  43  1
 110  43  1
 145  43  1
 205  43  1
  28  44  1
  38  44  1
 243  44  1
  47  45  1
 115  45  1
 122  45  1
 207  45  1
 218  45  1
  57  46  1
  58  46  1
 147  46  1
 201  46  1
  32  47  1
 101  47  1
 102  47  1
 108  47  1
 115  47  1
  25  48  1
 178  48  1
  35  49  1
  49  49  1
 115  49  1
 214  49  1
  97  50  1
  98  50  1
 123  50  1
 130  51  1
 199  51  1
 209  51  1
  28  52  1
  93  52  1
 102  52  1
 126  52  1
 174  52  1
 254  53  1
 213  54  1
 215  54  1
  27  55  1
 102  55  1
 103  55  1
 173  55  1
 174  55  1
 194  55  1
  49  57  1
  63  57  1
 103  57  1
 151  57  1
 198  57  1
  21  58  1
 221  58  1
  46  59  1
  96  59  1
 106  59  1
 226  59  1
  20  60  1
 154  60  1
 219  60  1
 244  60  1
 250  60  1
  12  61  1
 229  61  1
 201  62  1
 247  62  1
  28  63  1
 109  63  1
 192  63  1
 197  63  1
 210  63  1
  44  64  1
 212  64  1
 213  64  1
 241  64  1
 104  65  1
 105  65  1
 216  65  1
 217  65  1
 247  65  1
 256  65  1
  37  66  1
  65  66  1
  67  67  1
 260  68  1
 100  69  1
 112  69  1
 113  69  1
 223  69  1
 270  69  1
 119  70  1
  62  71  1
 170  71  1
 179  71  1
 244  71  1
  16  72  1
  90  72  1
 119  72  1
 177  72  2
 184  72  1
  83  73  1
 112  73  1
 125  73  1
 119  74  1
 143  74  1
 199  74  1
 205  74  1
 100  75  1
 101  75  1
 274  75  1
 106  76  1
  34  77  1
  35  77  1
  73  77  1
 210  77  1
 219  77  1
 249  77  1
  14  78  1
  29  78  1
  31  78  1
 149  78  1
 186  78  1
  37  79  1
  38  79  1
  99  79  1
 155  79  1
 156  79  1
 178  79  1
 223  79  1
  88  80  1
 149  80  1
 181  80  1
 251  80  1
 276  80  1
 277  80  1
   8  81  1
   9  81  1
 209  81  1
 163  82  1
 200  82  1
 201  82  1
 248  82  1
 271  82  1
  94  83  1
 102  83  1
 195  83  1
 196  83  1
 269  83  1
   7  84  1
   8  84  1
 106  84  1
 145  84  1
 227  84  1
  47  85  1
  48  85  1
  54  85  1
 185  85  1
 193  85  1
 231  85  1
 254  85  1
 263  85  1
 265  85  1
  41  86  1
 168  86  1
 170  86  1
  20  87  1
  47  87  1
  56  87  1
 139  87  1
 163  87  1
 168  88  1
  12  89  1
  33  89  1
  29  90  1
  30  90  1
  44  90  1
 167  90  1
 185  90  1
 227  90  1
  16  91  1
 132  91  1
  23  92  1
  44  92  1
  82  92  1
 181  92  1
   6  93  1
   7  93  1
  87  93  1
 256  93  1
  29  95  1
  30  95  1
  95  95  1
 245  95  1
  21  96  1
  45  96  1
 252  96  1
 254  96  1
  12  97  1
 169  97  1
  24  98  1
  25  98  1
  27  98  1
  38  98  1
 101  98  1
 249  98  1
 257  98  1
  76  99  1
  87  99  1
 237  99  1
 243  99  1
 244  99  1
 245  99  1
 108 100  1
 263 100  1
  47 101  1
  48 101  1
 178 101  1
 197 101  1
  11 102  1
  34 102  1
  92 102  1
 166 102  1
  30 103  1
  98 103  1
 265 103  1
  37 104  1
 167 104  1
 191 104  1
 192 104  1
 272 104  1
 273 104  1
  43 105  1
  47 105  1
  75 105  1
 108 105  1
 229 105  1
 230 105  1
 231 105  1
 266 105  1
  77 106  1
   3 107  1
 199 107  1
 231 107  1
  35 108  1
 163 108  1
 171 108  1
 172 108  1
 222 108  1
 272 108  1
 273 108  1
  32 109  1
  33 109  1
 250 109  1
 251 109  1
 264 109  1
   7 110  1
 191 110  1
 195 110  1
 196 110  1
 230 110  1
 268 110  1
  34 111  1
 225 111  1
 282 111  1
 283 111  1
  43 114  1
  48 114  1
  49 114  1
 192 114  1
 211 114  1
 231 114  1
 232 114  1
  35 115  1
  53 115  1
  54 115  1
 168 115  1
 185 115  1
 281 115  1
 282 115  1
  38 116  1
 253 116  1
   6 117  1
 226 118  1
 227 118  1
  54 119  1
  85 119  1
 189 119  1
 261 119  1
  47 120  1
 268 120  1
 272 120  1
  58 121  1
 161 121  1
 238 121  1
 242 121  1
  41 122  1
 113 122  1
 227 122  1
 266 122  1
 267 122  1
   4 123  1
  45 123  1
  58 123  1
  83 123  1
  84 123  1
 184 123  1
 185 123  1
 208 123  1
 222 123  1
 262 123  1
  11 124  1
 174 124  1
  20 125  1
 212 125  1
 249 125  1
 271 125  1
 272 125  1
 202 126  1
 153 127  1
 154 127  1
 161 127  1
 104 128  1
 149 128  1
 158 128  1
 208 128  1
 267 128  1
  23 129  1
  28 129  1
  45 129  1
 136 129  1
 141 129  1
 229 129  1
 231 129  1
 239 129  1
 244 129  1
 246 129  1
  30 130  1
 178 130  1
 191 130  1
 218 130  1
 134 131  1
 159 131  1
 163 131  1
  17 132  1
  22 132  1
  35 132  1
  55 132  1
 172 132  1
 176 132  1
  25 133  1
  47 133  1
 100 133  1
  38 134  1
 154 134  1
 155 134  1
 170 134  1
 180 134  1
 239 134  1
 251 134  1
  31 135  1
  46 135  1
  52 135  1
 140 135  1
 145 135  1
 227 135  1
 269 135  1
 270 135  1
   4 136  1
  28 136  1
 183 136  1
 220 137  1
 234 137  1
 113 138  1
 183 138  1
 209 138  1
 277 138  1
   1 139  1
  80 139  1
 234 139  1
 235 139  1
 101 140  1
  10 141  1
 104 141  1
 110 141  1
 155 141  1
 163 141  1
 194 141  1
   5 142  1
   6 142  1
  86 142  1
 268 142  1
 279 142  1
 168 143  1
 265 143  1
 266 143  1
 216 144  1
 210 145  1
 212 145  1
 155 146  1
 156 146  1
  80 147  1
 204 147  1
   1 148  1
 157 148  1
 266 148  1
 159 149  1
 203 149  1
  84 150  1
 109 150  1
 214 150  1
 186 151  1
 217 151  1
 269 153  1
 162 154  1
 163 154  1
 100 155  1
 106 155  1
 181 155  1
 194 155  1
 195 155  1
 274 155  1
 271 157  1
  88 158  1
  90 158  1
 175 158  1
 164 159  1
 165 159  1
 180 159  2
 181 159  1
 182 159  1
  19 160  1
  23 160  1
 280 161  1
 281 161  1
 124 162  1
 174 162  1
  76 163  1
 170 163  1
 196 163  1
  16 164  1
  26 164  1
  27 164  1
 239 164  1
 240 164  1
 128 165  1
 179 165  1
 140 166  1
 270 166  1
 138 167  1
 149 167  1
 123 168  1
 168 168  1
 149 169  1
 177 169  1
 179 169  1
 247 169  1
 259 169  1
 262 169  1
 263 169  1
 264 169  1
  12 170  1
  13 170  1
 199 170  1
 149 171  1
 160 171  1
 164 171  1
  83 172  1
 175 172  1
 199 172  1
 201 172  1
  89 173  1
 125 173  1
 156 173  1
 181 173  1
 182 173  1
 209 173  1
 127 174  1
 222 174  1
 227 174  1
 275 174  1
 183 175  1
  93 176  1
  94 176  1
 128 176  1
 129 176  1
 177 176  1
 221 176  1
 168 177  1
 183 177  1
 215 177  1
 255 177  1
  14 178  1
 131 178  1
 175 178  1
 188 178  1
 273 178  1
 161 179  1
 255 179  1
 100 180  1
  33 181  1
  34 181  1
   9 183  1
  10 183  1
 251 183  1
 269 183  1
 188 185  1
 180 186  1
 185 186  1
 154 187  1
 240 188  1
  18 189  1
  19 189  1
 156 191  1
 238 191  1
 239 191  1
  13 192  1
  14 192  1
 179 192  1
 236 192  1
  36 194  1
  37 194  1
 143 194  1
 157 194  1
  14 195  1
  15 195  1
 128 195  1
 137 195  1
 121 196  1
 152 196  1
 153 196  1
  46 197  1
  47 197  1
 238 197  1
 239 197  1
 259 197  1
  15 198  1
  21 198  1
 138 198  1
 142 199  1
 143 199  1
 206 201  1
 207 201  1
 153 202  1
 221 202  1
 240 203  1
 166 204  1
 253 205  1
 137 206  1
 243 206  1
 108 208  1
 233 208  1
 148 209  1
 168 209  1
 169 209  1
 221 209  1
 133 210  1
 139 210  1
 172 210  1
 239 210  1
  27 211  1
 152 211  1
 205 211  1
  84 212  1
 110 212  1
 133 212  1
 204 213  1
 211 213  1
 214 213  1
 119 214  1
 145 214  1
 151 214  1
 176 214  1
 141 216  1
 169 216  1
 208 217  1
 216 217  1
  80 219  1
 109 219  1
 111 219  1
 149 220  1
 224 220  1
 225 220  1
  82 221  1
 102 221  1
 143 221  1
 151 221  2
 132 222  1
 133 222  1
 237 222  1
  91 223  1
  96 223  1
  97 223  1
 218 223  1
 101 225  1
  74 226  1
  78 226  1
  83 227  1
  95 227  1
 104 227  1
 108 227  1
 133 227  1
 152 227  1
 175 227  1
 185 228  1
 191 228  1
 216 228  1
  91 229  1
 126 229  1
 130 229  1
  79 230  1
 211 230  1
 226 231  1
 188 232  1
  57 233  1
 142 233  1
  93 234  1
  97 234  1
 173 234  1
 222 234  1
  73 235  1
  75 235  1
 151 235  1
 147 236  1
 170 236  1
  69 238  1
 109 238  1
 175 238  1
  77 239  1
 195 239  1
 196 239  1
 212 239  1
 184 242  1
 185 242  1
 196 242  1
  90 243  1
 120 243  1
 172 243  1
  96 244  1
 111 245  1
 124 245  1
 204 245  1
  79 246  1
 177 246  1
  97 247  1
 199 247  1
  86 249  1
 117 249  1
 197 249  1
  98 252  1
 123 252  1
 189 252  1
 191 252  1
 115 254  1
 177 256  1


count = 710