 156   1  1
 159   1  1
 172   1  1
 138   2  1
 133   3  1
 179   3  1
 184   4  1
 149   8  1
 155   8  1
 173   9  1
 179  10  1
 129  11  1
 204  11  1
 109  12  1
 111  12  1
 179  12  1
 180  12  1
 209  12  1
 107  13  1
 129  13  1
 212  13  1
 122  14  1
 160  14  1
 116  15  1
 217  15  1
 144  16  1
  98  17  1
  93  18  1
 138  18  1
  90  19  1
 133  19  1
 134  19  1
  86  20  1
 103  20  1
 149  20  1
 121  21  1
 144  21  1
  93  23  1
 230  23  1
  99  24  1
 150  24  1
  74  25  1
 101  26  1
 149  26  1
 150  26  1
 217  26  1
 224  26  1
 138  27  1
 239  27  1
 145  28  1
 141  29  1
 142  29  1
  65  30  1
 137  31  1
 138  31  1
 220  32  1
 154  33  1
 216  33  1
  60  34  1
  70  35  1
 144  35  1
 104  36  1
 249  36  1
  55  37  1
 108  37  1
 138  37  1
 151  37  2
 153  37  1
 158  37  1
 197  37  1
 140  38  1
  52  39  1
  68  39  1
  48  42  1
 156  42  1
 253  42  1
 254  42  1
 147  43  1
 199  43  1
 200  43  1
 228  43  1
  44  44  1
 162  44  1
  66  45  1
 230  45  1
 200  46  1
 201  46  1
 227  48  1
 136  49  1
 144  49  1
 150  49  1
 154  49  1
 170  49  1
 201  49  1
 130  50  1
 131  50  1
 147  51  1
 166  51  1
 217  52  1
 167  53  1
 169  53  1
 171  53  1
 151  54  1
 131  55  1
 183  55  1
 184  55  1
 204  55  1
 173  56  1
 215  56  1
 112  57  1
 139  58  1
 154  58  1
 178  58  1
 259  58  1
  28  59  1
 129  59  1
 133  59  1
 213  59  1
 120  60  1
 121  60  1
 162  60  1
 169  60  1
 270  60  1
 118  61  1
 147  61  1
  25  62  1
 158  63  1
 255  63  1
 133  64  1
 162  64  1
 107  65  1
 117  65  1
 123  65  1
 125  65  1
 171  65  1
 172  65  1
 138  66  1
 150  66  1
 103  67  1
 117  67  1
 173  67  1
 245  67  1
 273  67  1
 274  67  1
  69  68  1
 100  68  1
 141  68  1
  93  69  1
 173  69  1
 100  70  1
 199  71  1
 251  71  1
 252  71  1
  92  72  1
 163  72  1
 168  72  1
 177  72  1
 178  72  1
 187  72  1
 192  72  1
 252  73  1
  75  74  1
 225  74  1
  44  75  1
 147  75  1
 244  75  1
 252  75  1
  12  76  1
 277  76  1
 278  76  1
  43  77  1
 151  77  1
 192  77  1
  51  78  1
 156  78  1
 181  78  1
 196  78  1
 202  78  1
 203  78  1
 217  78  1
 227  78  1
  43  79  1
 154  79  1
 213  79  1
 214  79  1
 232  79  1
 179  81  1
 211  81  1
 234  81  1
  38  82  1
 146  82  1
 201  82  1
 225  82  1
  14  83  1
  15  83  1
  45  83  1
 138  83  1
 194  83  1
 195  83  1
 188  84  1
 205  84  1
 258  84  1
  50  86  1
 168  86  1
 193  86  1
 209  86  1
 210  86  1
 228  86  1
 185  87  1
 102  88  1
 162  88  1
 188  88  1
 189  88  1
 190  88  1
 222  88  1
 224  88  1
  16  89  1
 228  89  1
 245  89  1
 168  90  1
 248  90  1
  43  91  1
  44  91  1
 170  91  1
 258  91  1
  40  92  1
  94  92  1
 124  92  1
 203  92  1
 204  92  1
 242  92  1
   6  93  1
   7  93  1
  90  93  1
 129  93  1
 131  93  1
  45  94  1
  54  94  1
 252  94  1
 256  94  1
  90  95  1
  97  95  1
   5  97  1
   6  97  1
  99  97  1
 103  97  1
 134  97  1
 221  97  1
  10  98  1
  11  98  1
 127  98  1
 145  98  1
 146  98  1
 203  98  1
 204  98  1
  86  99  1
 105  99  1
 107  99  1
  62 101  1
  90 101  1
 108 101  1
  80 102  1
  81 102  1
  98 102  1
 169 102  1
 225 102  1
   9 104  1
  67 104  1
 122 104  1
  45 105  1
  82 105  1
  83 105  1
 209 105  1
   3 106  1
   4 106  1
 202 106  1
  94 107  1
  96 107  1
 221 107  1
  70 108  1
  77 108  1
  34 109  1
  85 109  1
 176 109  1
  97 110  1
 122 110  1
  27 111  1
 128 111  1
 178 112  1
 200 112  1
 245 112  1
  32 113  1
 128 113  1
 275 113  1
 276 113  1
 282 113  1
 283 113  1
 188 114  1
 196 114  1
 203 114  3
 204 114  1
 205 114  1
 218 114  1
 219 114  1
  90 115  1
 128 115  1
 129 115  1
 172 115  1
 179 116  1
 180 116  1
 217 116  1
 247 116  1
 248 116  1
  32 117  1
  84 117  1
  85 117  1
 242 117  1
 273 117  1
 274 117  1
 162 118  1
 188 118  1
 189 118  1
 199 118  1
 269 118  1
 191 119  1
 239 120  1
 240 120  1
  92 121  1
 129 121  1
 171 121  1
 172 121  1
 250 121  1
 194 122  1
 258 122  1
   8 123  1
 126 123  1
 151 123  1
 199 123  1
 204 123  1
 267 123  1
  12 124  1
  58 124  1
  59 124  1
 253 124  1
  14 125  1
  99 125  1
 146 125  1
 153 125  1
 213 125  1
 245 125  1
 166 126  1
 167 126  1
 207 126  1
 249 126  1
  31 127  1
  51 127  1
 102 127  1
 158 127  1
 191 127  1
 192 127  1
 230 127  1
 231 127  1
 261 127  1
 277 127  1
 278 127  1
   1 128  1
   2 128  1
  27 128  1
  45 128  1
  67 128  1
 119 128  1
 123 128  1
 127 128  1
 155 128  1
 162 128  1
 243 128  1
 142 129  1
 217 129  1
 250 129  1
 169 130  1
 170 130  1
 192 130  1
 193 130  1
 270 130  1
  12 131  1
  16 131  1
   1 132  1
  45 132  1
 174 132  1
 175 132  1
 201 132  1
 246 132  1
 273 132  1
 274 132  1
 161 133  1
 217 133  1
 259 133  1
 267 133  1
 268 133  1
  36 134  1
  42 134  1
  65 134  1
 123 134  1
 168 134  1
 209 134  1
 225 134  1
 245 134  1
   1 135  1
  10 135  1
 100 135  1
 131 135  1
 173 135  1
 195 135  1
 230 135  1
 277 135  1
  22 136  1
  68 136  1
  69 136  1
  93 136  1
 125 136  1
 191 136  1
 225 136  1
 226 136  1
 234 136  1
  20 137  1
  76 137  1
 135 137  1
 169 137  1
   1 138  1
   2 138  1
  17 138  1
 200 138  1
 201 138  1
 242 138  1
  67 139  1
  98 139  1
 128 139  1
 159 139  1
   8 140  1
  17 140  1
  40 140  1
 129 141  1
 197 141  1
 228 141  1
 226 142  1
 238 142  1
  77 143  1
  79 143  1
  81 143  1
 131 143  1
 240 143  1
 242 143  1
  16 145  1
  72 145  1
  74 145  1
 187 145  1
 126 146  1
  11 147  1
 201 147  1
 231 147  1
  96 148  1
 109 148  1
 123 148  1
 245 148  1
   7 149  1
  85 149  1
  92 149  1
 100 149  1
 101 149  1
 117 149  1
 193 149  1
 194 149  1
 170 150  1
 174 150  1
 182 150  1
 183 150  1
 178 151  1
  66 152  1
  85 153  1
 186 153  1
 196 153  1
 197 153  1
 229 153  1
  62 154  3
  63 154  1
  64 154  1
 226 155  1
  80 156  1
  81 156  1
  90 156  1
 101 156  1
  24 157  1
  25 157  1
  96 157  1
 184 157  1
 185 157  1
 118 158  1
 198 158  1
   2 159  1
   3 159  1
  96 159  1
 114 159  1
 132 159  1
 169 159  1
 191 160  1
 226 160  1
  27 162  1
  83 162  1
  84 162  1
 112 162  1
 166 162  1
 190 162  1
 198 162  1
 199 162  1
  29 163  1
 149 163  1
 180 163  1
 270 163  1
  79 164  1
 228 164  1
 229 164  1
 107 165  1
 108 165  1
 153 165  1
 154 165  1
 187 165  1
 266 165  1
  35 166  1
  89 166  1
  90 166  1
 173 166  1
 198 166  1
 105 167  1
 236 167  1
  43 168  1
 167 168  1
  38 169  1
  67 169  1
  85 169  1
 100 169  1
 268 169  1
 270 169  1
  11 170  1
  94 170  1
 195 170  1
  20 171  1
  21 171  1
  46 171  1
 155 171  1
 156 171  1
 146 172  1
 147 172  1
 186 172  1
 205 172  1
  17 173  1
  37 173  1
  78 173  1
 152 173  1
 169 173  1
 181 173  1
 274 173  1
 129 174  1
 186 174  1
 234 174  1
  39 175  1
 135 175  1
 181 175  1
 191 175  1
 192 175  1
  62 176  1
  65 176  1
 198 176  1
 199 176  1
  13 177  1
 159 177  1
 160 177  1
 195 177  1
 271 177  1
  48 178  1
  69 178  1
 165 178  1
 229 178  1
 158 179  1
 189 179  1
 190 179  1
 200 179  1
 206 179  1
  19 180  1
   8 181  1
  48 181  1
  52 181  1
  53 181  1
  64 181  1
 142 181  1
 199 181  1
 218 181  1
  19 182  1
  58 182  2
  60 182  1
 269 182  1
 270 182  1
 188 183  1
 198 183  1
 199 183  1
 203 183  1
 166 184  1
  44 186  1
 195 186  1
  26 187  1
 170 188  1
 171 188  1
 267 188  1
  60 189  1
 144 189  1
 151 189  1
  25 190  1
 149 190  1
  23 191  1
 265 191  1
 139 193  1
  42 194  1
  54 194  1
 180 194  1
 181 194  1
 263 194  1
 145 197  1
 154 197  1
 181 197  1
 182 197  1
 198 197  1
 202 197  1
 125 198  1
 130 198  1
 260 198  1
 138 199  1
 139 199  1
 145 199  1
 126 200  1
 259 200  1
 145 201  1
 146 201  1
  47 202  1
  48 202  1
  52 202  1
 126 202  1
 181 202  1
 182 202  1
 197 202  1
  25 203  1
 136 203  1
 170 203  1
  44 204  1
  45 204  1
 128 204  1
 181 204  1
 132 205  1
 165 205  1
 194 205  1
 205 205  1
 206 205  1
 108 206  1
 153 206  1
 256 206  1
  40 207  1
  42 207  1
 141 207  1
 145 207  1
 180 207  1
 181 207  1
  30 208  1
 161 209  1
 167 209  1
  33 210  1
  98 210  1
 124 210  1
 125 210  1
 149 210  1
 154 211  1
 156 211  1
 167 211  1
 152 212  1
 125 214  1
 132 214  1
 165 214  1
 177 214  1
 181 214  1
 175 215  1
 208 216  1
 112 217  1
 123 217  1
  43 218  1
  82 219  1
 107 219  1
 132 219  1
 168 219  1
 194 219  1
 211 220  1
 212 220  1
  86 221  1
 242 221  1
  45 222  1
 132 223  1
 133 223  1
 205 223  1
 209 223  1
 102 225  1
 108 225  1
 109 225  1
 205 225  1
  98 226  1
 237 226  1
  52 227  1
 205 227  1
 210 227  1
  57 228  1
  86 228  1
 201 228  1
  82 229  1
 102 229  1
 103 229  1
  62 230  1
 199 230  1
  78 232  1
  82 233  1
 135 234  1
 136 234  1
 227 234  1
  92 235  1
 101 235  1
 102 235  1
  69 236  1
 224 236  1
 107 237  1
  87 238  1
 101 239  1
 136 240  1
 216 240  1
 217 240  1
  91 241  1
 101 241  1
 158 241  1
  98 242  1
  99 242  1
 129 242  1
  82 243  1
 124 243  1
 125 243  1
 137 244  1
 129 245  1
 147 245  1
 150 245  1
 210 245  1
  90 246  1
 154 246  1
 205 246  1
 113 247  1
 114 247  1
  99 248  1
 122 248  1
 163 249  1
 104 250  1
 108 251  1
 155 251  1
 166 251  1
 191 251  1
 148 252  1
 116 253  1
 186 253  1
 183 254  1
 175 256  1
 140 258  1
 144 258  1


count = 772