 147   1  1
 135   7  1
 160   9  1
 170  10  1
 193  10  1
 130  11  1
 197  12  1
 154  13  1
 169  15  1
 170  15  1
 114  17  1
 172  17  1
 205  20  1
 105  21  1
 172  21  1
 177  21  1
 207  22  1
  98  23  1
  95  24  1
 111  24  1
 211  24  1
 213  24  1
 220  27  1
  63  29  1
 105  30  1
 132  30  1
  57  31  1
  55  32  1
 128  33  1
 228  33  1
  94  34  1
  95  34  1
 141  36  1
  44  37  1
  45  37  1
  86  38  1
  92  38  1
 111  38  1
  41  39  1
  97  39  1
  98  39  1
 234  39  1
  92  40  1
 138  40  1
  84  41  1
  91  42  1
 131  42  1
 138  42  1
 126  43  1
 127  43  1
  99  44  1
 226  44  1
 141  45  1
 142  45  1
  34  46  1
  86  47  1
  88  47  1
 112  47  1
 241  47  1
  93  48  1
 127  48  1
 128  48  1
 182  48  1
  26  50  1
  27  50  1
  85  50  1
 138  50  1
 247  50  1
  91  51  1
  80  52  1
  88  52  1
 225  52  1
  71  53  1
  76  53  1
 181  53  1
  57  54  1
  88  54  1
 124  54  1
 177  54  1
 178  54  1
  23  55  1
  69  55  1
 119  55  1
 253  55  1
 147  56  1
 230  56  1
 231  56  1
  46  57  1
  59  57  1
  78  57  1
  80  57  1
  82  57  1
 217  57  1
 256  57  1
 233  58  1
 234  58  1
  60  59  1
  83  59  1
 123  59  1
 215  59  1
  62  61  1
 149  61  1
  18  62  1
  48  62  1
  50  62  1
  92  62  1
 176  62  1
 143  63  1
  53  64  1
  54  64  1
 196  64  1
 235  65  1
 124  66  1
 125  66  1
 181  66  2
 182  66  1
 183  66  1
 199  66  1
 243  66  1
 232  67  1
 145  68  1
 203  68  1
  64  69  1
 148  69  1
 152  69  1
 186  69  1
 206  70  1
 231  70  1
 192  71  1
 214  71  1
  19  72  1
  20  72  1
  66  72  1
  67  72  1
 233  72  1
 272  72  1
 273  72  1
 151  73  1
 152  73  1
 199  73  1
 200  73  1
 217  73  1
 218  73  1
 174  74  1
 237  74  1
 179  75  1
 187  75  1
  17  77  1
  69  77  1
 189  77  1
 201  77  1
 232  77  1
 233  77  1
 239  77  1
  21  78  1
  10  79  1
  11  79  1
  79  79  1
 173  79  1
 177  79  1
 239  79  1
 249  79  1
 276  79  1
 277  79  1
  88  80  1
  83  81  1
  84  81  1
 143  81  1
 148  81  1
 234  81  1
   9  82  1
  10  82  1
  75  82  1
  76  82  1
 188  83  1
 247  83  1
 259  83  1
 174  84  1
 175  84  1
 146  85  1
 265  85  1
 146  87  1
 191  87  1
 240  87  1
 266  87  1
 267  87  1
 213  88  1
 214  88  1
 217  88  1
 257  88  1
  85  89  1
 146  89  1
 244  89  1
 245  89  1
  83  90  1
 142  90  1
 220  90  1
 273  90  1
 160  91  1
 211  91  1
 251  91  1
 268  91  1
 153  92  1
 155  92  1
 190  92  1
 191  92  1
 206  92  1
 151  93  1
 261  93  1
 262  93  1
 156  94  1
 191  94  1
 227  94  1
 144  95  1
 253  95  1
  81  96  1
 183  96  1
 216  96  1
 217  96  1
 221  96  1
 222  96  1
 223  96  1
 224  96  1
 275  96  1
  78  97  1
  79  97  1
 136  97  1
 230  97  1
 235  97  1
 240  97  1
 249  97  1
 269  97  1
 141  98  1
 261  98  1
 144  99  1
 145  99  1
 156  99  1
  15 100  1
 268 100  1
 269 100  1
 256 101  1
  13 102  1
 155 102  1
 176 102  1
 239 102  1
  78 103  1
 246 103  1
 261 103  1
 281 103  1
 282 103  1
   2 104  1
   3 104  1
  36 104  1
 249 104  1
 253 104  1
 272 105  1
  11 107  1
 194 107  1
 199 107  1
 200 107  1
  34 108  1
  81 108  1
  82 108  1
 182 109  1
 188 109  1
 189 109  1
 269 109  1
  29 110  1
  30 110  1
  89 111  1
  27 112  1
  58 112  1
 174 112  1
 176 112  1
 178 112  1
  14 113  1
 104 113  1
 189 113  1
 204 113  1
 205 113  1
  64 114  1
 184 114  1
 202 114  1
 221 114  1
 225 114  1
 271 114  1
  83 115  1
 215 115  1
   7 116  1
  11 116  1
 110 116  1
 202 116  1
 270 116  1
   1 117  1
 228 117  1
 277 117  1
  87 118  1
 174 118  1
 204 118  1
 211 118  1
 212 118  1
 107 119  1
 115 119  1
 116 119  1
 194 119  1
 209 119  1
 214 119  1
  94 120  1
  95 120  1
 218 120  1
 219 120  1
 267 120  1
 110 121  1
 165 121  1
 199 121  1
  32 122  1
  36 122  1
 152 122  1
 154 122  1
 261 122  1
 274 122  1
  23 123  1
  66 123  1
  89 123  1
 164 123  1
  42 124  1
  46 124  1
 159 124  1
 192 124  1
 204 124  1
 223 124  1
 261 124  1
 266 124  1
  70 125  1
  92 125  1
 243 125  1
  99 126  1
 114 126  1
 115 126  1
 116 126  1
 155 126  1
 156 126  1
  10 127  1
 121 127  1
 122 127  1
 151 127  1
 189 127  1
 209 127  1
  29 128  1
  37 128  1
  70 129  1
 153 129  1
 173 129  1
 177 129  1
 182 129  1
 183 129  1
 192 129  1
 199 129  1
 203 129  1
 204 129  1
 213 129  1
 214 129  1
 226 129  1
 253 129  1
  16 130  1
  50 130  1
  61 130  1
 161 130  1
 246 130  1
  44 131  1
 188 131  1
 237 131  1
 265 131  1
  10 132  1
 156 132  1
  91 133  1
 104 133  1
 148 133  1
 178 133  1
 186 133  1
 218 133  1
 247 133  1
  18 134  1
  51 134  1
 122 134  1
 173 134  1
 274 134  1
  22 135  1
 266 135  1
 267 135  1
 108 136  1
 110 136  1
 153 136  1
 194 136  1
 241 136  1
 117 137  1
 196 137  1
 197 137  1
  39 138  1
  45 138  1
  87 138  1
 110 138  1
 156 138  1
 201 138  1
 268 138  1
   3 139  1
  24 139  1
  25 139  1
 115 139  1
 183 139  1
 230 139  1
 280 139  1
 104 140  1
 145 140  1
 147 140  1
 149 140  1
 155 140  1
 160 140  1
 190 140  1
 206 140  1
 208 140  1
 204 141  1
 227 141  1
 247 141  1
  90 142  1
 202 142  1
 217 142  1
 218 142  1
 252 142  1
 263 142  1
  31 143  1
  85 143  1
 163 143  1
 174 143  1
 178 143  1
 197 143  1
 267 143  1
 274 143  1
 142 144  2
 143 144  1
 144 144  1
 169 144  1
 233 144  1
 230 145  1
 241 145  1
  36 146  1
  40 146  1
  48 146  1
 183 146  1
 184 146  1
 257 146  1
  82 147  1
 206 147  1
 175 148  1
 202 148  1
 235 148  1
 216 149  1
 224 149  1
 239 149  1
 247 149  1
 185 151  1
 190 151  1
 199 151  1
  80 152  1
 174 152  1
   9 153  1
 242 153  1
 252 153  1
  74 154  1
 174 154  1
 116 155  1
 186 155  1
 211 155  1
 264 155  1
  13 156  1
  14 156  1
  71 156  1
  78 156  1
 206 156  1
 274 156  1
 121 157  1
   1 158  1
   2 158  1
 124 158  1
  26 159  1
  76 159  1
 201 159  1
 232 159  1
 259 159  1
 114 160  1
 116 160  1
 196 160  1
 246 160  1
 272 160  1
  75 161  1
 210 161  1
 232 161  1
 234 161  1
 266 161  1
  71 163  1
  75 165  1
  76 165  1
  78 166  1
 264 166  1
  60 167  1
  61 167  1
 197 167  1
 245 167  1
 271 167  1
 191 168  1
  65 169  1
  74 169  1
 241 169  1
 262 169  1
 263 169  1
 189 171  1
 190 171  1
  73 172  1
  82 172  1
 130 172  1
 131 172  1
 258 172  1
 262 172  1
   4 173  1
   5 173  1
  76 173  1
  78 173  1
 239 173  1
 240 173  1
 269 173  1
 270 173  1
 278 173  1
 279 173  1
 227 174  1
 247 174  1
  86 175  1
  64 176  1
  91 176  1
 222 176  1
 233 176  1
 137 177  1
   6 178  1
   7 178  1
 141 178  1
 227 178  1
 228 178  1
  67 180  1
 142 180  1
 147 180  1
 177 180  1
 222 180  1
 274 180  1
  60 181  1
  77 181  1
 171 181  1
  97 182  1
 221 182  1
 222 182  1
 247 182  1
 249 182  1
 183 183  1
 215 183  1
 234 183  1
 236 183  1
 238 183  1
 175 184  1
   8 185  1
   9 185  1
  72 185  1
  77 185  1
 215 185  1
 171 186  1
 240 186  1
  79 187  1
  83 187  1
 147 187  1
 214 187  1
 215 187  1
 245 187  1
 250 187  1
 270 187  1
   9 188  1
  10 188  1
  63 188  1
  64 188  1
  65 188  1
 173 188  1
 182 188  1
 183 188  1
 238 188  1
 219 189  1
 232 189  1
  64 190  1
  65 190  1
 133 190  1
 226 190  1
  10 191  1
  11 191  1
 229 191  1
 230 191  1
  71 192  1
  82 192  1
 160 192  1
 250 192  1
 256 192  1
 257 192  1
  75 193  1
  58 194  1
 116 194  1
  83 195  1
 160 195  1
 239 195  1
 241 195  1
 242 195  1
  51 196  1
 217 196  1
 160 197  1
 237 197  1
 238 197  1
 247 197  1
 261 197  1
  13 198  1
 245 198  1
  64 199  1
  68 199  1
 123 199  1
  78 200  1
 155 201  1
 244 201  1
 112 202  1
 250 202  1
  67 203  1
  68 203  1
 106 203  1
  59 204  1
 128 205  1
 198 206  1
  21 207  1
 128 207  1
 152 208  1
 223 208  1
  53 209  1
 207 209  1
 138 210  1
 136 211  1
  99 212  1
 105 212  1
 134 212  1
  51 213  1
  52 213  1
 130 213  1
 130 215  1
  98 216  1
 103 216  1
  50 217  1
 110 217  1
 111 217  1
 135 217  1
 137 217  1
 139 217  1
 147 217  1
 231 217  1
  48 218  1
 111 220  1
 123 220  1
  36 221  1
 148 221  1
 149 221  1
  40 223  1
  41 223  1
 226 223  1
 224 227  1
 222 229  1
 223 229  1
  52 231  1
 219 231  1
  58 232  1
 100 232  1
 121 232  1
 117 233  1
  63 234  1
  97 234  1
 122 234  1
 211 234  1
 212 234  1
  76 237  1
 120 238  1
 121 238  1
 205 239  1
 101 240  1
 113 241  1
 114 241  1
 129 242  1
 130 242  1
 199 243  1
 112 244  1
 117 244  1
 133 244  1
 125 245  1
 105 247  1
 132 248  1
 178 252  1
 133 255  1
 135 255  1
 147 257  1


count = 705