 153   1  1
 172   1  1
 176   1  1
 119   5  1
 112   6  1
 163   7  1
 164   7  1
 203   7  1
 140   8  1
 147   8  1
 189   8  1
 151   9  1
 153   9  1
 183   9  1
  93  10  1
 210  11  1
  89  13  1
 112  13  1
 167  13  1
 169  13  1
 214  13  1
 157  14  1
 174  14  1
 184  14  1
 185  14  1
 190  14  1
 191  14  1
 113  15  1
  85  16  1
  92  16  1
 105  16  1
 160  16  1
 161  16  1
 179  16  1
  82  17  1
  97  17  1
  98  17  1
 100  17  1
 171  18  1
 190  18  1
 223  18  1
 166  19  1
 184  19  1
  74  20  1
 111  20  1
 112  20  1
 164  21  1
 181  21  1
  69  22  1
 108  22  1
 109  22  1
 176  22  1
 177  22  1
  66  23  1
 232  23  1
 132  24  1
 115  25  1
 162  25  1
 183  25  1
  72  26  1
 138  27  1
  51  29  1
  67  29  1
 111  29  1
 112  29  1
 160  29  1
 161  29  1
 130  30  1
 131  30  1
 227  30  1
  67  31  1
  68  31  1
 180  31  1
 136  32  1
  44  33  1
  90  34  1
 173  34  1
 230  34  1
  94  35  1
 191  35  1
 192  35  1
 202  35  1
 203  35  1
 225  35  1
  84  36  1
 106  36  1
 152  36  1
  52  38  1
 153  38  1
  63  39  1
  64  39  1
  68  39  1
  79  39  1
  97  39  1
  99  39  1
 122  39  1
 194  39  1
 195  39  1
 198  39  1
 202  39  1
 105  40  1
 183  40  1
  87  41  1
 143  41  1
 151  41  1
 152  41  1
 192  41  1
  62  42  1
  80  43  1
 102  43  1
  40  44  1
  41  44  1
  52  44  1
  68  45  1
  69  45  1
 149  45  1
 173  45  1
  37  46  1
  62  46  1
  63  46  1
 133  46  1
 204  46  1
 205  46  1
  72  47  1
  73  47  1
 141  47  1
 149  47  1
 164  47  1
 144  48  1
  77  49  1
  78  49  1
 149  49  1
 175  49  1
 179  49  1
 202  49  1
 226  50  1
  78  51  1
  32  52  1
  52  52  1
  53  52  1
  70  52  1
 158  52  1
 159  52  1
 202  52  1
 224  52  1
  34  53  1
  53  54  1
 140  54  1
 147  54  1
 171  54  1
 172  54  1
  61  55  1
  62  55  1
 153  55  1
 177  55  1
 256  55  1
  54  56  1
 174  56  1
  35  57  1
 121  57  1
 122  57  1
 135  57  1
 167  57  1
  62  59  1
  63  59  1
 138  59  1
 139  59  1
 178  59  1
 259  59  1
 146  60  1
 223  60  1
 229  60  1
 254  60  1
  15  61  1
  41  61  1
  42  61  1
 176  61  1
 233  61  1
 234  61  1
 154  62  1
 226  62  1
 268  62  1
 269  62  1
  14  63  1
 124  63  1
 139  63  1
  52  64  1
  63  64  1
 148  64  1
 149  64  1
 157  65  1
 233  65  1
  21  66  1
 149  66  1
 227  67  1
  68  68  1
 170  68  1
  57  69  1
  58  69  1
 143  70  1
 145  70  1
 149  70  1
 165  70  1
 166  70  1
   8  72  1
  15  72  1
  23  72  1
  53  72  1
  54  72  1
 225  72  1
 244  73  1
  15  74  1
  23  74  1
 223  74  1
  21  75  1
  56  75  1
  12  77  1
  13  77  1
  71  77  1
  80  77  1
 135  77  1
 158  77  1
 247  77  1
 256  77  1
 225  78  1
 230  78  1
 273  78  1
 274  78  1
 135  79  1
  22  80  1
 180  80  1
 189  80  1
 241  80  1
 242  80  1
  25  81  1
 135  81  1
 186  81  1
   3  82  1
   4  82  1
  22  82  2
 157  82  1
 158  82  1
 225  82  1
  78  83  1
  84  83  1
 131  83  1
 137  83  1
 242  83  1
  22  84  1
 145  84  1
 146  84  1
 148  84  1
 149  84  1
 186  84  1
 195  84  1
 255  84  1
  17  86  1
 142  86  1
 222  86  1
 239  86  1
 131  87  1
 135  87  1
 244  87  1
 257  87  1
 118  88  1
 142  88  1
 189  88  1
 222  88  1
 249  88  1
  93  89  1
 155  89  1
 156  89  1
 167  89  1
 234  89  1
  87  90  1
  88  90  1
 188  90  1
 212  90  1
 229  90  1
 230  90  1
 252  90  1
   1  91  1
   2  91  1
 104  91  1
 128  91  1
 150  91  1
 154  91  1
 238  91  1
 258  91  1
 268  91  1
  97  92  1
 119  92  1
 235  92  1
 141  93  1
 244  93  1
 253  93  1
  67  94  1
  74  94  1
 108  94  1
 137  94  1
 231  94  1
 232  94  1
 249  94  1
 250  94  1
 260  94  1
   1  95  1
  17  95  1
 124  95  1
 215  95  1
  12  96  1
  76  96  1
  80  96  1
 116  96  1
 236  96  1
 265  96  1
 210  97  1
 211  97  1
 254  97  1
 118  98  1
 119  98  1
 120  98  1
 122  98  1
 224  98  1
 230  98  1
  83  99  1
  95  99  1
 176  99  1
 240  99  1
 260  99  1
   6 100  1
 215 100  1
 148 101  1
 234 101  1
 255 101  1
 145 102  1
 166 102  1
 167 102  1
 210 102  1
 211 102  1
 229 102  1
 230 102  1
 239 102  1
 129 103  1
 164 104  1
 226 104  1
  32 105  1
 102 105  1
   8 106  1
 261 106  1
 130 107  1
 131 107  1
 154 107  1
 158 107  1
 250 107  1
   6 108  1
  59 108  1
 151 108  1
  48 109  1
  53 109  1
 224 109  1
 225 109  1
 256 109  1
  27 110  1
 157 110  1
 219 110  1
 265 110  1
  69 111  1
  79 111  1
  22 112  1
  37 112  1
 212 112  1
 267 112  1
 268 112  1
  30 113  1
  72 113  1
  73 113  1
 145 113  1
  37 114  1
  39 114  1
  50 114  1
  53 114  1
 129 114  1
 208 114  1
   1 115  1
  30 115  1
  44 115  1
  62 115  1
  79 115  1
  80 115  1
 151 115  1
 224 115  1
 258 115  1
  85 116  1
 109 116  1
 110 116  1
 119 116  1
 160 116  1
 217 116  1
 219 116  1
  33 117  1
 127 117  1
 132 117  1
 138 117  1
  98 118  1
  99 118  1
 157 118  1
 223 118  1
 273 118  1
  71 119  1
 115 119  1
 192 119  1
 148 120  1
 203 120  1
 204 120  1
   3 121  1
  53 121  1
  78 121  1
 118 121  1
 137 121  1
 218 121  1
 229 121  1
 259 121  1
  30 122  1
  74 122  1
 152 122  1
 153 122  1
 240 122  1
 242 122  1
 282 122  1
 283 122  1
  19 123  1
  25 123  1
 254 123  1
 278 123  1
  47 124  1
  81 124  1
 100 124  1
 147 124  1
 219 124  1
 223 124  1
 225 124  1
  54 125  1
  64 125  1
  95 125  1
 189 125  1
 246 125  1
   6 127  1
  48 127  1
 172 127  1
 180 127  1
 206 127  1
 210 127  1
 214 127  1
 246 127  1
 255 127  1
 269 127  1
 273 127  1
 225 128  1
  19 129  1
  30 129  1
  31 129  1
  32 129  1
  79 129  1
 144 129  1
 145 129  1
 178 129  1
 191 129  1
  57 130  1
  63 130  1
  85 130  1
 121 130  1
 132 130  1
 196 131  1
 216 131  1
 238 131  1
 244 131  1
  12 132  1
  14 132  1
  15 132  1
  90 132  1
 100 132  1
 101 132  1
 136 132  1
 214 132  1
 229 133  1
 254 133  1
 274 133  1
   8 134  1
 197 134  1
  33 135  1
 153 135  1
  97 136  1
 160 136  1
 249 136  1
 280 136  1
  14 137  1
 169 137  1
   3 138  1
   4 138  1
 153 138  1
 222 138  1
 260 138  1
 263 138  1
  10 139  1
 140 139  1
 142 139  1
  96 140  1
 157 140  1
 163 140  1
 257 140  1
 116 141  1
 114 142  1
 164 142  1
 206 142  1
 257 142  1
  23 143  1
 257 144  1
 264 144  1
  17 145  1
  19 145  1
  88 145  1
 147 145  1
 155 145  1
 157 145  1
 166 145  1
 221 145  1
 252 145  1
  24 146  1
 112 146  1
  53 147  1
  54 147  1
 152 147  1
 249 148  1
  34 149  1
  54 149  1
 111 149  1
 115 149  1
 138 149  1
 157 149  1
 171 149  1
 173 149  1
 215 149  1
 134 150  1
  84 151  1
 255 151  1
 118 152  1
 145 152  1
 264 152  1
  14 153  1
  15 153  1
 133 153  1
 174 154  1
 138 155  1
 141 156  1
 142 156  1
 165 156  1
 178 156  1
   8 157  1
 169 157  1
  91 158  1
 145 158  1
 149 158  1
  13 159  1
  98 159  1
 135 159  1
 136 159  1
 156 160  1
 171 160  1
 176 160  1
 246 160  1
 264 160  1
   9 161  1
 116 161  1
 117 161  1
 138 161  1
 255 161  1
 256 161  1
 257 161  1
 248 162  1
   9 163  1
  19 163  1
  91 164  1
 133 164  1
 153 164  1
  12 165  1
 118 165  1
 137 165  1
 187 165  1
 125 166  1
 165 166  1
 108 167  1
 170 167  1
 249 167  1
  33 168  1
 225 168  1
  14 169  1
 127 169  1
 173 169  1
 248 170  1
 175 171  1
 197 171  1
 274 171  1
 182 172  1
 184 172  1
 189 172  1
 232 172  1
 237 172  1
   5 173  1
   6 173  1
 239 173  1
  14 174  1
 184 174  1
 256 174  1
 262 174  1
 251 175  1
   6 176  1
   7 176  1
  16 176  1
  52 177  1
 195 177  1
 271 177  1
  47 178  1
 228 178  1
  25 179  1
  26 179  1
 231 179  1
  18 181  1
  28 181  1
  30 181  1
  31 181  1
 273 181  1
  14 182  1
  15 182  1
  26 182  1
  49 182  1
 227 184  1
 232 185  1
  70 186  1
  23 188  1
 249 188  1
 250 188  1
 233 190  1
  51 191  1
 238 191  1
 256 191  1
  23 192  1
  24 192  1
  39 192  1
  79 192  1
  93 193  1
  48 194  1
  50 194  1
  99 194  1
 268 194  1
  42 195  1
  83 196  2
  84 196  1
  77 197  1
  88 197  1
  89 197  1
 258 198  1
 116 200  1
 272 200  1
  23 202  1
 133 202  1
 240 202  1
 247 202  1
  77 203  1
  50 204  1
 115 204  1
 235 204  1
 239 204  1
 252 205  1
  29 206  1
 105 206  1
 112 206  1
 142 206  1
  82 207  1
 222 207  1
  43 208  1
  45 208  1
  99 208  1
 103 208  1
 256 208  1
 136 209  1
 143 209  1
  77 210  1
  84 210  1
 119 210  1
 120 210  1
 138 210  1
 210 210  1
 211 210  1
 129 211  1
 148 211  1
  50 212  1
 163 212  1
 225 212  1
 227 212  1
 251 212  1
 263 212  1
 120 213  1
  87 214  1
  96 214  1
 130 214  1
 168 214  1
 220 214  2
 221 214  1
 246 214  1
  82 215  1
 134 215  1
 135 215  1
 146 215  1
 213 215  1
 214 215  1
 232 215  1
 254 215  1
  98 216  1
 142 216  1
 143 216  1
 225 216  1
 100 217  1
 150 217  1
 218 217  1
 249 217  1
  49 218  1
  75 218  1
 119 219  1
 120 219  1
 132 219  1
 252 219  1
  51 220  1
 224 220  1
 225 220  1
  93 221  1
 100 221  1
 170 221  1
 239 221  1
  55 222  1
  87 222  1
 243 222  1
 129 223  1
 130 223  1
 215 223  1
 105 224  1
 106 224  1
 227 224  1
  70 225  1
  76 225  1
 141 225  1
  64 226  1
  79 226  1
  82 227  1
 229 227  1
  67 228  1
 215 228  1
 105 229  1
 106 229  1
 114 229  1
 115 229  1
 129 229  1
 142 229  1
 249 229  1
  69 230  1
  80 230  1
  85 230  1
 171 230  1
 172 230  1
 238 230  1
 143 232  1
 144 232  1
 232 232  1
 245 232  1
 125 233  1
 212 233  1
 213 233  1
 113 234  1
 114 234  1
 172 235  1
 173 235  1
 186 235  1
 187 235  1
 203 235  1
  83 236  1
 112 236  1
 164 236  1
 182 236  1
 183 236  1
 200 236  1
  97 237  1
 104 237  1
 105 237  1
 178 237  2
  89 238  1
 173 238  1
 130 239  1
 103 240  1
 234 240  1
 201 241  1
 122 242  1
 128 244  1
 209 245  1
 214 245  1
 106 246  1
 206 247  1
 225 247  1
 126 248  1
 162 248  1
 163 248  1
 178 249  1
 133 250  1
 155 250  1
 157 250  1
 197 250  1
 215 251  1
 163 252  1
 210 253  1
 204 255  1
 169 257  1


count = 819