 138   1  1
 157   1  1
 172   1  1
 185   1  1
 134   8  1
 183   8  1
 126   9  1
 127   9  1
 158   9  1
 159   9  1
 162  11  1
 186  11  1
 188  11  1
 190  11  1
 113  13  1
 134  13  1
 163  14  1
 207  15  1
 104  16  1
 128  16  1
 191  16  1
 193  16  1
 217  16  1
 230  16  1
 195  17  1
  76  18  1
  98  18  1
 161  18  1
 120  19  1
 168  19  1
 221  19  1
 222  19  1
  73  20  1
 122  21  1
 123  21  1
 165  21  1
 176  21  1
 207  21  1
  71  22  1
  77  23  1
 105  23  1
 212  25  1
 165  26  1
 171  26  1
 191  26  1
  73  27  1
  76  27  1
 111  28  1
 133  30  1
 159  30  1
 189  30  1
 117  31  1
 118  31  1
 109  32  1
 159  32  1
 128  33  1
 129  33  1
 137  33  1
 166  33  1
 167  33  1
 159  34  1
 218  34  1
  60  35  1
 218  36  1
 249  36  1
 250  36  1
 220  37  1
  57  38  1
  58  38  1
 141  39  1
 142  39  1
 167  39  1
 184  39  1
 185  39  1
  65  40  1
 125  40  1
 134  40  1
 157  40  1
 118  41  1
 119  41  1
  51  42  1
 144  42  1
 129  44  1
 157  44  1
 116  45  1
 144  47  1
 162  47  1
 185  47  1
 186  47  1
 257  47  1
 258  47  1
 111  48  1
 136  48  1
 138  48  1
  47  49  1
 171  49  1
  43  50  1
  44  50  1
  43  52  1
 107  53  1
  59  54  1
 161  55  1
 177  55  1
 131  56  1
 137  56  1
 142  56  1
  59  57  1
 182  57  1
 183  57  1
  38  58  1
 136  59  1
 256  60  1
 182  61  1
  23  62  1
  33  62  1
  50  62  1
  51  62  1
  55  62  1
 130  62  1
 177  62  1
 167  63  1
 266  63  1
 267  63  1
  22  64  1
 129  65  1
 130  65  1
 174  65  1
 221  65  1
 222  65  1
 255  65  1
 226  66  1
  56  67  1
 166  67  1
 223  67  1
 242  67  1
 255  67  1
  52  68  1
 268  68  1
 269  68  1
  64  69  1
 157  69  1
 231  69  1
 240  69  1
  58  70  1
 148  70  1
 153  70  1
 167  71  1
 236  71  1
 257  72  1
  32  73  1
 172  73  1
  24  75  1
 128  75  1
  15  76  1
  54  76  1
 132  76  1
  32  77  1
  46  78  1
  51  78  1
 196  79  1
 186  81  1
 244  81  1
 194  83  1
 244  83  1
  49  84  1
 190  84  1
   9  85  1
  10  85  1
  16  85  1
 234  85  1
 244  85  1
 212  86  1
 264  87  1
   8  88  1
   9  88  1
  15  89  1
  46  89  1
 250  89  1
  53  90  1
  86  90  1
  87  90  1
 244  90  1
  44  92  1
  56  92  1
 125  92  1
 189  92  1
   6  93  1
   7  93  1
  60  93  1
 102  93  1
  37  94  1
 114  94  1
 143  95  1
 244  95  1
   5  96  1
   6  96  1
  25  96  1
 133  96  1
 145  96  1
 156  96  1
 179  96  1
  85  97  1
  92  98  1
 110  98  2
 111  98  1
 136  98  1
 211  98  1
 212  98  1
  24  99  2
 172  99  1
 247  99  1
  12 100  1
  13 100  1
  82 100  1
 103 100  1
   4 101  1
   5 101  1
 107 101  1
 170 101  1
 175 101  1
 247 101  1
 166 102  1
  84 104  1
 140 105  1
 164 105  1
 165 105  1
 180 105  1
 169 106  2
 170 106  1
 104 107  1
 106 107  1
 107 107  1
 177 107  1
 213 107  1
 214 107  1
  51 109  1
 135 110  1
 211 110  1
 166 111  1
 192 111  1
 193 111  1
  54 112  1
  55 112  1
 201 112  1
  49 113  1
 106 114  1
 107 114  1
  99 115  1
 135 115  1
 136 115  1
 163 115  1
  48 116  1
 205 116  1
 207 116  1
 209 116  1
  31 117  1
 102 117  1
 112 117  1
 197 117  1
 105 119  1
 197 119  1
 132 120  1
 133 120  1
 200 120  1
   1 121  1
  28 121  1
 107 121  1
  39 122  1
  40 122  1
   6 123  1
   7 123  1
 116 123  1
 117 123  1
   9 124  1
  32 124  1
 110 124  1
 129 124  1
 225 124  1
  43 125  1
 191 125  1
   9 126  1
 184 126  1
 276 126  1
 277 126  1
  29 127  1
  30 127  1
  39 127  1
  41 127  1
 159 127  1
 160 127  1
 179 127  1
  57 128  1
 144 128  1
 229 128  1
 239 128  1
 255 128  1
  11 129  1
  14 130  1
  50 130  1
  74 130  1
  75 130  1
 179 131  1
  25 132  1
  37 132  1
  46 132  1
  65 132  1
 123 132  1
  72 133  1
 147 133  1
 229 133  1
  41 134  1
  42 134  1
 264 134  1
 124 135  1
 243 135  1
 271 135  1
  31 136  1
  41 136  1
 149 136  1
 151 136  1
 157 137  1
   8 138  1
  24 138  1
  41 138  1
 129 138  1
 148 138  1
  19 139  1
  35 139  1
 132 139  1
 134 139  1
 276 140  1
   6 141  1
 119 141  1
 120 141  1
 105 142  1
 106 142  1
  19 143  1
 269 143  1
 274 143  1
 280 143  1
  11 144  1
 136 144  1
 140 144  1
 171 144  1
  19 146  1
 245 146  1
 246 146  1
   1 147  1
   2 147  1
  15 147  1
  17 147  1
  24 147  1
 265 147  1
 274 147  1
 156 148  1
 157 148  1
   2 150  1
   3 150  1
  43 150  1
 259 150  1
 171 151  1
  94 152  1
 259 152  1
   3 153  1
   4 153  1
  39 154  1
  94 154  1
 121 154  1
 164 154  1
 174 154  1
 259 154  1
  77 155  1
 167 155  1
 263 155  1
 265 155  1
  93 156  1
 115 156  1
 131 156  1
 132 156  1
 249 156  1
  12 157  1
 148 157  1
 254 157  1
  41 158  1
 141 158  1
  59 159  1
 126 159  1
 124 161  1
 247 161  1
 248 161  1
 265 161  1
  29 162  1
  30 162  1
  90 162  1
  92 162  1
 151 162  1
 160 162  1
 161 162  1
 184 162  1
 257 162  1
 262 162  1
 278 163  1
 279 163  1
  85 165  1
  86 165  1
 100 165  1
 110 165  1
 111 165  1
 146 165  1
 139 166  1
  13 167  1
  14 167  1
  30 167  1
  59 167  1
 149 167  1
 152 167  1
 153 167  1
 276 168  1
 277 168  1
  78 169  1
 238 170  1
 112 171  1
  51 172  1
  60 172  1
 196 172  1
 197 172  1
 245 172  1
 275 172  1
 276 172  1
 181 174  1
 183 174  1
 248 174  1
  20 175  1
  29 175  1
 235 175  1
  33 176  1
  51 176  1
  58 177  1
 247 178  1
  34 179  1
  46 179  1
 264 186  1
 265 186  1
  57 187  1
  58 187  1
  67 187  1
 260 187  1
  65 188  1
 217 188  1
 218 188  1
  68 189  1
 222 189  1
 227 189  1
  48 190  1
 218 190  1
 231 190  1
 233 190  1
  43 192  1
 144 193  1
 263 193  1
 264 193  1
 150 194  1
 175 195  1
  43 196  1
  44 196  1
  89 196  1
  95 196  1
  37 198  1
  38 198  1
 171 198  1
 101 199  1
 147 199  1
  42 201  1
  43 201  1
 175 201  1
 177 201  1
 146 202  1
 147 202  1
 165 202  1
  89 203  1
  84 204  1
  74 205  1
  92 205  1
 162 207  1
 174 207  1
 175 207  1
 180 208  1
  86 209  1
  97 210  1
 156 210  1
 157 210  1
 180 210  1
 225 210  1
 263 210  1
 264 210  1
  78 211  1
  79 211  1
 217 211  1
 221 211  1
  93 212  1
 100 212  1
 180 212  1
 254 212  1
 255 212  1
 262 212  1
  41 213  1
 155 214  1
 156 214  1
 179 214  1
 144 215  1
 241 215  1
 242 215  1
  80 217  1
 154 217  1
 155 217  1
 242 217  1
  74 218  1
  95 219  1
 144 220  1
 176 220  1
 198 221  1
 147 222  1
 181 222  1
 182 222  1
 214 222  1
 215 222  1
 175 223  1
 176 223  1
  87 224  1
  82 225  1
  83 225  1
 137 225  1
 179 225  1
 217 225  1
  87 226  1
 151 226  1
 173 226  1
 174 226  1
 140 227  1
 127 228  1
 145 228  2
 146 228  1
 147 228  1
  58 229  1
 153 229  1
 218 230  1
  79 231  1
 153 231  1
 166 231  1
 171 231  1
  73 232  1
 146 232  1
 147 232  1
 149 232  1
 164 232  1
  64 233  1
 203 233  1
 208 233  1
 143 234  1
 125 235  1
 152 235  1
 215 235  1
 164 236  1
 172 236  1
 213 236  1
 225 236  1
 125 237  1
 134 237  1
 122 238  1
 164 238  1
  84 239  1
 153 239  1
 188 239  1
 234 239  1
 206 240  1
 208 240  1
 149 241  1
 231 241  1
 142 242  1
  82 243  1
 144 244  1
 228 244  1
 148 245  1
 132 246  1
 184 246  1
 210 246  1
 160 247  1
 147 248  1
 155 248  1
 187 248  1
 104 249  1
 160 249  1
 107 250  1
 126 250  1
 127 250  1
 132 250  1
 153 251  1
 154 251  1
 167 251  1
 168 251  1
 187 251  1
 210 251  1
 114 252  1
 207 252  1
 121 254  1
 125 255  1
 193 255  1
 130 256  1
 163 257  1


count = 609