 121   1  1
 162   1  1
 183   3  1
 100   6  1
 196   6  1
 147   7  1
 152   7  1
 199   7  1
 113   8  1
 125   8  1
 138   8  1
 155   8  1
 157   8  1
 130   9  1
  88  10  1
  89  10  1
 106  11  1
 143  11  1
 166  11  1
 182  11  1
 183  11  1
  84  13  1
 137  13  1
  97  14  1
  99  14  1
 150  14  1
 197  15  1
 201  15  1
  76  16  1
  78  16  1
 170  17  1
 193  17  1
 167  18  1
  68  19  1
 174  19  1
  83  20  1
  92  20  1
 182  20  1
 190  20  1
 213  20  1
 173  21  1
  78  22  1
  79  22  1
  83  22  1
  98  22  1
 110  22  1
 236  22  1
 116  23  1
 117  23  1
 221  23  1
 207  24  1
 208  24  1
 241  24  1
  68  26  1
  69  26  1
 185  26  1
 186  26  1
 246  27  1
 146  28  1
 192  29  1
 193  29  1
 225  29  1
 218  30  1
  66  31  1
  67  31  1
 209  31  1
  43  32  1
 120  32  1
 138  32  1
  69  33  1
 133  34  1
  74  35  1
  82  35  1
 102  35  1
 187  35  1
 188  35  1
 255  35  1
 256  35  1
  78  37  1
 121  37  1
 146  37  1
 150  37  1
 206  37  1
  36  38  1
 132  38  1
 139  39  1
 146  39  1
 209  39  1
 124  40  1
 213  40  1
  27  41  1
  29  41  1
 110  41  1
 112  41  1
 114  41  1
 146  41  1
 151  41  1
 152  41  1
 118  42  1
  96  43  1
 162  43  1
 163  43  1
 172  43  1
 202  43  1
 105  44  1
 138  45  1
 129  46  1
 191  46  1
 227  46  1
 228  46  1
  23  47  1
 117  47  1
 138  49  1
 151  49  1
  87  50  1
  88  50  1
  98  50  1
 124  50  1
 134  50  1
  53  51  1
 100  51  1
  58  52  1
 111  52  1
 119  52  1
 149  52  1
 150  52  1
 172  52  1
 234  52  1
  50  53  1
 108  53  1
 117  53  1
 132  53  1
 158  53  1
 209  53  1
 217  53  1
 225  53  1
 226  53  1
 232  53  1
 255  53  1
  92  54  1
 146  54  1
 180  54  1
 240  54  1
  61  55  1
 253  55  1
 269  55  1
  30  56  1
  31  56  1
  49  56  1
  86  56  1
 146  56  1
 244  56  1
 245  56  1
 103  57  1
 104  57  1
 187  57  1
 257  57  1
  16  58  1
  36  58  1
  98  58  1
  99  58  1
 109  58  1
 116  58  1
 125  58  1
 146  58  1
 174  58  1
 130  59  1
 131  59  1
 187  59  1
 235  59  1
 239  59  1
  76  60  1
  88  60  1
 155  60  1
 167  60  1
 187  61  1
 252  61  1
  30  62  1
 177  62  1
 272  62  1
 273  62  1
  32  63  1
  33  63  1
  97  63  1
 227  63  1
 248  63  1
 260  63  1
  13  64  1
 117  64  1
 128  64  1
 256  64  1
 257  64  1
  21  65  1
  41  65  1
 173  65  1
 245  65  1
 246  65  1
 273  65  1
 274  65  1
 181  66  1
  35  67  1
 225  67  1
 177  68  1
 252  68  1
 169  69  1
  10  70  1
  11  70  1
  16  70  1
  21  70  1
  43  70  1
 265  70  1
 276  70  1
 277  70  1
 258  71  1
  24  72  1
  42  72  1
  43  72  1
   9  73  1
  10  73  1
 157  73  1
 167  73  1
 171  73  1
 173  73  1
 253  73  1
 254  73  1
 108  74  1
 233  74  1
 146  75  1
 163  75  1
 265  75  1
 271  76  1
 258  77  1
 213  78  1
 238  78  1
 278  78  1
 279  78  1
  50  79  1
 233  79  1
   6  80  1
   7  80  1
 269  81  1
  21  82  1
  22  82  1
 130  82  1
 132  82  1
   5  83  1
   6  83  1
 222  83  1
 226  83  1
 270  83  1
  24  84  1
  25  84  1
  48  84  1
  49  84  1
 118  84  1
 236  85  1
 110  86  1
 125  86  1
 213  86  1
 256  86  1
 226  87  1
  24  89  1
  25  89  1
  27  89  1
 115  89  1
 188  89  1
 189  89  1
 258  89  1
 230  90  1
   3  91  1
   4  91  1
 251  91  1
 274  91  1
 201  92  1
 267  92  1
 197  93  1
 204  93  1
 209  93  1
 230  93  1
 243  93  1
 240  94  1
 267  94  1
 132  95  1
 226  95  1
 104  96  1
 164  96  1
 182  96  1
 237  96  1
   2  97  1
   3  97  1
  21  97  1
  22  97  1
  36  97  1
  37  97  1
 197  97  1
 274  97  1
  11  98  1
  12  98  1
  16  98  1
  17  98  1
 237  98  1
 248  98  1
 269  98  1
 272  98  1
  14  99  1
 225  99  1
 264  99  1
 269 100  1
 275 100  1
   1 101  1
   2 101  1
  49 101  1
  50 101  1
 137 101  1
 141 101  1
 142 101  1
 176 101  1
 230 101  1
 231 101  1
  99 102  1
 100 102  1
 107 102  1
 268 102  1
 109 103  1
 111 103  1
 156 103  1
 209 103  1
  26 104  1
  44 104  1
 154 104  1
 203 104  1
 113 105  1
 167 105  1
 231 105  1
  16 106  1
  24 106  1
 172 106  1
 233 106  1
 200 107  1
 240 107  1
 242 107  1
 113 108  1
 148 108  1
 247 108  1
 248 108  1
 265 108  1
  52 109  1
  53 109  1
  99 109  1
 131 109  1
 144 109  1
  18 110  1
  23 110  1
 199 110  1
 206 111  1
  56 112  1
  77 112  1
  88 112  1
 118 112  1
 194 112  1
 195 112  1
 229 112  1
   1 113  1
 105 113  1
 106 113  1
 221 113  1
 222 113  1
 251 113  1
 252 113  1
  97 114  1
 208 114  1
 192 115  1
 241 115  1
  62 116  1
 153 116  1
 160 116  1
 184 116  1
  76 117  1
 211 117  1
 233 117  1
   1 118  1
  96 118  1
 122 118  1
 139 118  1
 221 118  1
 101 119  1
 116 119  1
 212 119  1
 280 119  1
 281 119  1
  83 121  1
 263 121  1
 267 121  1
 236 122  1
 258 122  1
 193 123  1
 203 123  1
 204 123  1
  87 124  1
  88 124  1
 112 124  1
 213 124  1
 278 124  1
 279 124  1
  95 125  1
 140 125  1
 209 125  1
 229 125  1
   6 126  1
   7 126  1
 225 126  1
 104 127  1
 105 127  1
 138 127  1
 146 127  1
 170 127  1
 200 127  1
 205 127  1
  27 128  1
  49 128  1
  53 128  1
  71 128  1
 225 128  1
 277 128  1
 278 128  1
  95 129  1
 106 129  1
 119 129  1
 152 129  1
 172 129  1
 238 129  1
 244 129  1
 271 129  1
 272 129  1
 273 129  1
 225 130  1
 198 131  1
   1 132  1
   2 132  1
 100 132  1
 117 132  1
 229 132  1
   8 133  1
  94 133  1
  95 133  1
 163 133  1
 190 133  1
 236 133  1
 250 133  1
 232 134  1
 261 134  1
  34 135  1
 103 135  1
 114 135  1
 172 135  1
 220 135  1
 224 135  1
 264 135  1
  61 136  1
 109 136  1
 169 136  1
 199 136  1
 200 136  1
 204 136  1
 244 136  1
   9 137  1
  12 137  1
  13 137  1
  26 137  1
 269 137  1
 270 137  1
  21 138  1
  41 138  1
  43 138  1
  50 138  1
  55 138  1
 193 138  1
 244 138  1
 250 138  1
 251 138  1
  91 139  1
  98 139  1
 186 139  1
 187 139  1
 221 139  1
 241 139  1
 255 139  1
  23 140  1
 109 140  1
 225 140  1
 262 140  1
  28 141  1
  34 141  1
  45 141  1
  60 141  1
   8 142  1
  81 142  1
 149 142  1
 168 142  1
 169 142  1
 179 142  1
 225 142  1
 264 142  1
 265 142  1
 275 142  1
 276 142  1
 151 144  1
 223 144  1
 224 144  1
 225 144  1
  53 145  1
  69 145  1
  75 145  1
 109 145  1
 114 145  1
 105 146  1
 117 146  1
 232 146  1
 268 146  1
  53 147  1
  62 147  1
  66 147  1
  84 147  1
 178 147  1
 277 147  1
 278 147  1
  51 148  1
  81 148  1
 153 148  1
 235 148  1
 161 149  1
 226 149  1
  70 150  1
  71 150  1
 235 150  1
 244 150  1
 120 151  1
 261 151  1
 221 152  1
 108 153  1
 109 153  1
 114 153  1
 116 153  1
 125 153  1
 137 153  1
 239 153  1
 241 153  1
  71 154  1
 230 154  1
 231 154  1
 266 154  1
  59 155  1
 127 155  1
 128 155  1
 217 155  1
 239 155  1
 269 155  1
 223 156  1
 233 156  1
  68 157  1
 228 157  1
 235 157  1
 136 158  1
 139 158  1
 263 158  1
 264 158  1
   2 159  1
   3 159  1
  62 159  1
  66 159  1
 152 159  1
 248 159  1
 142 160  1
 154 160  1
 244 160  1
 165 161  1
 170 161  1
 174 161  1
 225 161  1
 251 161  1
  81 162  1
  83 162  1
 158 162  1
 268 162  1
  45 163  1
 248 163  1
   4 164  1
   5 164  1
  13 164  1
  65 164  1
 158 164  1
 176 164  1
 217 164  1
 277 164  1
 278 164  1
  57 165  1
 240 165  1
 158 166  1
 246 166  1
 262 166  1
 233 167  1
 276 167  1
 277 167  1
  25 168  1
  46 168  1
 150 168  1
 237 168  1
  20 169  1
  35 169  1
  55 169  1
 145 169  1
 191 170  1
  13 171  1
 217 171  1
 229 171  1
 149 172  1
 159 172  1
 213 172  1
  37 173  1
 201 173  1
  27 174  1
 217 174  1
 246 174  1
 251 174  1
  44 175  1
 243 176  1
  38 177  1
 210 177  1
 214 177  1
  23 178  1
 248 178  1
  27 179  1
  32 179  1
  73 179  1
  36 180  1
  46 180  1
  27 181  1
 216 181  1
  80 182  1
 253 182  1
 216 183  1
  54 184  1
 269 184  1
 270 184  1
  13 185  1
  21 185  1
  22 185  1
  36 185  1
 259 185  1
  28 186  1
  44 186  1
  49 186  1
 220 186  1
 262 186  1
 263 186  1
  82 187  1
  15 188  1
  30 188  1
  49 190  1
 229 190  1
  42 191  1
 266 191  1
  25 192  1
  85 192  1
  20 193  1
  29 193  1
 190 193  1
 191 193  1
 242 193  1
 247 193  1
 265 193  1
  79 194  1
 232 194  1
  35 195  1
  52 195  1
 199 195  1
 203 195  1
 204 195  1
 238 195  1
 239 195  1
  23 196  1
  75 196  1
 195 196  1
  55 197  1
  72 197  1
 256 197  1
 230 198  1
  70 199  1
 195 199  1
 246 199  1
  34 200  1
  60 200  1
 191 201  1
  78 202  1
 160 202  1
 203 202  1
 253 202  1
  93 203  1
 165 203  1
 200 203  1
 188 204  1
  57 205  1
  58 205  1
 137 205  1
 194 205  1
 132 206  1
  35 207  1
  71 207  1
  74 207  1
  75 207  1
  76 207  1
 117 207  1
 121 207  1
  48 208  1
  49 208  1
 106 208  1
 133 208  1
 154 208  1
 155 208  1
 160 208  1
 161 208  1
  38 209  1
 110 209  1
 114 209  1
 123 209  1
 208 209  1
 213 209  1
  94 210  1
  95 210  1
 104 210  1
 133 210  1
 255 210  1
 229 211  1
 230 211  1
  43 212  1
 104 212  1
 129 212  1
 130 212  1
 132 212  1
 171 212  1
 200 212  1
  72 213  1
 112 213  1
 164 213  1
 165 213  1
  53 214  1
 104 214  1
  68 215  1
 208 215  1
 209 215  1
  59 216  1
  65 216  1
  91 216  1
 108 216  1
 122 216  1
 123 216  1
 195 216  1
 214 216  1
 229 216  1
 230 216  1
  63 217  1
  89 217  1
 127 217  1
 208 217  1
  87 218  1
 214 218  1
  85 219  1
 113 219  1
 136 219  1
 146 219  1
 248 219  1
  71 220  1
  81 220  1
 128 220  1
 129 220  1
 158 220  1
 159 220  1
  91 221  1
 107 221  1
 108 221  1
 113 221  1
 137 221  1
 245 221  1
  83 223  1
 111 223  1
 141 223  1
 187 223  1
 189 223  1
 198 223  1
 199 223  2
 227 223  1
 228 223  1
 229 223  1
 159 224  1
 160 224  1
 121 225  1
 110 226  1
 145 226  1
 189 226  1
 190 226  1
 119 227  1
 120 227  1
 121 227  1
 158 228  1
 159 228  1
 125 229  1
 147 229  1
 165 229  1
 214 229  1
 221 229  1
  77 230  1
 100 230  1
 104 230  1
 117 230  1
  82 231  1
  83 231  1
 146 232  2
 192 232  1
 219 232  1
  68 233  1
  70 233  1
 188 234  1
 219 234  1
  76 235  1
  79 236  1
  82 237  1
  85 238  1
  99 238  1
  87 239  1
 143 239  1
 219 240  1
 107 241  1
 112 242  1
 113 242  1
 139 242  1
  99 243  1
 194 243  1
 101 244  1
 199 244  1
 133 246  1
 134 246  1
 106 247  1
 107 247  1
 111 248  1
 202 248  1
 204 248  1
 115 249  1
 168 249  1
 163 250  1
 139 252  1
 151 255  1
 177 255  1


count = 852