 163   1  1
 167   1  1
 170   1  1
 174   1  1
 178   1  1
 148   2  1
 145   3  1
 186   3  1
 190   4  1
 193   5  1
 120   9  1
 199   9  1
 200   9  1
 117  10  1
 139  10  1
 158  12  1
 168  12  1
 169  12  1
 110  13  1
 215  13  1
 133  14  1
 169  15  1
 220  17  1
 209  18  1
 111  19  1
 151  20  1
  88  21  1
 109  21  1
 110  21  1
 130  21  1
 146  21  1
 206  21  1
 225  21  1
 226  21  1
 105  22  1
 164  22  1
 107  23  1
 231  24  1
  92  25  1
 130  26  1
 138  26  1
 160  26  1
 205  26  1
 206  26  1
  77  27  1
 140  28  1
 157  28  1
  85  29  1
  94  29  1
 225  29  1
 134  30  1
 169  30  1
 223  30  1
 239  30  1
  85  31  1
  94  31  1
  64  32  1
 223  32  1
 205  33  1
 232  33  1
 159  34  1
 169  34  1
 170  34  1
 178  34  1
 229  34  1
 247  34  1
  58  35  1
  59  35  1
 111  35  1
 162  35  1
 144  36  1
 145  36  1
 166  36  1
 201  36  1
  55  37  1
 121  37  1
 183  37  1
  73  38  1
  93  39  1
 100  39  1
 140  39  1
 141  39  1
 187  39  1
 111  40  1
 144  40  1
 213  40  1
  50  41  1
 117  41  1
 118  41  1
 130  41  1
 153  41  1
 123  42  1
 124  42  1
 135  42  1
 118  43  1
 159  43  1
 257  43  1
  73  44  1
  74  44  1
  98  44  1
 104  44  1
 139  44  1
 144  44  1
 167  44  1
 182  44  1
 194  44  1
 196  44  1
  41  45  1
 128  45  1
 124  46  1
  37  47  1
 131  47  1
 153  47  1
 159  47  1
 107  48  1
 181  48  1
  92  49  1
  93  49  1
 101  49  1
 102  49  1
 110  49  1
 124  49  1
 146  49  1
 148  49  1
 155  49  1
 186  49  1
 264  50  1
  32  51  1
 124  51  1
 125  51  1
  65  52  1
 105  52  1
 152  53  1
 159  53  1
 161  53  1
 163  53  1
 100  54  1
 128  54  1
 138  54  1
  63  55  1
 154  55  1
  28  56  1
  80  57  1
 243  57  1
 154  58  1
 238  58  1
  60  59  1
  94  59  1
  95  59  1
  99  59  1
 104  59  1
 161  59  1
 162  59  1
 132  60  1
 133  60  1
 246  60  1
 247  60  1
 110  61  1
 115  61  1
 166  61  1
 154  62  1
  75  64  1
  76  64  1
 131  64  1
 200  65  1
 268  65  1
 269  65  1
 196  66  1
 229  66  1
 165  67  1
 166  67  1
 202  67  1
 203  67  1
 221  67  1
  26  68  1
  57  68  1
  77  68  1
 122  68  1
 124  68  1
 156  68  1
 187  68  1
 188  68  1
  68  69  1
 184  69  1
 213  69  1
 252  69  1
 253  69  1
  65  70  1
 216  70  1
 217  70  1
 218  70  1
 184  71  1
  14  72  1
  39  72  1
  72  72  1
 112  72  1
 160  72  1
 170  72  1
 171  72  1
 270  72  1
 271  72  1
  44  73  1
 156  73  1
 164  73  1
 188  73  1
  50  74  1
 102  74  1
 199  74  1
 206  74  1
 212  74  1
 253  75  1
  83  76  1
 114  76  1
 153  76  1
 154  76  1
 181  76  1
 182  76  1
 271  76  1
 272  76  1
 193  77  1
 194  77  1
  11  78  1
  12  78  1
  98  78  1
 100  78  1
 150  78  1
 151  78  1
  76  79  1
  77  79  1
  93  79  1
  94  79  1
 190  79  1
 200  79  1
 201  79  1
  25  80  1
  26  80  1
  27  80  1
 181  80  1
 197  80  1
 209  80  1
 273  80  1
 183  81  1
  18  82  1
  35  82  1
  37  82  1
 187  82  1
 228  82  1
  39  83  1
  84  83  1
  96  83  1
 150  83  1
 201  83  1
 254  83  1
 255  83  1
   9  84  1
  10  84  1
  66  84  1
 196  84  1
 215  84  1
 133  85  1
 192  85  1
 220  85  1
 185  86  1
 208  86  1
  85  87  1
 225  87  1
 142  88  1
 198  88  1
 205  89  1
 132  90  1
 197  90  1
 266  90  1
  39  91  1
 253  91  1
 254  91  1
 279  91  1
 280  91  1
  86  92  1
 132  92  1
 127  93  1
 205  93  1
 256  93  1
 119  94  1
 131  94  1
 132  94  1
 147  94  1
 148  94  1
 184  94  1
 223  95  1
 224  95  1
 244  95  1
 123  96  1
 192  96  1
  31  97  1
  33  97  1
  96  97  1
 141  97  1
 145  97  1
  28  98  1
 110  98  1
 111  98  1
 113  98  1
 188  98  1
 190  98  1
  96  99  1
 227  99  1
 241  99  1
  27 100  1
  28 100  1
 193 100  1
 247 100  1
 254 100  1
   5 101  1
   6 101  1
  35 101  1
  71 101  1
 226 102  1
 188 103  1
 198 103  1
 260 103  1
  81 104  1
 134 104  1
 235 104  1
 240 104  1
 121 105  1
 220 105  1
 249 105  1
   3 106  1
   4 106  1
  92 106  1
 192 106  1
 235 106  1
  55 107  1
  76 107  1
  87 107  1
 121 107  1
 258 107  1
  30 108  1
  79 108  1
 235 108  1
  96 109  1
 121 109  1
 234 110  1
 250 110  1
  82 111  1
 107 111  1
 224 111  1
 231 111  1
 130 112  1
 249 112  1
  31 113  1
 107 113  1
 265 113  1
  37 114  1
  83 114  1
 227 114  1
 254 114  1
 258 114  1
 281 114  1
  79 115  1
 100 115  1
 111 115  1
 116 115  1
 183 115  1
 173 116  1
  55 117  1
 130 117  1
 132 117  1
 223 117  1
  83 118  1
  84 118  1
 168 119  1
 169 119  1
 197 119  1
 251 119  1
  53 120  1
 110 120  1
 122 120  1
 123 120  1
 179 120  1
 180 120  1
 181 120  1
 187 120  1
 197 121  1
  53 122  2
  60 122  1
  89 122  1
  98 122  1
 214 123  1
 215 123  1
 224 123  1
  52 124  1
  68 124  1
 174 124  1
 176 124  1
  57 125  2
  58 125  1
  59 125  1
  64 125  1
 112 125  1
 116 125  1
 170 125  1
 235 125  1
  93 126  1
 109 126  1
 187 126  1
 219 126  1
 247 126  1
 257 126  1
 272 126  1
 273 126  1
 274 126  1
   8 127  1
  12 127  1
 241 127  1
 251 127  1
 266 127  1
 124 128  1
 161 128  1
 203 128  1
 204 128  1
  53 129  1
 154 129  1
 194 129  1
 197 129  1
 198 129  1
 228 129  1
 205 130  1
 212 130  1
 247 130  1
 248 130  1
 154 131  1
 222 131  1
 267 131  1
   7 132  1
   8 132  1
  57 132  1
  64 132  1
 115 132  1
  48 133  1
  49 133  1
  50 133  1
  97 133  1
 154 133  1
 163 133  1
 164 133  1
 219 133  1
 260 133  1
   1 134  1
  92 134  1
 159 134  1
 171 134  1
 174 134  1
 182 134  1
 189 134  1
 231 134  1
 272 135  1
 273 135  1
   6 136  1
  52 136  1
  53 136  1
  54 136  1
 210 136  1
 257 136  1
 275 136  1
 128 137  1
 208 137  1
  54 138  1
  80 138  1
  81 138  1
 106 138  1
 114 138  1
 137 138  1
 162 138  1
 196 138  1
 197 138  1
 255 138  1
  76 139  1
  90 139  1
  91 139  1
 173 139  1
 245 139  1
 246 139  1
 251 139  1
 260 139  1
  54 140  1
  64 140  1
 279 140  1
 280 140  1
  59 141  1
  60 141  1
  67 141  1
  68 141  1
 154 141  1
 192 141  1
 200 141  1
 226 141  1
 257 141  1
 181 142  1
 238 142  1
 272 142  1
 196 143  1
 197 143  1
  21 144  1
 134 144  1
 173 145  1
 225 145  1
 245 145  1
 258 145  1
  55 146  1
 175 146  1
 190 146  1
 191 146  1
   1 147  1
 236 147  1
  21 148  1
  50 148  1
  51 148  1
  79 148  1
 138 148  1
 218 148  1
  73 149  1
  75 149  1
  86 149  1
 234 149  1
  51 150  1
 131 150  1
 138 150  1
 245 150  1
 282 150  1
 283 150  1
 215 151  1
   1 152  1
   2 152  1
  53 152  1
 191 152  1
 192 152  1
  24 153  1
  77 153  1
  78 153  1
  99 153  1
 197 153  1
 245 153  1
  73 154  1
  17 155  1
  18 155  1
  19 155  1
  42 155  1
  94 155  1
 180 155  1
 188 155  1
 224 155  1
 245 155  1
  31 156  2
 115 156  1
 119 156  1
 175 156  1
 229 157  1
 230 157  1
 231 157  1
 233 157  1
  20 158  1
  26 158  1
  76 158  1
  77 158  1
 131 158  1
 137 158  1
 184 158  1
 214 158  1
 216 158  1
 248 158  1
 113 159  1
  21 160  1
  41 160  1
  43 160  1
 186 160  1
 188 160  1
 260 160  1
  72 161  1
  73 161  1
  98 161  1
 103 161  1
 121 161  1
 224 161  1
 225 161  1
  21 162  1
  22 162  1
 143 162  1
 144 162  1
 184 162  1
 192 162  1
 255 162  1
  72 163  1
  73 163  1
 112 163  1
 146 163  1
 148 163  1
 244 163  1
 245 163  1
 117 164  1
 240 164  1
 259 164  1
  96 165  1
 149 165  1
 166 165  1
 218 165  1
 245 165  1
  99 166  1
 129 166  1
 209 166  1
 224 166  1
  22 167  1
 257 167  1
 279 167  1
 280 167  1
  29 168  1
 107 168  1
 150 168  1
 208 168  1
 234 168  1
 105 169  1
 186 169  1
 187 169  1
 189 169  1
 191 169  1
 204 169  1
 212 169  1
 213 169  1
 218 169  1
 226 169  1
 248 169  1
  19 170  1
 102 170  1
 113 170  1
 132 170  1
 133 170  1
 150 170  1
 152 170  1
 210 170  1
 157 171  1
   5 172  1
   6 172  1
  13 172  1
  30 172  1
 165 172  1
 166 172  1
  17 173  1
  32 173  1
 174 173  1
 206 173  1
 207 173  1
 224 173  1
 246 173  1
 247 173  1
 170 174  1
 194 174  1
 200 175  1
 188 176  1
 100 177  1
 110 177  1
 141 177  1
 142 177  1
 155 177  1
 165 177  1
 115 178  1
 182 178  1
 183 178  1
 222 178  1
 224 178  1
  77 179  1
 100 179  1
   7 180  1
   8 180  1
  71 180  1
 119 180  1
 148 180  1
 247 180  1
 273 180  1
 274 180  1
  16 181  1
 110 181  1
 159 181  2
 160 181  1
 210 181  1
 191 182  1
 202 182  1
  68 183  1
  97 183  1
  99 183  1
 157 183  1
 197 183  1
 247 183  1
 252 183  1
 272 183  1
 273 183  1
  45 184  1
  49 184  1
  81 184  1
 151 184  1
 168 184  1
 169 184  1
 189 184  1
 241 184  1
 257 184  1
  16 185  1
  31 185  1
 105 185  1
 162 185  1
 171 185  1
 173 185  1
   8 186  1
   9 186  1
  26 186  1
  28 186  1
  45 186  1
 183 186  1
 184 186  1
 271 186  1
 272 186  1
  92 187  1
 105 187  1
 148 187  1
 149 187  1
 214 187  1
 258 187  1
 259 187  1
  64 188  1
  65 188  1
 178 188  1
   9 189  1
 105 189  1
 191 189  1
 196 189  1
 270 189  1
 271 189  1
  84 190  1
 201 190  1
 246 190  1
 263 191  1
  95 192  1
 100 192  1
 178 193  1
 171 194  1
 168 195  1
 245 195  1
 130 196  1
 166 196  1
  15 197  1
 164 197  1
 267 197  1
 174 198  1
  60 199  1
 125 199  1
 242 200  1
  52 201  1
 207 201  1
 212 201  1
 119 202  1
  84 203  1
 126 203  1
 127 203  1
 169 203  1
 262 203  1
 162 204  1
  23 205  1
 123 206  1
 231 206  1
 232 206  1
  26 207  1
  90 207  1
 143 209  1
 172 209  1
 259 209  1
  31 210  1
 156 210  1
 112 211  1
 134 211  1
 138 211  1
 203 211  1
  34 212  1
 257 212  1
  52 213  1
 110 213  1
  85 214  1
  88 214  1
  89 214  1
 130 214  1
 171 214  1
 172 214  1
  93 215  1
 195 215  1
 197 215  1
  88 216  1
 135 216  1
 192 216  1
  82 217  1
  83 217  1
 254 217  1
  59 218  1
  88 218  1
 121 218  1
 122 218  1
 187 218  1
  91 219  1
 110 219  1
 132 219  1
 253 219  1
  47 221  1
  84 221  1
 114 221  1
 199 221  1
 250 221  1
 246 222  1
 247 222  1
 111 223  1
 118 223  1
 119 223  1
 200 223  1
 201 223  1
 234 223  1
 127 224  1
 128 224  1
 243 225  1
  86 226  1
 125 226  1
 190 226  1
 193 226  1
 240 227  1
 185 228  1
  71 229  1
  83 229  1
  73 230  1
 231 230  1
 118 231  1
 114 232  1
 141 232  1
 226 232  1
 227 232  1
 112 233  1
 203 233  1
  89 234  1
 122 234  1
 132 234  2
 199 234  1
 223 235  1
 182 236  1
 183 236  1
 187 236  1
 116 237  1
 117 237  1
 185 237  1
 113 238  1
 189 238  1
 134 239  1
 135 239  1
 207 239  1
 189 242  1
 146 243  1
 150 244  1
 182 244  1
 183 244  1
 191 244  1
 133 245  1
 134 245  1
 213 245  1
 142 246  1
 144 246  1
 114 247  1
 118 248  1
 182 248  1
 131 250  1
 184 252  1
 152 256  1
 178 256  1


count = 874