 146   1  1
 164   1  1
 135   2  1
 183   4  1
 118   6  1
 187   6  1
 157   8  1
 153  10  1
 198  10  1
 105  12  1
 206  14  1
  96  16  1
 155  17  1
 153  18  1
 212  18  1
  89  20  1
  90  20  1
 146  20  1
 170  21  1
 146  22  1
  97  23  1
  98  23  1
 219  24  1
 162  25  1
 178  25  1
  56  26  1
  69  26  1
 155  27  1
 184  27  1
 211  27  1
  49  28  1
  73  28  1
 164  28  1
 179  28  1
 180  28  1
 225  28  1
 216  29  1
  80  30  1
  45  31  1
  99  31  1
 212  31  1
 213  31  1
 143  32  1
 145  32  1
 147  32  1
  99  33  1
 165  33  1
 155  34  1
 216  34  1
 220  34  1
 224  34  1
  62  35  1
  68  35  1
 148  35  1
  81  36  1
  94  36  1
 155  36  1
  38  37  1
 167  37  1
  43  40  1
  67  40  1
 113  40  1
 180  40  1
  63  41  1
 132  41  1
 159  41  1
 163  41  1
  39  43  1
 108  43  1
 235  43  1
 242  43  1
  37  44  1
 164  44  1
 166  46  1
  82  47  1
  90  47  1
 146  47  1
 233  47  1
 234  47  1
 131  48  1
 137  48  1
  81  49  1
  95  49  1
 122  49  1
  31  50  1
  32  50  1
 117  50  1
 125  51  1
 149  51  1
 150  51  1
 230  51  1
 112  52  1
 178  52  1
 230  53  1
  79  54  1
  80  54  1
  18  55  1
  96  55  1
  97  55  1
 101  55  1
 102  55  1
 130  55  1
 131  55  1
 230  55  1
  85  56  1
 117  56  1
 139  56  1
 182  56  1
 183  56  1
 252  56  1
  28  57  1
  32  57  1
 150  57  1
  99  58  1
  16  59  1
  77  61  1
  78  61  1
 255  61  1
  83  62  1
  84  62  1
  13  63  1
 111  63  1
 180  63  1
 102  64  1
 103  64  1
 197  65  1
 257  65  1
  81  67  1
 107  67  1
 176  67  1
 203  68  1
 204  68  1
 259  68  1
 177  72  1
 211  74  1
 263  74  1
 264  74  1
  75  75  1
  77  75  1
 215  75  1
 182  76  1
 183  76  1
 184  76  1
 164  78  1
 169  78  1
 177  79  1
 266  79  1
 267  79  1
 219  80  1
 270  84  1
 187  85  1
 204  85  1
 220  85  1
 233  87  1
 163  88  1
 164  88  1
 190  88  1
 207  88  1
 176  89  1
 177  89  1
 235  89  1
 272  89  1
 218  90  1
  77  91  1
 163  92  1
 240  93  1
  81  94  1
  82  94  1
 164  95  1
 223  96  1
 229  96  1
 275  96  1
 276  96  1
  65  97  1
  66  97  1
 197  97  1
 160  98  1
 153  99  1
 193  99  1
 234  99  1
  68 100  1
 237 100  1
 243 100  1
 187 101  1
 188 101  1
   1 102  1
   2 102  1
 199 102  1
   7 103  1
 145 103  1
  70 104  1
  86 105  1
 150 105  1
 188 105  1
 157 106  1
 161 106  1
 192 106  1
  72 107  1
  88 108  1
  89 108  1
 201 108  1
 244 108  1
 246 108  1
 247 108  1
 248 108  1
   6 110  1
   7 110  1
  33 110  1
 104 111  1
  28 112  1
 169 112  1
 248 113  1
 249 113  1
   1 114  1
  87 114  1
  88 114  1
 166 114  1
  77 115  1
 162 115  1
  90 116  1
 124 116  1
 125 116  1
 249 116  1
 250 116  1
  20 117  1
  27 117  1
 179 117  1
  79 118  1
  16 119  1
 279 119  1
 280 119  1
  92 120  1
  96 120  1
 129 120  1
 195 120  1
  70 121  1
 154 121  1
 158 121  1
 183 121  1
 249 121  1
 250 121  1
  83 122  1
 243 122  1
 244 122  1
   1 123  1
 121 123  1
 122 123  1
 123 123  1
 219 123  1
 241 123  1
 247 123  1
  10 124  1
  14 124  1
  26 124  1
  28 124  1
  29 124  1
  85 124  1
 145 124  1
 167 124  1
 198 124  1
   6 125  1
  60 125  1
  99 125  1
 100 125  1
 133 125  1
 174 125  1
 175 125  1
 210 125  1
 247 125  1
  40 126  1
  67 126  1
 188 126  1
 217 126  1
  34 127  1
  65 127  1
  90 127  1
  91 127  1
 175 127  1
 196 127  1
 224 127  2
 249 127  1
 121 128  1
   3 129  1
   4 129  1
 210 129  1
 224 129  1
 228 129  1
   8 130  1
 170 130  1
 196 130  1
 240 130  2
  55 131  1
 105 131  1
 123 131  1
 124 131  1
  63 132  1
  64 132  1
 108 132  1
 135 132  1
 192 132  1
 240 132  1
  42 133  1
 235 133  1
   9 134  1
  11 134  1
  30 134  1
  31 134  1
 167 134  1
 181 134  1
  25 135  1
 156 135  1
 224 135  1
 225 135  1
  82 136  1
  83 136  1
 184 136  1
 240 136  1
  25 137  1
  58 137  1
 121 137  1
 196 137  1
 205 137  1
 233 137  1
   2 138  1
   3 138  1
  64 138  1
 173 138  1
 174 138  1
 201 138  1
 123 139  1
 127 140  1
 209 140  1
 210 140  1
 211 140  1
 234 140  1
   8 141  1
   9 141  1
  79 141  1
  80 141  1
 163 141  1
 238 141  1
  40 142  1
 179 142  1
 211 142  1
 174 143  1
 281 143  1
 282 143  1
  10 144  1
  36 144  1
  78 144  1
  79 144  1
 166 144  1
 180 144  1
 185 144  1
 186 144  1
  42 146  1
  46 146  1
  61 146  1
 212 147  1
 213 147  1
   2 148  1
   3 148  1
  96 149  1
 184 149  1
  35 150  1
  39 150  1
  40 150  1
  41 150  1
 169 150  1
  60 151  1
  75 151  1
  76 151  1
 210 151  1
   3 152  1
   4 152  1
  38 152  1
  49 153  1
  60 153  1
  93 153  1
  43 154  1
  65 155  1
  66 155  1
 207 156  1
  51 157  1
  53 157  1
  72 157  1
  73 157  1
  91 157  1
 173 157  1
 174 157  1
  45 158  1
 280 159  1
 281 159  1
  90 160  1
  91 160  1
 175 161  1
 176 161  1
 207 161  1
  73 163  1
   5 165  1
   6 165  1
  85 165  1
  90 165  1
 194 165  1
  77 166  1
  11 167  1
  12 167  1
  22 168  1
 276 168  1
 197 169  1
  12 170  1
  13 170  1
  19 170  1
  29 170  1
  17 172  1
 198 173  1
  13 174  1
 176 174  1
 274 174  1
 275 174  1
  15 176  1
 186 176  1
 204 177  1
   9 178  1
  10 178  1
  10 181  1
  11 181  1
 185 182  1
 186 182  1
 189 183  1
  75 184  1
 205 184  1
 206 184  1
  95 185  1
  74 186  1
 198 186  1
 203 187  1
  73 188  1
  78 188  1
  98 189  1
 110 189  1
 172 189  1
  21 191  1
  22 191  1
 124 193  1
 165 193  1
 166 193  1
 268 193  1
 269 193  1
 115 194  1
  96 195  1
 108 195  1
 162 195  1
  22 196  1
  93 197  1
 153 197  1
  16 198  1
 144 198  1
 112 200  1
 116 200  1
 138 200  1
 172 200  1
 114 201  1
 118 201  1
 120 201  1
 128 201  1
 141 202  1
 158 203  1
 264 203  1
 265 203  1
 141 204  1
  29 205  1
  32 206  1
 171 206  1
 172 206  1
 143 207  1
 145 207  1
  90 208  1
 136 208  1
 186 208  1
 210 208  1
  33 209  1
 124 209  1
 166 209  1
 214 209  1
  37 210  1
 169 211  1
 170 211  1
 180 212  1
 181 212  1
 244 212  1
  43 215  1
 186 215  1
 187 215  1
 199 215  1
  88 216  1
 205 216  1
 222 216  1
 247 216  1
  44 217  1
  45 217  1
  53 217  1
  54 217  1
  37 218  1
 158 218  1
 217 218  1
 231 218  1
  49 219  1
 212 219  1
 225 219  1
 228 220  1
 251 220  1
  86 221  1
  87 221  1
  70 222  1
 228 222  1
 111 223  1
 112 223  1
 248 223  1
  54 224  1
  90 224  1
  91 224  1
  48 225  1
 106 226  1
 169 226  1
 178 226  1
 245 226  1
  50 227  1
  64 227  1
 151 228  1
 190 228  1
 223 228  1
 235 228  1
  53 229  1
  54 229  1
 186 229  1
 187 229  1
  71 230  1
 217 230  1
 228 230  1
  60 231  1
  62 232  1
  80 232  1
 109 232  1
 110 232  1
 170 232  1
 175 232  1
 101 233  1
 219 233  1
 236 233  1
 222 234  1
  85 237  1
  89 237  1
  90 237  1
 163 237  1
 164 237  1
  77 238  1
 106 238  1
 107 238  1
 176 238  1
  79 239  1
 226 239  1
 120 240  1
 121 240  1
 152 240  1
 153 240  1
 131 241  1
 178 242  1
 222 242  1
  86 243  1
  87 243  1
 106 243  1
 151 244  1
 152 244  1
 120 245  1
 132 245  1
 129 247  1
 184 248  1
 211 248  1
 121 250  1
 189 250  1
 206 250  1
 144 251  1
 150 251  1
 184 251  1
 128 252  1
 196 253  1
 189 255  1
 186 256  1
 173 257  1


count = 590