 129   4  1
 121   6  1
 185   7  1
 186   7  1
 104  12  1
 106  12  1
 195  12  1
 197  14  1
 100  15  1
  95  16  1
  93  17  1
 192  17  1
 193  17  1
 204  18  1
  84  20  1
 197  20  1
  82  21  1
  98  21  1
 102  22  1
 103  22  1
 210  22  1
  91  24  1
  71  25  1
  73  25  1
  98  27  1
 219  27  1
 190  28  1
  92  29  1
 105  29  1
 194  30  1
 195  30  1
 225  30  1
  56  31  1
  57  31  1
 113  33  1
 188  34  1
  91  35  1
  92  35  1
  99  35  1
 100  35  1
  83  37  1
  45  38  1
  88  38  2
 120  38  1
 127  40  1
 128  40  1
 190  40  1
 191  40  1
 234  41  1
  74  42  1
 105  42  1
 118  42  1
 119  42  1
 131  42  1
 133  44  1
 134  44  1
 236  44  1
  97  46  1
  98  46  1
 110  46  1
 119  46  1
 123  46  1
 125  46  1
 139  46  1
 114  47  1
 126  48  1
  29  49  1
 105  49  1
 142  49  1
 154  49  1
  91  50  1
  92  50  1
 147  50  1
  75  51  1
  76  51  1
 244  51  1
 113  52  1
 132  52  1
 158  52  1
  97  53  1
 125  53  1
 126  53  1
 245  53  1
 118  54  1
 135  54  1
 141  54  1
  75  55  1
  81  55  1
  82  55  1
  99  55  1
 100  55  1
 144  56  1
 145  56  1
 250  56  1
 104  57  1
 105  57  1
 147  57  1
 149  57  1
 154  57  1
 120  58  1
 122  58  1
 167  58  1
  78  59  1
 124  59  1
 159  59  1
 161  59  1
 170  60  1
 153  61  1
  70  62  1
  76  62  1
  77  62  1
 158  62  1
 176  62  1
 187  62  1
 178  63  1
  18  64  1
 167  64  1
 168  64  1
 169  64  1
  75  65  2
  70  66  1
 165  67  1
 193  68  1
  78  69  1
 191  69  1
  14  70  1
 146  70  1
 202  70  1
 263  70  1
 264  70  1
  20  71  1
  74  71  1
 182  71  1
 187  71  1
  13  72  1
 205  72  1
  22  75  1
 164  75  1
 165  75  1
 187  75  1
  11  76  1
  16  76  1
  19  76  1
 183  76  1
 266  76  1
 267  76  1
  79  77  1
  74  78  1
  84  78  1
 206  78  1
 147  79  1
 174  79  1
 175  79  1
 134  81  1
 145  81  1
 181  81  1
 187  81  1
 270  81  1
 271  81  1
 201  82  1
  83  83  1
  85  83  1
 133  83  1
 153  83  1
 171  83  1
  75  84  1
  70  85  1
  75  86  1
  81  86  1
 154  86  1
 175  86  1
 186  87  1
 196  88  1
  71  90  1
  72  90  1
 181  90  1
 182  90  1
 170  91  1
  89  92  1
  93  93  1
   4  94  1
   5  94  1
 101  94  1
 166  94  1
 194  94  1
 225  95  1
  10  96  1
 166  96  1
 189  96  1
   3  97  1
   4  97  1
 186  97  1
 234  97  1
  73  98  1
 172  98  1
 173  98  1
 231  98  1
 222  99  1
  77 101  1
 179 101  1
 257 101  1
 174 102  1
 175 102  1
 261 102  1
  70 103  1
   7 104  1
  83 104  1
 218 105  1
 219 105  1
 167 106  1
 168 106  1
 257 106  1
  71 107  1
  72 107  1
 221 107  1
 108 108  1
   1 109  1
   6 109  1
 166 109  1
 167 109  1
 233 109  1
 254 109  1
 255 109  1
 177 110  1
 178 110  1
 185 110  1
 262 110  1
 274 110  1
 275 110  1
  73 111  1
  74 111  1
 113 113  1
 267 113  1
 118 114  1
 119 114  1
 260 114  1
 180 115  1
 233 115  1
 234 115  1
 249 115  1
   1 116  1
 188 116  1
 263 116  1
 272 116  1
 245 117  1
 177 118  1
 178 118  1
 188 118  1
 271 118  1
  44 119  1
 220 119  1
 267 119  1
  76 120  1
  77 120  1
 153 120  1
 164 120  1
 166 120  1
 170 120  1
 171 120  1
 192 120  1
 272 120  1
   7 121  1
   8 121  1
 182 121  1
 183 121  1
  61 122  1
 118 122  1
 247 122  1
 273 122  1
  10 123  1
  11 123  1
  78 123  1
  79 123  1
 123 123  1
 145 123  1
 189 123  1
 219 123  1
 252 123  1
 253 123  1
 254 123  1
  25 124  1
  26 124  1
  31 124  1
  60 124  1
 170 124  1
 204 124  1
 257 124  1
 273 124  1
  44 125  1
  45 125  1
 179 125  1
 180 125  1
 215 125  1
 250 125  1
 276 125  1
  23 126  1
  50 126  1
  69 126  1
  70 126  1
  80 126  1
 116 126  1
 270 126  1
 278 126  1
   5 127  1
  41 127  1
  64 127  1
  65 127  1
 113 127  1
 165 127  1
 166 127  1
 183 127  1
 185 127  1
 209 127  1
 251 127  1
  34 128  1
 196 128  1
 247 128  1
 258 128  1
 264 128  1
   9 129  1
  18 129  1
  20 129  1
 110 129  1
 125 129  1
 134 129  1
 145 129  1
 152 129  1
 176 129  1
 177 129  1
 178 129  1
 238 129  1
 251 129  1
  38 130  1
  71 130  1
  73 130  1
 160 130  1
 209 130  1
 224 130  1
 225 130  1
 233 130  1
 234 130  1
 279 130  1
 280 130  1
 154 131  1
 200 131  1
  12 132  1
  43 132  1
  58 132  1
 136 132  1
 169 133  1
 182 133  1
  26 134  1
  27 134  1
  41 135  1
  34 136  1
  82 136  1
 111 136  1
 138 136  1
 143 136  1
 163 136  1
 227 136  1
 229 136  1
  29 137  1
 113 137  1
 165 137  1
 180 137  1
 181 137  1
 118 138  1
 153 138  1
 167 138  1
 186 138  1
 218 138  1
  36 139  1
 145 139  1
  76 140  1
 145 141  1
 173 141  1
 174 141  1
 200 141  1
 147 142  1
   6 143  1
   7 143  1
 154 143  1
 155 143  1
 173 145  1
 121 146  1
 122 146  1
 189 146  1
 158 147  1
 170 147  1
 171 147  1
 281 147  1
 282 147  1
  25 149  1
  29 149  1
  45 149  1
  72 150  1
  73 150  1
  79 150  1
 163 150  1
  24 151  1
  19 152  1
  20 152  1
 116 152  1
 120 153  1
 121 153  1
 150 153  1
  42 154  1
 156 154  1
 178 154  1
 109 155  1
   1 156  1
   2 156  1
   6 156  1
  15 156  1
  16 156  1
  34 156  1
  68 156  1
  76 157  1
 120 157  1
 164 157  1
  10 158  1
 116 158  1
 117 158  1
 123 158  1
 126 158  1
  78 159  1
  84 159  1
 161 159  1
 166 159  1
  10 160  1
  68 160  1
  69 160  1
 187 161  1
   2 162  1
  11 162  1
  69 162  1
 168 163  1
 190 163  1
 273 163  1
 274 163  1
 281 163  1
 282 163  1
   9 164  1
  10 164  1
  82 164  1
  69 166  1
 264 166  1
 189 167  1
  23 168  1
  69 168  1
  82 168  1
 168 168  1
 273 168  1
  19 169  1
  23 170  1
  77 170  1
  17 172  1
 193 172  1
 197 172  1
 254 172  1
  33 173  1
 154 173  1
 278 173  1
  15 174  1
 166 174  1
 167 174  1
  10 175  1
  89 175  1
 198 175  1
  18 176  1
  19 176  1
  86 176  1
 250 176  1
  34 177  1
  92 177  1
  93 177  1
  94 177  1
 159 177  1
 160 177  1
 276 177  1
 171 178  1
 198 178  1
 199 178  1
 160 179  1
  13 180  1
  26 181  1
  94 181  1
 195 181  1
  22 182  1
 193 182  1
 177 185  1
 198 185  1
 199 185  1
 242 185  1
 243 185  1
 244 185  1
 273 186  1
 274 186  1
 192 187  1
 196 187  1
 239 188  1
 240 188  1
 271 189  1
  20 190  1
  21 192  1
 234 192  1
 166 195  1
 267 195  1
  26 196  1
 153 197  1
 158 197  1
 159 197  1
 235 197  1
 149 198  1
 150 198  1
 241 200  1
 156 201  1
 251 201  1
 263 201  1
 132 202  1
 255 202  1
 256 202  1
 153 203  1
 143 204  1
 220 204  1
 221 204  1
 138 205  1
 240 205  1
 133 206  1
 149 206  1
 155 206  1
 224 207  1
 250 207  1
 149 208  1
 207 208  1
 209 208  1
 244 208  1
 257 208  1
  36 209  1
 121 209  1
 126 209  1
 209 210  1
 210 210  1
 134 211  1
 154 211  1
 127 212  1
 129 212  1
 130 212  1
 198 212  1
 203 212  1
 116 213  1
 124 213  1
 138 213  1
 151 213  1
 156 213  1
 225 213  1
 226 213  1
 251 213  1
  41 214  1
  83 214  1
 198 214  1
 203 214  1
 220 214  1
 120 215  1
 165 215  1
 167 215  1
 171 215  1
 118 216  1
 198 216  1
 203 216  1
 248 216  1
  82 217  1
 222 217  1
 156 218  1
 211 219  1
 212 219  1
 157 220  1
 198 220  1
  84 221  1
 165 222  1
 166 222  1
 229 223  1
 239 223  1
 206 224  1
 212 224  1
  52 225  1
 158 226  1
 234 227  1
 146 229  1
 221 229  1
 222 229  1
  77 230  1
 108 230  1
 109 230  1
 159 230  1
  64 232  1
  75 232  1
  76 232  1
 101 232  1
 227 232  1
 161 233  1
 166 234  1
  95 235  1
 164 235  1
  99 236  1
 139 236  1
 106 237  1
 107 237  1
  88 239  1
 159 239  1
 218 239  1
  78 240  1
  92 240  1
 104 240  1
 156 240  1
 141 241  1
 142 241  1
 216 241  1
 104 242  1
  83 243  1
  97 243  1
 121 243  1
 211 244  1
 110 245  1
 153 245  1
 156 245  1
 161 246  1
 203 247  1
 205 247  1
 125 248  1
 141 248  1
 119 249  1
 120 249  1
 199 249  1
 195 251  1
 114 252  1
 117 253  1
 188 253  1
 126 255  1
 182 255  1


count = 641