 151   1  1
 172   1  1
 123   2  1
 178   2  1
 185   4  1
 111   5  1
 142   6  1
 148   6  1
 106   7  1
 195   7  1
 148   9  1
 149   9  1
  94  11  1
 116  11  1
 143  11  1
 144  11  1
 178  11  1
 165  12  1
 180  12  1
 122  13  1
 123  13  1
 170  13  1
  86  14  1
  87  14  1
 149  14  1
 150  14  1
 161  15  1
 103  17  1
 106  17  1
 107  17  1
 125  17  1
 158  17  1
 159  17  1
 172  17  1
 212  17  1
  97  18  1
 144  18  1
 145  18  1
  74  19  1
 101  19  1
 216  19  1
  87  20  1
 164  20  1
  70  21  1
  71  21  1
  91  21  1
 107  22  1
 115  22  1
 149  23  1
 192  23  1
  66  24  1
  87  24  1
  88  24  1
 113  24  1
 144  24  1
 145  24  1
  95  25  1
  76  26  1
  88  26  1
  97  26  1
 110  27  1
 186  27  1
 192  27  1
 123  28  1
 182  28  1
  72  29  1
  73  29  1
  89  29  1
 101  29  1
 102  29  1
 129  29  1
 113  30  1
  65  31  1
 120  31  1
 133  31  1
  51  32  1
  61  32  1
  96  33  1
 103  33  1
 104  33  1
 160  33  1
 181  33  1
 182  33  1
 122  34  1
 133  35  1
 134  35  1
 178  35  1
 179  35  1
 184  35  1
  44  36  1
  59  36  1
 158  36  1
 171  36  1
  87  37  1
 166  37  1
 237  37  1
 126  38  1
  52  39  1
  54  39  1
  96  39  1
 153  39  1
 183  39  1
  79  40  1
  94  40  1
 158  40  1
 165  40  1
 174  40  1
 111  41  1
 181  41  1
 192  41  1
 230  41  1
  50  42  1
  69  43  1
 166  43  1
 177  43  1
 179  43  1
  43  44  1
  51  45  1
 128  45  1
 129  45  1
 166  45  1
 167  45  1
  94  46  1
  89  47  1
 112  47  1
 227  47  1
 228  47  1
  74  48  1
  85  48  1
 109  48  1
  29  49  1
  54  49  1
  55  49  1
  70  49  1
 167  50  1
 127  51  1
 195  53  1
 227  53  1
 228  53  1
 200  55  1
 210  55  1
  47  56  1
 201  57  1
 130  58  1
 230  58  1
 257  58  1
 258  58  1
 135  59  1
 232  59  1
  56  60  1
 236  60  1
 240  60  1
  49  62  1
 136  62  1
 260  64  1
 261  64  1
 139  65  1
  13  67  1
 157  67  1
 236  67  1
 246  67  1
 262  67  1
 263  67  1
 147  68  1
 246  73  1
 247  73  1
 182  74  1
 183  74  1
   8  75  1
 178  75  1
 243  76  1
 269  76  1
 172  78  1
 173  78  1
 184  80  1
   5  81  1
   6  81  1
 244  81  1
 250  81  1
 251  81  1
 181  83  1
 205  83  1
   4  84  1
   5  84  1
  14  84  1
 212  84  1
  17  85  1
 165  85  1
 273  85  1
 198  86  1
 199  86  1
 214  88  1
 178  89  1
 179  89  1
 190  89  1
 276  89  1
  10  90  1
  17  90  1
  18  90  1
 204  90  1
 235  90  1
 193  91  1
 194  91  1
 200  91  1
 219  92  1
 221  92  1
 224  92  1
 253  92  1
 228  93  1
 229  93  1
 152  94  1
 216  94  1
 226  94  1
 258  94  1
 260  94  1
 176  95  1
 177  95  1
 203  95  1
 204  95  1
 198  96  1
 216  96  1
 266  96  1
  15  97  1
 155  97  1
 168  97  1
 169  97  1
 269  97  1
  22  98  1
  23  98  1
 202  98  1
 203  98  1
 215  98  1
 228  98  1
 211  99  1
 236  99  1
   1 100  1
   7 100  1
 199 100  1
  14 101  1
  92 101  1
  45 102  1
  95 102  1
 143 102  1
 173 102  1
 203 102  1
  39 103  1
 171 103  1
  91 105  1
 212 105  1
 249 105  1
 266 105  1
 100 106  1
 204 106  1
  13 107  1
 115 107  1
 234 107  1
  35 108  1
  49 108  1
  51 108  1
  91 108  1
 195 108  1
  56 109  1
 229 109  1
 235 110  1
   8 111  1
  59 111  1
  87 111  1
 122 111  1
  14 112  1
  37 112  1
  48 112  1
  85 112  1
  89 112  1
 129 112  1
 152 112  1
 235 112  1
  23 113  1
  24 113  1
 162 113  1
 200 113  1
  92 114  1
 266 114  1
 273 114  1
  45 115  1
 134 115  1
 148 115  1
  42 116  1
  95 116  1
 160 116  1
 228 116  1
 259 116  1
 264 116  1
 101 117  1
 246 117  1
  66 118  1
 125 118  1
 133 118  1
 143 118  1
 155 118  1
 157 118  1
 191 118  1
 253 118  1
  46 119  1
 103 119  1
 239 119  1
  72 120  1
 183 120  1
 187 120  1
 228 120  1
   8 121  1
  13 121  1
  14 121  1
  15 121  1
  57 121  1
  64 121  1
 136 122  1
 147 122  1
 149 122  1
 158 122  1
  32 123  1
  33 123  1
   1 124  1
  73 124  1
 100 124  1
 101 124  1
 107 124  1
 149 124  1
 183 124  1
 196 124  1
 210 124  1
 213 124  1
 254 124  1
  23 125  1
  32 125  1
  33 125  1
 105 125  1
 185 125  1
 186 125  1
 269 125  1
  62 126  1
 153 126  1
 223 126  1
 238 126  1
 248 126  1
  56 127  1
  77 127  1
  82 127  1
 217 127  1
  15 128  1
  44 128  1
  50 128  1
 204 128  1
 207 128  1
 208 128  1
 213 128  1
 214 128  1
 215 128  1
  12 129  1
  37 129  1
 133 129  1
 198 129  1
   2 130  1
   3 130  1
 189 130  1
 258 130  1
 273 130  1
  74 131  1
 106 131  1
 122 131  1
 127 131  1
  50 132  1
 144 132  1
 145 132  1
 146 132  1
 186 132  1
 201 132  1
 221 132  1
 242 132  1
 243 132  1
  27 133  1
 131 133  1
 160 133  1
 161 133  1
 223 133  1
 263 133  1
 264 133  1
  16 134  1
 248 134  1
  22 135  1
  54 135  1
 196 135  1
 267 135  1
 269 135  1
  18 136  1
  19 136  1
  78 136  1
 147 136  1
 243 136  1
 271 136  1
   3 137  1
   4 137  1
  96 137  1
 123 137  1
 205 137  1
 206 137  1
 259 137  1
 273 137  1
 128 138  1
  72 139  1
 160 139  1
  36 141  1
  41 141  1
 112 141  1
   9 142  1
  97 142  1
  98 142  1
 280 142  1
 281 142  1
  93 143  1
 207 143  1
   2 144  1
   3 144  1
 126 144  1
 130 144  1
 161 144  1
  52 145  1
 141 145  1
 147 145  1
 153 145  1
 281 145  1
 282 145  1
   8 146  1
   9 146  1
  55 146  1
  69 146  1
 110 146  1
 112 146  1
 203 146  1
 165 147  1
 273 147  1
 274 147  1
  34 148  1
  55 148  1
  63 148  1
  67 148  1
 127 148  1
 147 148  1
 168 148  1
 196 148  1
  48 149  1
 129 149  1
 136 149  1
 141 149  1
  10 150  1
  11 150  1
  43 150  1
  60 150  1
 194 150  1
 269 150  1
 186 151  1
 258 151  1
 262 152  1
  12 153  1
  13 153  1
  57 153  1
 164 153  1
 253 153  1
 271 153  1
 272 153  1
 273 153  1
 159 154  1
  55 155  1
 186 155  1
 187 155  1
  51 156  1
 156 156  1
 263 156  1
 265 156  1
  47 157  1
 162 157  1
 272 157  1
 148 158  1
 171 158  1
 215 158  1
  13 159  1
 192 159  1
 219 159  1
 160 160  1
 162 160  1
 248 160  1
 253 160  1
   9 161  1
  10 161  1
 181 161  1
 219 161  1
 220 161  1
 229 161  1
 237 161  1
 243 161  1
 261 161  1
 153 162  1
 165 163  1
 219 163  1
 227 163  1
 245 163  1
 176 164  1
 250 164  1
 158 165  1
 193 165  1
 194 165  1
 213 165  1
 219 165  1
 177 166  1
 265 166  1
  30 167  1
  31 167  1
 170 167  1
 221 167  1
 227 167  1
  23 168  1
  24 168  1
  36 168  1
 200 168  1
 256 168  1
 181 169  1
 172 170  1
 174 170  1
 192 170  1
 207 170  1
 181 171  1
  18 172  1
 254 172  1
  11 173  1
 194 173  1
  26 174  1
  27 174  1
 201 174  1
 280 174  1
 249 175  1
 171 176  1
 175 177  1
 177 177  1
 270 177  1
 278 177  1
   7 178  1
   8 178  1
  16 179  1
 245 179  1
 175 181  1
 245 181  1
  14 182  1
  15 182  1
 248 182  1
 275 182  1
   9 183  1
  10 183  1
  36 184  1
  40 184  1
 243 185  1
 273 185  1
  99 186  1
  35 187  1
 106 188  1
 149 188  1
  11 189  1
 116 189  1
 130 189  1
 157 189  1
 158 189  1
 159 189  1
  36 190  1
 127 190  1
 132 190  1
 143 190  1
  46 191  1
 122 191  1
 249 192  1
 116 193  1
 117 193  1
  34 194  1
 121 194  1
 136 194  1
 138 194  1
 162 195  1
  52 196  2
 168 196  1
 238 196  1
 239 196  1
  27 198  1
 159 199  1
  30 201  1
  31 201  1
  45 201  1
  53 201  1
  67 201  1
 217 201  1
 223 201  1
 232 201  1
  71 202  1
 152 202  1
 225 202  1
 227 202  1
  30 203  1
  31 203  1
 258 203  1
  25 204  1
  60 204  1
 154 204  1
 168 204  1
  63 205  1
 133 205  1
 154 206  1
  58 207  1
 215 207  1
 216 207  1
 230 208  1
 255 208  1
  58 209  1
  71 209  1
  88 210  1
 170 210  1
 171 210  1
 200 210  1
 201 210  1
 202 210  1
  54 211  1
  63 211  1
  83 212  1
 129 212  1
 138 212  1
 253 212  1
  71 213  1
 114 213  1
 193 213  1
  77 214  1
 154 215  1
 155 215  1
 171 215  1
 172 215  1
 214 215  1
 215 215  1
  64 216  1
  65 216  1
  69 216  1
  95 216  1
 206 216  1
 207 216  1
  53 217  1
  88 217  1
  89 217  1
 141 217  1
 158 217  1
 104 218  1
  67 219  1
  68 219  1
 144 219  1
 248 219  1
 142 220  1
 162 220  1
 168 220  1
 186 220  1
  41 221  1
  53 221  1
  60 221  1
  93 221  1
  94 221  1
 150 221  1
 197 221  1
 215 221  1
 245 221  1
  64 222  1
 104 222  1
 105 222  1
 128 222  1
 129 222  1
 162 222  1
 171 222  1
 172 222  1
 217 222  1
  44 223  1
 150 223  1
 240 224  1
  47 225  1
 119 225  1
 123 225  1
 155 225  1
  94 226  1
 125 226  1
 132 226  1
 133 226  1
 143 226  1
  87 227  1
 102 227  1
 103 227  1
 109 227  1
 110 227  1
 117 227  1
 179 227  1
 180 227  1
  64 228  1
 198 228  1
 216 228  1
 155 229  1
 156 229  1
 189 229  1
 233 229  1
  68 230  1
  75 230  1
  91 230  1
  79 231  1
  72 232  1
  73 232  1
 111 232  1
 131 232  1
  64 233  1
  88 233  1
  99 233  1
 105 233  1
 106 233  1
 157 233  2
 227 233  1
  93 234  1
  68 235  1
  81 235  1
 130 235  1
 131 235  1
 155 235  1
  71 236  1
 119 236  1
  74 237  1
 109 237  1
 177 237  1
  90 238  1
 100 238  1
 172 238  1
 214 239  1
 215 239  1
  90 240  1
 116 240  1
 145 240  1
 106 241  1
 107 241  1
 128 241  1
 129 241  1
 211 241  1
  82 242  1
 103 242  1
 123 242  1
  87 243  1
 127 244  1
 150 244  1
  94 245  1
 148 245  1
 160 245  1
 205 245  1
 167 247  1
 110 248  1
 161 248  1
 116 249  1
 139 249  1
 128 251  1
 153 251  1
 185 253  1
 145 255  1
 178 255  1
 174 256  1
 176 256  1


count = 767