 158   1  1
 185   1  1
 120   9  1
 122   9  1
 220  10  1
 108  11  1
 197  11  1
 157  12  1
 158  12  1
 102  13  1
 163  13  1
 126  15  1
 127  15  1
 170  15  1
 171  15  1
 197  15  1
 204  15  1
 121  16  1
 116  17  1
 172  17  1
  88  19  1
  89  19  1
 147  19  1
 167  19  1
 172  19  1
 173  19  1
 190  19  1
 232  19  1
 151  20  1
 155  20  1
 116  21  1
 117  21  1
 203  21  1
  81  22  1
  83  22  1
  94  22  1
 195  22  1
 238  22  1
 123  23  1
 124  23  1
 127  23  1
 156  24  1
 171  24  1
 118  25  1
  88  26  1
  92  26  1
  93  26  1
 111  26  1
 157  26  1
 207  27  1
 208  27  1
 209  27  1
 100  28  1
 122  28  1
 132  28  1
  67  29  1
 107  29  1
 112  29  1
 146  29  1
 208  29  1
 122  30  1
  63  31  1
  64  31  1
 135  31  1
 136  31  1
 137  31  1
 181  31  1
 122  32  1
 156  32  1
 161  32  1
 168  32  1
  74  33  1
  81  33  1
 101  33  1
 180  33  1
 251  33  1
 110  34  1
 111  34  1
 115  34  1
 130  35  1
 180  35  1
 181  35  1
 206  35  1
 207  35  1
  57  36  1
 153  36  1
 256  36  1
 145  37  1
 147  37  1
 203  37  1
 232  38  1
 233  38  1
  49  39  1
  83  39  1
  96  39  1
 169  39  1
 170  39  1
  67  41  1
  84  41  1
  85  41  1
 104  41  1
 148  41  1
 185  41  1
 201  41  1
 208  41  1
 235  41  1
 106  42  1
 228  42  1
 229  42  1
  54  44  1
  56  44  1
 109  44  1
 110  44  1
 140  44  1
 254  44  1
 264  44  1
  52  45  1
 223  45  1
 116  46  1
 145  46  1
 213  46  1
 244  46  1
 249  46  1
  68  47  2
  69  47  1
  70  47  1
 184  47  1
 185  47  1
  54  48  1
  74  48  1
 161  48  1
 162  48  1
 220  48  1
 230  48  1
  87  49  1
 158  49  1
 252  49  1
 253  49  1
  98  50  1
 164  50  1
 165  50  1
 242  50  1
 152  51  1
 181  51  1
 226  51  1
  64  52  1
  89  52  1
  50  53  1
  56  53  1
 235  53  1
 236  53  1
 246  53  1
  62  54  1
  71  54  1
 158  54  1
 159  54  1
  93  55  1
 164  55  1
 179  56  1
 180  56  1
 243  56  1
  62  57  1
 159  57  1
  65  58  1
  71  59  1
 224  59  1
 225  59  1
 230  59  1
 150  60  1
 151  60  1
 163  60  1
 236  60  1
 145  61  1
 146  61  1
 168  61  1
 203  61  1
 220  61  1
  56  62  1
  57  62  1
 171  62  1
 175  62  1
 273  62  1
 274  62  1
 155  63  1
 164  63  1
 193  63  1
 200  63  1
 140  64  1
 141  64  1
 125  65  1
 208  65  1
 120  66  1
 150  66  1
  26  67  1
  56  67  1
  57  67  1
 129  67  1
 144  68  1
 155  68  1
 174  68  1
 206  68  1
 257  68  1
 258  68  1
  54  69  1
 196  69  1
 240  69  1
 241  69  1
  17  70  1
 137  70  1
 233  70  1
 234  70  1
 266  70  1
 267  70  1
  50  71  1
 140  71  1
 142  71  1
 200  71  1
 246  72  1
  50  73  1
 138  73  1
 153  73  1
 212  73  1
 225  73  1
 276  74  1
 277  74  1
 100  75  1
 102  75  1
 251  75  1
 253  75  1
 134  76  1
 197  76  1
 205  76  1
 210  76  1
 235  76  1
  31  77  1
 142  77  1
 186  77  1
  12  78  1
  87  78  1
  97  78  1
 188  78  1
 257  78  1
 258  78  1
 132  79  1
 183  79  1
 190  79  1
 238  79  1
  81  80  2
 197  80  1
 258  80  1
 278  80  1
 279  80  1
  85  81  1
 159  81  1
 148  83  1
 205  84  1
 231  84  1
 235  84  1
 258  84  1
 238  85  1
  42  86  1
  79  86  1
 187  86  1
 238  87  1
 248  87  1
  42  88  1
 161  88  1
 162  88  1
 176  88  1
 177  88  1
 110  90  1
 171  90  1
 190  90  1
 191  90  1
 204  90  1
 273  90  1
 182  91  1
 259  91  1
  40  92  1
  84  92  1
  85  92  1
 126  92  1
 169  92  1
  35  93  1
 147  93  1
 264  93  1
 271  93  1
 199  94  1
 200  94  1
 249  94  1
  42  95  1
 151  95  1
 129  96  1
 187  96  1
 253  96  1
  12  97  1
  34  97  1
  43  97  1
 168  97  1
 182  97  1
 268  97  1
 269  97  1
  86  98  1
  88  98  1
  90  98  1
 103  98  1
 124  98  1
 203  98  1
 259  98  1
 133  99  1
 149  99  1
 177  99  1
 199  99  1
  36 100  1
 135 100  1
 190 100  1
 261 100  1
  43 101  1
  92 101  1
 116 101  1
 128 101  1
 249 101  1
  10 102  1
 139 102  1
  93 103  1
 141 103  1
 171 103  1
 196 103  1
   9 104  1
 258 104  1
  93 105  1
 130 105  1
 134 105  1
 204 105  1
 205 105  1
 251 105  1
 256 105  1
 274 105  1
 245 106  1
 272 106  1
  24 107  1
 171 107  1
 172 107  1
 173 107  1
 210 107  1
 216 107  1
  44 109  1
  96 109  1
 140 109  1
 210 109  1
 243 109  1
   9 110  1
  50 110  1
  59 110  1
  99 110  1
 101 110  1
 160 110  1
 161 110  1
 197 110  1
 132 111  1
 210 111  1
  13 112  1
  15 112  1
  25 112  1
  88 112  1
 149 112  1
 174 112  1
 175 112  1
 220 112  1
 221 112  1
 280 112  1
 281 112  1
 272 113  1
 273 113  1
  20 114  1
 280 114  1
 117 115  1
 135 115  1
 150 115  1
 209 115  1
 210 115  1
 211 115  1
 216 115  1
 241 115  1
  87 116  1
  88 116  1
 110 116  1
 111 116  1
 204 116  1
 279 116  1
 280 116  1
  46 117  1
 134 117  1
 158 117  1
 166 117  1
 199 117  1
 223 117  1
 227 117  1
 242 117  1
 246 117  1
 247 117  1
  59 118  1
 106 118  1
 141 118  1
 192 118  1
 193 118  1
 229 118  1
 231 118  1
  11 119  1
  50 119  1
  85 119  1
 242 119  1
 126 120  1
 141 120  1
 218 120  1
  45 121  1
 152 121  1
  64 122  1
 102 122  1
 166 122  1
 198 122  1
 199 122  1
 275 122  1
  26 123  1
  40 123  1
  93 123  1
 105 123  1
 219 123  1
 250 123  1
   4 124  1
   5 124  1
  14 124  1
  84 124  1
 193 124  1
 194 124  1
 237 124  1
 246 124  1
 268 124  1
 271 124  1
  45 125  1
  46 125  1
  70 125  1
  71 125  1
 203 125  1
 204 125  1
 217 125  1
 227 125  1
 229 125  1
 254 125  1
 132 126  1
 153 126  1
 172 126  1
 191 126  1
 211 126  1
  66 127  1
  67 127  1
 141 127  1
 151 127  1
 197 127  1
 229 127  1
   9 129  1
  43 129  1
 130 129  1
 213 129  1
 214 129  1
 238 129  1
 240 129  1
 261 129  1
  64 130  1
 150 130  1
 225 130  1
 246 130  1
 247 130  1
 252 130  1
 254 130  1
 122 131  1
 124 131  1
 196 131  1
 249 131  1
 273 131  1
  17 132  1
  19 132  1
  56 132  1
 169 132  1
 171 132  1
 192 132  1
 220 132  1
 221 132  1
 242 132  1
  44 133  2
  46 133  1
  63 133  1
 211 133  1
 276 133  1
   1 134  1
   2 134  1
  21 134  1
  98 134  1
 206 134  1
  26 135  1
  27 135  1
  88 135  1
 149 135  1
 260 135  1
  21 136  1
  55 136  1
 143 136  1
 197 136  1
 216 136  1
 121 137  1
 157 137  1
 241 137  1
 256 137  1
 267 137  1
  57 138  1
  79 138  1
  80 138  1
  81 138  1
  92 138  1
  94 138  1
 108 138  1
 154 138  1
  74 139  1
 111 139  1
 130 139  1
 131 139  1
 281 139  1
 282 139  1
   1 140  1
  87 140  1
 192 140  1
 205 140  1
 210 140  1
  71 141  1
 140 141  1
 146 141  1
 147 141  1
 159 141  1
 173 141  1
 174 141  1
 241 141  1
 242 141  1
 144 142  1
 254 142  1
 266 142  1
  77 143  1
 153 143  1
 159 143  1
 171 143  1
  24 144  1
  95 144  1
 135 145  1
 139 145  1
 149 145  1
 171 145  1
 197 145  1
 199 145  1
 264 145  1
  15 146  1
  16 146  1
  27 146  1
  71 146  1
 144 146  1
 140 147  1
 202 147  1
 243 147  1
 162 148  1
 245 148  1
 254 148  1
 261 149  1
 137 150  1
 157 150  1
 195 150  1
 250 150  1
 165 151  1
 170 151  1
   1 152  1
 235 153  1
 266 153  1
  84 154  1
 111 154  1
 135 154  1
 241 154  1
 250 154  1
 273 154  1
 244 155  1
 245 155  1
 175 156  1
 176 156  1
 232 156  1
 260 156  1
 171 157  1
 105 158  1
 168 158  1
 169 158  1
 179 159  1
 180 159  1
 250 159  1
  17 160  1
 127 160  1
 128 160  1
 184 160  1
 254 160  1
   2 161  1
   3 161  1
 103 161  1
 125 162  1
 175 162  1
 246 162  1
 140 163  1
 166 163  1
 224 163  1
 226 163  1
 228 163  1
  20 164  1
 188 164  1
 200 164  1
 264 164  1
 265 164  1
 274 164  1
 125 165  1
 181 165  1
 238 165  1
 242 165  1
 247 165  1
  24 166  1
 154 166  1
 171 166  1
 202 167  1
 203 167  1
 262 167  1
   4 168  1
   5 168  1
  24 168  1
 257 168  1
 123 170  1
 124 170  1
 163 170  1
 186 170  1
 187 170  1
 129 171  1
 237 171  1
 238 171  1
 253 171  1
 269 171  1
  13 172  1
  14 172  1
 192 172  1
 196 172  1
 108 173  1
 120 173  1
 160 174  1
 162 174  1
 165 174  1
 192 174  1
 197 174  1
  16 175  1
  25 175  1
 176 175  1
 178 175  1
 248 175  1
 269 175  1
  31 176  1
  72 176  1
  79 176  1
 132 176  1
 188 176  1
 197 176  1
 259 176  1
 265 176  1
  16 177  1
  20 177  1
  84 177  1
 134 177  1
 136 177  1
 209 177  1
 231 177  1
  24 178  1
  25 178  1
  31 178  1
  70 178  1
  86 178  1
 114 178  1
 169 178  1
 222 178  1
  88 179  1
  92 179  1
  93 179  1
  94 179  1
 111 179  1
 112 179  1
 200 179  1
 226 179  1
 228 179  1
 261 179  1
  29 180  1
 176 180  1
 190 180  1
 246 180  1
 195 181  1
 196 181  1
 207 181  1
 228 181  1
 236 181  1
  95 182  1
 113 182  1
 133 182  1
 243 182  1
 121 183  1
 208 183  1
 216 183  1
 223 183  1
  22 184  1
  40 184  1
  98 184  1
 189 184  1
 243 184  1
 144 185  1
 219 185  1
 221 185  2
 247 185  1
 258 185  1
  19 186  1
  20 186  1
 132 186  1
 157 186  1
 166 186  1
 231 186  1
 262 186  1
 174 187  1
 216 187  1
 274 187  1
 275 187  1
  68 188  1
  69 188  1
  91 188  1
  93 188  1
  99 188  1
 139 188  1
 168 188  1
 212 188  1
  14 189  1
 233 189  1
  27 190  1
  33 190  1
  41 190  1
 210 190  1
 166 191  1
 178 191  1
 183 191  1
 194 191  1
 195 191  1
 205 191  1
 266 191  1
  38 192  1
  46 192  1
  47 192  1
  48 192  1
 187 192  1
 239 192  1
 249 192  1
 250 192  1
 261 192  1
 273 192  1
 274 192  1
  24 193  1
  25 193  1
 105 193  1
 130 193  1
 151 193  1
  34 194  1
  48 194  1
  61 194  1
  62 194  1
 123 194  1
 144 194  1
 162 194  1
 215 194  1
 232 194  1
 249 194  1
 261 194  1
  97 195  1
 107 195  1
 151 195  1
 175 195  1
 227 195  1
  27 196  1
 163 196  1
 249 196  1
  96 197  1
 123 197  1
 271 197  1
  19 198  1
 119 198  1
 131 198  1
 163 198  1
 169 198  1
 189 198  1
 194 198  1
 238 198  1
 246 199  1
 123 200  1
 138 200  1
 242 200  1
  58 201  1
 100 201  1
 149 201  1
 153 201  1
 194 201  1
 208 201  2
 107 202  1
  22 203  1
  23 203  1
  57 203  1
 115 203  1
 119 203  1
 219 203  1
 220 203  1
 212 204  1
  64 205  1
 119 205  1
 128 205  1
 129 205  1
 134 205  1
 138 205  1
 201 205  1
  68 206  1
 146 206  1
 195 206  1
 196 206  1
 264 206  1
  28 207  1
  60 207  1
  73 207  1
 102 207  1
 103 207  1
 104 207  1
 109 207  1
 215 207  1
 219 207  1
  53 208  1
 124 208  1
 151 208  1
 197 208  1
  61 209  1
 262 209  1
  45 210  1
  80 210  1
  35 211  1
  93 211  1
  94 211  1
  95 211  1
 197 211  1
  70 212  1
  71 212  1
 134 212  1
 202 212  1
 261 212  1
  99 213  1
 180 213  1
  53 214  1
  71 214  1
  89 214  1
 134 214  1
 189 214  1
 195 214  1
 231 214  1
 258 214  1
 129 215  1
 222 215  1
 226 215  1
  65 216  1
 147 216  1
 148 216  1
 100 217  1
 101 217  1
 105 218  1
 252 218  1
 111 219  1
 178 219  1
  91 220  1
  98 220  1
 122 220  1
 140 220  1
 173 220  1
 186 220  1
  75 221  1
 103 221  1
 114 221  1
 164 221  1
 165 221  1
 178 221  1
  69 222  1
 160 222  1
 162 222  1
  75 223  1
 142 223  1
 184 223  1
 204 223  1
 213 223  1
  94 224  1
 101 224  1
  92 225  1
 181 225  2
 226 225  1
 227 225  1
 230 225  1
  87 226  1
  88 226  1
 114 226  1
 122 226  1
 131 226  1
 132 226  1
 142 226  1
 157 226  1
  81 227  1
 162 227  1
 163 227  1
 173 228  1
  89 229  1
  90 229  1
 137 229  1
 146 229  1
 110 230  1
 160 230  1
 171 230  1
 236 230  1
  75 231  1
  93 231  1
 225 231  1
 155 232  1
 160 232  1
 132 233  1
 201 233  1
 217 233  1
 221 233  1
 100 234  1
 197 234  1
  80 235  1
 155 235  1
 104 236  1
 150 236  1
 162 236  1
 204 236  1
 148 237  1
  88 238  1
 180 238  1
 133 239  1
 143 239  1
 185 239  1
 199 239  1
 200 239  1
 110 240  1
 111 240  1
 157 240  1
 158 240  1
 209 240  1
 223 240  1
 200 241  1
  95 242  1
  97 242  1
 157 242  1
 162 242  1
 100 243  1
 117 243  1
 200 243  1
 205 243  1
 178 244  1
 179 244  1
 197 244  1
 216 244  1
 138 245  1
 131 246  1
 143 246  1
 193 246  1
 194 246  1
 147 247  1
 184 247  1
 211 247  1
 159 248  1
 160 248  1
 166 249  1
 178 250  1
 166 252  1
 197 252  1
 156 254  1
 159 256  1
 160 256  1


count = 988