 159   1  1
 162   1  1
 163   1  1
 181   1  1
 146   3  1
 135   6  1
 184  10  1
 185  10  1
 186  13  1
 188  13  1
 190  13  1
  99  15  1
 178  15  2
 126  16  1
 183  16  1
 184  16  1
 185  16  1
  87  17  1
 121  17  1
 175  18  1
 108  19  1
 117  19  1
 131  20  1
 231  20  1
  97  21  1
 101  21  1
 117  21  1
  93  22  1
  94  22  1
 233  22  1
 117  23  1
 119  25  1
 120  25  1
  66  26  1
 151  26  1
 152  26  1
 134  27  1
  64  28  1
  93  28  1
  94  28  1
 101  28  1
 139  28  1
 129  29  1
 134  29  1
 231  29  1
 103  30  1
  57  32  1
  82  32  1
 123  32  1
 229  33  1
 230  33  1
 238  33  1
  84  34  1
  96  34  1
 123  34  1
 128  34  1
 156  34  1
 157  34  1
  51  35  1
  77  35  1
  96  36  1
 127  36  1
 136  36  1
 151  36  1
 152  36  1
  95  38  1
  96  38  1
 104  38  1
  45  39  1
  92  39  1
 100  40  1
  87  41  1
 125  41  1
 127  41  1
 135  41  1
  40  42  1
  76  42  1
 100  42  1
 155  42  1
 259  43  1
 137  44  1
 151  44  1
 101  47  1
 127  47  1
 123  48  1
 105  50  1
 158  50  1
  28  51  1
 140  51  1
 126  52  1
 147  52  1
 105  55  1
 106  55  1
 147  56  1
 157  56  1
 258  57  1
 159  58  1
 167  58  1
 266  58  1
 267  58  1
  22  63  1
 221  64  1
 168  66  1
  13  67  1
 220  67  1
 219  69  1
 170  70  1
 211  70  1
 212  70  1
 246  70  1
  17  71  1
  10  72  1
 264  73  1
 157  74  1
 206  74  1
 226  74  1
 213  75  1
 231  75  1
 277  75  1
 187  76  1
 188  76  1
   8  77  1
   9  77  1
  31  77  1
 153  78  1
 183  78  1
 184  78  1
 100  81  1
 101  81  1
 141  81  1
 198  81  1
 264  81  1
 147  82  1
 194  82  1
   6  83  1
   7  83  1
 241  83  1
 260  83  1
 189  84  1
 101  85  1
 127  85  1
 182  85  1
 203  85  1
   5  86  1
   6  86  1
 208  86  1
 209  86  1
  96  88  1
 246  89  1
   4  90  1
   5  90  1
 213  90  1
 274  91  1
 213  92  1
  13  93  1
  24  93  1
 200  93  1
 220  94  1
 222  94  1
   9  95  1
  87  95  1
  23  96  1
 267  96  1
  18  97  1
  51  97  1
  90  97  1
 245  97  1
 246  97  1
  56  98  1
  83  98  1
 221  98  1
  64  99  1
  65  99  1
  43 100  1
  91 100  1
  92 100  1
  48 101  1
  50 101  1
 200 101  1
 225 101  1
 266 101  1
 267 101  1
  34 102  1
 169 102  1
  19 103  1
  27 103  1
  37 103  1
 269 103  1
   7 104  1
   8 104  1
  10 104  1
  39 104  1
  80 104  1
 207 105  1
  49 107  1
 204 107  1
 206 107  1
 262 107  1
  45 108  1
  54 108  1
  55 108  1
  84 108  1
 210 108  1
  96 109  1
 200 109  1
 206 109  1
 207 109  1
 208 109  1
 269 109  1
 188 111  1
 265 111  1
 266 111  1
  84 112  1
  99 112  1
 119 112  1
 170 112  1
 104 113  1
 125 113  1
 266 113  1
  88 114  1
 183 114  1
  10 115  1
 128 115  1
 129 115  1
 174 115  1
 204 115  1
 205 115  1
 280 115  1
 281 115  1
  13 117  1
  55 117  1
  68 117  1
   4 118  1
   5 118  1
  17 118  1
 189 118  1
  59 119  1
 193 119  1
 206 119  1
   9 120  1
  10 120  1
 171 120  1
 273 120  1
  48 121  1
  70 121  1
 165 121  1
  54 122  1
  89 122  1
  90 122  1
 271 122  1
 238 123  1
   6 124  1
  51 124  1
  58 124  1
  60 124  1
  65 124  1
 170 124  1
 171 124  1
 204 124  1
 270 124  1
 126 125  1
 211 125  1
  95 126  1
 146 126  1
 156 126  1
 248 126  1
 106 127  1
 169 127  1
 170 127  1
 192 127  1
 193 127  1
  32 128  1
  42 129  1
  47 129  1
  62 129  1
 258 130  1
  29 131  1
  30 131  1
  94 131  1
 172 131  1
 192 131  1
  13 132  1
 156 132  1
 163 132  1
 168 132  1
 272 132  1
   2 133  1
   3 133  1
  48 133  1
  59 133  1
  63 133  1
 102 133  1
 202 133  1
   9 134  1
  90 134  1
 123 134  1
 194 135  1
   7 136  1
  97 136  1
  99 136  1
 160 136  1
  87 138  1
  93 138  1
  94 138  1
 172 139  1
 173 139  1
  84 140  1
 245 140  1
   6 141  1
   7 141  1
  54 141  1
   1 142  1
  43 142  1
  90 143  1
 103 143  1
 111 143  1
 173 143  1
 267 143  1
 271 143  1
  98 144  1
 113 144  1
 246 144  1
 262 144  1
   6 145  1
 166 145  1
  87 146  1
 168 146  1
  54 147  1
  95 147  1
 122 147  1
 102 148  1
 104 148  1
 168 148  1
 280 148  1
 281 148  1
  44 149  1
 172 149  1
 173 149  1
 178 150  1
  47 151  1
 203 151  1
 204 151  1
  54 153  1
   1 155  1
  74 155  1
 203 155  1
  55 156  1
  89 156  1
   6 157  1
  70 157  1
  82 157  1
  83 157  1
 205 157  1
 206 157  1
 180 158  1
 181 158  1
  79 159  1
 188 159  1
  73 161  1
  89 161  1
 128 162  1
 129 162  1
 230 162  1
   7 163  1
 181 163  1
 150 164  1
  99 165  1
 100 165  1
 206 165  1
 234 165  1
   3 166  1
   4 166  1
  91 166  1
  95 166  1
 134 166  1
 153 166  1
 156 166  1
 158 166  1
 178 166  1
 193 166  1
 229 166  1
 198 167  1
 200 167  1
 133 168  1
 134 168  1
 187 169  1
 210 169  1
 211 169  1
 245 169  1
 194 170  1
 227 170  1
 235 170  1
 236 170  1
 123 171  1
 248 171  1
 273 171  1
 274 171  1
 222 172  1
 228 172  1
 182 173  1
 202 173  1
 194 174  1
 222 174  1
 223 174  1
   8 175  1
  15 175  1
 155 175  1
 213 175  1
 217 175  1
 206 176  1
 116 177  1
 117 177  1
 169 177  1
 243 177  1
 248 177  1
  18 178  1
 222 178  1
 154 179  1
 182 179  1
 185 180  1
 202 180  1
 168 181  1
 188 181  1
 208 182  1
 225 182  1
 194 183  1
 269 183  1
 270 183  1
 153 184  1
 142 185  1
 135 187  1
 162 187  1
 163 187  1
 212 187  1
 153 188  1
 267 188  1
 268 188  1
 135 191  1
 154 192  1
 156 192  1
 166 193  1
 167 193  1
 265 193  1
 266 193  1
 139 194  1
  26 195  1
 179 195  1
 180 195  1
 112 196  1
 211 196  1
 212 196  1
 167 197  1
 263 198  1
 264 198  1
 119 199  1
 150 201  1
 218 201  1
  95 202  1
 157 203  1
 261 203  1
 262 203  1
  37 204  1
  91 204  1
 122 204  1
 147 204  1
 221 204  1
  88 205  1
 127 205  1
 151 205  1
 152 205  1
  41 207  1
  51 207  1
  52 207  1
  89 207  1
 141 207  1
  43 208  1
 128 208  1
 259 208  1
 260 208  1
 148 209  1
  78 210  1
  94 210  1
  95 210  1
 136 210  1
  51 211  1
  52 211  1
 140 212  1
  92 213  1
 148 213  1
 144 214  1
 145 214  1
  85 215  1
  98 215  1
  99 215  1
  52 218  1
 110 219  2
 252 219  1
 113 220  1
 122 220  1
 145 220  1
 146 220  1
  56 221  1
  95 221  1
 122 224  1
 123 224  1
 146 225  1
  63 226  1
 122 226  1
 243 227  1
 121 228  1
 122 228  1
  85 229  1
  86 229  1
 117 229  1
 114 234  1
 115 234  1
  84 235  1
 232 235  1
  76 236  1
  81 238  1
  84 239  1
 111 244  1
 221 244  1
 118 246  1
 216 247  1
 127 249  1
 204 252  1


count = 527