 168   1  1
 179   1  1
 183   1  1
 147   5  1
 196   5  1
 142   7  1
 203   9  1
 204   9  1
 215  14  1
 217  16  1
 120  17  1
 118  18  1
 224  20  1
 225  20  1
 210  26  1
 130  27  1
 131  27  1
 212  29  1
 226  30  1
 219  31  1
 205  32  1
 210  34  1
 226  34  1
 213  35  1
 215  35  1
 235  36  1
 129  37  1
 222  37  1
 216  38  1
 218  38  1
 246  38  1
  80  40  1
 211  41  1
 250  41  1
  77  42  1
  46  43  1
 203  44  1
  61  45  1
 111  45  1
 192  45  1
 193  45  1
 207  45  1
  54  46  1
  86  46  1
 103  46  1
 115  46  1
  61  47  1
  52  48  1
  81  48  1
 104  48  1
 234  48  1
  40  49  1
  85  49  1
  86  49  1
 129  49  1
 134  49  1
 249  49  1
  35  50  1
 104  50  1
 116  50  1
 155  50  1
  76  51  1
  77  51  1
  53  52  1
  57  52  1
  85  52  1
 210  52  1
  47  53  1
  81  53  1
 112  53  1
 249  53  1
  43  54  1
 109  54  1
 162  54  1
 263  54  1
 126  55  1
 170  55  1
 189  55  1
 219  55  1
 245  55  1
 165  56  1
 166  56  1
 235  56  2
 236  56  1
  36  57  1
  38  57  1
  47  57  1
  59  57  1
 128  57  1
 175  57  1
  76  58  1
 148  58  1
 158  58  1
 251  58  1
 266  58  1
  44  59  1
 238  59  1
 247  59  1
  82  60  1
 153  60  1
 156  60  1
 177  60  1
  38  61  1
  39  61  1
 170  61  1
 219  61  1
  41  62  1
 256  62  1
 260  62  1
  32  63  1
  39  63  1
  68  63  1
  77  64  1
  30  65  1
  74  65  1
  59  66  1
  60  66  1
 173  66  1
 174  66  1
 171  67  1
 264  67  1
 178  68  1
 226  68  1
 227  68  1
 255  68  1
  34  69  1
 273  69  1
 274  69  1
 250  70  1
   7  71  1
 221  71  1
 222  71  1
  25  72  1
  26  72  1
  28  72  1
 192  72  1
 169  74  1
 179  74  1
 269  74  1
  61  75  1
  62  75  1
 254  75  1
 161  76  1
 250  76  1
  61  77  1
 220  77  1
 221  77  1
 258  77  1
 108  78  1
 190  78  1
 191  78  1
 264  78  1
   3  79  1
   4  79  1
 155  79  1
 156  79  1
 184  79  1
 208  79  1
 213  79  1
 266  79  1
 272  79  1
 164  80  1
 204  80  1
 205  80  1
 268  80  1
 103  81  1
   8  83  1
  12  83  1
 103  83  1
 248  83  1
 250  83  1
 192  84  1
 198  84  1
 232  84  1
 256  84  1
 149  85  2
 178  85  1
 179  85  1
 259  85  1
 266  85  1
 267  85  1
 277  86  1
 278  86  1
   7  88  1
  11  88  1
  12  88  1
 152  88  1
 244  88  1
 246  88  1
 248  88  1
 266  88  1
  86  89  1
 236  90  1
 237  90  1
  86  91  1
 176  91  1
 179  92  1
 194  92  1
 248  93  1
 187  94  1
  82  95  1
 184  95  1
 192  97  1
  14  98  1
  14 100  1
 189 100  1
 190 100  1
 267 100  1
  79 102  1
  11 103  1
  12 103  1
  68 104  1
 281 105  1
 282 105  1
  68 108  1
 177 110  1
 180 110  1
 208 110  1
 209 110  1
   3 111  1
   4 111  1
 174 112  1
  17 113  1
  26 113  1
  27 113  1
  74 113  1
  75 113  1
  84 114  1
 164 114  1
 207 114  1
 184 115  1
 200 115  1
 271 115  1
 272 115  1
 103 116  1
 110 116  1
 173 116  1
 247 116  1
  13 117  1
  25 117  1
  79 117  1
  80 117  1
 159 117  1
  99 118  1
  82 119  1
  83 119  1
 115 119  1
 250 119  1
  30 120  1
  31 120  1
  89 120  1
 180 120  1
 181 120  1
 189 120  1
 190 120  1
  22 121  1
   6 122  1
 110 122  1
  20 123  1
 118 123  1
 152 123  1
 160 123  1
 161 123  1
 174 123  1
 273 123  1
  34 124  1
 127 124  1
  12 125  1
 143 125  1
 156 125  1
 208 125  1
 248 125  1
 249 125  1
  27 126  1
  32 126  1
 169 126  1
  23 127  1
  89 127  1
 175 127  1
 160 128  1
 190 128  1
 194 128  1
 195 128  1
 118 129  1
 170 129  1
 172 129  1
 242 129  1
  85 130  1
 217 130  1
 218 130  1
 232 130  1
 247 130  1
 279 130  1
  22 131  1
  35 131  1
 236 131  1
  17 132  1
  42 132  1
  60 132  1
  80 132  1
 101 132  1
 115 132  1
 164 132  1
 166 132  1
 195 132  1
 241 132  1
 257 132  1
 258 132  1
 276 132  1
  57 133  2
  58 133  1
  96 133  1
 160 133  1
   7 134  1
  46 134  1
  69 134  1
  91 134  1
 181 134  1
 212 134  1
  24 135  1
  48 135  1
  50 135  1
 254 135  1
 186 136  1
 188 136  1
 220 136  1
 270 136  1
  40 137  1
  41 137  1
  50 137  1
 108 137  1
 115 137  1
 131 137  1
  74 138  1
 101 138  1
 106 138  1
 178 138  1
 179 138  1
 202 138  1
 204 138  1
 246 138  1
 265 138  1
   3 139  1
  21 139  1
  42 139  1
  44 139  1
  48 139  1
  87 139  1
  89 139  1
  93 139  1
  94 139  1
 117 139  1
 158 139  1
 217 139  1
  46 140  1
  68 140  1
  11 141  1
  83 141  1
  84 141  1
 165 141  1
   8 142  1
  41 142  1
 106 142  1
 152 142  1
 179 142  1
 193 142  1
 214 142  1
  46 144  1
 107 145  1
  99 147  1
 105 147  1
  44 148  1
  82 148  1
   8 149  1
  37 149  1
  38 149  1
  58 150  1
  59 150  1
  69 150  1
 265 150  1
 272 150  1
 273 150  1
 172 151  1
  44 152  1
  45 152  1
  78 152  1
  37 153  1
   1 154  1
   2 154  1
  59 154  1
  14 156  1
  15 156  1
 164 156  1
 259 156  1
 260 156  1
 263 156  1
  42 157  1
 184 157  1
 273 158  1
 274 158  1
 219 159  1
  44 161  1
  52 161  1
 223 161  1
 272 161  1
 273 161  1
  72 162  1
 226 162  1
  63 164  1
 178 164  1
  18 165  1
  68 166  1
  72 166  1
  14 167  1
 232 167  1
 244 169  1
   2 171  1
   3 171  1
  20 171  1
  76 171  1
  45 172  1
  82 173  1
 244 173  1
 266 174  1
 267 174  1
  52 176  1
  83 177  1
 164 179  1
 165 179  1
 237 179  1
 238 179  1
  14 180  1
  16 180  1
  25 181  1
  45 181  1
 173 181  1
 205 181  1
 206 181  1
 232 181  1
 233 181  1
  13 182  1
  28 182  1
  65 182  1
  69 182  1
 183 182  1
  50 183  1
  53 183  1
 212 183  1
 241 183  1
  21 184  1
  43 184  1
  65 184  1
 194 184  1
   9 185  1
 235 185  1
 238 185  1
  30 186  1
  61 187  1
  63 187  1
  30 188  1
  47 188  1
 233 189  1
  29 190  1
 199 190  1
  70 191  1
 188 191  1
 189 191  1
 193 191  1
 225 191  1
  19 192  1
   4 193  1
   5 193  1
  60 193  1
  61 193  1
  73 193  1
  74 193  1
 201 194  1
  67 195  1
  68 195  1
  12 196  1
  74 196  1
  75 196  1
 221 196  1
  62 197  1
  63 197  1
  93 197  1
 207 197  1
 208 197  1
   6 198  1
   7 198  1
  69 200  1
  88 200  1
 137 200  1
 221 200  1
   8 201  1
  78 201  1
 150 201  1
  10 202  1
  82 202  1
 125 202  1
  30 203  1
 135 203  1
 208 203  1
 246 203  1
  90 204  1
  91 204  1
  95 204  1
 111 204  1
 145 204  1
  37 205  1
 116 205  1
  75 206  1
  87 207  1
 127 207  1
 213 207  1
 121 208  1
 122 208  1
 131 208  1
 136 209  1
  21 210  1
  31 210  1
  35 210  1
  40 210  1
 118 210  1
 141 210  1
  91 211  1
 113 211  1
 235 211  1
 102 212  1
 103 212  1
  86 213  1
  97 213  1
 112 213  1
  89 214  1
  90 214  1
  39 215  1
  40 215  1
  41 215  1
  95 215  1
 151 215  1
  91 217  1
 137 217  1
 145 218  1
 151 218  1
 108 219  1
 109 219  1
  35 220  1
  36 220  1
  74 220  1
 217 220  1
 226 220  1
  41 222  1
  70 222  1
  72 222  1
  87 223  1
 109 223  1
 115 223  1
 139 225  1
 141 225  1
  65 226  1
 126 226  1
 122 227  1
 116 228  1
 117 228  1
 124 230  1
 129 230  1
 136 231  1
 113 232  1
 118 232  1
 105 233  1
 132 234  1
 121 235  1
 122 235  1
 124 235  1
 213 235  1
  94 236  1
 109 236  1
 110 236  1
 211 236  1
 145 237  1
 109 240  1
 140 240  1
 102 241  1
 117 241  1
 147 241  1
 151 241  1
 153 243  1
 119 244  1
 143 244  1
 149 244  1
 171 244  1
 175 245  1
 195 245  1
 108 246  1
 120 246  1
 149 246  1
 139 247  1
 162 249  1
 185 249  1
 187 249  1
 154 250  1
 180 250  1
 177 251  1
 149 252  1
 169 253  1
 157 256  1


count = 606