 165   1  1
 177   1  1
 186   2  1
 147   3  1
 192   4  1
 135   5  1
 195   5  1
 199   7  1
 119   9  1
 154   9  1
 155   9  1
 201   9  1
 141  11  1
 142  11  1
 109  12  1
 106  13  1
 144  13  1
 150  13  1
 103  14  1
 163  14  1
 211  14  1
  98  15  1
  95  16  1
 125  17  1
  90  18  1
 216  18  1
 150  19  1
 116  20  1
  85  21  1
  86  21  1
 150  21  1
  82  23  1
 116  24  1
 108  26  1
  90  27  1
 152  27  1
  93  28  1
 166  29  1
 100  30  1
 228  30  1
 229  30  1
  75  31  1
 105  31  1
 119  31  1
 120  31  1
 124  32  1
 125  32  1
 126  32  1
 232  32  1
  82  33  1
  93  33  1
  48  34  1
  84  34  1
 126  34  1
 235  34  1
 112  35  1
  59  37  1
  60  37  1
  69  37  1
 119  37  1
  76  38  1
  83  38  1
  99  38  1
 205  38  1
  62  39  1
  90  39  1
  91  39  1
  84  40  1
  95  40  1
 114  40  1
 199  41  1
  84  42  1
  86  42  1
 174  42  1
 189  43  1
 190  43  1
  38  44  1
  75  44  1
  76  44  1
 128  44  1
 165  44  1
 173  44  1
 179  44  1
 157  46  1
 106  48  1
 127  49  1
 104  50  1
 117  50  1
 148  50  1
 140  51  1
 150  51  1
 151  51  1
  76  52  1
 154  53  1
 155  53  1
  78  55  1
  86  55  1
 255  56  1
 256  56  1
  70  57  1
  71  57  1
 151  57  1
  94  59  1
  96  59  1
  97  59  1
 136  59  1
  76  60  1
  87  60  1
 143  60  1
  15  61  1
  99  61  1
 181  62  1
 194  62  1
  68  63  1
  69  63  1
  99  63  1
 134  63  1
  11  65  1
  90  65  1
 180  66  1
 181  66  1
 208  67  1
  72  68  1
 265  68  1
 185  69  1
 210  69  1
  68  71  1
 180  71  1
 187  71  1
 188  71  1
 214  71  1
 215  71  1
 267  72  1
 136  73  1
 182  73  1
 144  74  1
 145  74  1
 221  75  1
 226  76  1
   7  77  1
   8  77  1
 132  77  1
 133  77  1
 193  79  1
 197  79  1
 271  79  1
 145  80  1
 146  80  1
 231  80  1
 233  80  1
   5  81  1
   6  81  1
 133  81  1
 190  82  1
 158  83  1
 227  83  1
 238  83  1
 197  85  1
 209  85  1
 152  86  1
 233  86  1
 132  87  1
 190  87  1
 250  87  1
 251  87  1
 126  88  1
 195  88  1
 236  88  1
 137  91  1
 139  91  1
 143  91  1
 144  91  1
 203  91  1
 204  91  1
 253  91  1
   3  92  1
   4  92  1
 149  92  1
 134  94  1
 193  94  1
 199  94  1
  64  96  1
 134  96  1
 242  97  1
 260  97  1
 270  97  1
   1  98  1
   2  98  1
   7  98  1
   8  98  1
 126  98  1
 134  98  1
 135  98  1
  76  99  1
 138  99  1
 139  99  1
 248  99  1
  11 101  1
  65 101  1
 198 101  1
  38 103  1
  39 103  1
 194 103  1
  27 104  1
 116 105  1
 152 105  1
 153 105  1
  24 107  1
   1 108  1
  82 109  1
 149 109  1
  24 111  1
  29 111  1
 166 112  1
 167 112  1
  34 113  1
  65 113  1
  85 113  1
  86 113  1
 188 113  1
 107 114  1
 108 114  1
 149 114  2
 163 114  1
 195 114  1
  59 115  1
 176 115  1
  28 116  1
  29 116  1
  90 116  1
 201 116  1
 151 117  2
 152 117  1
 153 117  1
 163 117  1
 206 117  1
 112 118  1
 192 119  1
 197 119  1
 199 119  1
  53 120  1
 117 120  1
 160 120  1
 169 120  1
 173 120  1
   1 121  1
  44 121  1
 186 121  1
 189 121  1
  48 122  1
  83 122  1
 164 122  1
  16 123  1
  86 123  1
 122 123  1
 184 123  1
 275 123  1
  25 124  1
 178 124  1
 179 124  1
 196 124  1
 124 125  1
 157 125  1
 159 125  1
 160 125  1
 165 125  1
  31 126  1
 171 126  1
 221 126  1
   6 127  1
  40 127  1
  91 127  1
  92 127  1
 105 127  1
 106 127  1
 113 127  1
 115 127  1
 186 127  1
  68 128  1
 127 128  1
 212 128  1
 239 128  1
 256 128  1
 264 128  1
  11 129  1
  27 129  1
  36 129  1
  43 129  1
  91 129  1
 167 129  1
  50 130  1
  51 130  1
 100 130  1
 101 130  1
 130 130  1
 146 130  1
 177 130  1
  61 131  1
 143 131  1
 157 131  1
 198 131  1
 119 132  1
 184 132  1
 194 132  1
   5 133  1
   6 133  1
  11 133  1
  30 133  1
  44 133  1
  69 133  1
  97 133  1
  98 133  1
 167 133  1
 208 133  1
 210 133  1
 267 133  1
  23 134  1
  93 134  1
 162 134  1
 178 134  1
 179 134  1
  33 135  1
  61 135  1
 128 135  1
 137 135  1
 138 135  1
 151 135  1
 203 135  1
 214 135  1
 195 136  1
 199 136  1
 271 136  1
 273 136  1
   3 137  1
 120 137  1
 121 137  1
 172 137  1
 277 137  1
 157 138  1
   8 139  1
  12 139  1
 179 139  1
 208 139  1
 213 139  1
 160 140  1
 203 141  1
   1 142  1
 104 142  1
 124 143  1
 162 143  1
 215 143  1
 216 143  1
   6 144  1
  90 144  1
  91 144  1
 106 144  1
 119 144  1
  15 145  1
 154 145  1
 155 145  1
 167 145  1
  76 146  1
 180 146  1
 216 148  1
 222 148  1
  72 150  1
 170 150  1
 225 151  1
 260 151  1
 266 151  1
 187 152  1
  80 153  1
 192 153  1
 137 154  1
   1 156  1
  66 156  1
 186 156  1
 256 157  1
 134 158  1
 135 158  1
 136 158  1
 172 158  1
 261 158  1
 249 159  1
 263 159  1
 144 160  1
 146 160  1
 178 160  1
  85 161  1
 154 161  1
 141 162  1
 172 162  1
 192 162  1
 126 163  1
 127 163  1
 149 164  1
 150 164  1
  85 165  1
  92 165  1
 256 165  1
 264 165  1
  82 166  1
   4 167  1
   5 167  1
 204 167  1
 205 167  1
 127 168  1
 171 168  1
 237 168  1
  92 169  1
 130 170  1
 192 170  1
 210 170  1
 281 170  1
 282 170  1
 187 171  1
 188 171  1
 179 172  1
 138 173  1
 139 173  1
  86 174  1
 249 174  1
 150 175  1
 197 175  1
 128 176  1
 169 176  1
 170 176  1
 140 177  1
 172 177  1
 173 177  1
 116 178  1
 133 178  1
 167 178  1
 239 178  1
 141 179  1
 150 179  1
 277 179  1
 193 180  1
 194 180  1
 102 181  1
 106 181  1
 154 181  1
 176 181  1
 268 181  1
 108 182  1
 135 183  1
 115 184  1
  11 185  1
  12 185  1
  86 185  1
 130 185  1
 223 185  1
  83 186  1
 178 186  1
 266 186  1
 267 186  1
 117 187  1
 127 188  1
 219 188  1
  72 189  1
 119 189  1
 182 189  1
 213 190  1
 210 191  1
 271 191  1
 272 191  1
  90 194  1
 153 194  1
  17 195  1
  18 195  1
 149 195  1
  92 196  1
 107 196  1
 268 196  1
 103 197  1
 104 197  1
  69 198  1
 109 198  1
 110 198  1
 152 199  1
 143 200  1
  24 201  1
  99 202  1
 111 202  1
 127 202  1
 264 202  1
 116 203  1
 141 203  1
 263 204  1
  27 205  1
 152 205  1
 124 206  1
 130 206  1
 146 206  1
  28 207  1
 107 207  1
 155 207  1
 160 207  1
  99 208  1
 132 208  1
  31 209  1
 113 209  1
 127 209  1
 164 211  1
  36 212  1
 159 212  1
  87 213  1
 137 213  1
 138 213  1
 121 214  1
  72 215  1
  73 215  1
  80 215  1
  89 215  1
 151 215  1
 152 215  1
 111 216  1
 118 216  1
 119 216  1
  43 217  1
 129 217  1
 200 218  1
  46 219  1
 123 220  1
 124 220  1
 131 220  1
 154 220  1
 155 220  1
 219 220  1
  79 221  1
 113 221  1
 138 221  2
 144 222  1
 158 222  1
 221 222  1
 222 222  1
  75 223  1
  76 223  1
  77 223  1
  88 223  1
  89 223  1
 161 223  1
 136 224  1
 194 224  1
 114 225  1
 149 225  1
 242 225  1
 125 226  1
 130 226  1
 134 226  1
 196 226  1
 121 227  1
 204 227  1
  62 228  1
 238 228  1
  67 232  1
  81 234  1
 120 234  1
 127 234  1
 144 234  1
 206 234  1
 207 234  1
 224 234  1
  72 235  1
  87 235  1
  88 235  1
  96 235  1
 100 236  1
 137 236  1
 138 236  1
  75 237  1
  76 237  1
 116 237  1
 143 238  1
 147 238  1
 148 238  1
 213 238  1
  79 239  1
 119 239  1
 120 239  1
 115 240  1
 136 240  1
  82 241  1
 220 241  1
 221 241  1
 114 242  1
 115 242  1
 206 242  1
 102 244  1
 113 245  1
 213 245  1
  95 247  1
 123 247  1
 205 248  1
 206 248  1
 143 249  1
 148 250  1
 195 252  1
 187 254  1
 148 256  1
 154 257  1


count = 601