 141   1  1
 137   2  1
 175   2  1
 128   4  1
 123   5  1
 118   7  1
 115   8  1
 191   8  1
 112   9  1
 100  13  1
 202  15  1
  90  17  1
 122  17  1
  85  19  1
 210  21  1
 199  22  1
  90  24  1
  70  25  1
 129  25  1
 130  25  1
 108  26  1
 112  26  1
 113  26  1
  86  27  1
 218  27  1
 219  27  1
  77  28  1
  92  28  1
 114  28  1
 200  28  1
 222  28  1
  60  29  1
  89  29  1
 224  29  1
 103  30  1
 104  30  1
 118  30  1
 125  30  1
  55  31  1
  94  31  1
 132  31  1
 127  32  1
  48  34  1
  96  34  1
  97  34  1
 105  34  1
 106  34  1
 200  34  1
 232  34  1
  42  37  1
  43  37  1
 116  39  1
 239  39  1
 106  40  1
 107  40  1
 121  42  1
  34  44  1
 113  44  1
 106  45  1
 107  45  1
 128  45  1
 210  45  1
  29  48  1
 122  48  1
 167  48  1
 207  48  1
 209  48  1
 250  48  1
 193  49  1
  36  51  1
 123  51  1
 135  51  1
 136  51  1
 169  51  1
 194  51  1
 196  51  1
 128  53  1
 175  53  1
  99  54  1
 100  54  1
 166  55  1
  22  56  1
 106  56  1
 191  56  1
 166  57  1
 195  57  1
 106  58  1
 166  59  1
 176  59  1
  43  60  1
 100  60  1
 171  60  1
 198  60  1
  45  61  1
 205  61  1
  24  62  1
  25  62  1
 181  63  1
 208  63  1
 174  65  1
 169  66  1
 179  66  1
 193  66  1
  20  67  1
  13  68  1
 126  68  1
 197  68  1
 126  70  1
 137  70  1
 166  70  1
 183  71  1
 112  72  1
 198  72  1
 205  73  1
  28  74  1
 175  75  1
 176  75  1
 102  76  1
 216  76  1
 181  78  1
 189  78  1
 190  78  1
 275  78  1
 164  79  1
  95  80  1
 219  80  1
 225  80  1
 136  81  1
 142  81  1
 168  81  1
 187  81  1
  21  82  1
  92  84  1
 134  84  1
  10  85  1
  11  85  1
 191  85  1
 225  85  1
 247  85  1
 269  85  1
 131  86  1
 132  86  1
 158  86  1
 181  86  1
 253  86  1
 278  86  1
 279  86  1
  30  87  1
 267  87  1
 216  88  1
 214  89  1
  23  90  1
  35  90  1
 182  90  1
 187  90  1
  15  91  1
 263  91  1
   2  92  1
   3  92  1
  19  93  1
 157  93  1
  24  94  1
  34  94  1
  78  95  1
 173  95  1
 187  95  1
 188  95  1
  28  96  1
  87  96  1
   9  98  1
  10  98  1
  20  98  1
 182  99  1
 173 100  1
 156 101  1
 157 101  1
 182 101  1
 187 101  1
  75 102  1
  95 102  1
  83 103  1
  99 103  1
 177 103  1
  30 104  1
   1 105  1
  18 106  1
  19 106  1
  78 107  1
  79 107  1
 159 107  1
  25 108  1
 162 108  1
   5 109  1
   6 109  1
 172 109  1
 105 110  1
 176 110  1
   6 113  1
   7 113  1
  16 113  2
  18 113  1
  80 113  1
  85 113  1
 117 113  1
 118 113  1
  39 114  1
 120 114  1
 178 116  1
 179 116  1
  88 117  1
  89 117  1
  82 118  1
   1 119  1
  40 119  1
 120 119  1
 121 119  1
 159 119  1
  46 120  1
 204 120  1
 208 120  1
 209 120  1
 154 121  1
 182 121  1
 188 121  1
 189 121  1
 190 121  1
  39 122  1
 118 123  1
  45 124  1
 121 124  1
 167 124  1
 213 124  1
   7 125  1
  63 125  1
 174 125  1
 191 125  1
 209 125  1
 228 125  1
 259 125  1
 158 126  1
 162 126  1
 178 126  1
 179 126  1
  85 127  1
 111 127  1
 128 127  1
 182 127  1
 222 127  1
 261 127  1
  35 128  1
  38 128  1
  54 128  1
  52 129  1
 148 129  1
 254 129  1
 272 129  1
  13 130  1
  29 130  1
  31 130  1
  83 130  1
  84 130  1
 242 130  1
 249 130  1
 269 130  1
 270 130  1
 147 131  1
 148 131  1
 158 131  1
 184 131  1
 245 131  1
 252 131  1
  25 132  1
  42 132  1
  83 132  1
  95 132  1
 128 132  1
 174 132  1
 192 132  1
 270 132  1
   6 133  1
  92 133  1
 154 133  1
 261 133  1
  33 134  1
  39 134  1
  48 134  1
 115 134  1
 242 134  1
 124 135  1
 168 135  1
 219 135  1
  11 136  1
  30 136  1
  47 136  1
 255 136  1
 256 136  1
 272 136  1
  42 137  1
  43 137  1
 155 137  1
 186 137  1
 187 137  1
 158 138  1
 159 138  1
 173 138  1
 113 139  1
 182 139  1
 207 139  1
 243 139  1
  22 140  1
  27 140  1
 251 140  1
  10 141  1
  82 141  1
 172 141  1
 278 141  1
 279 141  1
 245 142  1
 254 142  1
  88 143  1
  89 143  1
 108 143  1
 186 144  1
  28 145  1
 107 147  1
 178 148  1
 201 148  1
 202 148  1
  80 149  1
 174 149  1
 107 150  1
 206 150  1
 281 150  1
 282 150  1
 188 152  1
 189 152  1
 210 152  1
  80 153  1
 178 153  1
 179 153  1
 200 153  1
  98 154  1
 111 154  1
 168 154  1
 172 154  1
 197 154  1
 282 154  1
 283 154  1
   2 157  1
   3 157  1
  78 157  1
  79 157  1
 114 157  1
 121 158  1
 173 158  1
  95 159  1
 190 159  1
 195 159  1
 216 160  1
  90 161  1
 180 161  1
 181 161  1
  86 162  1
  78 164  1
  79 164  1
 215 164  2
  83 165  1
 131 169  1
   5 170  1
   6 170  1
 187 170  1
 182 173  1
 191 175  1
 198 178  1
 182 179  1
 199 180  1
   7 181  1
   8 181  1
  86 181  1
 187 181  1
 148 182  1
 149 182  1
   8 184  1
   9 184  1
  88 184  1
  93 184  1
  73 185  1
 182 185  1
 208 185  1
 151 186  1
  34 187  1
  35 187  1
  79 187  1
 155 187  1
 196 187  1
 184 188  1
 186 188  1
 200 188  1
 273 188  1
  11 189  1
 157 189  1
 191 189  1
 210 189  1
 208 190  1
  80 193  1
 156 193  1
 157 193  1
 195 193  1
 197 193  1
  71 194  1
  40 195  1
  41 195  1
  15 196  1
  62 196  1
  71 196  1
  60 197  1
 103 197  1
  32 198  1
  33 198  1
  65 198  1
 153 198  1
  76 199  1
  77 199  1
  83 199  1
  87 200  1
  65 201  1
  66 201  1
  93 201  1
 104 201  1
 105 201  1
  35 202  1
 127 202  1
 132 202  1
  72 204  1
  73 204  1
  74 204  1
  77 204  1
 134 204  1
  93 205  1
 206 205  1
  88 206  1
 139 206  1
  35 207  1
  64 207  1
 213 207  1
  73 208  1
 200 208  1
  41 209  1
 134 209  1
 214 210  1
 215 210  1
  84 213  1
  95 213  1
  31 214  1
  65 214  1
 100 214  1
 190 214  1
  70 215  1
 216 216  1
  76 217  1
  54 218  1
  72 218  1
  82 218  1
  83 218  1
 181 219  1
 187 219  1
 219 219  1
 241 220  1
  43 221  1
  54 221  1
 118 222  1
  46 223  1
 114 223  1
 133 225  1
 220 225  1
 236 225  1
  73 226  1
 128 226  1
 120 227  1
 216 227  1
  79 228  1
 148 228  1
 222 228  1
 116 229  1
 117 229  1
  57 230  1
 231 230  1
 117 231  1
 143 231  1
 213 231  1
 215 231  1
  78 232  1
  79 232  1
 112 232  1
 123 232  1
 152 232  1
 153 232  1
  89 233  1
 212 233  1
 227 233  1
  67 234  1
  69 234  1
  85 234  1
 141 234  1
 130 235  1
 131 235  1
 223 236  1
 129 237  1
 218 237  1
  78 238  1
  98 238  1
 127 240  1
 139 240  1
  86 242  1
 114 242  1
 152 243  1
 138 244  1
 139 244  1
 149 245  1
 206 245  1
 138 247  1
 201 248  1
 202 248  1
 123 249  1
 174 249  1
 175 249  1
 164 250  1
 132 251  1
 139 253  1
 142 254  1
 184 254  1
 157 256  1
 173 257  1


count = 533