 149   1  1
 156   1  1
 164   1  1
 165   1  1
 170   1  1
 189   2  1
 145   7  1
 149   7  1
 207   7  1
  99   8  1
 176   8  1
 114  10  1
 211  10  1
  92  11  1
 158  12  1
  86  13  1
 154  13  2
 155  13  1
 144  14  1
 145  14  1
 170  15  1
 220  15  1
  79  16  1
 131  16  1
  76  17  1
 104  17  1
 125  17  1
 223  17  1
 224  17  1
  87  18  1
 134  18  1
 227  18  1
  92  19  1
 104  19  1
  70  20  1
  71  20  1
 181  20  1
 182  20  1
  82  21  1
 108  21  1
 124  21  1
 130  21  1
  98  22  1
 142  22  1
 169  22  1
 170  22  1
  64  23  1
  87  23  1
  88  23  1
 110  23  1
 140  23  1
 152  23  1
 153  23  1
 123  24  1
 179  24  1
  59  26  1
  83  26  1
  84  26  1
  99  26  1
 241  26  1
 110  27  1
 161  27  1
  55  28  1
  56  28  1
  89  28  1
 139  28  1
 145  28  1
 120  29  1
 121  29  1
 134  29  1
 135  29  1
 247  30  1
  92  32  1
 116  32  1
 156  32  1
 157  32  1
 169  32  1
 176  32  1
  50  33  1
 140  33  1
 188  35  1
 190  35  1
 100  36  1
 101  36  1
 252  36  1
 141  37  1
 172  38  1
 158  39  1
 159  39  1
 161  39  4
 163  39  1
 254  39  1
  90  40  1
  91  40  1
 147  40  1
 185  40  1
 100  42  1
 149  42  1
 164  42  1
 165  42  1
 178  42  1
  45  44  1
  95  44  1
 127  45  1
 228  45  1
 133  46  1
 153  46  1
 164  46  1
 127  47  1
 157  47  1
 258  47  1
 259  47  1
  47  48  1
  92  48  1
  83  49  1
  88  49  1
 131  49  1
 222  50  1
 223  50  1
  31  51  1
  32  51  1
  56  51  1
  50  52  1
 139  52  1
 261  52  1
 218  53  1
 132  54  1
 198  54  1
 203  54  1
 180  55  1
 184  55  1
 189  56  1
 208  56  1
 216  56  1
 149  57  1
 150  57  1
 151  57  1
 159  57  1
 195  57  1
 262  57  1
 127  58  1
 144  58  1
 209  58  1
 133  59  1
 112  60  1
 137  60  1
  33  61  1
 159  61  1
 115  62  1
 131  62  1
 212  62  1
  27  63  1
  31  63  1
 105  63  1
 110  63  1
 233  63  1
 234  63  1
 143  64  1
 157  64  1
 158  64  1
 112  66  1
 113  66  1
 146  66  1
  16  67  1
  22  68  1
 113  68  1
 149  68  1
 153  68  1
  24  69  1
  14  70  1
 187  70  1
 175  71  1
 193  71  1
 196  73  1
 200  73  2
 201  73  1
 203  73  1
 236  73  1
 172  74  1
  11  75  1
 205  75  1
 216  75  1
 236  75  1
 237  75  1
 276  75  1
 186  76  1
 218  76  1
 220  76  1
  33  77  1
 231  77  1
  37  79  1
 202  79  1
   9  80  1
  10  80  1
 194  80  1
 224  80  1
 225  80  1
 277  80  1
 278  80  1
 241  81  1
 242  81  1
 233  82  1
 187  83  1
 236  83  1
 272  84  1
 183  85  1
 240  86  1
 241  86  1
 100  89  1
 272  89  1
 274  89  1
 112  90  1
   6  91  1
   7  91  1
 150  91  1
 146  92  1
 161  92  1
 173  92  1
 175  92  1
 115  94  1
 145  96  1
 126  98  1
 143  98  1
 158  98  1
 258  99  1
  91 100  1
 266 100  1
 242 101  1
 243 101  1
 256 101  1
   3 102  1
   4 102  1
 121 102  1
 102 103  1
 256 103  1
 261 103  1
  98 104  1
 100 104  1
 156 104  1
 115 105  1
 149 105  1
 153 105  1
 203 105  1
 218 105  1
 257 105  1
 258 105  1
 262 105  1
 263 105  1
 209 106  1
 227 106  1
 228 106  1
 146 107  1
 153 107  1
 242 107  1
 243 107  1
 194 108  1
 265 108  1
 266 108  1
  48 109  1
 260 110  1
 261 110  1
   1 111  1
   2 111  1
  39 111  1
 135 111  1
 266 111  1
 267 111  1
 115 112  1
 144 112  1
 201 112  1
 209 112  1
 184 113  1
  96 115  1
  97 115  1
 133 115  1
 179 115  1
 181 115  1
 189 115  1
 194 115  1
 203 115  1
 244 115  1
 245 115  1
 268 115  1
   6 116  1
   7 116  1
 276 116  1
  37 117  1
  41 117  1
  42 117  1
 205 117  1
 261 117  1
 273 117  1
 274 117  1
   8 118  1
 149 118  1
 199 118  1
 200 118  1
 253 119  1
   1 120  1
   2 120  1
  10 120  1
  18 120  1
 177 120  1
 178 120  1
 196 120  1
 210 120  1
 242 120  1
 245 120  1
 267 120  1
  16 121  1
  97 121  1
 103 121  1
 193 121  1
 259 121  1
 260 121  1
 280 121  1
 281 121  1
   2 122  1
 134 122  1
 221 122  1
  38 123  1
  99 123  1
 176 123  1
 217 123  1
   4 124  1
   8 124  1
  13 124  1
  26 124  1
  27 124  1
  45 124  1
 114 124  1
 186 124  1
 240 124  1
  19 125  1
 191 125  1
 207 125  1
 208 125  1
  35 126  1
 253 126  1
 271 126  1
 272 126  1
 257 127  1
 268 127  1
 275 127  1
  53 128  1
  54 128  1
 236 128  1
   9 129  1
  41 129  1
 120 129  1
 228 129  1
  56 130  1
  63 130  1
 102 130  1
 118 130  1
 131 130  1
 186 130  1
 193 130  1
 195 130  1
 211 130  1
  37 131  1
 280 131  1
  11 132  1
 140 132  1
 175 132  1
 209 132  1
   1 133  1
 282 133  1
  97 134  1
  99 134  1
 231 134  1
  32 135  1
  93 135  1
 147 137  1
 269 137  1
 153 138  1
 209 138  1
 235 139  1
 246 139  1
 223 140  1
   1 141  1
 138 141  1
 211 141  1
 228 141  1
 267 141  1
 129 142  1
 244 143  1
 245 143  1
  95 144  1
 154 145  1
 160 145  1
 161 145  1
 228 145  1
 241 145  1
  42 146  1
  87 146  1
  95 146  1
 226 146  1
 237 146  1
 194 147  1
 195 147  1
  40 148  1
 134 148  1
 140 148  1
   2 149  1
   3 149  1
 211 149  1
   9 150  1
  98 150  1
  99 150  1
 101 150  1
  91 151  1
 222 151  1
 263 151  1
  16 152  1
  31 152  1
 253 152  1
 257 152  1
  87 153  1
 131 153  1
 195 153  1
 207 154  1
 230 154  1
 232 154  1
 235 154  1
  75 155  1
  78 155  1
  83 156  1
  99 156  1
 117 156  1
 152 156  1
 153 156  1
 167 156  1
 168 156  1
 218 156  1
 225 156  1
 250 156  1
 103 157  1
 104 157  1
 172 157  1
   4 158  1
   5 158  1
 164 158  1
 124 159  1
 140 159  1
 250 159  1
 212 160  1
 224 160  1
 225 160  1
 278 160  1
 161 161  1
 195 161  1
 129 162  1
 156 162  1
 200 162  1
 228 162  1
 202 163  1
 204 163  1
 137 164  1
 138 164  1
 143 164  1
 236 165  1
 275 165  1
 146 166  1
 205 167  1
 207 167  1
 213 167  1
 219 167  1
 236 167  1
 149 168  1
 182 168  1
 200 169  1
 231 169  1
 236 169  1
 243 169  1
 271 169  1
 153 170  1
 184 171  1
 260 171  1
 240 172  1
 191 173  1
 261 173  1
   8 174  1
 158 174  1
 192 175  1
 163 177  1
 164 177  1
 268 177  1
 167 178  1
 258 178  1
 253 179  1
 254 179  1
 259 180  1
  12 181  1
 248 181  1
 195 182  1
 263 185  1
  15 186  1
 262 187  1
  18 192  1
 232 192  1
 158 193  1
 160 194  1
 226 195  1
 232 195  1
 196 196  1
 177 197  1
 183 198  1
 192 198  1
 225 198  1
 202 199  1
 188 200  1
 252 200  1
 160 201  1
 167 201  1
 145 202  1
 182 202  1
 206 202  1
  28 203  1
 192 203  1
 193 203  1
 230 203  1
 240 203  1
 208 204  1
 211 205  1
 223 205  1
 240 205  1
 169 206  1
 170 206  1
 184 206  1
 235 206  1
 152 207  1
 190 207  1
  33 211  1
 170 212  1
 227 212  1
 243 212  1
  76 213  1
 203 213  1
  36 215  1
  37 215  1
  74 215  1
 231 215  1
  84 216  1
  93 216  1
  40 217  1
  73 217  1
  75 217  1
  98 217  1
  99 217  1
 157 217  1
 158 217  1
 194 217  1
 200 217  1
 239 217  1
 240 217  1
  77 218  1
  78 218  1
 236 219  1
 189 220  2
 190 220  1
  90 221  1
 100 222  1
 102 222  1
  93 224  1
 197 224  1
 162 225  1
 193 225  1
 202 225  1
 204 225  1
  50 226  1
  81 226  1
 116 226  1
 155 226  1
  91 227  1
 100 227  2
 101 227  1
 193 227  1
 155 228  1
 156 228  1
 101 229  1
 105 229  1
 107 229  1
 207 229  1
 114 230  1
 122 230  1
 196 230  1
  69 231  1
 100 231  1
  57 232  1
 118 234  1
  66 235  1
 100 235  1
 101 235  1
 154 235  1
 160 236  1
 209 236  1
 210 236  1
 100 237  1
 122 237  1
  88 239  1
  89 239  1
  71 240  1
  72 240  1
 115 240  1
  94 242  1
 108 242  1
 212 242  1
  79 243  1
 106 244  1
 113 245  1
 166 245  1
  93 246  1
 155 248  1
 195 248  1
 184 251  1
 180 252  1
 182 252  1
 113 253  1
 139 256  1
 130 257  1
 136 257  1


count = 622