 147   1  1
 153   1  1
 169   1  1
 139   3  1
 180   3  1
 131   5  1
 186   6  1
 189   7  1
 192   8  1
 140   9  1
 197  10  1
 117  11  1
 200  11  1
 126  13  1
 121  15  1
 126  15  1
 142  17  1
 143  17  1
 212  17  1
  98  20  1
 217  20  1
 125  22  1
  90  23  1
  87  24  1
 127  26  1
 146  27  1
 147  27  1
  79  28  1
  80  28  1
 127  28  1
  84  31  1
 231  32  1
  85  34  1
  71  35  1
  46  38  1
 106  38  1
  40  40  1
  41  40  1
 118  40  1
  81  41  1
 102  41  1
 120  41  1
 122  41  1
  73  43  1
 126  43  1
 245  43  1
 129  45  1
 247  45  1
  36  46  1
  93  46  1
  94  46  1
 121  46  1
  88  47  1
 113  47  1
 251  47  1
  32  48  1
 108  48  1
 109  48  1
 135  48  1
  96  49  1
  71  50  1
  89  51  1
  95  51  1
  96  51  1
 138  51  1
 139  51  1
  27  52  1
  81  53  1
 102  53  1
 109  53  1
 113  53  1
  72  54  1
  73  54  1
  22  55  1
 142  57  1
 145  58  1
 190  58  1
 191  58  1
 107  59  1
 139  59  1
 174  59  1
 175  59  1
 115  61  1
 119  61  1
 110  62  1
 111  62  1
 129  62  1
 143  62  1
 144  62  1
 265  62  1
 191  63  1
 177  64  1
  14  65  1
  15  65  1
 168  65  1
 169  65  1
 193  65  1
 175  66  1
 130  67  1
 199  67  1
 200  67  1
  68  68  1
 135  68  1
 143  69  1
 168  70  1
  12  71  1
  77  71  1
  78  71  1
 183  71  1
 189  71  1
 218  71  1
  73  72  1
 208  72  1
 138  73  1
 181  73  1
  10  74  1
 114  74  1
 129  74  1
 241  74  1
 242  74  1
 197  75  1
 214  75  1
 216  75  1
 142  76  1
 243  76  1
 173  77  1
 181  77  1
 182  77  1
 200  77  1
 217  77  1
 110  78  1
   7  79  1
   8  79  1
  94  79  1
 101  79  1
 139  80  1
 226  80  1
 169  81  1
 170  81  1
 211  81  1
  90  82  1
 214  82  1
 204  83  1
  11  84  1
  12  84  1
  88  84  1
 222  84  1
 232  84  1
 201  85  1
 276  85  1
 107  86  1
 134  86  1
 161  86  1
 176  86  1
 177  86  1
 183  86  1
 188  86  1
  11  87  1
  91  87  1
 198  88  1
  80  89  1
  97  89  1
 177  89  1
 178  89  1
 238  89  1
 122  90  1
  17  91  1
 164  91  1
 165  91  1
 169  91  1
 170  91  1
 190  91  1
 191  91  1
 230  91  1
  79  94  1
 170  94  1
 171  94  1
 178  94  1
 179  94  1
 233  95  1
 234  95  1
   1  97  1
   2  97  1
  69  97  2
  76  97  1
  77  97  1
 120  97  1
  73  98  1
 177  98  1
 238  98  1
 239  98  1
 248  98  1
 249  98  1
 180 100  1
 181 100  1
 231 103  1
 246 103  1
  63 104  1
  64 104  1
 241 104  1
 172 106  1
 173 106  1
 259 111  1
  71 113  1
  92 114  1
  95 114  1
   1 115  1
 172 115  1
 104 116  1
 106 116  1
  28 117  1
  83 117  1
 182 117  1
 202 117  1
  97 118  1
 162 118  1
  27 119  1
  32 119  1
  71 119  1
 158 119  1
 159 119  1
 171 119  1
 183 119  1
 198 120  1
 207 120  1
  78 121  1
 109 121  1
 189 121  1
 169 122  1
 170 122  1
 187 122  1
 279 123  1
  34 124  1
  36 124  1
 240 124  1
 241 124  1
 248 124  1
  15 125  1
  94 125  1
   1 126  1
   9 126  1
  58 126  1
  84 126  1
  90 126  1
 118 126  1
 123 126  1
 143 126  1
 186 126  1
 194 126  1
 202 126  1
 233 126  1
 250 126  1
 251 126  1
 109 127  1
 110 127  1
 208 127  1
 256 127  1
 257 127  1
   3 128  1
  43 128  1
  71 128  1
  72 128  1
 129 128  1
 196 128  1
 201 128  1
  50 129  1
  52 129  1
  66 129  1
  68 129  1
 114 129  1
 115 129  1
 155 129  1
 171 129  1
 161 130  1
 273 130  1
  58 131  1
  74 131  1
 155 131  1
 203 131  1
 205 131  1
  21 132  1
 125 133  1
 155 133  1
  49 134  1
  53 134  1
  54 134  1
  64 134  1
  72 134  1
 159 134  1
 171 134  1
  10 135  1
  21 135  1
  37 135  1
  38 135  1
  59 135  1
 112 135  1
 119 135  1
 120 135  1
 199 135  1
 231 135  1
  26 136  1
  66 136  1
  86 136  1
  88 136  1
  95 136  1
 101 136  1
 107 136  1
 186 136  1
 213 136  1
 220 136  1
  81 137  1
  91 137  1
 104 137  1
 150 137  1
 183 137  1
 257 137  1
 275 137  1
 276 137  1
   1 138  1
 118 138  1
 136 138  1
 139 138  1
 152 138  1
 188 138  1
 192 138  1
 252 138  1
 253 138  1
 262 138  1
 209 139  1
 157 140  1
 116 141  1
 170 141  1
   1 142  1
 107 142  1
 172 142  1
 178 142  1
 255 142  1
 270 142  1
 271 142  1
 209 143  1
 261 143  1
  85 144  1
  97 144  1
  98 144  1
 104 145  1
 207 145  1
 179 148  1
 278 148  1
  10 149  1
 177 149  1
  78 150  1
 173 151  1
  94 152  1
 168 152  1
   9 153  1
  10 153  1
  67 153  1
  94 154  1
  75 155  1
  84 156  1
   3 157  1
   4 157  1
  61 160  1
  70 160  1
  79 160  1
  89 160  1
 180 160  1
 181 160  1
 184 160  1
  10 162  1
  70 162  1
  84 162  1
  18 163  1
 165 163  1
 177 163  1
 269 164  1
  70 166  1
  75 166  1
  76 166  1
 185 166  1
  64 167  1
  65 167  1
 266 167  1
  72 168  1
 247 169  1
 248 169  1
  79 170  1
 179 170  1
 241 171  1
 243 171  1
 261 171  1
 277 171  1
 278 171  1
   6 173  1
   7 173  1
 167 173  1
 236 174  1
 237 174  1
 173 175  1
 174 175  1
   7 176  1
   8 176  1
 170 176  1
 179 176  1
  89 177  1
  90 177  1
 164 177  1
 165 177  1
 233 177  1
 274 177  1
 100 179  1
 138 179  1
 264 180  1
 101 181  1
 112 181  1
 117 182  1
 131 182  1
 231 182  1
 126 183  1
 124 185  1
 126 185  1
 179 185  1
 180 185  1
 224 185  1
 226 185  1
 270 185  1
  10 186  1
  11 186  1
 120 186  1
 148 186  1
 187 187  1
 137 188  1
 143 188  1
 170 188  1
 180 188  1
 181 188  1
 205 188  1
 132 189  1
 213 189  1
 148 190  1
  12 192  1
  13 192  1
 140 192  1
 207 193  1
  93 194  1
  94 194  1
 140 194  1
 151 194  1
 203 194  1
 205 194  1
 213 194  1
 263 194  1
 178 195  1
 184 195  1
 137 196  1
  15 197  1
 190 197  1
 261 197  1
 151 198  1
 141 199  1
  94 200  1
 101 201  1
 107 201  1
 141 201  1
 146 201  1
  19 202  1
 136 202  1
 258 202  1
 140 203  1
 141 203  1
 108 205  1
 143 205  1
 256 205  1
 110 206  1
 115 207  1
 136 208  1
  96 210  1
 109 210  1
 110 210  1
 120 210  1
 133 210  1
 115 213  1
 120 213  1
 128 213  1
 183 214  1
  82 215  1
 181 215  1
  39 216  1
 178 216  1
 251 216  1
 128 220  1
 182 220  1
  48 221  1
  77 221  1
  78 221  1
 117 221  1
 151 222  1
 155 222  1
 246 222  1
 119 223  1
 123 223  1
 124 223  1
 176 223  1
  54 226  1
 147 226  1
  57 228  1
  58 228  1
  61 229  1
  76 229  1
  66 230  1
 147 230  1
 178 230  1
  68 231  1
  80 232  1
  94 232  1
  98 232  1
  71 233  1
 141 233  1
  98 234  1
 178 236  1
  77 237  1
  78 237  1
 230 237  1
 126 240  1
 133 241  1
 124 242  1
 219 242  1
 108 243  1
 213 244  1
 129 246  1
 208 246  1
 115 247  1
 121 250  1
 123 250  1
 130 252  1
 198 252  1
 184 256  1
 159 257  1
 180 257  1
 182 257  1


count = 540