 165   1  1
 179   1  1
 182   1  1
 185   2  1
 152   3  1
 188   3  1
 140   6  1
 199   7  1
 132   9  1
 150   9  1
 144  11  1
 119  13  1
 144  13  1
 165  14  1
 160  15  1
 148  16  1
 177  17  1
 218  17  1
 181  18  1
 183  18  1
 149  19  1
 121  20  1
 123  20  1
 153  20  1
 106  21  1
 111  21  1
 184  21  1
 177  22  1
 106  23  1
 107  23  1
 155  23  1
 179  23  1
  60  24  1
  55  25  1
  87  25  1
 227  25  1
  53  26  1
  91  26  1
 112  27  1
 117  29  1
 231  29  1
  46  30  1
  94  30  1
 218  30  1
  42  32  1
  64  34  1
  56  35  1
 117  35  1
 169  35  1
 181  36  1
 231  36  1
 215  37  1
 216  37  1
 217  37  1
 108  38  1
 110  38  1
 170  38  1
 171  38  1
 121  39  1
 165  39  1
 175  39  1
 209  39  1
 217  39  1
 170  40  1
 228  40  1
 118  42  1
 170  42  1
 228  42  1
 181  43  1
 182  43  1
 191  43  1
 208  44  1
 209  44  1
 217  44  1
 237  45  1
 229  46  1
 179  47  1
 180  47  1
 193  47  1
 235  47  1
 196  49  1
 208  49  1
 255  49  1
 224  50  1
 225  50  1
 173  51  1
 211  51  1
 215  51  1
  28  52  1
 233  53  1
  29  54  1
 265  54  1
 268  56  1
 223  57  1
  15  58  1
 210  59  1
 225  59  1
 150  60  1
 167  60  1
 168  60  1
  13  61  1
 162  61  1
 257  61  2
 262  62  1
  17  63  1
  18  63  1
 161  63  1
 162  63  1
 235  63  1
 252  63  1
  11  64  1
  33  64  1
 150  64  1
 200  65  1
 250  65  1
  36  66  1
 237  66  1
 165  67  1
 173  67  1
 174  67  1
 242  67  1
 259  67  1
 191  68  1
 205  68  1
  15  69  1
  40  69  1
 197  69  1
 226  69  1
 227  69  1
 251  69  1
 110  70  1
 180  70  1
  43  71  1
 102  71  1
 167  71  1
 209  71  1
  35  72  1
 169  72  1
 170  72  1
 231  72  1
  17  73  1
  18  73  1
  31  73  1
  97  73  1
 101  73  1
 112  73  1
 176  73  1
 236  73  1
  35  74  1
 190  74  1
 191  74  1
 196  74  1
  22  75  1
  26  75  1
  93  75  1
  94  75  1
 229  75  1
  43  76  1
 207  77  1
 208  77  1
 232  77  1
 238  77  1
 187  78  1
 247  78  1
  86  79  1
  90  79  1
 164  79  1
 249  80  1
  83  82  1
 130  82  1
   2  83  1
   3  83  1
  40  83  1
 148  83  1
 161  83  1
  80  84  1
 186  84  1
  75  85  1
 148  85  1
 261  85  1
 127  86  1
 139  86  1
  33  87  1
 134  87  1
 147  87  1
 148  87  1
 155  87  1
 158  88  1
 190  88  1
 253  88  1
 144  89  1
 258  89  1
 259  89  1
   1  90  1
 150  90  1
 151  90  1
 222  90  1
 223  90  1
 280  90  1
 281  90  1
  30  91  1
  67  91  1
  98  91  1
 103  91  1
 174  91  1
 185  91  1
 186  91  1
  24  92  1
 129  92  1
 133  92  1
 134  92  1
 207  92  1
 104  93  1
 140  93  1
 149  94  1
 150  94  1
 210  94  1
 221  94  1
 222  94  1
 128  95  1
  98  96  1
 135  96  1
 137  96  1
 147  96  1
 162  96  1
 117  97  1
 124  97  1
 143  97  1
 183  97  1
 111  98  1
 156  98  1
 169  98  1
   1  99  1
 155 100  1
 113 101  1
 244 101  1
 219 102  1
 221 102  1
 261 102  1
  46 103  1
  47 103  1
  82 103  1
 160 103  1
 225 103  1
 227 103  1
 237 103  1
 153 104  1
 115 105  1
 184 105  1
 185 105  1
 246 105  1
 127 106  1
 230 106  1
  50 107  1
 251 107  1
 252 107  1
 260 107  1
 269 107  1
  86 108  1
  87 108  1
 173 108  1
 199 108  1
 200 108  1
 205 108  1
   1 109  1
   2 109  1
 177 109  1
 178 109  1
 273 109  1
  59 110  1
  92 110  1
 149 110  1
 190 110  1
 194 110  1
 224 110  1
 257 110  1
  49 111  1
 131 111  1
 143 111  1
 159 111  1
 160 111  1
   1 112  1
  54 112  1
 196 112  1
 224 112  1
 109 113  1
 160 113  1
 203 113  1
 227 113  1
 228 113  1
 253 113  1
 143 115  1
 144 115  1
 167 115  1
 210 115  1
 211 115  1
 212 115  1
  55 116  1
  59 116  1
 150 116  1
 218 116  1
 173 117  1
 186 117  1
 191 117  1
 228 117  1
 229 117  1
 264 117  1
 277 117  1
  53 118  1
 178 118  1
 236 118  1
  57 119  1
  86 119  1
  89 119  1
  91 119  1
 180 119  1
 222 119  1
   1 120  1
  98 121  1
  99 121  1
 189 121  1
 190 121  1
 234 121  1
   2 122  1
  35 122  1
  58 122  1
 116 122  1
 123 122  1
 268 122  1
 275 122  1
 276 122  1
  30 123  1
  31 123  1
 155 123  1
 159 123  1
 210 123  1
 124 124  1
 152 124  1
 166 124  1
 179 124  1
 196 124  1
  36 125  1
  38 125  2
 187 125  1
 227 125  1
  22 126  1
  62 126  1
  63 126  1
 127 126  1
 128 126  1
  31 127  1
 121 127  1
 247 127  1
 161 128  1
 174 128  1
 180 129  1
 185 129  1
 200 129  1
 267 129  1
  11 130  1
  45 130  1
  47 130  1
  49 130  1
  62 130  1
  63 130  1
  98 130  1
 119 130  1
 128 130  1
 193 130  1
 250 130  1
 108 131  1
 149 131  1
 161 131  1
 162 131  1
  38 132  1
 125 132  1
 190 132  1
 244 132  1
 250 132  1
  42 133  1
  57 133  1
  61 133  1
 116 133  1
 159 133  1
 176 133  1
 178 133  1
 186 133  1
 210 133  1
 221 133  1
 234 133  1
 246 133  1
  12 134  1
  49 134  1
 162 134  1
 163 134  1
 206 134  1
 267 134  1
 182 135  1
 226 135  1
 227 135  1
 121 136  1
 169 136  1
 219 136  1
 272 136  1
 273 136  1
 180 137  1
 186 137  1
 194 137  1
   5 138  1
  81 139  1
 119 139  1
 176 139  1
 199 139  1
 200 139  1
 184 140  1
 185 140  1
 165 142  1
 188 142  1
 189 142  1
  82 143  1
 180 143  1
 221 143  1
   7 144  1
 105 144  1
 111 144  1
 167 144  1
 168 144  1
 229 144  1
 230 144  1
 231 144  1
 132 145  1
 133 145  1
 177 145  1
 194 145  1
 225 145  1
  90 146  1
  91 146  1
 119 147  1
 211 147  1
 270 147  1
  77 148  1
 127 148  1
   1 149  1
  87 149  1
 120 149  1
 121 149  1
 227 149  1
 171 150  1
 175 150  1
   5 151  1
   6 151  1
  10 151  1
 110 151  1
 111 151  1
 212 151  1
   8 152  1
 182 152  1
 234 152  1
 245 153  1
 246 153  1
 222 154  1
  36 155  1
 102 155  1
 113 155  1
 115 155  1
 117 155  1
 118 155  1
 124 155  1
 193 155  1
 246 155  1
 187 156  1
 188 156  1
 195 156  1
 211 157  1
 212 157  1
 246 157  1
 195 158  1
 232 158  1
 233 158  1
 234 158  1
 263 158  1
 188 159  1
 189 159  1
 244 159  1
 258 159  1
  97 160  1
 195 160  1
 215 160  1
 234 160  1
  20 161  1
  21 161  1
  46 161  1
 101 161  1
 110 161  1
 112 161  1
 183 161  1
   1 162  1
  78 162  1
 108 162  1
 180 163  1
  40 164  1
  68 164  1
 193 164  1
  94 165  1
 150 165  1
 196 165  1
  70 166  1
 144 166  1
 157 166  1
  74 167  1
 139 168  1
 153 168  1
  81 169  1
  82 169  1
 180 169  1
 181 169  1
  83 171  1
 124 171  1
 125 171  1
 156 171  1
 160 171  1
 222 171  1
 179 172  1
 180 172  1
 198 172  1
  21 173  1
  29 173  1
  91 173  1
 202 173  1
 163 174  1
 169 174  1
 228 174  1
 141 175  1
 142 175  1
 177 175  1
 234 175  1
 124 176  1
 225 176  1
  32 177  1
  91 177  1
 121 177  1
 194 177  1
   3 178  1
   4 178  1
  93 178  1
  94 178  1
 148 178  1
 163 178  1
 121 179  1
 126 179  1
 140 179  1
 237 179  1
  11 180  1
 171 180  1
 205 180  1
 206 180  1
 222 180  1
  98 181  1
 130 181  1
 132 181  1
 231 181  1
  12 182  1
  21 182  1
 153 182  1
 154 182  1
 209 182  1
  76 183  1
   5 184  1
   6 184  1
  26 184  1
  42 184  1
  68 184  1
  83 184  1
 120 184  1
 185 184  1
 190 184  1
 192 184  1
 194 184  1
  71 185  1
 105 185  1
 222 185  1
 244 185  1
  18 186  1
 118 186  1
 120 186  1
 250 186  1
 179 187  1
 131 188  1
 132 188  1
 184 188  1
 204 188  1
 205 188  1
 230 188  1
 252 188  1
 253 188  1
 272 188  1
 273 188  1
 111 189  1
  40 190  1
  98 190  1
 125 190  1
   9 191  1
  35 191  1
 230 191  1
  28 192  1
 233 192  1
 245 192  1
 252 192  1
 102 193  1
 270 193  1
  24 194  1
  11 195  1
  31 195  1
  32 195  1
  67 195  1
 102 195  1
  18 197  1
  87 199  1
  88 199  1
 227 199  1
  26 200  1
  81 200  1
 103 200  1
  23 201  1
  16 202  1
  51 202  1
  65 202  1
  66 202  1
 101 203  1
 234 203  1
  95 205  1
 101 205  1
 105 205  1
 227 205  1
 218 206  1
  52 207  1
  94 207  1
  95 207  1
 111 208  1
 112 208  1
  22 209  1
  23 209  1
  51 209  1
  71 209  1
  72 209  1
 209 209  1
 100 210  1
 131 210  1
 222 210  1
  26 211  1
  84 211  1
  95 212  1
 221 213  1
 226 213  1
  53 214  2
 106 214  1
 183 214  1
 120 215  1
 121 215  1
 122 215  1
 233 215  1
  34 217  1
 116 217  1
 122 217  1
 192 217  1
  55 218  1
  57 218  1
 100 218  1
 104 218  1
 105 218  1
 196 218  1
 116 219  1
 122 219  1
 123 219  1
 219 219  1
 220 219  1
 105 220  1
 104 222  1
 202 222  1
  59 223  1
 100 223  1
 179 223  1
 181 223  1
 206 225  1
  81 226  1
  68 227  1
  69 227  1
  76 227  1
  91 227  1
  92 227  1
 182 227  1
  46 228  1
  63 229  1
  94 229  1
 231 229  1
  70 231  1
  58 233  1
 100 233  1
  66 235  1
  98 237  1
 220 237  1
  77 238  1
 182 238  1
 217 239  1
  86 240  1
  90 241  1
 215 241  1
 147 242  1
 151 242  1
 210 244  1
 144 246  1
 145 246  1
 206 246  1
 129 249  1
 197 250  1
 145 253  1
 188 253  1


count = 717