 129   1  1
 145   1  1
 149   1  1
 153   1  1
 160   1  1
 169   2  1
 118   3  1
 186   6  1
 102   8  1
  96  10  1
 194  10  1
 195  10  1
 158  11  1
 159  11  1
 115  12  1
 198  12  1
 110  13  1
 112  13  1
  86  14  1
  79  16  1
 208  16  1
 153  18  1
 193  18  1
  73  19  1
 103  20  1
 214  20  1
  93  21  1
  68  22  1
  69  22  1
 218  22  1
 122  23  1
 123  23  1
 136  24  1
  93  25  1
 222  25  1
  71  27  1
 123  27  1
 191  28  1
 104  29  1
 105  29  1
 127  31  1
 150  32  1
  56  33  1
  64  33  1
 105  33  1
 130  33  1
 131  33  1
 154  33  1
 155  33  1
  96  34  1
  97  34  1
 109  34  1
 111  34  1
 186  34  1
  70  35  1
  71  35  1
 107  35  1
 141  35  1
  51  36  1
  73  36  1
 137  36  1
 139  36  1
  58  37  1
 133  37  1
  48  38  1
 238  39  1
  69  40  1
 146  41  1
 147  41  1
  41  42  1
 183  43  1
  97  44  1
  98  44  1
 166  45  1
 182  45  1
 183  45  1
 171  46  1
 155  47  1
 176  47  1
 177  47  1
  34  48  1
  72  48  1
 246  48  1
 144  50  1
 145  50  1
 151  50  1
 248  51  1
 160  52  1
  42  54  1
 151  54  1
 148  55  1
 159  56  1
 160  56  1
 154  57  1
  31  58  1
 148  58  1
 252  58  1
 166  59  1
  84  61  1
 158  61  1
  27  62  1
  80  63  1
 161  65  1
 162  65  1
  17  66  1
  87  66  1
  83  67  1
 148  67  1
 149  67  1
 161  68  2
  32  69  1
  35  69  1
  36  69  1
 161  70  1
 162  70  1
  21  71  1
  22  71  1
 154  71  1
 267  72  1
  38  73  1
  12  74  1
  13  74  1
  26  74  1
  27  74  1
 212  74  1
 161  75  1
 235  75  1
  17  76  1
  31  76  1
  36  76  1
  20  77  1
 179  77  1
 213  77  1
 217  77  1
 222  77  1
 176  79  1
 213  79  1
  29  80  1
  30  80  1
 176  81  1
 210  81  1
   8  82  1
 182  84  1
 205  84  1
 242  84  1
 249  84  1
 170  85  1
 171  85  1
 184  86  1
 146  87  1
 221  87  1
 197  88  1
 223  88  1
 228  88  1
 230  88  1
  12  89  1
 135  89  1
 168  89  1
 209  89  1
 211  89  1
 275  89  1
 276  89  1
 129  90  1
 100  91  1
 109  91  1
 150  91  1
 163  91  1
 186  91  1
 236  91  1
 256  91  1
 171  92  1
 226  92  1
  97  93  1
 142  93  1
 161  93  1
 269  93  1
  91  94  1
 277  94  1
 278  94  1
   3  95  1
   4  95  1
 156  95  1
 170  95  1
 171  95  1
 238  95  1
 239  95  1
  76  96  1
  91  96  1
 139  96  1
 190  96  1
  80  97  1
  98  97  1
 111  97  1
 115  97  1
  91  98  1
 151  98  1
 169  98  1
 170  98  1
 192  99  1
 194  99  1
 240  99  1
 241  99  1
  10 100  1
  95 100  1
 125 100  1
 158 100  1
 188 100  1
 199 100  1
 272 100  1
 279 100  1
 280 100  1
  21 101  1
  81 101  1
 101 101  1
  13 102  1
  14 102  1
  33 102  1
  38 102  2
  75 102  1
 120 102  1
 147 102  1
 165 102  1
 109 103  1
 186 103  1
 202 103  1
  95 104  1
 127 104  1
 197 104  1
  59 105  1
  60 105  1
 113 105  1
 115 105  1
 152 105  1
 156 105  1
 193 105  1
  15 106  1
 102 106  1
 138 106  1
  55 107  1
 209 107  1
  32 108  1
 150 108  1
 199 108  1
 104 109  1
 105 109  1
 127 109  1
 175 109  1
 191 109  1
  13 110  1
  30 110  1
 114 110  1
 115 110  1
  50 111  1
 187 111  1
   9 112  1
  26 112  1
 110 112  1
 124 112  1
 102 113  1
 143 113  1
 150 113  1
 213 113  1
   9 114  1
  59 114  1
 172 114  1
 277 114  1
  25 115  1
  73 115  1
  96 115  1
 137 115  1
 141 115  1
 168 115  1
 251 115  1
 252 115  1
  59 116  1
 208 116  1
  30 117  1
  62 117  1
  87 117  1
  54 118  1
  64 118  1
 102 118  1
 106 119  1
 168 119  1
   8 120  1
  82 120  1
  98 120  1
 116 120  1
 141 120  1
 270 120  1
  69 121  1
  65 122  1
 121 122  1
 135 122  1
   3 123  1
   4 123  1
  12 123  1
  13 123  1
  45 123  1
  53 123  1
  59 123  1
  73 123  1
 173 123  1
 174 123  1
 181 123  1
 266 123  1
  21 124  1
  91 124  1
 133 124  1
 179 124  1
 192 124  1
 193 124  1
  68 125  1
 164 125  1
 170 125  1
 171 125  1
 198 125  1
 228 126  1
 247 126  1
  75 127  1
 178 127  1
 241 127  1
  10 128  1
  46 128  1
  55 128  1
 100 128  1
 154 128  1
 161 128  1
  72 129  1
 173 129  1
   2 130  1
  90 130  1
 120 130  1
  64 131  1
  65 131  1
 165 131  1
 215 131  1
 232 131  1
 270 131  1
 168 132  1
 169 132  1
 191 132  1
   8 133  1
  36 133  1
  37 133  1
 223 133  1
 224 133  1
 276 133  1
  17 135  1
  38 135  1
  49 135  1
  89 135  1
  90 135  1
 200 135  1
  65 136  1
 158 136  1
   2 137  1
   3 137  1
  39 137  1
 174 137  1
 186 137  1
 200 137  1
  12 138  1
 179 138  1
 279 138  1
 280 138  1
  79 139  1
   8 140  1
  93 140  1
  94 140  1
   1 141  1
   2 141  1
  79 141  1
 154 141  1
  85 142  1
 144 142  1
 185 142  1
  89 143  1
 183 143  1
  20 144  1
 100 144  1
 110 144  1
 140 144  1
  81 145  1
  82 145  1
 150 145  1
  14 146  1
 108 146  1
 126 146  1
   5 147  1
   6 147  1
 143 147  1
 160 147  1
 183 147  1
 128 148  1
 153 148  1
 187 148  1
  96 149  1
 104 149  2
 134 149  1
 164 149  1
 282 149  1
 283 149  1
 136 150  1
 204 151  1
  23 152  1
 121 152  1
 152 152  1
 191 152  1
 197 152  1
 198 152  1
  96 153  1
  97 153  1
  15 154  1
  26 154  1
  91 154  1
 163 154  1
 168 154  1
 117 155  1
 206 155  1
 217 155  1
 218 155  1
 122 157  1
 144 157  1
  33 158  1
  34 158  1
  91 158  1
  92 158  1
  15 159  1
  18 159  1
   7 160  1
   8 160  1
  40 160  1
  99 160  1
 131 161  1
   2 162  1
   3 162  1
  32 162  1
 139 162  1
 161 162  1
 162 162  1
 196 162  1
  45 164  1
 166 164  1
 173 164  1
 205 164  1
 146 165  1
  28 166  1
 222 166  1
  39 167  1
 123 167  1
 151 167  1
 134 168  1
 158 168  1
 199 168  1
 201 168  1
 215 168  1
   4 169  1
   5 169  1
 211 169  1
  24 170  1
  13 171  1
 136 171  1
 137 171  1
   5 172  1
   6 172  1
  26 172  1
  17 173  1
 144 174  1
  25 175  1
  37 175  1
 125 175  1
 167 175  1
  23 176  1
  29 176  1
  30 176  1
 213 176  1
 126 179  1
 127 179  1
  17 180  1
 218 180  1
  10 183  1
  16 183  1
  17 183  1
  63 184  1
 126 184  1
 127 184  1
 220 184  1
  46 187  1
  13 189  1
  14 189  1
  37 190  2
  38 190  1
  42 190  1
 158 190  1
  48 191  1
 154 191  1
  44 192  1
  51 192  1
 150 192  1
 200 192  1
  23 194  1
 143 196  1
 200 196  1
 165 197  1
  20 198  1
  26 198  1
  27 198  1
  62 200  1
 167 200  1
 259 200  1
  94 201  1
  95 201  1
  23 202  1
  31 203  1
  71 203  1
  66 204  1
  67 204  1
  98 204  1
 226 206  1
 230 206  1
  40 207  1
  48 207  1
  31 209  1
  51 209  1
  52 209  1
  59 209  1
 201 209  1
 223 209  1
 168 210  1
 235 210  1
  33 211  1
 100 212  1
 101 212  1
 172 212  1
  91 213  1
 187 213  1
 186 215  1
 223 215  1
  57 216  1
  96 217  1
 100 217  1
 160 218  1
 181 218  1
  44 219  1
 177 219  1
  56 220  1
 167 221  1
  49 222  1
  76 222  1
 183 222  1
  61 223  1
  71 223  1
 228 223  1
 116 224  1
 159 224  1
 241 224  1
 161 225  2
 190 225  1
 192 225  1
 194 225  1
  55 226  1
  80 226  1
  84 226  1
  99 226  1
 100 226  1
 159 226  1
 180 227  1
  69 228  1
  79 228  1
 112 229  1
 188 229  1
  89 230  1
 109 230  1
  73 231  1
  69 232  1
 231 232  1
 181 233  1
  94 234  1
 112 234  1
 119 234  1
 120 234  1
  65 236  1
  94 236  1
  95 236  1
 106 236  1
 206 236  1
 189 237  1
 225 237  1
  79 238  1
  80 238  1
  94 238  1
 206 238  1
 219 240  1
  86 241  1
 192 241  1
 202 242  1
 203 242  1
 125 243  1
 129 243  1
 210 244  1
 211 244  1
 174 245  1
 179 245  1
  86 246  1
  87 246  1
 207 246  1
 129 247  1
 130 247  1
 127 249  1
 174 249  1
 100 250  1
 140 250  1
 144 250  1
 199 250  1
 144 252  1
 112 253  1
 191 253  1
 115 254  1
 180 255  1
 134 257  1


count = 621