 149   1  1
 157   1  1
 170   1  1
 143   2  1
 180   3  1
 185   4  1
 131   5  1
 128   6  1
 125   8  1
 194   9  1
 179  10  1
 112  13  1
 114  13  1
 139  13  1
 190  13  1
 191  13  1
 107  15  1
 103  16  1
 136  16  1
 195  17  1
 146  19  1
 147  19  1
 148  19  1
 136  21  1
 137  21  1
 171  22  1
 189  22  1
 190  22  1
 175  23  1
 225  23  1
  97  26  1
 171  26  1
 172  26  1
  93  27  1
  61  30  1
  62  30  1
 102  31  1
 144  31  1
  94  32  1
 147  32  1
 204  32  1
  96  33  1
 178  33  1
 229  33  1
  55  34  1
 107  35  1
 178  35  1
 174  37  1
 176  37  1
 117  38  1
 103  39  1
 104  39  1
 226  39  1
 115  40  1
 122  40  1
 182  40  1
 186  40  1
 203  40  1
 222  40  1
 193  41  1
 149  42  1
 110  43  1
 116  43  1
 144  43  1
 180  44  1
 181  44  1
 207  44  1
 208  44  1
 250  44  1
 186  45  1
  39  46  1
 131  46  1
 132  46  1
 141  46  1
 143  46  1
 154  47  1
 158  47  1
 215  48  1
 126  49  1
 139  49  1
 159  49  1
 166  49  1
 181  49  1
 105  50  1
 202  50  1
 207  50  1
 119  51  1
 129  51  1
 130  51  1
 186  51  1
 248  51  1
  70  52  1
 150  52  1
 233  52  1
 248  53  1
 144  54  1
 200  54  1
 201  54  1
 215  54  1
 243  54  1
 104  55  1
 237  55  1
 254  55  1
 211  56  1
 232  56  1
  70  57  1
  71  57  1
 103  57  1
 138  57  1
 193  57  1
 197  57  1
 228  57  1
  41  58  1
 158  58  1
 203  58  1
 204  58  1
 208  58  1
 236  58  1
 217  59  1
  51  60  1
 227  60  1
 247  60  1
 254  60  1
  24  61  1
  40  61  1
 187  61  1
 145  62  1
 161  62  1
  55  63  1
  63  63  1
 139  63  1
 207  63  1
 208  63  1
  61  64  1
  71  64  1
 202  64  1
 132  65  1
 271  65  1
  44  66  1
  77  66  1
 157  66  1
 185  66  1
 212  66  1
  65  67  1
  66  67  1
 172  67  1
  29  68  1
  30  68  1
  72  68  1
  73  68  1
 122  68  1
 142  68  1
 178  68  1
 205  68  1
 132  69  1
 192  69  1
 252  69  1
 259  69  1
  45  70  1
 170  70  1
 262  70  1
  34  71  1
 153  71  1
 184  71  1
  73  72  1
 217  72  1
 225  72  1
  30  73  1
  37  73  1
  41  73  1
  60  73  1
  93  73  1
 195  73  1
 212  73  1
  24  74  1
 124  74  1
 166  74  1
 152  75  1
 172  75  1
 174  75  1
 195  75  1
 239  75  1
 262  75  1
 263  75  1
  63  76  1
  64  76  1
 114  76  1
 190  76  1
 225  76  1
 226  76  1
  12  77  1
  19  77  1
  41  77  1
  92  77  1
 151  77  1
 152  77  1
 178  77  1
 195  77  1
 196  77  1
 276  77  1
 277  77  1
 106  78  1
 167  78  1
 236  78  1
 178  79  1
 198  79  1
 267  79  1
 268  79  1
  46  80  1
  47  80  1
  16  81  1
  36  81  1
 177  81  1
 178  81  1
   9  82  1
  84  82  1
  87  82  1
 148  82  1
  38  83  1
 199  83  1
 236  83  1
 237  83  1
 139  84  1
 150  84  1
  14  85  1
  15  85  1
  69  85  1
  97  85  1
  98  85  1
 201  85  1
  47  86  1
  48  86  1
 168  86  1
 174  86  1
 183  86  1
 228  86  1
 231  86  1
 237  86  1
 243  86  1
 252  86  1
  34  87  1
 143  87  1
 193  87  1
 177  88  1
 188  88  1
 265  88  1
 266  88  1
 193  89  1
 250  89  1
 280  89  1
 281  89  1
  90  90  1
 100  90  1
 101  90  1
 109  90  1
 183  90  1
   5  91  1
   6  91  1
  24  91  1
  25  91  1
 193  91  1
 226  91  1
 227  91  1
 235  91  1
  44  92  1
 223  92  1
  36  93  1
  94  93  1
 114  93  1
 218  93  1
 267  93  1
  40  94  1
 142  94  1
 179  94  1
 244  94  1
 114  95  1
 230  95  1
 246  95  1
 248  95  1
 273  95  1
  89  96  1
 142  96  1
 181  96  1
 186  96  1
 192  96  1
 196  96  1
 224  96  1
 108  97  1
 234  97  1
 235  97  1
 142  98  1
 143  98  1
 191  98  1
  25  99  1
  27  99  1
  28  99  1
   3 100  1
   4 100  1
  82 100  1
 103 100  1
 222 100  1
 250 100  1
 123 101  1
 124 101  1
 229 101  1
  78 102  1
  79 102  1
 219 102  1
 220 102  1
 264 102  1
  40 104  1
 110 104  1
 185 104  1
 115 105  1
 181 105  1
 241 105  1
 242 105  1
 272 105  1
  24 106  1
  78 106  1
 257 107  1
  17 108  1
  44 108  1
 194 108  1
  51 109  1
 105 109  1
 106 109  1
 185 109  1
 272 109  1
 178 112  1
 192 112  1
 236 112  1
 237 112  1
  26 113  1
  42 113  1
 176 113  1
 210 113  1
  24 114  1
   9 115  1
  42 115  1
  65 115  1
 197 115  1
 212 115  1
 217 115  1
   1 116  1
 237 116  1
  40 117  1
 226 117  1
  28 118  1
  29 118  1
 173 118  1
 174 118  1
 175 118  1
   1 119  1
  11 119  1
  13 119  1
 166 119  1
 201 119  1
 217 119  1
 243 119  1
  88 120  1
 107 120  1
 179 120  1
 205 120  1
 207 120  1
 237 120  1
  35 121  1
 259 121  1
 264 121  1
 229 122  1
 240 122  1
  30 123  1
  85 123  1
 183 123  1
 212 123  1
 232 123  1
 233 123  1
 234 123  1
 113 124  1
 162 124  1
 199 124  1
 219 124  2
 225 124  1
 262 124  1
 240 125  1
 255 125  1
  44 126  1
  46 126  1
  62 126  1
  94 126  1
 173 126  1
 174 126  1
 175 126  1
 268 126  1
  15 127  1
  23 127  1
  33 127  1
 160 127  1
 181 127  1
 224 127  1
 225 127  1
   8 128  1
  18 128  1
  63 128  1
  73 128  1
 122 128  1
 154 128  1
 165 128  1
 170 128  1
 175 128  1
 243 128  1
 249 128  1
 250 128  1
   2 129  1
   3 129  1
  31 129  1
  39 129  1
  51 129  1
 140 129  1
 106 130  1
 118 130  1
 130 130  1
 176 130  1
 241 130  1
 261 131  1
   8 132  1
  17 132  1
  43 132  1
  48 132  1
 113 132  1
 115 132  1
 198 132  1
 222 132  1
 223 132  1
  35 133  1
  61 133  1
 162 133  1
 170 133  1
 171 133  1
 232 133  1
 265 133  1
  89 134  1
  99 134  1
 104 134  1
 152 134  1
 153 134  1
 176 134  1
  48 135  1
  95 135  1
 107 135  1
 160 135  1
 174 135  1
 217 135  1
 244 135  1
 248 135  1
  93 136  1
 110 136  1
 224 136  1
 193 137  1
 219 137  1
  35 138  1
  36 138  1
  40 138  1
 113 138  1
 200 138  1
 207 138  1
 212 138  1
 213 138  1
  62 139  1
 117 139  1
 119 139  1
 162 139  1
 227 139  1
  46 140  1
  99 140  1
 235 140  1
  20 141  1
 207 141  1
 224 141  1
   1 142  1
   2 142  1
  28 142  1
  52 142  1
  93 142  1
 179 142  1
 191 142  1
 192 142  1
 197 142  1
 198 142  1
 255 142  1
  85 143  1
 167 144  1
 233 144  1
  63 145  1
  64 145  1
 171 145  1
 178 145  1
 260 145  1
 262 145  1
  14 146  1
  15 146  1
  88 146  1
 185 146  1
  38 147  1
 189 147  1
 200 147  1
 236 148  1
 237 148  1
   8 149  1
  39 149  1
 175 149  1
 223 150  1
 235 150  1
  19 151  1
  34 151  1
  61 151  1
  62 151  1
 199 151  1
  21 152  1
  53 152  1
  78 152  1
 201 152  1
 273 152  1
 171 153  1
 227 153  1
  75 154  1
 195 154  1
 196 154  1
 281 154  1
 282 154  1
   9 155  1
  35 155  1
  36 155  1
 182 155  1
 238 155  1
 244 155  1
 230 156  1
  22 157  1
  75 157  1
 102 157  1
 106 157  1
 202 157  1
 264 158  1
  37 159  1
 244 159  1
 276 159  1
  17 160  1
  18 160  1
  19 160  1
 113 160  1
 200 160  1
 272 160  1
  35 161  1
  99 161  1
 173 161  1
 262 161  1
  76 162  1
  35 163  1
  89 163  1
 103 163  1
 270 163  1
  18 164  1
  19 164  1
   2 165  1
   3 165  1
  98 165  1
 111 166  1
  21 167  1
  33 167  1
  81 167  1
  86 167  1
  90 169  1
 280 169  1
 281 169  1
 134 170  1
 268 170  1
 269 170  1
 124 171  1
 261 171  1
  75 172  1
  78 172  1
 120 172  1
 258 172  1
 259 172  1
  86 173  1
 267 173  1
  38 174  1
 140 174  1
 260 174  1
  12 175  1
  47 175  1
 117 175  1
 146 175  1
 253 175  1
 241 176  1
   6 178  1
   7 178  1
 147 179  1
 148 179  1
 251 179  1
  13 180  1
 244 180  1
 267 180  1
  48 181  1
 277 181  1
 278 181  1
  36 182  1
 267 182  1
   8 183  1
   9 183  1
  50 183  1
 104 183  1
 150 184  1
 250 184  1
 251 184  1
 107 186  1
 176 186  1
 245 186  1
 246 186  1
 254 186  1
 256 186  1
  45 187  1
 155 187  1
 156 187  1
 240 187  1
 257 189  1
  35 190  1
 112 190  1
 117 190  1
 122 190  1
 141 190  1
 164 190  1
 227 190  1
 228 190  1
 154 191  1
 126 192  1
 131 192  1
 146 192  1
 178 192  1
 179 192  1
 255 192  1
 150 193  1
  33 194  1
  34 194  1
  46 194  1
  47 194  1
 176 194  1
 131 195  1
  16 196  1
  34 196  1
 124 196  1
 164 196  1
 245 196  1
 130 197  1
 270 197  1
 150 198  1
 244 198  1
 249 198  1
 254 198  1
 138 199  1
 128 200  1
 168 200  1
  30 201  1
  50 201  1
 126 201  1
 130 201  1
 150 202  1
  50 203  1
 104 203  1
 122 203  1
 123 203  1
 148 203  1
 173 203  1
 264 203  1
 265 203  1
  59 204  1
 108 204  1
 115 204  1
 166 204  1
 167 204  1
 177 204  1
  33 205  1
 101 206  1
 108 206  1
 148 209  1
 103 210  1
 104 210  1
  54 211  1
  55 211  1
 120 212  1
 139 212  1
  97 213  1
 136 213  1
  33 214  1
 121 215  1
 123 215  1
 159 215  1
 165 215  1
  34 216  1
 153 217  1
 154 217  1
 172 217  1
 131 218  1
  39 219  1
 125 219  1
 246 219  1
  43 221  1
 155 221  1
 122 223  1
  49 224  1
 176 224  1
 100 225  1
 112 225  1
 116 225  1
 187 225  1
 192 225  1
  97 226  1
 181 228  1
  58 229  1
 208 229  1
 181 230  1
 235 230  1
 185 231  1
  88 232  1
  96 232  1
 181 233  1
  75 234  1
 228 234  1
  81 235  1
 165 237  1
 173 237  1
  98 238  1
 163 239  1
 188 241  1
 193 241  1
 182 242  1
 176 245  1
 186 245  1
 114 246  1
 119 247  1
 199 247  1
 195 248  1
 180 249  1
 132 252  1
 144 255  1
 169 257  1


count = 746