 168   1  1
 173   1  1
 184   1  1
 202   1  1
 145   2  1
 217   3  1
 140   4  1
 222   5  1
 201   7  1
 193   9  1
 197   9  1
 229   9  1
 225  13  1
 105  14  1
 238  14  1
 193  15  1
 199  15  1
 241  16  1
 119  17  1
 123  17  1
 225  17  1
  92  18  1
 244  18  1
  89  19  1
 116  19  1
  86  20  1
 222  21  1
 249  21  1
 100  22  1
 111  22  1
 104  23  1
  62  25  1
  89  25  1
 194  26  1
 195  26  1
  56  28  1
  57  28  1
 221  29  1
  67  30  1
 102  30  1
 103  30  1
 126  30  1
  52  31  1
  63  31  1
  64  31  1
 137  32  1
 145  32  1
 196  32  1
 197  32  1
 141  33  1
 122  34  1
 123  34  1
 128  34  1
 262  34  1
  45  35  1
 152  36  1
 120  37  1
 142  37  1
  39  38  1
  67  38  1
 128  38  1
 147  38  1
 131  41  1
 132  41  1
  35  42  1
 155  42  1
 268  42  1
  30  43  1
  94  43  1
 106  43  1
 107  43  1
 149  43  1
 138  44  1
 139  44  1
 142  45  1
 147  45  1
  92  46  1
 107  46  1
 108  46  1
  67  47  1
 142  47  1
 143  47  1
 153  47  1
 101  48  1
  24  49  1
 134  49  1
 157  49  1
 129  50  1
 147  50  1
  95  51  1
 144  52  1
 152  52  1
  21  53  1
 162  53  1
  89  54  1
 154  54  1
  94  55  1
  95  55  1
  85  56  1
 157  56  1
  83  57  1
 166  57  1
  90  58  1
  18  59  1
 105  59  1
 106  59  1
 218  60  1
 219  60  1
  85  61  1
  86  61  1
  78  62  1
  79  62  1
 163  62  1
  22  65  1
 195  65  1
 201  65  1
 210  65  1
 218  65  1
  78  66  1
  79  66  1
  88  66  1
  83  67  1
 190  67  1
 194  67  1
 101  69  1
 205  69  1
 209  69  1
  22  70  1
 214  70  1
  94  71  1
 110  71  1
 209  71  1
  11  72  1
  12  72  1
  19  72  1
  98  72  1
 112  72  1
 186  72  1
  17  73  1
  93  73  1
  94  73  1
 274  73  1
  69  74  2
  70  74  1
  71  74  1
  88  74  1
  89  74  1
  98  74  1
 117  75  1
   9  77  1
  10  77  1
 111  77  1
 218  78  1
  82  79  1
 222  79  1
 223  79  1
   8  80  1
   9  80  1
 203  80  1
 204  80  1
 115  81  1
 223  81  1
   8  82  1
 123  83  1
   7  84  1
   8  84  1
 196  84  1
 197  84  1
 215  84  1
 216  84  1
 223  85  1
  82  86  1
 195  86  1
 202  86  1
 203  86  1
 182  89  1
 193  89  1
 210  89  1
 212  89  1
 216  89  1
 220  89  1
 226  89  1
 200  90  1
 223  91  1
 181  93  1
 196  94  1
 176  95  1
 228  95  1
 225  96  1
 173  99  1
  80 100  1
 231 101  1
  82 103  1
 177 103  1
 233 103  1
 182 104  1
 224 104  1
 225 104  1
   8 105  1
  85 105  1
 240 106  1
   8 107  1
 109 107  1
  47 108  1
  92 108  1
 167 108  1
 171 108  1
  86 109  1
  87 109  1
 241 109  1
 242 109  1
  19 111  1
  28 111  1
 106 111  1
 115 111  1
 120 111  1
 282 112  1
 283 112  1
  44 113  1
 122 114  1
 228 114  1
  89 115  1
  90 115  1
   3 116  1
  10 116  1
  48 116  1
 179 116  1
 180 116  1
 252 116  1
 277 116  1
 278 116  1
  86 117  1
 133 118  1
 160 118  1
  15 119  1
  16 119  1
  57 119  1
  58 119  1
  96 119  1
 114 119  1
 178 119  1
 230 119  1
 256 119  1
   7 120  1
  46 120  1
  51 120  1
  61 120  1
  62 120  1
 109 120  1
 233 120  1
 243 120  1
 271 120  1
  11 122  1
  12 122  1
  32 122  1
 117 122  1
 123 122  1
 128 122  1
 240 122  1
  18 123  1
  52 124  1
 199 124  1
  56 125  1
 271 125  1
  11 126  1
  12 126  1
  42 126  1
 131 126  1
  19 127  1
  21 127  1
  40 127  1
  93 127  1
  94 127  1
 125 127  1
 196 127  1
 254 127  1
   7 128  1
  45 128  1
 131 128  1
 247 128  1
  54 129  1
  57 129  1
 102 129  1
 106 129  1
 107 129  1
 126 129  1
 224 129  1
 274 129  1
 275 129  1
 276 129  1
 116 130  1
 117 130  1
  11 131  1
  16 131  1
  20 131  1
  37 131  1
  42 131  1
  62 131  1
  67 131  1
  90 131  1
 102 131  1
 197 131  1
  27 132  1
  76 132  1
  84 132  1
 128 132  1
 129 132  1
 170 132  1
 172 132  1
 175 132  1
  37 133  1
 237 133  1
  11 134  1
  25 134  1
 248 134  1
  70 135  1
  74 135  1
 117 135  1
 252 135  1
 175 136  1
 176 136  1
  94 137  1
 236 137  1
 237 137  1
   1 138  1
  92 138  1
 130 138  1
  28 139  1
  29 139  1
 126 139  1
 128 139  1
 154 139  1
   5 140  1
  37 140  1
 121 140  1
  87 141  1
 233 141  1
  44 142  1
 220 142  1
 223 142  1
 115 143  1
 116 143  1
  27 144  1
 159 144  1
  39 145  1
  82 145  1
  93 145  1
  91 146  1
 112 146  1
 223 146  1
  37 147  1
 181 147  1
 182 147  1
 231 147  1
 232 147  1
  77 148  1
  88 148  1
 108 148  1
 168 148  1
 212 149  1
 220 150  1
 230 150  1
 231 150  1
   1 152  1
  85 152  1
  81 153  1
  82 153  1
 175 153  1
   1 154  1
 170 154  1
 219 154  1
  79 155  1
 210 155  1
 186 156  1
 228 156  1
 229 156  1
 190 157  1
   3 158  1
   4 158  1
   9 158  1
  11 158  1
 221 158  1
  77 159  1
 226 159  1
 172 160  1
 173 160  1
 208 160  1
 209 160  1
  18 163  1
 276 164  1
 277 164  1
  86 165  1
 181 165  1
 176 166  1
 187 167  1
 197 167  1
  83 169  1
  84 169  1
 199 170  1
  15 171  1
  86 173  1
  87 173  1
  11 174  1
  12 174  1
 174 175  1
 192 176  1
 273 176  1
 274 176  1
 123 177  1
 173 177  1
 212 178  1
 123 179  1
 178 179  1
 190 179  1
 272 179  1
 273 179  1
 197 180  1
 216 180  1
 123 181  1
 130 182  1
   9 183  1
 221 183  1
 175 184  1
 176 184  1
 181 184  1
 182 184  1
 192 184  1
 193 184  1
 197 184  1
 217 185  1
  70 186  1
  74 186  1
 133 186  1
 210 187  1
 211 187  1
 212 187  1
 214 187  1
 269 187  1
 120 189  1
 208 189  1
 115 190  1
 181 190  1
  30 191  1
 187 191  1
 201 192  1
 204 192  1
  71 193  1
 104 193  1
  22 195  1
  16 197  1
  17 197  1
  44 198  1
  19 201  1
  41 203  1
  82 203  1
  95 204  1
 260 204  1
  45 206  1
 147 206  1
  38 207  1
  76 207  1
  77 207  1
 115 207  1
 117 207  1
 103 208  1
 124 208  1
 138 208  1
 155 208  1
  36 209  1
  43 209  1
  81 210  1
 257 210  1
  87 211  1
  33 213  1
  40 213  1
  96 213  1
 119 213  1
 152 213  1
 253 215  1
 105 216  1
 115 216  1
 116 216  1
 111 218  1
 112 218  1
 126 218  1
  98 220  1
 118 221  1
  94 222  1
 100 222  1
 141 222  1
 111 223  1
 112 223  1
 116 223  1
 245 223  1
  46 224  1
  47 224  1
 108 224  1
  50 225  1
  93 225  1
 214 226  1
 109 227  1
 110 227  1
 225 227  1
 240 227  1
  85 228  1
  95 228  1
  82 230  1
 219 230  1
  99 231  1
 100 231  1
 104 231  1
 235 231  1
 109 233  1
 110 233  1
 120 233  1
 121 233  1
  78 235  1
  79 235  1
 118 236  1
 111 238  1
  88 239  1
 102 239  1
 104 241  1
  93 242  1
 109 243  1
 121 243  1
 122 243  1
 101 245  1
 214 247  1
 116 249  1
 141 249  1
 138 250  1
 144 250  1
 207 250  1
 204 251  1
 133 254  1


count = 536