 168   1  1
 173   1  1
 192   2  1
 198   4  1
 203   6  1
 107   7  1
 209   8  1
 178   9  1
 182   9  1
 193   9  1
 148  10  1
 101  11  1
 151  11  1
 184  11  1
 192  12  1
 193  12  1
 112  13  1
 113  13  1
 109  14  1
 221  14  1
 177  15  1
  79  16  1
 182  16  1
  77  17  1
 116  17  1
 203  17  1
 226  17  1
 112  18  1
 147  18  1
 174  18  1
 182  18  1
 188  19  1
 189  19  1
 230  19  1
  70  20  1
  89  20  1
 150  20  1
 178  20  1
 194  20  1
 195  20  1
 104  21  1
 109  21  1
  68  22  1
 121  22  1
 186  22  1
 199  22  1
 200  22  1
 109  23  1
 124  23  1
 153  23  1
 164  23  1
 166  23  1
 193  23  1
 146  24  1
 160  24  1
 171  24  1
  87  25  1
  88  25  1
 131  25  1
 132  25  1
 160  26  1
  82  27  1
 120  27  1
 121  27  1
 152  27  1
 197  27  1
 198  27  1
 203  27  1
 142  28  1
 168  28  1
 110  29  1
 146  29  1
 183  29  1
  53  30  1
 107  30  1
 166  30  1
 228  31  1
 107  32  1
  47  33  1
 141  33  1
 226  33  1
  68  34  1
  95  34  1
  99  34  1
 188  34  1
 190  34  1
 222  35  1
 223  35  1
 108  36  1
 144  36  1
 193  36  1
  42  37  1
 249  37  1
 116  38  1
 166  38  1
 179  38  1
 180  38  1
  70  39  1
  71  39  1
 170  40  1
  37  41  1
  59  41  1
 111  41  1
 112  41  1
 129  41  1
 203  41  1
 204  41  1
 100  42  1
 189  42  1
 211  42  1
 216  42  1
  91  43  1
 202  43  1
  55  44  1
 124  44  1
 162  44  1
 163  44  1
 186  44  1
  84  46  1
 109  46  1
 110  46  1
 121  46  1
 104  47  1
 105  47  1
 186  47  1
 206  47  1
  28  48  1
  75  48  1
  79  48  1
  88  48  1
 144  48  1
 191  48  1
 258  48  1
  37  49  1
  38  49  1
  39  49  1
 163  49  1
 181  49  1
  91  50  1
 146  50  1
  41  51  1
  96  51  1
 101  51  1
 160  51  1
 161  51  1
 200  51  1
  80  52  1
  88  52  1
  93  52  1
 177  52  2
 178  52  1
 179  52  1
  32  54  1
  84  54  1
 145  54  1
 146  54  1
  22  55  1
 101  55  1
 171  55  1
 172  55  1
  97  56  1
 142  56  1
 261  56  1
 262  56  1
  90  57  1
  91  57  1
  92  57  1
  28  58  1
  29  58  1
  19  59  1
  84  59  1
  89  59  1
  90  59  1
 105  60  1
 139  60  1
 263  61  1
 264  61  1
 152  62  1
 153  62  1
  16  63  1
 109  64  1
 139  64  1
 148  65  1
 166  65  1
  14  66  1
  95  66  1
 265  66  1
  13  68  1
 164  69  1
 165  69  1
 251  69  1
  95  71  1
 163  71  1
 157  72  1
 235  72  1
 236  72  1
  18  74  1
 184  74  1
 237  74  1
   9  75  1
 189  75  1
 221  75  1
 243  75  1
 261  75  1
  21  76  1
 182  76  1
  92  77  1
  94  77  1
 211  77  1
 223  77  1
 224  77  1
 272  77  1
  85  78  1
 205  78  1
 228  78  1
  97  79  1
  98  79  1
 159  79  1
 188  79  1
 255  79  1
 259  79  1
 263  79  1
 202  80  1
  81  81  1
 182  81  1
 187  81  1
 214  81  1
 218  81  1
 235  81  1
  98  82  1
 222  82  1
 223  82  1
 247  82  1
 248  82  1
 249  82  1
 232  83  1
   5  84  1
   6  84  1
 167  84  1
 256  84  1
  93  85  1
  95  85  1
 199  85  1
 217  86  1
 221  86  1
 229  86  1
  12  87  1
  93  87  1
 245  87  1
  67  88  1
  71  88  1
 125  88  1
 280  88  1
 110  89  1
 111  89  1
 116  89  1
 117  89  1
 129  89  1
 196  89  2
 202  89  1
 119  90  1
 198  90  1
 233  90  1
 108  91  1
 172  91  1
 181  91  1
 205  91  1
  98  92  1
  70  93  1
  74  93  1
 133  93  1
 153  93  1
 154  93  1
 169  93  1
 177  93  1
  90  94  1
 263  94  1
  38  95  1
  81  95  1
 103  95  1
  43  96  1
  45  96  1
  96  96  1
 108  96  1
 109  96  1
 146  96  1
 206  96  1
 251  96  1
  60  97  1
  64  97  1
  72  97  1
 118  97  1
 162  97  1
 210  97  1
 135  98  1
 145  98  1
 228  98  1
 229  98  1
 277  98  1
  36  99  1
 173  99  1
 224  99  1
 111 100  1
 116 100  1
 158 100  1
 270 100  1
  52 101  1
  66 101  1
  76 101  1
  81 101  1
  82 101  1
 108 101  1
 122 101  1
  61 102  1
 207 102  1
 208 102  1
  71 103  1
  92 103  1
 118 103  1
 171 103  1
  34 104  1
  39 104  1
 106 104  1
 148 104  1
 159 104  1
 162 104  1
 217 104  1
  58 105  1
  59 105  1
 103 105  1
   1 106  1
  62 106  1
  82 106  1
 101 106  1
 144 106  1
 145 106  1
 168 106  1
 222 106  1
 223 106  1
  28 107  1
  54 107  1
  55 107  1
 115 107  1
 205 107  1
 206 107  1
 274 107  1
 275 107  1
  86 108  1
 111 108  1
 142 108  1
 200 108  1
 264 108  1
 277 108  1
  59 109  1
  78 109  1
  80 109  1
  90 110  1
 117 110  1
 228 110  1
  25 111  1
 214 111  1
 244 111  1
 245 111  1
  19 112  1
  20 112  1
  99 112  1
 107 112  1
 130 112  1
 139 112  1
 154 112  1
  77 113  1
 124 113  1
 182 113  1
 200 113  1
 225 113  1
 226 113  1
 258 113  1
 101 114  1
 193 114  1
   1 115  1
 126 115  1
 181 115  1
 199 115  1
 200 115  1
 242 115  1
 243 115  1
  98 116  1
 143 116  1
 192 116  1
 212 116  1
 234 116  1
 271 116  1
 272 116  1
 190 117  1
 239 117  1
 265 117  1
   7 118  1
   8 118  1
 102 118  1
 215 118  1
 234 118  1
  75 119  1
  77 119  1
  79 119  1
  84 119  1
 136 119  1
 239 119  1
   1 120  1
   2 120  1
  11 120  1
  35 120  1
  40 120  1
 143 120  1
 182 120  1
 184 120  1
 188 120  1
 211 120  1
 229 120  1
 234 120  1
 235 120  1
 268 120  1
  30 121  1
  31 121  1
 196 121  1
 217 121  1
 225 121  1
 281 121  1
 282 121  1
  11 122  1
  99 122  1
 101 122  1
 123 122  1
 211 122  1
 274 122  1
 275 122  1
 276 122  1
  25 123  1
 103 123  1
 127 123  1
  34 124  1
  35 124  1
  78 124  1
  79 124  1
 118 124  1
 239 124  1
 240 124  1
 245 125  1
 247 125  1
  39 126  1
  49 126  1
  66 126  1
 116 126  1
 117 126  1
 157 126  1
 185 126  1
 208 126  1
 219 126  1
 243 126  1
  82 127  1
  83 127  1
  87 127  1
  95 127  1
  96 127  1
  97 127  1
 153 127  1
 180 127  1
 181 127  1
 200 127  1
 279 127  1
 280 127  1
  57 128  1
 237 128  1
 238 128  1
  10 129  1
  27 129  1
  93 129  1
  95 129  1
 157 129  1
 180 129  1
 273 129  1
 274 129  1
  43 130  1
  49 130  1
  68 130  1
  82 131  1
  90 131  1
 164 131  1
 175 132  1
 187 132  1
  57 133  1
 119 133  1
 155 133  1
 240 133  1
 270 133  1
  65 134  1
  31 135  1
  37 135  1
  38 135  1
 181 135  1
 268 135  1
 269 135  1
 270 135  1
  71 136  1
  87 136  1
 118 136  1
 119 136  1
  76 137  1
  99 137  1
 241 137  1
  31 138  1
 242 139  1
 243 139  1
  90 140  1
  91 140  1
  92 140  1
 117 140  1
 118 140  1
 150 140  1
 102 141  1
 141 141  1
 142 141  1
 144 141  1
 166 141  1
 243 141  1
 177 142  1
 233 142  1
 234 142  1
 251 142  1
  38 143  1
 243 143  1
  92 144  1
  93 144  1
 247 144  1
  72 145  1
  73 145  1
  74 145  1
 161 145  1
 239 145  1
 120 146  1
 158 146  1
   3 147  1
   4 147  1
  24 147  1
  39 147  1
 101 147  1
 178 147  1
 251 147  1
 252 147  1
 257 147  1
 258 147  1
  26 148  1
 113 148  1
  29 149  1
  60 149  1
  61 149  1
 136 149  1
 269 149  1
 271 149  1
  32 150  1
 106 150  1
 165 150  1
 166 150  1
  16 151  1
  22 151  1
 255 151  1
   4 152  1
   5 152  1
  69 152  1
  71 152  1
  17 153  1
  38 153  1
  27 154  1
  99 154  1
 100 154  1
 169 154  1
 264 154  1
 159 155  1
 162 155  1
 249 155  1
 250 155  1
   5 156  1
   6 156  1
  14 156  1
  16 156  1
  22 156  1
 107 156  1
 174 156  1
 175 156  1
 255 156  1
  39 157  1
  70 157  1
 113 157  1
  36 158  1
  37 158  1
 122 158  1
 166 158  1
 175 158  2
  64 159  1
 106 159  1
 235 159  1
 243 159  1
 117 160  1
 169 160  1
 173 160  1
 174 160  1
 176 160  1
 220 160  1
 265 160  1
  95 161  1
 124 161  1
 222 161  1
 223 161  1
 257 161  1
  88 162  1
  89 162  1
 144 162  1
  23 163  1
  24 163  1
  37 163  1
  86 163  1
  99 163  1
 254 163  1
  76 164  1
 151 164  1
 240 164  1
 241 164  1
 279 164  1
 280 164  1
  39 165  1
  40 165  1
  86 165  1
 229 165  1
 230 165  1
 262 165  1
 272 165  1
  93 166  1
  94 166  1
 121 166  1
  51 167  1
  86 167  1
 154 167  1
 159 167  1
 267 167  1
  98 168  1
 183 168  1
   9 169  1
  10 169  1
  55 169  1
  75 169  1
  88 169  1
  89 169  1
  25 170  1
  42 170  1
  47 170  1
 226 170  1
 121 171  1
 125 171  1
 182 171  1
  10 172  1
  11 172  1
 190 172  1
 243 172  1
 262 172  1
 263 172  1
 275 172  1
  65 173  1
 122 173  1
 249 173  1
  51 174  1
  57 174  1
 136 174  1
 138 174  1
 166 174  1
 186 174  1
 242 174  1
  49 175  1
 114 175  1
 180 175  1
 249 175  1
 260 175  1
  73 176  1
 107 176  1
 226 176  1
  12 177  1
  45 177  1
 249 177  1
 139 178  1
 226 178  1
 242 179  1
 255 179  1
  40 180  1
 223 180  1
 230 180  1
 239 180  1
  16 181  1
 250 181  1
 255 181  1
 260 181  1
  37 182  1
  75 183  1
  76 183  1
 266 184  1
 251 187  1
 252 187  1
 253 187  1
  38 190  1
  40 190  1
  76 191  1
  77 191  1
 242 191  1
  42 192  1
  47 192  1
 225 192  1
 236 193  1
  52 194  1
 236 195  1
 261 195  1
 262 195  1
  41 196  1
  44 198  1
  45 198  1
  53 198  1
 231 198  1
 235 198  1
  79 200  1
 236 200  1
 246 200  1
 103 201  1
 240 201  1
  34 202  1
  51 202  1
 106 202  1
  82 203  1
 230 203  1
  86 204  1
 249 204  1
 250 204  1
 257 204  1
  65 205  1
  66 205  1
 230 205  1
  57 206  1
  86 206  1
 244 206  1
  81 207  1
  82 207  1
 108 207  1
 112 207  1
 113 207  1
 226 207  1
 230 207  1
  92 208  1
 147 209  1
 226 209  1
  61 210  1
  62 210  1
 108 210  1
 126 210  1
 150 210  1
  46 211  1
 239 211  1
  81 212  1
 108 212  1
 115 212  1
 116 212  1
 200 212  1
 239 213  1
 243 213  1
 138 214  1
 251 214  1
  76 215  1
 140 215  1
 141 215  1
 239 215  1
  79 216  1
 123 216  1
 160 216  1
 241 216  1
 141 217  1
 157 217  1
 187 217  1
 188 217  1
 197 217  1
  66 219  1
 112 219  1
 194 219  1
 195 219  1
  68 220  1
  80 220  1
  82 220  1
 154 220  1
 223 220  1
 224 220  1
  85 221  1
 104 221  1
 127 221  1
 128 221  1
 231 221  1
 232 221  1
 247 221  1
 248 221  1
  94 223  1
  95 223  1
 208 223  1
 219 223  1
 237 223  1
 135 224  1
 136 224  1
 153 224  1
 165 224  1
 166 224  1
 168 224  1
  85 225  1
  86 225  1
 119 225  1
 120 225  1
 142 225  1
 143 225  1
  63 226  1
 227 226  1
 233 226  1
 200 227  1
  95 228  1
 178 228  1
 219 228  1
 130 231  1
 184 231  1
 186 231  1
 179 232  1
  78 233  1
  80 233  1
 122 233  1
 152 233  1
 154 233  1
 217 233  1
 218 233  1
  82 234  1
 108 235  1
 137 235  1
 100 236  1
 184 236  1
 185 236  1
 230 236  1
  89 237  1
 118 237  1
 156 237  1
 199 237  1
 217 237  1
 189 238  1
 195 238  1
 197 238  1
  91 239  1
 110 239  1
 125 239  1
 150 239  1
 151 239  1
 225 240  1
 122 241  1
 128 241  1
 179 241  1
  95 242  1
 116 242  1
 163 242  1
 164 242  1
 184 242  1
 101 243  1
 114 243  1
 120 243  1
 169 243  1
 170 243  1
 142 244  1
 106 245  1
 179 245  1
 180 245  1
 187 245  1
 137 246  1
 146 246  1
 148 246  1
 129 247  1
 152 247  1
 187 247  1
 191 247  1
 211 247  1
 134 248  1
 135 248  1
 120 250  1
 142 250  1
 156 250  1
 204 250  1
 161 251  1
 135 255  1
 175 257  1


count = 892