 150   1  1
 154   1  1
 157   1  1
 173   1  1
 176   1  1
 181   2  1
 136   3  1
 133   4  1
 126   6  1
 195   6  1
 123   7  1
 117   9  1
 200   9  1
 105  13  1
 102  14  1
  97  16  1
  94  17  1
  89  18  1
  85  19  1
  80  21  1
  78  22  1
  97  23  1
  91  24  1
 212  24  1
  70  25  1
 209  25  1
 227  26  1
 170  28  1
 153  29  1
 205  29  1
 206  29  1
 197  30  1
  58  31  1
  78  31  1
 153  31  1
 189  31  1
 206  31  1
 220  32  1
  68  33  1
  69  33  1
 206  33  1
 224  33  1
 189  35  1
 195  35  1
  48  36  1
  49  36  1
 219  37  1
 233  37  1
  45  38  1
  79  38  1
  80  38  1
 125  38  1
 126  38  1
 155  38  1
 224  38  1
 226  38  1
  70  39  1
 150  39  1
 229  39  1
 230  39  1
 135  40  1
 127  41  1
 157  43  1
 204  43  1
 205  43  1
  69  44  1
  73  44  1
 131  44  1
 213  44  1
 231  44  1
  87  45  1
  92  45  1
 209  45  1
 220  45  1
  59  46  1
  64  46  1
 151  46  1
  78  47  1
  96  47  1
 100  47  1
 218  47  1
 254  47  1
  64  48  1
  69  48  1
  82  48  1
  83  48  1
  71  49  1
  72  49  1
 114  49  1
 126  49  1
 231  49  1
 232  49  1
  63  50  1
  64  50  1
 174  50  1
 126  51  1
 132  51  1
 167  51  1
 168  51  1
 216  51  1
 208  53  1
 227  54  1
  93  55  1
  63  56  1
  64  56  1
  91  56  1
 251  56  1
 124  57  1
 126  57  1
 210  57  1
 222  57  1
  66  58  1
 265  59  1
 133  60  1
 211  60  1
  75  61  1
  76  61  1
  79  61  1
 141  61  1
 157  61  1
 100  63  1
 157  63  1
  19  64  1
  93  64  1
 199  64  1
 202  64  1
 241  64  1
 243  64  1
 258  64  1
 135  65  1
 155  65  1
 237  65  1
 254  65  1
  62  67  1
 204  67  1
 205  67  1
 247  67  1
 248  67  1
 134  68  1
 217  68  1
 218  68  1
 219  68  1
 195  69  1
 196  69  1
 198  69  1
 214  69  1
 271  69  1
  64  70  1
 101  70  1
 219  70  1
 149  71  1
 195  71  2
  12  72  1
  66  72  1
 180  72  1
 200  72  1
 201  72  1
 263  72  1
 274  74  1
 275  74  1
  49  75  2
  50  75  1
 170  75  1
 220  75  1
 221  75  1
 102  76  1
 201  76  1
  22  77  1
 223  77  1
 224  77  1
  53  78  1
 235  78  1
 237  78  1
 240  79  1
   8  80  1
   9  80  1
  23  80  1
  63  80  1
 150  80  1
 195  80  1
 225  80  1
 255  80  1
  53  81  1
  60  82  1
 225  82  1
 277  82  1
 278  82  1
  17  83  1
  49  83  1
 236  83  1
 257  83  1
  99  85  1
 135  85  1
 236  85  1
 160  86  1
 259  86  1
  21  87  1
 101  87  1
 102  87  1
 236  87  1
 254  87  1
  37  88  1
 132  88  1
 266  88  1
 193  89  1
 239  89  1
 257  89  1
  84  90  1
  85  90  1
  95  90  1
 102  90  1
 280  90  1
 281  90  1
 129  91  1
 182  91  1
 183  91  1
 262  91  1
  73  92  1
  74  92  1
  81  92  1
  82  92  1
  98  92  1
 127  93  1
 147  93  1
 187  93  1
 239  93  1
 240  93  1
 257  93  1
  35  94  1
  98  94  1
 104  94  1
 253  94  1
  29  95  1
  76  95  1
  80  95  1
 261  95  1
 262  95  1
  12  96  1
 112  96  1
 232  96  1
 144  97  1
  26  98  1
 129  98  1
 184  98  1
 192  98  1
 236  98  1
 260  98  1
 125  99  1
 138  99  1
 135 100  1
 194 100  1
 198 100  1
 275 100  1
  53 101  1
 103 101  1
 104 101  1
 233 101  1
 234 101  1
 241 101  1
 114 102  1
 254 102  1
 255 102  1
   2 103  1
   3 103  1
  52 103  1
 273 103  1
  61 104  1
  62 104  1
  63 104  1
 125 104  1
 227 104  1
 229 104  1
 266 104  1
 109 105  1
 125 106  1
 245 106  1
 261 106  1
 262 106  1
  87 107  1
 113 107  1
 169 107  1
 256 107  1
  42 108  1
  50 108  1
 132 108  1
 220 108  1
 113 109  1
 135 109  1
 216 109  1
  89 110  1
 106 110  1
 235 110  1
 239 110  1
  49 111  1
  50 111  1
  66 111  1
  71 111  1
 112 111  1
 114 111  1
  54 112  1
  74 112  1
 119 112  1
 171 112  1
 248 112  1
 251 112  1
 252 112  1
 117 113  1
 144 113  1
 239 114  1
 240 114  1
 254 114  1
  21 115  1
 107 115  1
 108 115  1
 169 115  1
 185 115  1
 244 115  1
 248 115  1
  30 116  1
  31 116  1
  48 116  1
  52 116  1
 111 116  1
 276 116  1
  89 117  1
  95 117  1
 181 117  1
 250 117  1
 254 117  1
  82 118  1
  83 118  1
 146 118  1
 174 118  1
 214 118  1
 218 118  1
 236 118  1
  14 119  1
  79 119  1
 256 119  1
 257 119  1
  97 120  1
 113 120  1
 151 120  1
 152 120  1
 220 120  1
 275 120  1
   1 121  1
   2 121  1
  33 121  1
  89 121  1
  90 121  1
  92 121  1
 226 121  1
 158 122  1
 159 122  1
 269 122  1
 271 122  1
 272 122  1
  47 123  1
 143 123  1
 144 123  1
 171 123  1
 177 123  1
   9 124  1
  13 124  1
  85 124  1
 110 124  1
 166 124  1
 259 124  1
 282 124  1
   2 125  1
   3 125  1
  15 125  1
  70 125  1
 172 125  1
 173 125  1
 190 125  1
 229 125  1
 233 125  1
 101 126  1
 144 126  1
 150 126  1
 216 126  1
 223 126  1
 276 126  1
 161 127  1
 249 127  1
 198 128  1
 237 128  1
 269 128  1
 274 128  1
  33 129  1
  38 129  1
 163 129  1
  26 130  1
  88 130  1
 143 130  1
 144 130  1
 145 130  1
 152 130  1
 153 130  1
 171 130  1
 257 130  1
 258 130  1
   1 131  1
 242 131  1
  78 132  1
  90 132  1
 189 132  1
 194 132  1
 221 132  1
 183 133  1
 198 133  1
 207 133  1
 275 133  1
  26 134  1
  98 134  1
 147 134  1
 159 134  1
 169 134  1
 170 134  1
 214 134  1
 269 134  1
  18 135  1
  21 135  1
 127 135  1
 139 135  1
 140 135  1
 153 135  1
 161 135  1
 181 135  1
 210 135  1
  45 136  1
 169 136  1
 188 136  1
 219 136  1
  41 137  1
 112 137  1
 192 137  1
 169 138  1
 185 138  1
 238 138  1
 207 139  1
 222 139  1
 223 139  1
 248 139  1
 269 139  1
   5 140  1
 155 140  1
 163 140  1
 214 140  1
   9 141  1
  20 142  1
  21 142  1
 195 142  1
 198 142  1
 211 142  1
  39 143  1
 185 143  1
 202 143  1
 261 143  1
 271 143  1
  25 144  1
  73 144  1
 179 144  1
 206 144  1
 165 145  1
 225 145  1
  65 146  1
 152 146  1
 187 146  1
 256 146  1
 257 146  1
  18 147  1
  23 147  1
  29 147  1
  36 147  1
  93 147  1
 275 147  1
  69 148  1
 100 148  1
 236 148  2
  16 149  1
  17 149  1
  84 149  1
 108 149  1
 173 149  1
 174 149  1
 189 149  1
   1 150  1
  26 150  1
  74 150  1
 215 150  1
 222 150  1
 228 150  1
 268 150  1
  64 151  1
  65 151  1
 172 151  1
 238 151  1
 239 151  1
 148 152  1
 166 152  1
  63 153  1
 169 153  1
 232 153  1
 233 153  1
  18 154  1
  96 154  1
 119 154  1
 268 154  1
  51 155  1
  92 155  1
  93 155  1
 114 155  1
 134 155  1
 215 155  1
 217 155  1
 242 155  1
 243 155  1
 127 156  1
 150 156  1
 151 156  1
  61 157  1
  62 157  1
 113 157  1
 134 157  1
 230 157  1
 231 157  1
 237 157  1
 119 158  1
  66 159  1
  68 159  1
 147 159  1
 280 159  1
 281 159  1
  57 160  1
 118 160  1
 119 160  1
 137 160  1
 152 160  1
 154 160  1
 261 160  1
  23 161  1
 131 161  1
 156 161  1
  70 162  1
 107 162  1
 218 162  1
 144 163  1
 145 163  1
 151 163  1
 227 163  1
   3 164  1
   4 164  1
  49 164  1
  73 164  1
 125 164  1
 211 164  1
 216 164  1
 279 164  1
 280 164  1
  45 165  1
 137 165  1
 138 165  1
 189 165  1
 102 167  1
 106 167  1
 180 167  1
 184 167  1
  21 168  1
  44 168  1
 146 168  1
 211 168  1
 264 168  1
 265 168  1
  95 169  1
 108 169  1
 167 169  1
 220 169  1
   5 170  1
   6 170  1
  38 170  1
  87 170  1
 136 170  1
 108 171  1
  14 172  1
  40 172  1
 118 172  1
 136 172  1
 214 172  1
 217 172  1
 251 172  1
 166 173  1
 260 173  1
  47 174  1
  48 174  1
 157 174  1
 197 174  1
  93 175  1
  95 175  1
 107 175  1
 126 175  1
 155 175  1
 180 175  1
 181 175  1
 209 175  1
 248 175  1
 192 176  1
 203 176  1
 273 176  1
  37 177  1
  44 177  1
 130 177  1
 245 177  1
 185 178  1
 194 178  1
 195 178  1
  89 179  1
  91 179  1
  92 179  1
 107 179  1
 111 180  1
 146 180  1
 202 180  1
 214 180  1
 215 180  1
 143 181  1
 104 182  1
 105 182  1
 115 182  1
 150 182  1
 152 182  1
 174 182  1
 182 182  1
 188 182  1
  34 183  1
 197 183  1
 243 183  1
 244 183  1
  12 184  1
  37 185  1
 153 185  1
 205 185  1
  48 186  1
  49 186  1
 111 186  1
 184 186  1
 188 186  1
 201 186  1
 125 187  1
 195 187  1
 199 187  1
  15 188  1
 144 188  1
 267 188  1
  25 189  1
  31 189  1
 113 189  1
 134 189  1
 119 190  1
 124 190  1
 126 190  1
 136 190  1
 155 190  1
 191 190  1
 113 191  1
 140 191  1
  59 192  1
 157 192  1
 265 192  1
  19 193  1
 145 193  1
 112 194  1
 113 194  1
 120 194  1
 239 194  1
 240 194  1
 136 195  1
 142 195  1
 263 195  1
 132 197  1
 214 198  1
 120 199  1
 221 199  1
  46 200  1
  74 200  1
 107 200  1
 108 200  1
 235 200  1
 126 201  1
 204 201  1
 257 201  1
  77 202  1
 109 203  1
 212 203  1
 128 204  1
 235 204  1
  80 205  1
 204 205  1
 227 205  1
 112 206  1
 116 207  1
 117 207  1
 204 207  1
 213 207  1
 231 207  1
  30 208  1
  82 208  1
 136 209  1
 137 209  1
 158 209  1
 233 209  1
 249 209  1
 200 210  1
  83 211  1
 130 211  1
 217 211  1
 132 212  1
 133 212  1
 156 213  1
 170 213  1
 209 213  1
  44 214  1
  45 214  1
 160 214  1
  79 215  1
 155 215  1
 179 215  1
  38 216  1
 131 217  1
 181 217  1
 122 218  1
 136 218  1
 137 218  1
 224 218  1
 242 218  1
 101 220  1
 153 220  1
 154 220  1
 166 220  1
 167 220  1
 195 220  1
 196 220  1
 229 220  1
 230 220  1
  44 221  1
  81 221  1
 142 221  1
 240 221  1
 116 222  1
  86 223  1
 109 223  1
 110 223  1
 150 223  1
 219 223  1
 239 223  1
  93 224  1
 100 224  1
 130 224  1
 131 224  1
 237 224  1
 120 225  1
 199 225  1
 100 226  1
 178 226  1
 179 226  1
  83 227  1
 103 227  1
 111 227  1
 119 227  1
 147 227  1
 233 227  1
  69 228  1
 122 228  1
  55 229  1
 227 230  1
 228 230  1
  59 231  1
 132 231  1
 177 231  1
 178 231  1
 185 231  1
 120 232  1
 142 232  1
 209 232  1
 127 233  1
 138 233  1
  80 234  1
 103 234  1
 104 234  1
 110 235  1
 187 235  1
  65 236  1
  66 236  1
 121 236  1
 127 236  1
 123 237  1
 147 238  1
 166 238  1
 185 238  1
 215 238  1
 102 239  1
 103 239  1
 142 240  1
 181 240  1
 150 241  1
 188 241  1
 195 241  1
 131 242  1
 156 242  1
 207 242  1
  79 243  1
 108 243  1
 125 243  1
 188 243  1
 205 243  1
 102 244  1
 106 244  1
 131 244  1
 132 244  1
 146 245  1
 119 246  1
 137 246  1
 138 246  1
 146 247  1
 131 248  1
 136 249  1
 145 249  1
  96 250  1
  98 250  1
 146 251  1
 184 252  1
 186 252  1
 143 257  1


count = 835