 143   1  1
 148   1  1
 182   1  1
 138   2  1
 132   4  1
 159   5  1
 165   6  1
 172   7  1
 180   7  1
 181   7  1
 120   8  1
 175   8  1
 176   8  1
 205   8  1
 114  10  1
 139  10  1
 159  10  1
 160  10  1
 110  11  1
 112  11  1
 178  11  1
 107  12  1
 156  14  1
 100  15  1
 139  15  1
 140  15  1
 219  15  1
  96  16  1
  98  16  1
 116  16  1
 154  16  1
 155  16  1
 211  17  1
 145  18  1
 110  19  1
 111  19  1
 118  19  1
 129  19  1
 174  19  1
 175  19  1
 179  19  1
 180  19  1
 215  19  1
 226  19  1
 120  20  1
  69  21  1
  70  21  1
 129  21  1
 158  21  1
  83  22  1
 112  22  1
 147  22  1
 230  22  1
  66  23  1
 103  23  1
  97  24  1
  98  24  1
 116  24  1
 147  24  1
 148  24  1
 122  25  1
 197  25  1
  87  26  1
  93  26  1
 212  26  1
  61  27  1
 184  27  1
 191  27  1
 192  27  1
 227  27  1
  95  28  1
  96  28  1
 103  28  1
 117  28  1
 204  29  1
 230  29  1
 232  29  1
  55  30  1
 168  30  1
 169  30  1
 104  31  1
 110  31  1
 111  31  1
 130  31  1
 131  31  1
 149  31  1
 179  31  1
 180  31  1
 223  32  1
 227  33  1
 101  35  1
 122  35  1
 127  35  1
 131  35  1
 206  35  1
 154  36  1
 177  36  1
 197  36  1
 226  36  1
 227  36  1
 248  36  1
 173  37  1
 220  37  1
 250  37  1
 157  39  1
 225  39  1
 226  39  1
  59  40  1
 122  40  1
 123  40  1
 168  40  1
 190  40  1
 218  40  1
 117  41  1
 205  41  1
 198  42  1
 199  42  1
  62  43  1
  63  43  1
 184  43  2
 185  43  1
 112  44  1
 166  44  1
 204  44  1
 106  45  1
 107  45  1
 122  45  1
 220  45  1
  44  46  1
 120  46  1
 190  47  1
 198  47  1
 193  48  1
 159  49  1
 110  50  1
 165  50  1
 167  50  1
 169  50  1
  39  51  1
  65  51  1
  66  51  1
 161  52  1
 262  53  1
  47  55  1
  56  55  1
 171  55  1
 264  56  1
 230  57  1
  55  58  1
 226  58  1
  71  59  1
  72  59  1
 239  59  1
  61  60  1
  62  60  1
  63  60  1
  65  60  1
 233  62  1
 268  62  1
 269  62  1
  69  64  1
  19  65  1
  58  65  1
 244  67  1
 248  67  1
 270  67  1
 271  67  1
  67  68  1
 258  68  1
 222  70  1
 223  70  1
  26  71  1
  59  71  1
  87  72  1
 263  72  1
  33  73  1
 212  73  1
 218  73  1
 273  73  1
 274  73  1
  82  74  1
  67  75  1
 208  75  1
 209  75  1
 259  77  1
  11  78  1
  31  78  1
  37  78  1
  70  80  1
   9  81  1
 271  81  1
  55  82  1
  57  82  1
  76  82  1
 266  82  1
   8  83  1
 177  84  1
  13  86  1
  28  86  1
  29  86  1
 146  86  1
 147  86  1
 272  86  1
 273  86  1
  49  87  1
  51  87  1
  53  87  1
  32  88  1
 164  88  1
 156  89  1
 153  90  1
  16  91  1
  40  91  1
  47  91  1
 149  91  1
 151  91  1
 136  92  1
 166  92  1
 168  92  1
 190  92  1
  11  93  1
 184  93  1
 211  93  1
 208  95  2
   2  96  1
   3  96  1
 101  96  1
 108  96  1
 168  96  1
 182  96  1
 183  96  1
 279  96  1
 280  96  1
  23  97  1
  27  97  1
  92  97  1
 214  97  1
 163  98  1
 198  98  1
 182  99  1
 176 100  1
 237 100  1
  17 101  1
  18 101  1
 152 101  1
 188 101  1
 212 101  1
  91 102  1
  92 102  1
 135 102  1
 136 102  1
 159 103  1
 219 103  1
 221 103  1
 223 103  1
  95 104  1
  96 104  1
 192 104  1
 262 104  1
 120 105  1
 134 105  1
 171 105  1
   1 106  1
 262 106  1
  15 107  1
  16 107  1
 190 107  1
 213 107  1
 235 107  1
 247 107  1
 267 107  1
 268 107  1
 159 108  1
 218 108  1
 249 108  1
 251 108  1
 270 108  1
 237 109  1
 241 109  1
  42 110  1
  43 110  1
 156 110  1
 186 110  1
 187 110  1
  39 111  1
 147 111  1
 258 111  1
  49 112  1
 107 112  1
 111 112  1
 154 112  1
 265 112  1
  27 113  1
 273 113  1
  99 114  1
 175 114  1
 198 114  1
 199 114  1
 233 114  1
 239 114  1
 249 114  1
 266 114  1
  21 115  1
 258 115  1
   7 116  1
 251 116  1
  98 117  1
 171 117  1
 172 117  1
   9 118  1
  10 118  1
 176 118  1
 195 118  1
   1 119  1
 185 119  1
 267 119  1
 163 121  1
  96 122  1
  97 122  1
 129 122  1
 182 122  1
 258 122  1
 270 122  1
  10 123  1
 165 123  1
 167 123  1
 243 123  1
 250 123  1
 266 123  1
 113 124  1
  10 125  1
 101 125  1
 182 125  1
 183 125  1
 184 125  1
 115 127  1
 119 127  1
 182 127  1
 192 127  1
 198 127  1
 222 127  1
 251 127  1
  15 128  1
  18 128  1
  92 128  1
 101 128  1
 137 128  1
 141 128  1
 219 128  1
 247 128  1
 259 128  1
 127 129  1
 128 129  1
 157 129  1
 214 129  1
 241 129  1
 242 129  1
   8 130  1
  91 130  1
 149 130  1
 150 130  1
 178 130  1
 188 130  1
  12 131  1
  13 131  1
 195 131  1
 131 132  1
 133 132  1
 134 132  1
 137 132  1
 192 132  1
 200 132  1
 211 132  1
 220 132  1
 226 132  1
 265 132  1
  11 133  1
  12 133  1
  13 133  1
 124 133  1
 229 133  1
   4 134  1
 140 134  1
 141 134  1
 142 134  1
  24 135  1
 190 135  1
 215 135  1
  15 136  1
  17 136  1
 179 136  1
 128 137  1
 131 137  1
 183 137  1
 239 137  1
   1 138  1
 193 138  1
 194 138  1
 272 138  1
   6 139  1
  20 139  1
  25 139  1
 167 139  1
 183 139  1
 233 139  1
 179 140  1
 279 140  1
 216 142  1
 164 143  1
 165 143  1
 218 143  1
 278 143  1
  65 144  1
  71 144  1
  72 144  1
 226 144  1
 229 144  1
   5 145  1
   6 145  1
 143 145  1
 197 145  1
 199 145  1
 126 146  1
 150 146  1
 202 146  1
 203 146  1
   6 147  1
 123 147  1
 219 147  1
  42 148  1
  43 148  1
 144 148  1
 161 148  1
 223 148  1
   6 149  1
 120 149  1
 136 149  1
 137 149  1
  66 150  1
 134 151  1
 164 151  1
 204 151  1
 226 151  1
 147 152  1
 148 152  1
 239 152  1
   1 153  1
 209 153  1
   7 154  1
  37 154  1
  48 154  1
 230 154  1
  43 155  1
  39 156  1
 113 156  1
 130 156  1
   1 157  1
 109 157  1
 110 157  1
 202 157  1
  97 159  1
 189 159  1
 168 160  1
 198 160  1
 246 160  1
  37 161  1
 252 161  1
 282 161  1
 283 161  1
 108 162  1
  22 163  1
  42 163  1
  47 163  1
  96 163  1
  11 164  1
 127 164  1
 176 164  1
 186 164  1
  98 165  1
 129 165  1
 131 165  1
 256 165  1
  30 167  1
 104 167  1
  38 168  1
  50 168  1
  97 168  1
 145 168  1
 155 170  1
 172 171  1
 191 171  1
  44 172  1
 101 172  1
 103 172  1
 125 172  1
 130 172  1
 131 172  1
 174 172  1
  49 174  1
   8 176  1
  53 176  1
 280 177  1
 281 177  1
 222 178  1
 227 178  1
  61 180  1
  66 180  1
  69 180  1
 235 182  1
 278 182  1
 279 182  1
  58 183  1
 119 183  1
 258 183  1
 237 184  1
 238 184  1
  60 185  1
 115 185  1
 253 185  1
 269 185  1
 277 185  1
 278 185  1
  15 186  1
  63 187  1
 121 187  1
 122 187  2
 113 189  1
 115 189  1
 117 189  1
  72 191  1
  59 192  1
  60 192  1
 238 192  1
  69 193  1
 274 193  1
  50 195  1
  51 195  1
 235 195  1
 236 195  1
  66 196  1
 272 196  1
  54 197  1
  58 197  1
  63 198  1
 231 199  1
 236 199  1
  61 201  1
 238 201  1
 230 202  1
 231 202  1
 269 202  1
 133 204  1
  41 205  1
  42 205  1
 244 205  1
  45 207  1
 219 207  1
 265 207  1
 133 208  1
 246 208  1
 247 208  1
 239 209  1
 138 211  1
 262 211  1
 124 212  1
 149 212  1
 150 212  1
  66 213  1
  70 213  1
  71 213  1
 127 213  1
 210 213  1
 247 213  1
 182 214  1
 243 214  1
 145 215  1
  96 216  1
 120 216  1
 150 217  1
 258 217  1
  61 218  1
  62 218  1
 140 218  1
  48 219  1
 166 219  1
 171 219  1
  71 220  1
 131 220  1
 143 220  1
 147 220  1
 161 220  1
 208 220  1
 228 220  1
 229 220  1
  51 221  1
  62 221  1
  96 221  1
 136 221  1
  81 222  1
 160 222  1
 161 222  1
 184 222  1
 195 222  1
  54 223  1
 129 223  1
  67 224  1
  68 224  1
 160 224  1
  56 225  1
  84 225  1
  94 225  1
 182 225  1
 197 225  1
 225 225  1
  88 226  1
 127 226  1
 138 226  1
 139 226  1
  59 227  1
 234 227  1
 146 228  1
 227 228  1
 140 229  1
 236 229  1
 164 230  1
 229 230  1
  91 231  1
 232 232  1
  94 235  1
 237 235  1
  79 236  1
  95 237  1
 210 237  1
 132 238  1
 133 238  1
 137 239  1
 138 239  1
 232 239  1
 217 240  1
 149 241  1
 150 241  1
 166 241  1
 157 242  1
 162 242  1
 190 242  1
 227 242  1
 105 243  1
 210 243  1
 135 244  1
 150 244  1
 151 244  1
 192 245  1
 193 245  1
 114 246  1
 157 246  1
 221 246  1
 166 247  1
 167 247  1
 118 248  1
 161 248  1
 217 248  1
 121 249  1
 214 249  1
 153 250  1
 170 250  1
 189 250  1
 133 252  1
 165 252  1
 205 252  1
 156 257  1


count = 670