 150   1  1
 153   1  1
 164   1  1
 167   1  1
 199   6  1
 201   7  1
 147   8  1
 160   8  1
 161   8  1
 179   9  1
 184   9  1
 175  10  1
 206  10  1
 102  11  1
 130  11  1
 143  12  1
 144  12  1
 172  12  1
  86  14  1
 148  14  1
  83  15  1
 126  15  1
 130  15  1
 177  15  1
 215  15  1
 216  15  1
 110  16  1
 174  16  1
 179  16  1
 180  16  1
 104  17  1
  72  18  1
 107  19  1
  69  20  1
 115  20  1
 143  20  1
 144  20  1
 225  20  1
  81  21  1
  97  21  1
 107  21  1
 122  21  1
 126  21  1
 127  21  1
  68  22  1
  99  22  1
 120  22  1
  94  23  1
 165  24  2
 166  24  1
 182  24  1
 200  24  1
 201  24  1
 202  24  1
 102  25  1
 152  25  1
  93  26  1
  94  26  1
 143  26  1
 207  26  1
  80  27  1
 107  27  1
 127  27  1
 128  27  1
  63  28  1
  77  28  1
 118  28  1
 168  28  1
 181  28  1
  86  29  1
  90  29  1
 122  29  1
 138  29  1
 139  29  1
 188  29  1
 237  29  1
  82  30  1
  67  31  1
  74  31  1
 129  31  1
 186  31  1
  59  32  1
 140  33  1
  92  34  1
 168  34  1
 180  34  1
 191  34  1
 174  35  1
 175  35  1
  81  36  1
  83  36  1
 229  36  1
 230  36  1
  66  37  1
  71  37  1
 156  37  1
 158  37  1
 172  37  1
 245  37  1
  59  39  1
 183  39  1
  70  40  1
 230  40  1
  94  41  1
 128  41  1
 181  41  1
 167  42  1
 175  42  1
 234  42  1
  43  43  1
  59  43  1
  60  43  1
  82  43  1
  85  43  1
 127  43  1
 239  43  1
 117  44  1
 118  44  1
 169  44  1
  52  45  1
 172  45  1
 173  45  1
 189  45  1
  60  47  1
  61  47  1
  63  48  1
  65  48  1
  67  48  1
  69  48  1
 174  49  1
  35  50  1
 255  50  1
 256  50  1
  48  51  1
 225  52  1
  30  53  1
  46  53  1
 182  53  1
 183  53  1
 133  54  1
  41  55  1
  43  55  1
 198  56  1
 216  56  1
 219  56  1
 220  56  1
 251  56  1
  24  59  1
  50  59  1
  51  59  1
  52  59  1
 168  60  1
 172  60  1
 173  60  1
  23  61  1
  44  61  1
 226  61  1
  21  62  1
  34  62  1
 257  62  1
 266  63  1
 267  63  1
  42  64  1
  57  64  1
  27  65  1
 227  66  1
 261  66  1
 163  67  1
 256  67  1
  31  68  1
  39  68  1
 169  68  1
  21  69  1
  26  69  1
  82  69  1
 161  69  1
  66  70  1
  67  70  1
 234  70  1
  12  71  1
  18  71  1
  28  71  1
  62  71  1
  84  71  1
 133  71  1
 214  71  1
  42  72  1
  50  72  1
  98  72  1
 161  72  1
  89  73  1
 169  73  1
 238  73  1
  32  74  1
  53  74  1
 104  74  1
 127  74  1
 212  74  1
  47  75  1
  48  75  1
  62  75  1
 241  75  1
 245  75  1
  57  76  1
  86  76  1
 107  76  1
 131  76  1
 266  76  1
 275  76  1
 276  76  1
 102  78  1
 225  78  1
  30  79  1
  31  79  1
 204  79  1
 218  79  1
 240  79  1
 266  79  1
  35  80  1
  42  80  1
  46  80  1
  58  80  1
 137  80  1
 142  80  1
 262  80  1
  54  81  1
 107  81  1
 259  81  1
  50  82  1
 138  82  1
 140  82  1
 142  82  1
 223  82  1
  96  83  1
 103  83  1
 249  83  1
   7  84  1
   8  84  1
  40  84  1
 145  84  1
 214  84  1
 232  84  1
 101  85  1
 102  85  1
 103  85  1
 252  85  1
  91  86  1
 221  86  1
 232  86  1
   6  87  1
   7  87  1
  51  87  1
  96  87  1
 139  87  1
 210  87  1
 228  87  1
 162  88  1
 234  88  1
 246  88  1
  46  89  1
  47  89  1
  92  89  1
 146  89  1
 200  89  1
 225  89  1
   5  90  1
   6  90  1
 104  90  1
 204  90  1
 236  90  1
  98  91  1
 156  91  1
 159  91  1
 174  91  1
 192  91  1
 279  91  1
 280  91  1
  43  92  1
 252  92  1
 253  92  1
  51  94  1
 151  94  1
 204  94  1
 241  94  1
 142  95  1
 174  95  1
 208  95  1
 227  95  1
 213  96  1
 222  96  1
 251  96  1
 253  96  1
 130  97  1
  31  98  1
  45  98  1
 220  98  1
 183  99  1
 184  99  1
 187  99  1
 193  99  1
 194  99  1
 242  99  1
 254  99  1
 259  99  1
  46 100  1
  50 100  1
 156 100  1
 240 100  1
 119 101  1
 209 101  1
 210 101  1
  28 102  1
 163 102  1
 254 102  1
   2 103  1
   3 103  1
  92 103  1
 130 103  1
 148 103  1
 161 103  1
 199 103  1
 209 103  1
 210 103  1
 246 103  1
  23 104  1
 139 104  1
 195 104  1
 196 104  1
 204 104  1
 239 104  1
 261 104  1
  39 105  1
  46 105  1
 212 105  1
 213 105  1
   1 106  1
   2 106  1
  18 106  1
 122 106  1
 144 106  1
 183 106  1
 184 106  1
 234 106  1
 235 106  1
  22 107  1
  38 107  1
 108 107  1
 165 107  1
 166 107  1
 187 107  1
 258 107  1
  26 108  1
 113 108  1
 144 108  1
 239 108  1
   1 109  1
  52 109  1
 143 110  1
 161 110  1
 204 110  1
  17 111  1
  18 111  1
  40 111  1
  46 111  1
 156 111  1
 178 111  1
 180 111  1
 187 111  1
 197 111  1
 257 111  1
 115 112  1
 136 112  1
 143 112  1
  18 113  1
  45 113  1
  63 113  1
 121 113  1
 197 113  1
 215 113  1
  50 114  1
  72 114  1
 140 114  1
 208 114  1
 247 114  1
  52 115  1
  79 115  1
 105 115  1
 280 115  1
 281 115  1
  81 116  1
 234 116  1
 270 116  1
   1 117  1
  18 117  1
 122 117  1
 130 117  1
 186 117  1
  75 118  1
 142 118  1
 196 118  1
 198 118  1
 215 118  1
 223 118  1
   7 119  1
 107 119  1
  57 120  1
 128 120  1
 195 120  1
 249 120  1
 250 120  1
  77 121  1
  96 121  1
 107 121  1
 108 121  1
 225 121  1
 243 121  1
 271 121  1
  40 122  1
  80 122  1
 123 122  1
 137 122  1
 139 122  1
 209 122  1
  12 123  1
  88 123  1
 115 123  1
 143 123  1
 144 123  1
 235 123  1
 259 123  1
  55 124  1
 119 124  1
 121 124  1
 190 124  1
 196 124  1
 216 124  1
 239 124  1
   7 125  1
 107 125  1
 246 125  1
 248 125  1
  59 126  1
 101 126  1
 132 126  1
 200 126  1
 218 126  1
  22 127  1
  39 127  1
  40 127  1
 122 127  1
 184 127  1
 211 127  1
  12 128  1
  26 128  1
  31 128  1
  87 128  1
 108 128  1
 112 128  1
 144 128  1
 272 128  1
  47 129  1
 132 129  1
 216 129  1
 181 130  1
 246 130  1
  15 131  1
 123 131  1
 124 131  1
 138 131  1
 150 131  1
 190 131  1
 201 131  1
  53 132  1
  54 132  1
  70 132  1
  71 132  1
 134 132  1
 252 132  1
   7 133  1
 120 133  1
 121 133  1
  12 134  1
  45 134  1
 101 134  1
 102 134  1
 130 134  1
 198 134  1
 199 134  1
   1 135  1
   2 135  1
  35 135  1
  60 135  1
 148 135  1
 152 135  1
 181 135  1
  43 136  1
  52 136  1
 174 136  1
 178 136  1
 279 136  1
 280 136  1
 122 137  1
 157 137  1
 158 137  1
 181 137  1
   1 138  1
  10 138  1
  22 138  1
  23 138  1
 109 138  1
 115 138  1
 129 138  1
 133 138  1
 144 138  1
 145 138  1
 146 138  1
   7 139  1
  14 139  1
  37 139  1
  43 139  1
  48 139  1
 272 139  1
  35 140  1
 140 140  1
 141 140  1
 142 140  1
  28 141  1
  99 141  1
 100 141  1
 127 141  1
 198 141  1
 199 141  1
  17 142  1
  18 142  1
 119 142  1
 158 142  1
 159 142  1
  97 143  1
 111 143  1
 164 143  1
   1 144  1
  20 144  1
 105 144  1
 267 144  1
  26 145  1
 132 145  1
 133 145  1
 200 146  1
  77 147  1
  78 147  1
 100 147  1
 142 147  1
 160 147  1
 170 147  1
 252 147  1
 263 147  1
  22 148  1
  49 148  1
 155 148  1
 258 148  1
  45 149  1
  47 149  1
  63 149  1
 143 149  1
  51 151  1
  59 151  1
 101 151  1
 155 151  1
 173 151  1
 249 151  1
  39 152  1
  40 152  1
  85 152  1
  86 152  1
 151 152  1
  10 153  1
  14 153  1
  42 153  1
  80 153  1
  81 153  1
 168 153  1
 169 153  1
 245 153  1
 270 153  1
 271 153  1
  23 154  1
 261 154  1
  52 155  1
  98 155  1
 169 155  1
  17 156  1
  23 156  1
 106 156  1
 151 156  1
 253 156  1
 143 157  1
 162 157  1
 163 157  1
 174 157  1
 175 157  1
 268 157  1
 269 157  1
  92 158  1
 167 158  1
 211 158  1
  27 159  1
  28 159  1
  42 159  1
  48 159  1
  88 159  1
 154 159  1
 177 159  1
 251 159  1
  35 160  1
 243 160  1
 244 160  1
 245 160  1
 103 161  1
 216 161  1
 218 161  1
 257 161  1
  46 162  1
 181 162  1
 112 163  1
 114 163  1
 203 163  1
 263 163  1
 271 163  1
  31 164  1
 205 164  1
 167 165  1
 257 165  1
 271 165  1
  42 166  1
  46 166  1
 187 166  1
  10 167  1
  11 167  1
 228 167  1
  28 168  1
  29 168  1
  30 168  1
  46 168  1
 165 168  1
 210 168  1
   3 169  1
 120 169  1
 261 169  1
  11 171  1
  27 172  1
  43 173  1
 277 173  1
 213 174  1
 260 174  1
  11 175  1
 148 175  1
 249 175  1
  48 176  1
 253 176  1
  43 177  1
  58 178  1
 147 178  1
  69 179  1
  83 179  1
 211 179  1
 212 179  1
  78 180  1
  97 180  1
  98 180  1
  48 181  1
 146 181  1
 249 181  1
 250 181  1
 254 181  1
 257 181  1
 260 181  1
  56 182  1
  62 183  1
 146 183  1
  20 184  1
  83 184  1
 263 184  1
  14 185  1
  15 185  1
  50 185  1
  52 185  1
 254 185  1
 147 186  1
 218 186  1
 100 187  1
 149 187  1
 206 187  1
 253 187  1
 259 187  1
 142 188  1
 201 188  1
 221 188  1
 248 188  1
  24 189  1
  16 190  1
 228 190  1
 243 190  1
 252 190  1
 234 191  1
 198 192  1
 216 192  1
 251 192  1
 138 193  1
 147 193  1
 194 193  1
 203 193  1
 209 193  1
  25 194  1
  34 194  1
  42 194  1
  47 194  1
 250 194  1
 132 195  1
 144 195  1
 145 195  1
 255 195  1
  40 196  1
  46 196  1
  47 196  1
 163 196  1
 218 196  1
 224 196  1
 241 196  1
 245 196  1
 246 196  1
  14 197  1
  38 197  1
 262 197  1
 163 198  1
  73 199  1
  74 199  1
 205 199  1
 219 200  1
 246 200  1
  30 202  1
  80 202  1
  82 202  1
 130 202  1
 191 202  1
  73 203  1
 101 203  1
 173 203  1
 224 203  1
  33 204  1
  34 204  1
  35 204  1
  40 205  1
 166 205  1
 175 205  1
  82 206  1
 126 206  1
 198 206  1
 255 206  1
  69 207  1
 103 207  1
 116 207  1
  81 208  1
  82 208  1
 210 208  1
 187 209  1
 218 209  1
 193 210  1
 220 210  1
 174 211  1
 185 211  1
 206 211  1
 223 211  1
  33 213  1
  84 213  1
 184 213  1
  67 214  1
 181 214  1
 236 214  1
 240 214  1
 161 215  1
 209 215  1
 105 216  1
 106 216  1
 224 216  1
 225 216  1
  58 217  1
  84 217  1
 119 217  1
 124 217  1
 166 217  1
 181 217  1
  50 218  1
 193 218  1
 194 218  1
 211 218  1
 212 218  1
 101 219  1
 181 219  1
 182 219  1
  63 220  1
  65 220  1
 190 220  1
 217 220  1
 104 221  1
 105 221  1
 175 221  1
 176 221  1
  67 222  1
  87 223  1
 103 223  1
 118 223  1
 162 223  1
 164 223  1
  67 225  1
 110 225  1
 174 225  1
 175 225  1
 182 225  1
  95 226  1
 100 226  1
 217 226  1
 221 226  1
 222 226  1
  78 227  1
  79 227  1
 114 227  1
 161 227  1
 188 227  1
  69 228  1
  98 228  1
 143 228  1
 165 228  1
 105 229  1
 229 229  1
 110 230  1
 217 230  1
  73 231  1
  87 231  1
 178 231  1
 179 231  1
 103 232  1
 161 232  1
  73 233  1
 146 233  1
  65 234  1
 165 234  1
 166 234  1
 213 234  1
  97 235  1
 133 235  1
 140 235  1
 170 235  1
  67 237  1
  90 237  1
  94 237  1
 115 237  1
 128 237  1
 156 238  1
  80 239  1
 107 239  1
 108 239  1
  70 240  1
  71 240  1
 147 240  1
 163 240  1
 215 241  1
 139 242  1
  78 243  1
 104 243  1
 211 243  1
 212 243  1
 159 244  1
 128 247  1
 169 247  1
 172 247  1
 173 247  1
 182 247  1
 183 247  1
 133 248  1
 143 248  1
 177 248  1
 203 248  1
 184 249  1
 109 250  1
 138 250  1
 160 250  1
 166 251  1
 179 251  1
 120 253  1
 188 254  1
 134 255  1
 140 256  1


count = 892