 125   1  1
 144   1  1
 158   1  1
 161   1  1
 196   3  1
 105   4  1
 102   5  1
 160   7  1
 134   8  1
 152   8  1
 153   8  1
 183  10  1
  87  11  1
  89  11  1
 115  11  1
 211  11  1
 107  12  1
 129  12  1
 130  12  1
 161  12  1
 162  12  1
 189  12  1
 115  13  1
  78  15  1
  79  15  1
 108  16  1
 221  16  1
 104  17  1
 159  18  1
  91  19  1
 101  19  1
 184  19  1
 119  20  1
 177  20  1
  66  21  1
  84  21  1
 109  21  1
 123  21  1
 124  21  1
  64  22  1
 156  22  1
 230  22  1
 124  23  1
  59  25  1
 125  25  1
 126  25  1
 235  26  1
  88  27  1
  89  27  1
 184  27  1
 192  27  1
  73  28  1
 160  28  1
  51  29  1
  95  29  1
 127  30  1
 128  30  1
  49  31  1
 116  31  1
 143  31  1
 179  31  1
 185  31  1
 186  31  1
 107  32  1
 108  32  1
 147  32  1
 199  32  1
 205  32  1
 231  33  1
  89  34  1
 121  34  1
 158  34  1
 198  34  1
 161  35  1
 178  35  1
 212  35  1
 246  35  1
  51  36  1
  88  36  1
 100  36  1
 102  36  1
 193  36  1
 156  37  1
 208  37  1
 110  38  1
 152  38  1
 213  38  1
  51  39  1
  94  39  1
 169  39  1
  45  40  1
  46  40  1
 132  40  1
 133  40  1
 141  40  1
 179  40  1
 194  40  1
  34  41  1
  54  41  1
  99  41  1
 100  41  1
 156  41  1
 173  41  1
 228  41  1
 179  42  1
  58  43  1
  95  43  1
  96  43  1
  85  44  1
 195  44  1
 226  44  1
  52  45  1
  71  45  1
 107  45  1
 139  45  1
 140  45  1
 148  45  1
 209  45  1
 223  45  1
  58  46  1
  59  46  1
 194  46  1
 195  46  1
 202  46  1
 242  46  1
 243  46  1
  64  47  1
  68  47  1
  69  47  1
 140  47  1
 152  47  1
 156  47  1
 189  47  1
 247  47  1
  59  48  1
 105  48  1
 145  48  1
 185  48  1
 199  48  1
 147  49  1
 222  49  1
 238  49  1
 249  49  1
 257  50  1
  53  51  1
  60  51  1
 102  51  1
  76  52  1
  80  52  1
  94  52  1
 209  52  1
  70  53  1
  97  53  1
 211  53  1
 230  53  1
 234  53  1
  58  54  1
  76  54  1
 193  54  1
 198  54  1
 248  54  1
  18  55  1
 103  55  1
 157  55  1
 159  55  1
 218  55  1
 253  55  1
 161  56  1
 248  56  1
 261  56  1
 262  56  1
  48  58  1
  50  58  1
 118  58  1
 122  58  1
 148  59  1
 211  59  1
  14  60  1
 109  61  1
 110  61  1
 115  61  1
 116  61  1
 124  61  1
 232  61  1
 238  61  1
 141  62  1
 244  62  1
 125  63  1
 181  64  1
 209  64  1
 241  64  1
  82  65  1
 117  65  1
 127  65  1
 214  65  1
 226  65  1
 227  65  1
 121  66  1
 137  66  1
 231  66  1
 176  67  1
 177  67  1
 241  67  1
  94  68  1
 150  68  1
  90  69  1
 102  69  1
 103  69  1
 228  69  1
 114  70  1
 141  70  1
 142  70  1
 252  70  1
  15  71  1
  84  71  1
  89  71  1
 100  71  1
 158  71  1
  25  72  1
 252  72  1
 144  73  1
 224  73  1
 225  73  1
 227  73  1
 229  73  1
 249  74  1
 160  75  1
 164  75  1
 114  76  1
 115  76  1
 173  76  1
 218  76  1
 219  76  1
 245  76  1
 265  76  1
  13  77  1
  25  77  1
  31  77  1
 124  77  1
 259  77  1
  85  79  1
   6  80  1
   7  80  1
 225  80  1
 213  81  1
  89  82  1
 274  82  1
 275  82  1
 190  83  1
 110  84  1
 183  84  1
 184  84  1
 275  85  1
 276  85  1
 208  86  1
  93  87  1
 245  87  1
 101  88  1
 106  88  1
 111  88  1
 276  88  1
 277  88  1
  26  89  1
 124  89  1
 188  89  1
 189  89  1
 269  89  1
 119  90  1
 206  90  1
 267  90  1
  87  91  1
 115  91  1
 200  91  1
 150  92  1
 266  92  1
 270  93  1
 256  94  1
 152  95  1
 159  95  1
 252  95  1
 253  95  1
  18  96  1
 117  96  1
 143  96  1
  89  97  1
 111  97  1
 112  97  1
 129  97  1
 136  97  1
  41  98  1
  42  98  1
  85  98  1
 100  98  1
 150  98  1
 237  98  1
 238  98  1
 269  98  1
 270  98  1
   1  99  1
  45  99  1
  91  99  1
  92  99  1
  38 100  1
  52 100  1
 102 100  1
 209 100  1
 254 100  1
  56 101  1
 108 101  1
 144 101  1
 240 101  1
 241 101  1
  17 102  1
 104 102  1
 106 102  1
 117 102  1
 118 102  1
 127 102  1
  19 103  1
  24 103  1
 259 103  1
  69 104  1
 150 104  1
 154 104  1
 171 104  1
  35 105  1
  63 105  1
  94 105  1
 137 105  1
 164 105  1
 173 105  1
 174 105  1
 227 105  1
 228 105  1
 177 106  1
 221 106  1
 243 106  1
 244 106  1
  22 107  1
 134 107  1
 215 107  1
 217 107  1
   8 108  1
  18 108  1
 177 108  1
 278 108  1
 279 108  1
   1 109  1
 208 109  1
 212 109  1
 229 109  1
 230 109  1
 109 110  1
 115 110  1
 139 110  1
 244 110  1
  27 111  1
  75 111  1
   1 112  1
   2 112  1
 202 112  1
 206 112  1
 220 112  1
 247 112  1
  13 113  1
  14 113  1
  16 113  1
 164 113  1
 166 113  1
 168 113  1
 213 113  1
 249 113  1
 207 114  1
 236 114  1
 278 114  1
 279 114  1
  31 115  1
 102 115  1
 164 115  1
 227 115  1
   2 116  1
   3 116  1
   8 116  1
 117 116  1
 102 117  1
 133 117  1
  98 118  1
  99 118  1
 164 118  1
 220 118  1
 231 118  1
 252 118  1
 254 118  1
  31 119  1
 108 119  1
 122 119  1
 123 119  1
 169 119  1
 207 119  1
 236 119  1
 274 120  1
  32 121  1
 123 121  1
 128 121  1
 156 121  1
 259 122  1
  31 123  1
  32 123  1
  61 123  1
 150 123  1
 152 123  1
 232 124  1
 237 124  1
 270 124  1
 271 124  1
  38 125  1
  39 125  1
 103 125  1
 127 125  1
 144 125  1
 111 126  1
 120 126  1
  58 127  1
 115 127  1
 136 127  1
 156 127  1
  14 128  1
  15 128  1
 250 128  1
 233 129  1
 268 129  1
  36 130  1
 188 130  1
 214 130  1
 261 130  1
 273 130  1
 274 130  1
 155 131  1
 207 131  1
 256 131  1
  13 132  1
 119 132  1
 158 132  1
 117 133  1
 241 133  1
 254 133  1
 266 133  1
  86 134  1
 134 134  1
 158 134  1
 199 134  1
 213 134  1
 217 134  1
 169 135  1
 188 135  1
 205 135  1
 206 135  1
  85 136  1
  95 136  1
 163 136  1
 196 136  1
  92 137  1
 108 137  1
 121 137  1
 135 137  1
 139 137  1
 150 137  1
 281 137  1
 282 137  1
 219 138  1
 104 139  1
 105 139  1
 151 139  1
 197 139  1
 204 139  1
 161 140  1
 169 140  1
 170 140  1
  99 141  1
 142 141  1
 155 141  1
 156 141  1
 157 141  1
 213 141  1
 214 141  1
 252 141  1
  92 142  1
 119 142  1
 195 142  1
 269 142  1
 213 143  1
  66 144  1
 152 144  1
 220 144  1
 251 144  1
 252 144  1
 261 144  1
  89 145  2
  90 145  1
 158 145  1
 186 145  3
 187 145  1
 244 145  1
 121 146  1
 196 146  1
 207 146  1
 208 146  1
 216 146  1
 235 146  1
  81 147  1
 109 147  1
 110 147  1
 188 147  1
 198 147  1
  10 148  1
  11 148  1
 156 148  1
 168 148  1
 194 148  1
 250 148  1
 251 148  1
  67 149  1
 105 149  1
 106 149  1
 174 150  1
 176 150  1
 266 150  1
 103 151  1
 126 151  1
 127 151  1
 161 152  1
 162 152  1
 243 152  1
  54 153  1
  69 153  1
 134 153  1
  94 154  1
 107 154  1
 108 154  1
 115 154  1
 169 154  1
 198 154  1
 251 154  1
  63 155  1
 195 155  1
 217 155  1
  11 156  1
  18 156  1
  58 156  1
 144 156  1
 181 156  1
 189 156  1
 190 156  1
 220 156  1
 222 156  1
 227 156  1
 270 156  1
 271 156  1
   2 157  1
   3 157  1
  27 157  1
 150 157  1
 169 157  1
 240 157  1
  28 159  1
  46 159  1
  50 159  1
 130 159  1
 146 159  1
 173 159  1
 200 159  1
 240 159  1
 245 159  1
  21 160  1
  22 160  1
  92 160  1
  93 160  1
   3 161  1
   4 161  1
 273 161  1
 275 161  1
 120 162  1
 159 162  1
 212 162  1
 213 162  1
 128 163  1
 166 163  1
  42 164  1
 177 164  1
 178 164  1
 271 164  1
  84 165  1
 171 166  1
 259 166  1
 260 166  1
  27 168  1
  43 168  1
 174 168  1
 175 168  1
 239 168  1
 257 168  1
 270 168  1
 152 169  1
 158 169  1
 197 169  1
 117 170  1
 127 170  1
 136 170  1
 146 170  1
 147 170  1
 156 170  1
 162 170  1
 178 170  1
 212 170  1
 214 170  1
 274 170  1
  24 171  1
 210 171  1
 170 172  1
 181 172  1
 182 172  1
 194 172  1
 252 172  1
 104 173  1
 106 173  1
 107 173  1
 140 173  1
 166 173  1
 233 173  1
 238 173  1
 248 173  1
 249 173  1
  14 174  1
  15 174  1
 188 174  1
 257 174  1
 260 174  1
 266 174  1
 148 175  1
 151 175  1
 210 175  1
 160 176  1
 161 176  1
 240 176  1
 261 176  1
 141 177  1
 156 177  1
 225 177  1
 273 177  1
 110 178  1
 151 178  1
 236 178  1
 128 179  1
 129 179  1
 228 179  1
 262 179  1
 281 179  1
 282 179  1
  96 180  1
 117 180  1
 153 180  1
 104 181  1
 121 181  1
 231 181  1
 232 181  1
 268 181  1
 274 181  1
 159 182  1
 237 182  1
 107 183  1
 240 183  1
 139 184  1
 173 184  1
 252 184  1
 253 184  1
 112 185  1
 149 185  1
 154 185  1
 169 185  1
 240 185  1
 279 185  1
 280 185  1
 144 186  1
 179 186  1
 194 186  1
 232 186  1
 198 187  1
 134 188  1
 194 188  1
  15 189  1
 163 189  1
 181 189  1
 183 189  1
 225 189  1
 226 189  1
 259 189  1
 263 189  1
  45 190  1
  49 190  1
  50 190  1
 139 190  1
 140 190  1
 152 190  1
 194 190  1
 206 190  1
 121 191  1
 128 191  1
 129 191  1
 169 191  1
 200 191  1
  42 192  1
  43 192  1
 188 192  1
 208 192  1
 242 192  1
 172 193  1
 276 193  1
 223 194  1
 245 194  1
 219 195  1
 258 195  1
 214 196  1
  38 197  1
  47 197  1
  48 197  1
  49 197  1
  69 197  1
 141 197  1
 202 197  1
 150 198  1
 240 198  1
 244 198  1
 214 199  1
 180 200  1
 139 201  1
 148 201  1
  27 202  1
  69 202  1
  70 202  1
 271 203  1
 199 204  1
 200 204  1
  29 205  1
  30 205  1
 137 205  1
 135 206  1
  64 207  1
  69 207  1
 129 207  1
 239 207  1
 244 207  1
 245 207  1
 234 208  1
  37 209  1
 142 209  1
 149 209  1
 182 209  1
 189 209  1
  64 211  1
 200 211  1
 201 211  1
 121 212  1
 122 212  1
 144 212  1
 227 212  1
 240 212  1
 241 212  1
  61 213  1
 124 213  1
 187 213  1
 188 213  1
 249 213  1
 250 213  1
 201 214  1
 202 214  1
 138 215  1
 194 215  1
  58 216  1
 142 216  1
 181 217  1
 186 217  1
 233 217  1
 241 217  1
 245 217  1
 246 217  1
 252 217  1
  60 218  1
 122 220  1
 191 220  1
 210 220  1
 249 220  1
 117 221  1
 137 221  1
 176 221  1
 186 221  1
 240 221  1
 113 222  1
 213 222  1
 244 223  1
 122 224  1
 123 224  1
 180 224  1
 185 224  1
  57 225  1
  58 225  1
 136 225  1
 252 225  1
  63 227  1
  65 228  1
 110 228  1
 212 228  1
 126 229  1
 131 229  1
 139 229  1
 110 230  1
 114 230  1
  74 232  1
 217 232  1
 244 232  1
 135 234  1
 108 235  1
 109 235  1
 132 235  1
 138 235  1
 128 236  1
  83 237  1
  84 237  1
  98 237  1
 103 237  1
 117 237  1
 123 237  1
 237 237  1
 148 239  1
 198 239  1
 233 239  1
 234 239  1
  89 240  1
 141 240  1
 194 240  1
 114 241  1
 121 241  1
 136 241  1
 137 241  1
 152 241  1
 102 242  1
 146 242  1
 154 243  1
 205 243  1
 206 243  1
 228 243  1
 120 244  1
 178 244  1
  96 245  1
 206 245  1
 101 246  1
 134 246  1
 135 246  1
 153 246  1
 221 246  1
 174 247  1
 175 247  1
 190 247  1
 129 248  1
 183 248  1
 192 248  1
 133 249  1
 151 249  1
 176 249  1
 118 250  1
 206 252  1
 140 256  1


count = 871