 140   1  1
 152   1  1
 155   1  1
 130   4  1
 183   5  1
 124   6  1
 191   8  1
 114   9  1
 194  10  1
 179  12  1
 184  12  1
 100  13  1
 198  13  1
 115  15  1
  85  17  1
 107  17  1
 192  17  1
 204  17  1
  83  18  1
 187  18  1
 177  19  1
  99  20  1
 100  20  1
 140  20  1
 183  20  1
  93  21  1
 116  21  1
 179  21  1
 214  22  1
  84  23  1
  85  23  1
  65  25  1
  87  25  1
 137  25  1
 146  25  1
 147  25  1
 141  26  1
 183  26  1
 184  26  1
  61  27  1
  62  27  1
  80  28  1
 117  28  1
 221  28  1
  58  29  1
 120  29  1
  81  30  1
 133  31  1
 134  31  1
 135  31  1
 123  32  1
 149  32  1
  50  33  1
 129  33  1
 130  33  1
 143  33  1
 144  33  1
  79  34  1
 136  35  1
 137  35  1
  83  36  1
 131  36  1
 132  36  1
 152  36  1
  43  38  1
 137  38  1
 138  38  1
 182  38  1
 183  38  1
 234  38  1
 116  39  1
 118  39  1
 120  39  1
  41  40  1
 143  41  1
 178  41  2
 179  41  1
 180  41  1
 149  42  1
 194  42  1
 133  44  1
 134  44  1
 185  44  1
 186  44  1
 139  45  1
 140  45  1
 164  46  1
 168  46  1
 184  47  1
 185  47  1
 129  48  1
 172  49  1
 174  49  1
 126  50  1
 161  50  1
 194  50  1
 195  50  1
 247  50  1
 109  51  1
 175  52  1
 182  52  1
 210  52  1
 133  53  1
 134  53  1
 165  53  1
 252  55  1
  31  56  1
 111  56  1
 112  56  1
 131  56  1
 212  56  1
 217  57  1
 219  57  1
 193  58  1
 113  59  1
  27  60  1
  42  60  1
 151  61  1
 248  61  1
  32  62  1
 221  62  1
 232  62  1
 258  62  1
  47  63  1
  48  63  1
 112  63  1
 193  63  1
 260  63  1
  41  64  1
 127  64  1
 131  64  1
 234  64  1
 112  65  1
 238  65  1
 245  65  1
 246  65  1
 261  65  1
  22  66  1
  25  66  1
  43  66  1
 147  66  1
 242  66  1
 254  66  1
 248  67  1
 125  68  1
  12  69  1
  51  69  1
 188  69  1
 189  69  1
  47  70  1
 186  70  1
 191  71  1
 257  71  1
 265  71  1
  54  73  1
  55  73  1
 220  74  1
 221  74  1
  10  75  1
 176  75  1
 177  75  1
 261  75  1
 192  77  1
  54  79  1
  55  79  1
 225  79  1
  13  80  1
 158  80  1
 253  80  1
   6  81  1
  17  81  1
 244  81  1
 245  81  1
 170  82  1
 201  82  1
 239  82  1
  19  83  1
  28  83  1
  29  83  1
 248  83  1
 250  83  1
 190  85  1
 195  85  1
   4  86  1
   5  86  1
 150  86  1
 248  87  1
 193  88  1
 261  88  1
 118  89  1
 119  89  1
 224  90  1
 276  90  1
 277  90  1
 243  91  1
 263  91  1
 148  92  1
 197  92  1
 256  92  1
 257  92  1
 143  93  1
 144  93  1
 189  93  1
 240  93  1
 118  94  1
 140  94  1
 236  94  1
 278  95  1
  68  96  1
  78  97  1
 127  97  1
 128  97  1
  73  98  1
 208  98  1
 235  98  1
 236  98  1
 255  98  1
 268  98  1
 185  99  1
  80 100  1
  81 100  1
 204 100  1
 252 100  1
 143 101  1
 238 101  1
 242 101  1
 248 101  1
  87 102  1
 212 102  1
 258 102  2
 259 102  1
 183 103  1
 184 103  1
 125 104  1
 160 104  1
 201 104  1
 113 105  1
 153 105  1
 209 105  1
 235 105  1
 236 105  1
 244 105  1
 259 106  1
 260 106  1
 237 107  1
 241 107  1
  73 108  1
 121 109  1
 217 109  1
 279 109  1
 280 109  1
 148 110  1
 210 110  1
 268 111  1
  81 112  1
 174 112  1
 219 112  1
 220 112  1
 203 113  1
 240 113  1
 271 114  1
 277 114  1
 278 114  1
  77 115  1
  78 115  1
 148 115  1
   1 116  1
 174 116  1
 233 116  1
 195 117  1
  79 118  1
  80 118  1
 138 119  1
 217 119  1
 218 119  1
 222 119  1
 223 119  1
 267 119  1
 127 120  1
 132 120  1
 195 120  1
 196 120  1
 236 120  1
 237 120  1
 272 121  1
 152 122  1
 153 122  1
 270 122  1
  86 123  1
  39 124  1
  44 124  1
   5 125  1
 155 125  1
 260 125  1
  37 126  1
 254 126  1
   1 127  1
  46 127  1
  83 127  1
 231 127  1
 264 127  1
  31 128  1
 158 128  1
 173 128  1
 152 129  1
 164 129  1
 165 129  1
 244 129  1
 260 129  1
   1 130  1
   2 130  1
  36 130  1
  61 130  1
 224 130  1
   6 131  1
  92 131  1
  93 131  1
 150 131  1
 228 131  1
 244 131  1
 252 131  1
 264 131  1
 265 131  1
 276 131  1
  10 132  1
 106 132  1
 133 132  1
 145 132  1
 171 132  1
 250 132  1
 202 133  1
 203 133  1
 207 133  1
 219 133  1
 267 133  1
 268 133  1
 272 133  1
  67 134  1
  68 134  1
  86 134  1
  34 135  1
 234 135  1
 235 135  1
   1 136  1
   2 136  1
  18 136  1
  42 136  1
  76 136  1
  11 137  1
  22 137  1
 216 137  1
 235 137  1
  16 138  1
  83 138  1
  92 138  1
 127 138  1
 245 138  1
 170 139  1
 206 139  1
 213 139  1
 230 139  1
 282 139  1
 200 140  1
 237 140  1
 159 141  1
  90 142  1
 166 143  1
 230 143  1
  83 144  1
 131 144  1
 136 144  1
 168 144  1
  88 145  1
 138 146  1
 139 146  1
 142 147  1
 197 148  1
 198 148  1
   3 150  1
   4 150  1
 138 152  1
 209 152  1
   4 153  1
   5 153  1
  83 153  1
  84 153  1
 178 154  1
 179 154  1
  83 155  1
 280 158  1
 281 158  1
 143 160  1
 183 160  1
 198 161  1
 122 162  1
 133 162  1
 149 162  1
  85 163  1
 100 164  1
 140 164  1
 182 164  1
 151 165  1
 106 167  1
 109 167  1
 125 167  1
 130 167  1
 187 167  1
 142 168  1
 193 168  1
 277 168  1
 278 168  1
   9 169  1
  10 169  1
 182 170  1
 253 170  1
 106 171  1
 159 172  1
 188 172  1
 106 173  1
 192 173  1
 275 173  1
 276 173  1
 161 174  1
 129 176  1
 183 176  1
 194 177  1
 197 178  1
  15 180  1
 175 180  1
 261 180  1
 266 181  1
  17 183  1
 239 183  1
 247 184  1
 271 184  1
 242 185  1
 259 185  1
 264 186  1
 266 193  1
  26 195  1
  27 195  1
 265 195  1
 216 196  1
 223 197  1
 246 197  1
 251 197  1
  28 198  1
 231 198  1
  63 199  1
 227 199  1
  62 201  1
 214 201  1
 215 201  1
 254 201  1
 229 202  1
 237 203  1
 261 203  1
 216 205  1
 249 205  1
  57 207  1
 222 207  1
 227 207  1
 238 207  1
 233 209  1
 245 210  1
  53 214  1
  54 214  1
  94 217  1
 103 217  1
 113 219  1
  53 221  1
 109 221  1
 183 221  1
  94 222  1
  95 222  1
  99 222  1
  56 224  1
 106 226  1
  59 227  1
  94 227  1
 103 227  1
 112 227  1
 183 227  1
 184 227  1
  62 229  1
 100 230  1
  66 232  1
  92 232  1
 106 232  1
 189 233  1
  90 234  1
 183 234  1
 184 234  1
  85 237  1
  86 237  1
  96 237  1
  75 239  1
  76 239  1
 183 240  1
 184 240  1
  95 241  1
  86 243  1
 213 243  1
 211 245  1
 207 247  1
 150 249  1
 180 249  1
 110 250  1
 143 251  1
 196 251  1
 118 252  1
 150 252  1
 193 252  1
 184 254  1
 175 255  1
 140 257  1


count = 516