 144   1  1
 149   1  1
 176   1  1
 180   1  1
 182   2  1
 137   3  1
 191   7  1
 194   9  1
 153  10  1
 182  10  1
 116  11  1
 155  11  1
 197  11  1
 113  12  1
 175  12  1
 110  13  1
 140  13  1
 107  14  1
 100  16  1
 209  16  1
  97  17  1
  94  18  1
 142  19  1
 214  19  1
 217  21  1
  99  22  1
 145  23  1
 205  23  1
 206  23  1
 129  24  1
 130  24  1
 126  25  1
 206  25  1
 211  25  1
  76  26  1
 135  27  1
 145  28  1
  81  29  1
  86  31  1
  97  31  1
  98  31  1
 230  31  1
  41  33  1
  58  33  1
  76  33  1
 233  33  1
 115  34  1
 159  34  1
  48  35  1
 119  35  1
 143  35  1
 144  35  1
 155  35  1
  61  36  1
  63  36  1
  94  36  1
 148  37  1
  53  38  1
  32  39  1
 150  39  1
 151  39  1
  41  40  1
  69  40  1
  77  40  1
  95  40  1
 100  40  1
 184  40  1
 196  40  1
 220  40  1
 229  40  1
 102  41  1
 151  41  1
 189  41  1
  48  42  1
  62  42  2
  63  42  1
 105  43  1
 109  43  1
 153  43  1
 218  43  1
 114  44  1
 115  44  1
 120  44  1
 121  44  1
  63  45  1
  90  45  1
  91  45  1
 163  45  1
  31  46  1
  32  46  1
  84  46  1
 115  46  1
  25  47  1
  36  47  1
  51  47  1
  61  47  1
 104  47  1
 130  47  1
 211  47  1
  99  48  1
 101  48  1
 113  48  1
 115  48  1
 231  48  1
 232  48  1
  23  50  1
 117  50  1
 252  50  1
  21  51  1
  30  51  1
 191  53  1
 193  53  1
 188  54  1
  88  56  1
  89  56  1
 129  56  1
 208  56  2
 209  56  1
 230  57  1
 231  57  1
 232  57  1
  27  58  1
  28  58  1
  35  58  1
 194  58  1
  13  59  1
  19  59  1
  24  59  1
  44  59  1
 129  59  1
 155  59  1
 225  59  1
 237  59  1
  44  61  1
 191  61  1
 224  61  1
 239  61  1
 183  62  1
 219  62  1
  43  63  1
  44  63  1
  64  63  1
 131  63  1
 166  64  1
 210  64  1
  23  65  1
  64  65  1
  65  65  1
 158  65  1
 201  65  1
 202  65  1
 168  66  1
  22  67  1
 189  67  1
 239  67  1
 241  69  1
 242  69  1
 158  70  1
 249  70  1
 149  71  1
 187  71  1
 188  71  2
  28  72  1
 271  72  1
  49  73  1
 200  73  1
 258  73  1
  25  74  1
  26  74  1
  55  74  1
 162  74  1
 163  74  1
 254  74  1
  47  75  1
 139  75  1
 141  75  1
  15  76  1
 104  76  1
 147  76  1
 156  78  1
 193  78  1
 194  78  1
  13  79  1
  14  79  1
  47  79  1
  99  79  1
 138  79  1
 227  79  1
 102  80  1
 195  80  1
  63  81  1
  98  81  1
 150  81  1
 154  81  1
 223  81  1
 224  81  1
  44  82  1
  90  82  1
  91  82  1
 177  82  1
 178  82  1
  39  83  1
 139  83  1
  15  84  1
  68  84  1
  85  84  1
 148  84  1
 194  84  1
 238  84  1
 239  84  1
  46  85  2
  47  85  1
 250  85  1
  53  86  1
  55  86  1
  71  86  1
  98  86  1
 102  86  1
  14  87  1
 126  87  1
  51  88  1
  94  88  1
 176  88  1
 201  88  1
  36  89  1
  37  89  1
  90  89  1
  92  89  1
 121  89  1
 125  89  1
 132  89  1
 172  89  1
 226  89  1
  18  90  1
  51  90  1
  56  90  1
 252  90  1
  11  91  1
  79  91  1
  80  91  1
 132  91  1
 265  91  1
  35  92  1
 112  92  1
 198  92  1
  43  93  2
  45  93  1
  92  93  1
  97  93  1
 118  93  1
  30  94  1
  85  94  1
 102  94  1
 168  94  1
 254  94  1
  15  95  1
 128  95  1
 280  95  1
 281  95  1
  26  96  1
 235  97  1
  10  98  1
 166  98  1
 200  98  1
 244  98  1
 260  98  1
 281  98  1
 282  98  1
 199 100  1
 238 100  1
 246 101  1
 254 102  1
  13 103  1
  25 103  1
 169 103  1
 282 103  1
 283 103  1
  27 104  1
  81 104  1
  85 104  1
 274 104  1
  91 105  1
 166 105  1
 235 105  1
 191 106  1
 263 106  1
 264 106  1
 265 106  1
   2 107  1
   3 107  1
  30 107  1
  42 107  1
  43 107  1
  49 107  1
 270 107  1
 271 107  1
  15 109  1
  88 109  1
  28 110  1
 163 110  1
  19 111  1
  36 111  1
  80 111  1
 243 111  1
 244 111  1
 248 111  1
   1 112  1
  27 112  1
  28 112  1
 237 113  1
  33 114  1
 186 114  1
 231 114  1
 270 114  1
 271 114  1
 275 114  1
 238 115  1
 240 115  1
 242 115  1
   1 116  1
 282 116  1
 283 116  1
  31 117  1
  80 117  1
 228 117  1
 159 118  1
 185 118  1
  43 119  1
  60 119  1
 199 119  1
 273 119  1
 248 120  1
 266 120  1
  33 121  1
  34 121  1
  67 121  1
  87 121  1
 157 121  1
 222 121  1
 252 121  1
 253 121  1
   2 122  1
  39 122  1
  54 122  1
  62 122  1
 121 122  1
 161 122  1
 206 122  1
 207 122  1
 261 122  1
  82 123  1
 196 123  1
 155 124  1
 166 124  1
 213 124  1
 214 124  1
  48 125  1
  64 125  1
 233 125  1
  32 126  1
  36 126  1
  44 126  1
  50 126  1
 122 126  1
 200 126  1
 248 126  1
 278 126  1
 279 126  1
  30 127  1
  64 127  1
 114 127  1
 196 127  1
 205 127  1
 271 127  1
 272 127  1
  16 128  1
  25 128  1
  53 128  1
 120 128  1
 133 128  1
 160 128  1
 161 128  1
 278 128  1
  23 129  1
  91 129  1
  93 129  1
 258 129  1
 259 129  1
  56 130  1
  57 130  1
 103 130  1
 277 130  1
 278 130  1
  49 131  1
 141 131  1
 147 131  1
 244 131  1
  39 132  1
 187 132  1
 192 132  1
 193 132  1
  23 133  1
  27 133  1
  66 133  1
 132 133  1
  16 134  1
 262 134  1
 195 135  1
 223 135  1
 229 135  1
  33 136  1
 151 136  1
 201 136  1
 271 136  1
  29 137  1
 207 137  1
 120 138  1
 121 138  1
 138 138  1
 162 138  1
 163 138  1
   3 139  1
   4 139  1
  26 139  1
  45 139  1
  83 139  1
  92 139  1
 113 139  1
  24 140  1
  69 140  1
 138 140  1
 145 140  1
 277 140  1
 278 140  1
   1 141  1
  43 141  1
 135 141  1
 158 141  1
 269 141  1
  83 142  1
  21 143  1
 112 143  1
 145 143  1
 146 143  1
  51 144  1
 150 144  1
 124 145  1
 125 145  1
 135 145  1
 136 145  1
 185 145  1
 186 145  1
 190 145  1
 267 145  1
  53 146  1
  82 146  1
 109 146  1
 162 146  1
 163 146  1
 191 147  1
 272 147  1
 273 147  1
   6 148  1
   7 148  1
 119 148  1
 196 148  1
 197 148  1
 216 149  1
 217 149  1
 251 149  1
 124 150  1
 154 150  1
 158 150  1
 191 150  1
 261 150  1
   1 151  1
  64 151  1
  65 151  1
  66 151  1
 139 151  1
 166 151  1
  78 152  1
  92 152  1
 178 152  1
 187 152  1
 221 152  1
 255 152  1
 260 152  1
   2 153  1
  94 153  1
  96 153  1
 172 153  1
 199 153  1
 201 153  1
 234 153  1
  62 154  1
  89 154  1
  71 155  1
 245 155  1
 105 157  1
 180 157  1
 216 157  1
 221 157  1
  63 158  1
  89 158  1
  91 158  1
  98 158  1
 109 158  1
 160 158  1
 175 158  1
 227 158  1
   5 159  1
   6 159  1
  70 159  1
  15 160  1
  16 160  1
  90 160  1
 149 160  1
 151 160  1
 158 160  1
 257 160  1
 266 160  1
 117 161  1
 118 161  1
  90 162  1
  91 162  1
 163 162  1
 101 163  1
  14 164  1
  21 164  1
  88 164  1
 197 164  1
 243 164  1
 267 164  1
  84 165  1
 178 165  1
 179 165  1
 190 165  1
  93 166  1
  96 166  1
 158 166  1
  83 167  1
  84 167  1
 265 167  1
  13 168  1
 159 168  1
 252 168  1
 253 168  1
 179 169  1
 188 169  1
  30 170  1
  33 170  1
 235 170  1
 184 171  1
 185 171  1
 216 171  1
 220 173  1
 242 173  1
 169 174  1
 174 174  1
 187 174  1
 211 174  1
 232 174  1
 234 174  1
 222 175  1
 207 176  1
 208 176  1
 237 176  1
 238 176  1
 185 178  1
 186 178  1
 225 178  1
 227 178  1
 229 178  1
  41 179  1
 217 179  1
 235 180  1
 236 180  1
 238 180  1
  15 182  1
 204 182  1
 221 182  1
 223 182  1
 236 182  1
 172 183  2
 173 183  2
 174 183  1
 267 183  1
 226 184  1
 227 184  1
 237 184  1
 206 185  1
 207 185  1
  19 186  1
  24 186  1
  46 187  1
 172 187  1
 216 187  1
 231 187  1
 264 187  1
  26 188  1
  43 188  1
  44 188  1
 167 190  1
 217 190  1
  45 191  1
 151 191  1
 152 191  1
 156 191  1
  41 193  1
  57 193  1
 261 193  1
  59 194  1
  61 194  1
 164 194  1
 144 195  1
  15 196  1
  16 196  1
  21 196  1
  44 196  1
  65 196  1
 138 197  1
 144 197  1
  36 198  1
  45 199  1
  46 199  1
 169 200  1
 174 201  1
  28 202  1
 138 202  1
 168 202  1
 169 202  1
 236 202  1
  19 203  1
 135 205  1
 252 205  1
  44 208  1
 128 208  1
 129 208  1
  49 209  1
 132 209  1
 138 209  1
 168 209  1
 169 209  1
 205 209  1
  56 210  1
 124 210  1
 175 210  1
 176 210  1
 249 210  1
  28 211  1
  61 211  1
 132 211  1
 198 211  1
  73 212  1
 234 212  1
  54 213  1
 139 213  1
 226 214  1
 234 214  1
 247 214  1
  79 215  1
 217 215  1
 218 215  1
 143 216  1
 198 216  1
 210 216  1
 231 216  1
  72 217  1
 132 217  1
 144 218  1
 203 218  1
  75 219  1
  80 219  1
 120 220  1
 137 220  1
 144 220  1
 145 220  1
 165 220  1
 166 220  1
 184 220  1
 191 220  1
 115 221  1
 204 221  1
  66 222  1
  73 222  1
 132 222  1
 208 222  1
 140 223  1
  83 224  1
 188 224  1
 189 224  1
 190 224  1
 184 225  1
 104 226  1
 106 226  1
  72 227  1
 130 227  1
 195 227  1
  49 228  1
 113 228  1
 163 228  1
 164 228  1
 146 229  1
 123 230  1
 182 230  1
  54 231  1
  89 231  1
  90 231  1
 185 231  1
 186 231  1
 191 231  1
 192 231  1
 142 232  1
 144 232  1
 197 232  1
 108 233  1
 109 233  1
 121 233  1
 211 233  1
 225 233  1
  58 234  1
  85 234  1
 157 234  1
 196 234  1
 148 235  1
 161 235  1
 162 235  1
 185 235  1
 186 235  1
 202 235  1
 222 235  1
 124 236  1
 125 236  1
 204 236  1
 159 237  1
 184 237  1
 194 237  1
 111 238  1
 132 238  1
 197 238  1
 117 239  1
 217 239  1
  73 240  1
  86 240  1
 177 240  1
 178 240  1
 106 241  1
 148 241  1
 149 241  1
 160 241  1
  83 242  1
  84 242  1
  88 242  1
  89 242  1
 213 242  1
 145 243  1
  91 244  1
  95 244  1
 105 244  1
 116 244  1
 129 244  1
 127 245  1
 134 245  1
 123 246  1
  97 247  1
 156 247  1
 202 247  1
 203 247  1
 116 248  1
 117 248  1
 184 248  1
  84 249  1
  89 250  1
 131 250  1
 132 250  1
 149 250  1
 151 250  1
 157 250  1
 176 250  1
 177 250  1
 126 251  1
 177 256  1


count = 783