 143   1  1
 172   1  1
 121   3  1
 186   3  1
 193   5  1
 158   6  1
 107   7  1
 140   7  1
 164   7  1
 198   7  1
 101   9  1
 149   9  1
 185  11  1
  92  12  1
  93  12  1
 134  12  1
 162  12  1
 163  12  1
 173  12  1
 177  12  1
 119  13  1
 178  14  1
 212  15  1
 140  16  1
 141  16  1
  86  17  1
 107  17  1
 101  18  1
 147  18  1
 154  18  1
 155  18  1
 156  18  1
 217  18  1
 161  19  1
 162  19  1
 177  19  1
 151  20  1
 155  20  1
 220  20  1
 141  21  1
 146  21  1
 224  22  1
 108  23  1
 109  23  1
  82  25  1
  63  26  1
  64  26  1
  76  26  1
 165  26  1
 166  26  1
  82  27  1
 141  27  1
 162  27  1
 176  27  1
  77  28  1
 127  29  1
 160  29  1
  85  30  1
 142  30  1
 169  30  1
 170  30  1
 177  30  1
 202  30  1
 206  30  1
  53  31  1
  54  31  1
 146  31  1
 180  31  1
  79  32  1
 221  32  1
  99  33  1
 100  33  1
 112  34  1
  81  35  1
 151  35  1
 153  35  1
 205  35  1
 206  35  1
 230  36  1
  57  37  1
  61  37  1
 162  37  1
 163  37  1
 180  37  1
 181  37  1
 221  37  1
 104  38  1
 110  38  1
 175  38  1
  55  39  1
  64  39  1
 219  39  1
 226  39  1
 198  40  1
  52  41  1
 116  41  1
 157  41  1
 173  41  1
 225  41  1
 103  42  1
 104  42  1
 166  42  1
 198  42  1
 199  42  1
 164  43  1
 131  44  1
 132  44  1
 193  44  2
 195  44  1
  38  45  1
 169  45  1
 123  46  1
 180  46  1
 181  46  1
 127  47  1
 175  47  1
 221  47  1
 185  48  1
 213  48  1
 179  49  2
 235  49  1
 243  49  1
  40  50  1
  42  50  1
  31  51  1
 179  51  1
 205  51  1
 168  52  2
 169  52  1
 254  52  1
 196  53  1
 200  53  1
 183  54  1
 240  54  1
 245  54  1
 169  56  1
 170  56  1
 219  59  1
 107  60  1
 230  60  1
 231  60  1
  44  61  1
 103  61  1
 258  61  1
 259  61  1
  30  62  1
 222  62  1
 223  62  1
  55  63  1
 169  63  1
 215  63  1
 235  63  1
 222  64  1
  17  65  1
  30  65  1
 215  65  1
 235  65  1
  70  66  1
  16  67  1
  60  67  1
  97  67  1
  33  68  1
  85  68  1
 221  68  1
 227  68  1
 233  69  1
 252  70  1
 254  70  1
  23  71  1
  24  71  1
 217  71  1
  40  72  1
  41  72  1
 249  72  1
  13  73  1
 219  73  1
 233  73  1
 255  74  1
 264  74  1
  50  75  1
  42  76  1
  46  76  1
 225  76  1
 226  76  1
  29  77  1
  30  77  1
  54  78  1
 239  78  1
  34  79  1
 205  79  1
 220  79  1
 253  79  1
 245  80  1
 268  81  1
  40  82  1
  41  82  1
 253  82  1
 176  83  1
 238  83  1
 251  83  1
  25  84  1
  29  84  1
 221  84  1
 242  84  1
 176  85  2
 227  85  1
  23  86  1
 131  87  1
 197  87  1
 271  87  1
 272  87  1
 160  88  1
 229  88  1
  11  90  1
  25  90  1
  44  90  1
  45  90  1
 237  90  1
  31  91  1
  32  91  1
  41  92  1
  42  92  1
  55  92  1
 146  92  1
 177  92  1
 178  92  1
 240  92  1
 241  92  1
  45  94  1
  47  94  1
  58  94  1
  59  94  1
 242  94  1
  40  96  1
 128  96  1
 137  96  1
 177  96  1
 194  96  1
 244  96  1
 245  96  1
 134  97  1
 202  97  1
 270  97  1
 277  97  1
 278  97  1
 197  98  1
 113 100  1
 114 100  1
 115 100  1
 160 100  1
 170 100  1
  29 101  1
 148 101  1
 152 101  1
 264 101  1
  11 102  1
 244 102  2
 245 102  1
 246 102  1
 269 102  1
 121 103  1
 253 103  1
 145 104  1
 146 104  1
 147 104  1
 162 104  1
  13 106  1
  14 106  1
 115 106  1
 159 106  1
 209 106  1
 203 107  1
 204 107  1
 123 108  1
 124 108  1
 212 108  1
 228 108  1
 155 109  1
 201 109  1
 216 109  1
  17 110  1
  50 110  1
  51 110  1
  53 110  1
 146 111  1
 159 111  1
 265 111  1
 272 111  1
   1 112  1
   2 112  1
 123 112  1
 244 112  1
 245 112  1
 134 113  1
 216 113  1
 232 113  1
  16 114  1
  26 114  1
 223 114  1
 126 115  1
 195 115  1
 238 115  1
 264 116  1
   1 117  1
 157 117  1
 158 117  1
 221 117  1
 227 118  1
 230 118  1
 231 118  1
  17 119  1
  18 119  1
 204 119  1
 241 119  1
 247 119  1
  57 120  1
  58 120  1
 140 120  1
  49 121  1
  53 121  1
 193 121  1
  82 122  1
  89 122  1
 142 122  1
 180 122  1
 224 122  1
   1 123  1
  53 123  1
  99 123  1
 176 123  1
 209 124  1
  70 125  1
  77 125  1
  99 125  1
 149 125  1
 215 125  1
 229 125  1
  25 126  1
 176 126  1
 251 126  1
 277 126  1
 278 126  1
   8 127  1
  15 127  1
  43 127  1
  44 127  1
 171 127  1
 200 127  1
 271 127  1
  18 128  1
  23 128  1
  91 128  1
 152 128  1
 195 128  1
 217 128  1
 230 128  1
 235 128  1
  38 129  1
  61 129  1
  66 129  1
  80 129  1
 138 129  1
 226 129  1
  29 130  1
  35 131  1
  41 131  1
  42 131  1
  52 131  1
 137 131  1
 138 131  1
 146 131  1
 160 131  1
 220 131  1
  46 132  1
  47 132  1
  70 132  1
  71 132  1
  78 132  1
 179 132  1
 197 132  1
 199 132  1
   9 133  1
 101 133  1
 142 133  1
 154 133  1
 214 133  1
 220 133  1
 226 133  1
  18 134  1
 237 134  1
 242 134  1
 268 134  1
  42 135  1
  43 135  1
  92 135  1
  20 136  1
  25 136  1
  38 136  1
  52 136  1
  62 136  1
  67 136  1
 200 136  1
  31 137  1
  49 137  1
 231 137  1
 272 137  1
 274 137  1
 275 137  1
 219 138  1
 235 138  1
 245 138  1
 246 138  1
 257 138  1
 258 138  1
 260 138  1
 264 138  1
 112 140  1
 189 140  1
 194 140  1
 209 140  1
 227 140  1
 251 140  1
 268 140  1
  33 141  1
  87 141  1
 223 141  1
 261 141  1
  10 142  1
  11 142  1
 201 142  1
 271 142  1
 272 142  1
  50 143  1
  82 143  1
 251 143  1
  20 144  1
  75 144  1
 153 144  1
 186 144  1
  24 145  1
  45 145  1
 147 145  1
 156 145  1
 251 145  1
 252 145  1
 263 145  1
  73 146  1
 123 146  1
 158 146  1
 159 146  1
 180 146  1
 190 146  1
 194 146  1
 272 146  1
  36 147  1
 119 147  1
 137 147  1
 147 147  1
 276 147  1
  63 148  2
 129 148  1
 199 148  1
   7 149  1
  12 149  1
 147 149  1
 251 149  1
 252 149  1
 259 149  1
  17 150  1
  45 150  1
  67 150  1
 107 151  1
 108 151  1
 109 151  1
 203 151  1
 212 151  1
 246 151  1
 268 151  1
 269 151  1
  47 152  1
  52 152  1
 103 152  1
 104 152  1
 128 152  1
 151 152  1
 201 152  1
   8 153  1
  26 153  1
 119 153  1
 172 153  1
 180 153  1
 206 153  1
  15 154  1
  31 154  1
 145 154  1
 160 154  1
 221 154  1
 109 155  1
 165 155  1
 186 155  1
 116 156  1
 144 156  1
 154 156  1
 122 157  1
 123 157  1
 248 157  1
 249 157  1
 129 158  1
 208 158  1
 219 158  1
 220 158  1
  16 159  1
 198 159  1
 239 159  1
 241 159  1
 101 160  2
 103 160  1
 134 160  1
 140 160  1
 145 160  1
 146 160  1
 163 160  1
  25 161  1
 142 161  1
   3 162  1
   4 162  1
 174 162  1
 267 162  1
 214 163  1
 236 163  1
 150 165  1
  31 166  1
 217 166  1
 235 166  1
 227 167  1
  22 168  1
 230 168  1
 231 168  1
 271 168  1
  13 170  1
  14 170  1
 164 170  1
 175 170  1
 194 170  1
 195 170  1
  11 171  1
 166 171  1
  30 172  1
  31 172  1
  42 172  1
  43 172  1
 175 172  1
 277 172  1
 278 172  1
 206 173  1
 179 174  1
 208 175  1
   7 176  1
   8 176  1
  13 176  1
  33 176  1
  35 176  1
  41 176  1
  42 176  1
  88 177  1
 196 177  1
 275 177  1
  52 179  1
  53 179  1
 176 179  1
 178 179  1
 198 179  1
 208 180  1
 107 181  1
 199 181  1
 178 182  1
  33 183  1
  36 183  1
  37 183  1
  81 183  1
  83 183  1
 103 184  1
 105 184  1
 271 184  1
 272 184  1
  41 185  1
  47 185  1
  91 185  1
  12 186  1
 186 187  1
 270 187  1
 271 187  1
  27 188  1
  77 188  1
  78 188  1
  97 189  1
  33 190  1
 269 190  1
 270 190  1
  40 191  1
  99 191  1
  27 192  1
  64 192  1
  68 193  1
 268 193  1
 269 193  1
  52 194  1
 102 194  1
  17 195  1
  31 195  1
  59 198  1
  65 199  1
 106 200  1
 107 200  1
 196 201  1
 198 201  1
 204 201  1
  57 202  1
 242 202  1
  52 203  1
  36 204  1
  56 204  1
  98 204  1
 107 204  1
 222 204  1
 228 204  1
 263 204  1
  43 206  1
  44 206  1
 222 206  1
 240 207  1
  92 208  1
 222 208  1
 259 209  1
  39 211  1
  54 211  1
  97 211  1
  98 211  1
 225 211  1
 123 212  1
 115 213  1
 246 213  1
  63 214  1
  64 214  1
 164 214  1
  92 215  1
 168 215  1
  46 216  1
  97 216  1
 113 216  1
 118 218  1
 174 219  1
 188 219  1
 193 219  1
  61 221  1
  62 221  1
 122 221  1
 199 221  1
 167 223  1
  46 224  1
  47 224  1
  93 225  1
  94 225  1
 101 225  1
  59 226  1
  60 226  1
 166 226  1
 242 226  1
  52 227  1
 114 227  1
 115 227  1
  65 228  1
  76 228  1
  55 229  1
 122 229  1
 123 229  1
 106 230  1
 237 230  1
  58 231  1
  59 231  1
  83 231  1
  97 231  1
 160 231  1
 161 231  1
 175 232  1
 179 232  1
  83 233  1
 101 233  1
 233 233  1
  92 234  1
  93 234  1
 115 234  1
 116 234  1
 168 234  1
 169 234  1
  98 236  1
 119 236  1
  74 237  1
 109 237  1
 110 237  1
 158 237  1
 159 237  1
 163 237  1
 164 237  1
 178 237  1
 179 237  1
  77 239  1
 116 239  1
 167 239  1
 220 239  1
 221 239  1
  79 241  1
 173 241  1
  99 242  1
 100 242  1
 104 243  1
 105 243  1
  87 244  1
 115 244  1
 166 245  1
 209 245  1
 121 246  1
 158 247  1
 162 247  1
 111 250  1
 192 252  1


count = 726