 134   1  1
 143   1  1
 162   1  1
 168   1  1
 175   2  1
 128   3  1
 119   6  1
 190   6  1
 163   7  1
 194   7  1
 140   8  1
 157   8  1
 198   8  1
 202   9  1
 177  11  1
 103  12  1
 104  12  1
 185  12  1
 187  12  1
 188  12  1
 175  14  1
 215  14  1
 180  15  1
 182  15  1
 217  16  1
  92  17  1
  94  17  1
 180  17  1
 185  18  1
  84  19  1
 222  19  1
 223  19  1
  79  20  1
 156  21  1
 227  21  1
  90  22  1
 160  22  1
 229  23  1
 108  24  1
 187  27  1
  83  29  1
 222  29  1
 240  29  1
  86  30  1
 189  30  1
 190  30  1
  67  31  1
 156  31  1
 226  32  1
  91  33  1
 152  33  1
 181  33  1
 182  33  1
  75  35  1
 176  35  1
 230  36  1
 118  37  1
 119  37  1
 181  37  1
 168  39  1
  61  40  1
  66  41  1
 119  42  1
 229  42  1
 230  42  1
 171  44  1
 227  44  1
 121  45  1
 181  45  1
 183  45  1
 190  45  1
 123  46  1
 209  46  1
 216  46  1
 217  46  1
  76  47  1
 256  47  1
 217  48  1
 220  48  1
 221  48  1
  42  49  1
 193  49  1
 121  51  1
 250  51  1
  65  52  1
  66  52  1
 197  52  1
 207  52  1
 226  52  1
 244  52  1
 106  53  1
 115  53  1
 116  53  1
 204  53  1
 220  53  1
 221  53  1
 250  54  1
 251  54  1
 199  55  1
 262  56  1
 113  57  1
 114  57  1
 248  57  1
 119  58  1
 233  59  1
  32  60  1
 196  61  2
 197  61  1
  31  62  1
 238  62  1
  28  63  1
 232  64  1
 233  64  1
 266  64  1
 267  64  1
 108  65  1
 225  65  2
  74  66  1
  89  66  1
 223  66  1
  86  67  1
 237  67  1
 238  67  1
  93  68  1
  71  69  1
  72  69  1
  73  69  1
  30  72  1
  38  73  1
  66  73  1
 259  73  1
 261  73  1
 263  74  1
 271  75  1
 272  75  1
  45  76  1
 252  77  1
  59  78  1
 255  78  1
 257  78  1
  23  79  1
  28  79  1
  29  79  1
 235  79  1
 250  79  1
  56  80  1
  54  81  1
  22  83  1
  53  83  1
 250  83  1
 264  83  1
  38  84  1
  39  84  1
  44  84  1
  45  84  1
 235  85  1
 236  85  1
 268  85  1
 179  86  1
 276  86  1
 184  87  1
 163  88  1
  11  89  1
 245  89  1
 263  89  1
 264  89  1
  38  90  1
 236  90  1
  20  91  1
  26  91  1
  27  91  1
  31  91  1
  40  91  1
  41  91  1
 160  91  1
 168  91  1
 239  91  1
 240  91  1
 241  91  1
 279  92  1
 141  93  1
 241  93  1
 185  94  1
 245  94  1
 246  94  1
 257  94  1
 109  95  1
 110  95  1
 188  95  1
 192  95  1
 168  96  1
 183  96  1
 240  96  1
 103  97  1
 107  97  1
 260  97  1
 265  97  1
 252  98  1
   7 101  1
   8 101  1
  14 101  1
  15 101  1
 154 101  1
 183 101  1
 262 101  1
  53 102  1
  54 102  1
 109 102  1
 119 102  1
 120 102  1
 164 102  1
 167 102  1
  18 103  1
 266 103  1
 275 103  1
  81 104  1
 201 104  1
  22 105  1
  51 105  1
  52 105  1
  53 105  1
  99 105  1
 120 105  1
 148 105  1
 234 105  1
 275 105  1
  30 106  1
 116 106  1
 166 106  1
 229 106  1
 230 106  1
  93 107  1
  95 107  1
  57 108  1
 134 108  1
 156 108  1
  22 109  1
  32 109  1
  88 110  1
 147 110  1
  65 111  1
  97 111  1
 230 111  1
 236 111  1
  25 112  1
 116 112  1
 117 112  1
 155 112  1
 156 112  1
 272 112  1
 273 112  1
  76 113  1
 190 113  2
 191 113  1
 233 113  1
 239 113  1
 240 113  1
 224 115  1
 242 115  1
 137 116  1
 192 116  1
 193 116  1
 249 116  1
  66 117  1
 131 117  1
 253 117  1
  73 118  1
 258 118  1
  62 119  1
 228 119  1
 246 119  1
 272 119  1
 224 120  1
 258 120  1
 185 121  1
 194 121  1
 264 121  1
 265 121  1
 232 122  1
  71 123  1
 194 123  1
 261 123  1
  33 124  1
  50 124  1
  73 124  1
  75 124  1
 257 124  1
  10 125  1
  28 125  1
  47 125  1
  78 125  1
 189 125  1
 200 125  1
  57 126  1
 237 126  1
 255 126  1
  26 127  1
  65 127  1
  66 127  1
  82 127  1
 158 127  1
 160 127  1
 200 127  1
   2 128  1
 149 128  1
 156 128  1
 174 128  1
 197 128  1
 275 128  1
 279 128  1
   6 129  1
  26 129  1
  42 129  1
  55 129  1
  88 129  1
 222 129  1
 250 129  1
  39 130  1
  68 130  1
 189 130  1
 197 130  1
 210 130  1
 217 130  1
  48 131  1
  76 131  1
  81 131  1
  82 131  1
 193 131  1
 254 131  1
 255 131  1
   8 132  1
  10 132  1
  11 132  1
  18 132  1
  23 132  1
  65 132  1
 157 132  1
 174 132  1
 175 132  1
 196 132  1
 197 132  1
 217 132  1
  60 133  1
 178 133  1
 213 134  1
 214 134  1
  99 135  1
 242 135  1
 249 135  1
 253 135  1
 269 135  1
  32 136  1
  40 136  1
  47 136  1
  86 136  1
  90 136  1
 192 136  1
 262 136  1
  57 137  1
  93 137  1
 141 137  1
 142 137  1
 184 137  1
 204 137  1
  59 138  1
  61 138  1
  63 138  1
  32 139  1
 259 139  1
  13 140  1
 242 140  1
 272 140  1
  32 141  1
 147 141  1
 198 141  1
 213 141  1
  11 142  1
  45 142  1
 184 142  1
 207 142  1
 244 142  1
 248 142  1
  28 143  1
  65 143  1
 139 144  1
 217 144  1
 256 144  1
   3 145  1
   4 145  1
  11 145  1
  60 145  1
  79 145  1
  83 145  1
  69 146  1
 148 146  1
 204 146  1
 205 146  1
 256 146  1
  12 148  1
  23 148  1
  55 148  1
 128 148  1
 137 148  1
 239 148  1
 246 148  2
 264 148  1
 202 149  1
 203 149  1
 236 149  1
 248 149  1
 252 149  1
  22 150  1
  70 150  1
 193 150  1
 194 150  1
 125 151  1
 147 151  1
  63 152  1
 143 152  1
 145 152  1
 266 152  1
   6 153  1
   7 153  1
  73 153  1
  74 153  1
  79 153  1
 218 153  1
 113 154  1
 159 154  1
 270 154  1
 205 155  1
 246 155  1
 256 155  1
  31 156  1
  32 156  1
 113 156  1
 191 156  1
 207 156  1
  25 157  1
 219 157  1
 137 158  1
 155 158  1
 231 158  1
 233 158  1
 266 158  1
 210 159  1
 212 159  1
 221 159  1
 112 160  1
 182 160  1
 183 160  1
  22 162  1
 177 163  2
 179 163  1
 215 163  1
 216 163  1
 209 164  1
 219 164  1
 220 164  1
 233 164  1
 128 165  1
  17 166  1
 179 166  1
  22 167  1
  54 167  1
  31 168  1
  37 168  1
  51 168  1
 151 168  1
 155 168  1
 218 168  1
  12 169  1
  56 169  1
 158 169  1
 160 169  1
  30 170  1
  31 170  1
  14 174  1
  23 174  1
 247 182  1
 251 182  1
 240 185  1
 241 185  1
 221 188  1
 223 188  1
 246 188  1
 252 188  1
 263 190  1
 264 190  1
  25 191  1
 216 191  1
 242 192  1
 243 192  1
  40 193  1
  44 193  1
 252 193  1
 256 193  1
  37 194  1
 222 195  1
 111 197  2
 112 197  1
 261 197  1
 227 198  1
 224 199  1
 138 201  1
 258 201  1
 140 205  1
 256 205  1
 104 206  1
 117 207  1
 228 207  1
 229 207  1
 221 208  1
 222 208  1
 144 209  1
 104 210  1
  52 211  1
 110 211  1
 131 211  1
 132 211  1
 140 211  1
 250 212  1
  99 213  1
 120 213  1
 120 215  1
  80 217  1
  97 217  1
  98 217  1
 122 217  1
 228 217  1
 229 217  1
  77 218  1
 132 218  1
 194 218  1
 223 218  1
  84 219  1
 198 219  1
  53 220  1
  54 220  1
 100 220  1
 133 221  1
  57 222  1
 112 222  1
 120 222  1
 121 222  1
 142 222  1
  97 223  1
 191 223  1
 197 223  1
  79 224  1
  89 225  1
  90 225  1
  97 225  1
  99 225  1
 117 225  1
  70 226  1
  71 226  1
 137 226  1
 139 226  1
 111 227  1
 112 227  1
 132 227  1
 198 227  1
  93 229  1
 193 229  1
 194 229  1
 198 229  1
 129 230  1
 130 230  1
  78 231  1
 115 231  1
 199 231  1
  96 233  1
 119 233  1
 122 233  1
  87 234  1
 130 235  1
 131 235  1
 196 235  1
 200 235  1
 225 235  1
  94 236  1
 203 236  1
 105 237  1
  82 238  1
  84 238  1
 125 238  1
 128 238  1
  87 239  1
 114 239  1
 157 240  1
  92 241  1
 108 242  1
 154 243  1
 212 243  1
 213 243  1
 167 244  1
  99 245  1
 113 245  1
 209 245  1
 152 246  1
 160 247  1
 161 247  1
 168 247  1
 169 247  1
 203 248  1
 204 248  1
 165 251  1
 194 252  1
 196 252  1
 155 253  1
 129 254  1
 147 257  1


count = 613