 148   1  1
 174   1  1
 186   1  1
 195   3  1
 201   5  1
 126   6  1
 175   6  1
 161   7  1
 203   7  1
 151   8  1
 155   8  1
 186   8  1
 116   9  1
 175   9  1
 176   9  1
 109  10  1
 209  10  1
 187  11  1
 188  11  1
 128  13  1
 130  13  1
  89  14  1
 173  14  1
 214  14  1
 153  16  1
 154  16  1
 173  16  1
 140  17  1
 144  17  1
  98  18  1
 103  18  1
  92  19  1
  93  19  1
 131  19  1
 219  19  1
  79  21  1
 221  22  1
  95  23  1
  96  23  1
 158  23  1
  66  24  1
  61  27  1
 149  27  1
  84  28  1
  85  28  1
  94  29  1
 102  29  1
 103  29  1
 136  29  1
 148  30  1
 157  31  1
 158  31  1
  64  33  1
  95  33  1
 101  33  1
 235  33  1
  60  34  1
  68  34  1
 145  35  1
  50  36  1
  94  37  1
  95  37  1
 140  37  1
 141  37  1
 145  37  1
  67  38  1
  46  39  1
  91  40  1
 105  40  1
 135  40  1
  54  41  1
  59  41  1
  98  41  1
  40  43  1
 152  43  1
  52  45  1
  53  45  1
 121  45  1
 122  45  1
  59  46  1
 236  46  1
  32  47  1
 249  47  1
  64  48  1
  65  48  1
 100  48  1
  29  49  1
 129  49  1
 130  49  1
  85  50  1
  86  50  1
  96  50  1
 138  50  1
  50  51  1
  41  52  1
  62  52  1
  91  52  1
 120  52  1
 121  52  1
  48  53  1
 254  54  1
  89  55  1
  28  58  1
 256  59  1
  18  62  1
  19  62  1
 253  62  1
  24  63  1
  16  64  1
 246  64  1
 262  69  1
 263  69  1
 246  70  1
 188  71  1
 227  72  1
 229  72  1
 176  73  1
  10  74  1
  11  74  1
 264  74  1
 250  75  1
 258  75  1
 186  76  1
 197  76  1
 198  76  1
 209  76  1
 213  76  1
 178  77  1
 179  77  1
 228  77  1
 233  77  1
 202  78  1
 207  78  1
 197  79  1
 192  80  1
 250  80  1
 251  80  1
 216  81  1
 167  82  1
 188  82  1
 199  82  1
 204  82  1
 219  83  1
 220  83  1
 257  83  1
   6  84  1
   7  84  1
  22  84  1
 171  84  1
 186  84  1
  18  85  1
 158  85  1
 234  85  1
 164  86  1
 182  86  1
 242  87  1
 243  87  1
 143  89  1
 144  89  1
 180  89  1
 226  89  1
  23  90  1
 250  90  1
 188  91  1
 230  91  1
 184  92  1
 251  92  1
   3  93  1
   4  93  1
  26  93  1
  33  93  1
 147  95  1
 161  95  1
 166  95  1
 167  95  1
 143  96  1
 172  97  1
 240  97  1
 131  98  1
 195  98  1
 227  98  1
 274  98  1
 275  98  1
  36  99  1
  37  99  1
 148  99  1
 193  99  1
  24 100  1
  81 100  1
 228 100  1
 230 100  1
  19 101  1
  86 101  1
 130 101  1
 163 101  1
 193 101  1
  46 102  1
 158 102  1
  17 104  1
  75 104  1
 189 104  1
 242 104  1
 149 105  1
  46 106  1
  77 106  1
 131 106  1
 195 106  1
 196 106  1
 227 106  1
 228 106  1
  87 107  1
  13 108  1
 100 108  1
 159 108  1
 160 108  1
  41 110  1
 150 110  1
 120 112  1
 127 112  1
 128 112  1
  44 113  1
  45 113  1
  72 113  1
 149 113  1
 160 113  1
 180 113  1
 201 113  1
 203 113  1
  70 114  1
  83 114  1
 146 114  1
 190 114  1
 141 115  1
  46 116  1
  83 116  1
 151 117  1
 159 117  1
 160 117  1
 167 117  1
 175 117  1
 260 117  1
 270 117  1
  10 118  1
  11 118  1
  75 118  1
 119 118  1
 125 118  1
  41 119  2
 145 119  1
 175 119  1
 207 119  1
 266 119  1
  78 120  1
 179 120  1
   9 121  1
  10 121  1
  45 121  1
 157 121  1
 188 121  1
 189 121  1
   4 122  1
  38 122  1
 119 122  1
 165 122  1
  12 123  1
  93 123  1
 189 123  2
 208 123  1
  96 124  1
 263 124  1
  14 125  1
  46 125  1
  98 125  1
 188 125  1
 200 125  1
  22 126  1
  42 126  1
 223 126  1
   6 127  1
   7 127  1
  36 127  1
 193 127  1
  53 128  1
 161 128  1
  12 129  1
  27 129  1
  98 129  1
 130 129  1
 259 129  1
 270 129  1
 275 129  1
  33 130  1
  60 130  1
 151 130  1
 157 130  1
  45 131  1
  56 131  1
  94 131  1
 118 131  1
  21 132  1
  35 132  1
  72 132  1
  73 132  1
 205 132  1
 143 133  1
 125 134  1
 126 134  1
 149 134  1
 157 134  1
 197 134  1
 207 134  1
  91 135  1
 194 135  1
  21 136  1
  23 136  1
  25 136  1
  27 136  1
  62 136  1
  63 136  1
  64 136  1
  72 136  1
 151 136  1
 216 136  1
 217 136  1
  13 137  1
  54 137  1
  84 137  1
 153 137  1
   5 138  1
   6 138  1
  70 139  1
 135 139  1
 143 140  1
 166 140  1
 167 140  1
 208 140  1
 247 140  1
 248 140  1
   4 141  1
   5 141  1
  27 142  1
  82 142  1
  99 142  1
 100 142  1
 157 142  1
 161 142  1
 215 142  1
 216 142  1
 250 142  1
 103 143  1
  80 144  1
  96 144  1
 118 145  1
 167 145  1
 206 145  1
  92 146  1
  93 146  1
 247 146  1
 217 147  1
 223 147  1
 253 147  1
  10 148  1
 153 148  1
 155 148  1
  12 149  1
  14 149  1
 204 149  1
 172 150  1
  76 151  1
 149 151  1
 150 151  1
 248 151  1
 208 152  1
   9 153  1
  10 153  1
  76 153  1
  77 153  1
 276 153  1
 213 154  1
 273 154  1
  19 155  1
  80 155  1
 177 156  1
 208 156  1
 273 156  1
 199 157  1
 171 158  1
 193 158  1
 273 158  1
  10 161  1
 102 162  1
 170 162  1
 190 162  1
 191 162  1
  15 163  1
  81 164  1
  82 164  1
 198 164  1
 199 164  1
  11 165  1
  91 165  1
 266 165  1
  99 166  1
 235 166  1
 244 166  1
 248 166  1
  11 167  1
  17 167  1
 187 167  1
  83 168  1
 134 168  1
 199 168  1
 203 168  1
 280 168  1
 231 169  1
 198 170  1
  25 171  1
 229 171  1
  92 172  1
  19 173  1
 173 173  1
 187 173  1
  28 174  1
 134 174  1
 192 174  1
 277 174  1
 278 174  1
  46 176  1
 151 176  1
 209 176  1
 220 176  1
 222 176  1
  64 177  1
  82 177  1
  83 177  1
 120 177  1
 138 177  1
 186 177  1
  66 178  1
 155 178  1
 192 178  1
  84 179  1
 117 179  1
 118 179  1
 138 179  1
 139 179  1
 275 179  1
 276 179  1
  57 180  1
 262 180  1
  19 181  1
  24 181  1
  27 181  1
 134 181  1
  36 182  1
 144 182  1
 209 182  1
  11 184  1
  12 184  1
  42 184  1
 156 184  1
 187 184  1
 188 186  1
 198 186  1
  30 187  1
 208 187  1
  23 189  1
  24 189  1
  26 190  1
 159 190  1
 160 190  1
 164 192  1
  26 194  1
  27 194  1
 244 194  1
 266 197  1
  28 198  1
 264 200  1
 104 201  1
 231 202  1
 225 203  1
 240 203  1
  28 207  1
 102 207  1
 201 207  1
 146 208  1
 150 208  1
 240 208  1
 241 208  1
  98 209  1
 131 209  1
 154 209  1
 211 209  1
 215 209  1
  82 210  1
 195 210  1
  96 211  1
 236 211  1
 126 212  1
 161 212  1
 116 213  1
 150 213  1
 156 213  1
 210 214  1
 132 215  1
 141 215  1
 194 215  1
 122 216  1
 140 217  1
 198 217  1
 199 217  1
 219 217  1
 220 217  1
 163 218  1
 203 218  1
  80 219  1
  77 220  1
 133 220  1
 214 220  1
  52 221  1
 137 221  1
 218 221  1
  70 222  1
  71 222  1
 190 222  1
  56 223  1
  68 223  1
 205 224  1
 243 224  1
  59 225  1
 212 226  1
  81 227  1
 208 227  1
 195 228  1
 202 228  1
 212 228  1
  76 230  1
  98 230  1
  86 231  1
 197 231  1
  81 232  1
  94 233  1
  72 234  1
  92 235  1
 100 235  1
  79 236  1
 199 236  1
 212 237  1
 213 237  1
 119 238  1
 100 239  1
  88 240  1
  90 240  1
  92 241  1
 122 242  1
 123 242  1
 125 242  1
 118 244  1
 217 244  1
 128 245  1
 110 247  1
 212 247  1
 171 248  1
 176 248  1
 121 249  1
 207 249  1
 208 249  1
 124 250  1
 199 252  1
 201 252  1
 137 253  1
 142 255  1
 187 255  1


count = 573