 153   1  1
 159   1  1
 168   1  1
 119   4  1
 182   4  1
 114   6  1
 151   7  1
 190   7  1
 142   8  1
 193   8  1
 129   9  1
 196   9  1
 102  11  1
 158  12  1
  90  14  1
 205  14  1
 207  14  1
 113  15  1
 139  15  1
 156  16  1
 157  16  1
 164  17  1
 172  17  1
 103  19  1
  90  20  1
 217  20  1
 169  21  1
 119  22  1
 120  22  1
 160  22  1
 161  22  1
 105  23  1
  92  24  1
  98  24  1
 114  24  1
 157  24  1
 225  24  1
  78  25  1
 122  25  1
 123  25  1
 140  25  1
 141  25  1
 142  25  1
 151  25  1
  64  26  1
 228  26  1
 103  27  1
 104  27  1
 176  27  1
 177  27  1
  89  28  1
 123  28  1
 134  28  1
 230  28  1
 171  29  1
 172  29  1
  75  30  1
  82  30  1
  92  30  1
  93  30  1
 105  30  1
 107  30  1
 167  30  1
  59  31  1
 152  32  1
 157  32  1
 120  33  1
 142  33  1
 164  33  1
  81  34  1
  82  34  1
 239  34  1
  68  35  1
  98  35  1
  99  35  1
 146  36  1
 161  36  1
 166  36  1
 151  37  1
 163  38  1
 172  38  1
  75  39  1
  76  39  1
  83  39  1
 151  39  1
 246  39  1
  47  41  1
 149  41  3
 151  41  1
 168  41  1
 169  41  1
  68  42  1
 195  42  1
  57  43  1
 164  43  1
 240  43  1
  75  44  1
  42  45  1
  81  45  2
  82  45  1
  83  45  1
 240  45  1
  86  47  1
 103  47  1
 104  47  1
 240  47  1
 111  48  1
 211  48  1
 217  48  1
 242  48  1
  61  49  1
  86  49  1
 257  49  1
 258  49  1
  87  51  1
  91  51  1
 154  51  1
 105  52  1
 177  52  1
 247  52  1
  33  53  1
 111  53  1
 167  53  1
 171  53  1
 209  53  1
 242  53  1
 156  54  1
 235  54  1
 113  55  1
 164  55  1
 201  55  1
 262  55  1
  63  56  1
  64  56  1
  69  56  1
 232  56  1
 240  56  1
 160  57  2
 229  57  1
  84  59  1
 160  59  1
 247  60  1
  85  61  1
  67  62  1
 216  62  1
 230  62  1
 242  62  1
  85  63  1
 138  63  1
 139  63  1
 170  63  1
 266  63  1
 145  64  1
 221  64  1
 249  64  1
 259  64  1
  88  65  1
 163  65  1
 240  65  1
 251  65  1
 168  66  1
 255  66  1
 152  67  1
 222  68  1
 238  68  1
 270  69  1
 271  69  1
  88  71  1
  90  72  1
 272  72  1
 273  72  1
  19  75  1
 226  76  1
 183  77  1
 189  77  1
 190  77  1
 178  79  1
 192  79  1
 233  80  1
 176  81  1
 209  82  1
 271  82  1
 242  83  1
 236  84  1
   8  85  1
  31  87  1
 264  87  1
 279  87  1
 280  87  1
 209  88  1
 207  89  1
 266  89  1
 163  91  1
 280  91  1
 281  91  1
  25  92  1
 212  93  1
 213  93  1
 214  93  1
 153  94  1
  41  95  1
  42  95  1
  22  96  1
  27  96  1
  28  96  1
  29  96  1
  10  97  1
 249  97  1
 255  97  1
  43  98  1
 206  98  1
  32  99  1
 143  99  1
 147  99  1
 211  99  1
 259  99  1
  53 100  1
  75 100  1
 101 100  1
 141 100  1
  75 102  1
 129 102  1
 206 102  1
 207 102  1
 123 103  1
 167 103  1
 254 103  1
  58 104  1
  60 104  1
 101 104  1
 112 106  1
 145 106  1
  42 107  1
 127 108  1
 177 108  1
  35 109  1
  46 109  1
 102 109  1
 125 109  1
 137 109  1
  51 110  1
 206 110  1
  34 111  1
  35 111  1
 203 111  1
   2 112  1
   3 112  1
  41 112  1
  45 112  1
 170 112  1
 197 112  1
 138 114  1
 195 114  1
 103 115  1
 144 115  1
 228 115  1
 230 115  1
 109 116  1
 167 116  1
 217 117  1
 281 117  1
 282 117  1
 163 119  1
 191 119  1
 220 119  2
 146 120  1
   1 121  1
   6 121  1
 113 121  1
  14 122  1
  18 123  1
 117 123  1
  33 124  1
 141 124  1
 241 124  1
 259 124  1
  82 125  1
  98 125  1
 153 125  1
  77 126  1
  92 126  1
 251 126  1
 275 126  1
   1 127  1
  67 127  1
 188 127  1
 202 127  1
 204 127  1
  14 128  1
  74 128  1
 234 128  1
 272 128  1
  43 129  1
 100 129  1
 152 129  1
 230 129  1
  39 130  1
  57 130  1
  59 130  1
 104 130  1
  27 131  1
  80 131  1
  86 131  1
  88 131  1
 115 131  1
 122 131  1
 126 131  1
 187 131  1
 249 131  1
  10 132  1
  51 132  1
  64 132  1
  74 132  1
 205 132  1
 275 132  1
  56 133  1
 189 133  1
 202 133  1
 222 133  1
 267 133  1
 104 134  1
 118 134  1
  81 135  1
 107 135  1
 216 135  1
 254 135  1
   8 136  1
  26 136  1
 110 136  1
 212 136  1
 259 136  1
 279 136  1
   1 137  1
  13 137  1
  53 137  1
 207 137  1
  47 138  1
 221 138  1
  74 139  1
 111 139  1
 117 139  1
  80 140  1
  94 140  1
 131 140  1
 260 140  1
 262 140  1
  55 141  1
  58 141  1
 163 141  1
 167 141  1
 171 142  1
 259 142  1
  30 143  1
  72 143  1
 126 144  1
   1 145  1
  54 145  1
  59 145  1
 107 145  1
 109 145  1
  26 146  1
 166 146  1
 167 146  1
 247 146  1
  58 147  1
 102 147  1
 159 147  1
 160 147  1
 161 147  1
  26 148  1
 136 148  1
 120 149  1
 144 149  1
 169 149  1
  25 150  1
 176 150  1
 281 150  1
 282 150  1
 238 151  1
 239 151  1
 181 152  1
   4 154  1
   5 154  1
 247 154  1
  26 155  1
 100 155  1
 115 155  1
 238 155  1
 249 155  1
 276 155  1
 132 156  1
 273 156  1
 274 156  1
   5 157  1
   6 157  1
 164 157  1
 118 158  1
 160 158  1
  22 159  1
 102 159  1
 148 159  1
 273 159  1
 109 160  1
 114 160  1
 155 160  1
 249 160  1
 250 160  1
 272 161  1
 276 161  1
 281 161  1
 282 161  1
 158 162  1
 242 162  1
  37 164  1
   7 166  1
   8 166  1
 249 166  1
  20 167  1
  45 167  1
 130 167  1
 143 167  1
  18 168  1
  22 168  1
  27 168  1
 165 168  1
 205 168  1
 123 169  1
 209 169  1
 211 169  1
 237 169  1
 270 169  1
 273 169  1
 245 170  1
   9 171  1
  10 171  1
 110 171  1
 209 171  1
 112 172  1
 197 172  1
  30 173  1
 215 173  1
 242 173  1
  18 174  1
 119 174  1
 187 174  1
 180 175  1
 182 175  1
 235 175  1
 270 175  1
 205 176  1
 207 176  1
 209 176  1
 229 176  1
  29 177  1
  30 177  1
  31 177  1
  53 178  1
 193 178  1
 198 178  1
 219 178  1
 276 178  1
 277 178  1
 187 179  1
 227 179  1
 240 179  1
  20 180  1
  21 180  1
  34 180  1
 236 180  1
 268 181  1
 209 182  1
 231 182  1
 235 182  1
  54 183  1
  75 184  1
 229 184  1
 248 184  1
 254 184  1
  46 185  1
 224 185  1
 263 185  1
  89 186  1
  53 187  1
  54 187  1
 267 187  1
 268 187  1
  56 188  1
 248 188  1
 249 188  1
 258 188  1
  35 189  1
  32 190  1
  46 190  1
  66 190  1
  89 190  1
  90 190  1
  49 191  1
  54 191  1
 234 192  1
 272 192  1
 273 192  1
  36 193  1
 213 193  1
 229 193  1
  58 195  1
  61 195  1
 210 196  1
 227 197  1
  65 198  1
  40 199  1
  41 199  1
 190 199  1
  69 201  1
  70 201  1
 186 201  1
 187 201  1
  35 202  1
  63 203  1
  64 203  1
 235 203  1
 180 204  1
 209 204  1
 237 206  1
 256 207  1
 206 208  1
 251 208  1
 197 210  2
 198 210  1
 205 210  1
 263 210  1
  56 212  1
  67 212  1
 245 213  1
  59 214  1
  69 214  1
  71 214  1
  73 214  1
 202 214  1
  49 215  1
  83 215  1
  88 215  1
 181 215  1
  89 217  1
  90 217  1
 181 217  1
 208 217  1
  76 219  1
 184 219  1
 185 219  1
 213 219  1
  54 220  1
 106 221  1
 110 221  1
 135 221  1
  82 222  1
  86 222  1
 180 222  1
 181 222  1
 196 222  1
 131 223  1
 212 223  1
 126 224  1
 209 224  1
 105 225  1
 120 226  1
 177 226  1
  85 227  1
  86 227  1
  95 227  1
  91 228  1
 101 228  1
 108 228  1
 109 228  1
 137 228  1
 138 228  1
 176 228  1
 243 228  1
  75 229  1
 149 229  1
  83 230  1
 104 231  1
 171 231  1
 195 231  1
 196 231  1
 203 231  1
 165 232  1
  80 233  1
 205 234  1
 210 234  1
 218 234  1
  74 235  1
 101 235  1
 139 235  1
 141 235  1
 149 235  1
 212 236  1
  94 237  1
  80 238  1
 147 238  1
 151 239  1
 179 239  1
 180 239  1
 182 239  1
 100 240  1
 167 240  1
 168 240  1
 209 240  1
  87 241  1
 222 241  1
 152 245  1
 153 245  1
 107 246  1
 165 246  1
 166 246  1
 142 247  1
 189 247  1
 136 248  1
 204 249  1
 149 252  1
 155 252  1
 130 253  1
 135 255  1
 180 255  1
 147 257  1


count = 624