 141   1  1
 155   1  1
 158   1  1
 108   5  1
 189   5  1
 102   7  1
 150   7  1
  99   8  1
 201   8  1
 174  10  1
 205  10  1
 167  11  1
 170  11  1
 116  12  1
 117  12  1
 165  12  1
  83  15  1
  99  15  1
 100  15  1
 155  15  1
 107  17  1
 105  19  1
 158  19  1
 163  19  1
 154  20  1
 155  20  1
 223  20  1
  87  21  1
 154  22  1
 215  23  1
  84  25  1
  93  25  1
 109  25  1
 110  25  1
 101  26  1
 105  26  1
  92  27  1
  97  27  1
 234  27  1
  78  28  1
  79  28  1
 114  28  1
 106  29  1
 213  29  1
 214  29  1
  83  30  1
  43  31  1
  61  31  1
  68  31  1
  91  31  1
  92  31  1
 230  32  1
 248  33  1
 109  34  1
 110  34  1
 116  35  1
 212  35  1
 213  35  1
 235  35  1
  77  37  1
  78  37  1
  61  38  1
 121  38  1
  64  39  1
  65  39  1
  66  39  1
  77  39  1
  78  39  1
 215  39  1
 110  40  1
 209  40  1
 213  40  1
  65  41  1
  98  41  1
  99  41  1
 113  41  1
 175  41  1
  29  42  1
  80  42  1
  84  42  1
 129  42  1
 134  42  1
 230  42  1
 101  43  1
  35  44  1
  36  44  1
 108  44  1
 115  44  1
 139  44  1
  44  45  1
  59  45  1
  65  45  1
  92  45  1
  94  45  1
  96  45  1
 117  45  1
 147  45  1
 148  45  1
 152  45  1
 172  45  1
 224  45  1
  38  46  1
 113  46  1
 154  46  2
 227  46  1
 262  46  1
  61  47  1
  79  47  1
 102  47  1
 107  48  1
 114  48  1
 139  48  1
 170  48  1
  68  49  1
  69  49  1
 126  49  1
 127  49  1
  93  50  1
 107  50  1
 108  50  1
 135  50  1
 137  50  1
 147  50  1
 206  50  1
 229  50  1
  89  51  1
  97  51  1
 105  51  1
 133  51  1
 149  51  1
 217  51  1
  42  52  1
  80  52  1
 160  52  1
  61  53  1
 110  54  1
 115  54  1
 161  54  1
 225  54  1
  34  55  1
  35  55  1
 104  55  1
 153  55  1
 174  55  1
  39  56  1
  41  56  1
 162  56  1
 163  56  1
  21  57  1
 147  57  1
 154  57  1
 220  57  1
  49  58  1
  91  58  1
 106  58  1
 212  58  1
 125  59  1
  97  60  1
 106  60  1
 108  60  2
 151  60  1
 160  60  1
 169  60  1
 176  60  1
  17  61  1
  84  61  1
  85  61  1
 203  61  1
 164  62  1
 165  62  1
 198  62  1
 208  62  1
  45  63  1
  97  63  1
  98  63  1
 112  63  1
 114  63  1
 144  63  1
 179  63  1
 271  63  1
 272  63  1
  49  64  1
  62  64  1
 107  64  1
 125  64  1
 214  64  1
 130  65  1
 146  65  1
 151  65  1
 170  65  1
 171  65  1
 212  65  1
  92  66  1
 119  66  1
 183  66  1
 114  67  1
  63  68  1
  65  68  1
 120  68  1
 165  68  1
 273  68  1
 274  68  1
  26  69  1
  82  69  1
  83  69  1
  97  69  1
 133  69  1
 172  71  1
  12  72  1
  13  72  1
 113  72  1
 115  73  1
 164  73  1
 174  74  1
 175  74  1
 269  74  1
  31  75  1
  32  75  1
  69  75  1
  84  75  1
 109  75  1
 110  75  1
 275  75  1
 276  75  1
 165  76  1
 266  76  1
 267  76  1
 162  77  1
 202  77  1
 258  77  1
  71  78  1
  74  78  1
 175  78  1
  81  79  1
 154  79  1
 203  81  1
 205  81  1
 234  81  1
  31  82  1
  32  82  1
 239  82  1
 140  84  1
 201  84  1
 212  84  2
 213  84  1
 217  84  1
 239  84  1
  30  85  1
  31  85  1
 144  85  1
 209  85  1
 221  85  1
 206  86  1
 232  86  1
  10  88  1
  11  88  1
 136  88  1
 186  88  1
 202  88  1
 198  89  1
 210  89  1
 225  89  1
 241  89  1
  87  91  1
  25  92  1
  94  92  1
 132  92  1
  98  93  1
 108  93  1
 126  93  1
 130  93  1
 215  93  1
 251  93  1
 121  94  1
 180  94  1
   6  95  1
 209  95  1
  81  96  1
  91  96  1
 117  96  1
 188  96  1
 281  97  1
 282  97  1
 108  98  1
  98 101  1
 198 101  1
 202 101  1
 170 102  1
 185 102  1
 186 102  1
 190 102  1
  80 104  1
 104 104  1
 106 104  1
 183 105  1
  36 106  1
 102 106  1
 205 106  1
 206 106  1
   9 107  1
  10 107  1
 111 108  1
  26 110  1
  36 110  1
  75 110  1
  76 110  1
 126 111  1
 168 111  1
 169 111  1
 218 111  1
  26 112  1
 157 112  1
 160 112  1
 201 112  1
  18 113  1
  19 113  1
 138 113  1
 139 113  1
 149 114  1
 150 114  1
 151 114  1
 170 114  1
  13 115  1
  21 115  1
  28 115  1
  36 115  1
 110 115  1
 142 115  1
 105 116  1
 120 116  1
 162 116  1
 214 116  1
 250 116  1
 251 116  1
 255 116  1
 256 116  1
 127 117  1
 128 117  1
 203 117  1
  86 118  1
 122 118  1
 144 119  1
 194 119  1
 210 119  1
 173 120  1
 192 120  1
 244 120  1
 158 121  1
 214 121  1
 241 121  1
  90 122  1
 196 122  1
 197 122  1
 204 122  1
 254 122  1
 256 122  1
  10 124  1
  11 124  1
  93 124  1
 123 124  1
 128 124  1
 133 124  1
 147 124  1
 269 124  1
 273 124  1
 162 125  1
 163 125  1
 250 125  1
 257 125  1
 262 125  1
  16 126  1
  89 126  1
   4 127  1
  22 127  1
 120 127  1
 263 127  1
 267 127  1
 141 128  1
 147 128  1
 148 128  1
 195 128  1
 277 128  1
  47 129  1
  15 130  1
  16 130  1
  30 130  1
  31 130  1
  87 130  1
 153 130  1
 189 130  1
 248 130  1
 259 130  1
   7 131  1
   8 131  1
  19 131  1
  39 131  1
 243 131  1
 252 131  1
 253 131  1
 273 131  1
  25 132  1
 108 132  1
  36 133  1
  45 133  1
  86 133  1
 188 133  1
  92 134  1
 132 134  1
 137 134  1
 145 134  1
 146 134  1
 254 134  1
   7 135  1
  28 135  1
  56 135  1
 143 135  1
  49 136  1
 159 136  1
 245 137  1
  89 138  1
 139 138  1
 257 138  1
 258 138  1
 270 138  1
  26 139  1
  54 139  1
  55 139  1
 196 139  1
 241 139  1
 172 140  1
   1 141  1
  58 141  1
  59 141  1
 127 141  1
 236 141  1
   8 142  1
  86 142  1
 140 142  1
 141 142  1
 204 142  1
 135 143  1
  46 144  1
 106 144  1
 258 144  1
 259 144  1
  59 145  1
 114 145  1
 175 145  1
 219 145  1
 266 145  1
  39 146  1
  91 146  1
 122 146  1
 129 146  1
  44 147  1
 179 147  1
  91 148  1
 157 148  1
 217 148  1
  79 149  1
  99 149  1
 122 149  1
 164 149  1
 205 149  1
 139 150  1
 174 150  1
  39 151  1
  43 151  1
 205 151  1
   1 152  1
   9 152  1
  49 152  1
  76 152  1
  87 152  1
 219 152  1
 220 152  1
 231 152  1
 256 152  1
  52 153  1
  60 153  1
 130 153  1
 156 153  1
 157 153  1
 158 153  1
 239 153  1
 260 153  1
   9 154  1
  74 154  1
 138 154  1
 148 154  1
 223 154  1
 159 155  1
 166 155  1
 253 155  1
 263 155  1
 272 155  1
  47 156  1
  63 156  1
 243 156  1
   2 157  1
   3 157  1
 149 157  1
 180 157  1
  54 158  1
  55 158  1
  74 158  1
  75 158  1
 174 158  1
 183 158  1
 184 158  1
 268 158  1
  81 159  1
  82 159  1
 104 159  1
 153 159  1
 154 159  1
 208 159  1
 189 160  1
   3 161  1
   4 161  1
  18 161  1
  82 161  1
 102 161  1
 198 161  1
 208 161  1
  32 162  1
  87 162  1
 174 162  1
 189 162  1
 214 162  1
 272 162  1
  81 163  1
  82 163  1
 116 164  1
   4 165  1
   5 165  1
  20 165  1
 168 165  1
 169 165  1
 189 165  1
 205 165  1
 268 165  2
  76 166  1
 111 166  1
 185 166  1
 260 166  1
  82 167  1
  83 167  1
  93 168  1
  94 168  1
  15 170  1
   6 171  1
   7 171  1
  22 171  1
  23 171  1
 109 171  1
 224 172  1
  69 173  1
  70 173  1
 110 173  1
 111 173  1
 227 173  1
 275 173  1
 276 173  1
 251 174  1
 260 174  1
 266 174  1
  20 175  1
  38 175  1
 245 175  1
 256 175  1
  25 176  1
   8 178  1
   9 178  1
  74 178  1
 236 178  1
  16 179  1
  17 179  1
 273 179  1
 274 179  1
 250 180  1
 255 180  1
   9 181  1
  10 181  1
  48 181  1
  68 181  1
 252 182  1
  91 183  1
 266 183  1
 267 183  1
  33 184  1
  86 184  1
  87 184  1
 271 184  1
 272 184  1
 257 185  1
  28 186  1
 259 186  1
  11 187  1
  12 187  1
  91 187  1
  49 188  1
  50 188  1
  63 188  1
 241 188  1
 263 188  1
 264 188  1
  55 189  1
  59 189  1
  86 189  1
 250 190  1
 270 190  1
  28 191  1
 246 191  1
 248 191  1
 268 191  1
  79 192  1
  80 192  1
  81 192  1
  22 193  1
  61 193  1
  62 193  1
 255 193  1
  41 195  1
  53 195  1
  86 195  1
  91 195  1
  37 196  1
  48 197  1
  28 198  1
  35 198  1
  43 198  1
  84 198  1
 249 198  1
 265 198  1
  25 199  1
  60 199  1
  61 199  1
  41 201  1
  46 203  1
 225 203  1
  91 204  1
  94 204  1
  95 204  1
 260 204  1
  22 205  1
  94 206  2
 227 206  1
 228 206  1
 216 207  1
 219 208  1
 220 208  1
 221 208  1
 222 212  1
 225 215  1
 251 215  1
  71 216  1
  67 217  1
  40 218  1
  55 218  1
  56 218  1
 172 218  1
 218 219  1
 219 219  1
  62 220  1
 174 220  1
 115 221  1
  47 223  1
 164 223  1
 215 223  1
 232 223  1
  61 224  1
  62 224  1
 114 224  1
 170 224  1
 175 224  1
  66 225  1
 226 225  1
 227 225  1
 149 226  1
 150 226  1
 164 227  1
 227 227  1
 101 228  1
 221 228  1
 118 229  1
 151 229  1
 225 229  1
 112 230  1
 219 230  1
  61 231  1
  62 231  1
 172 231  1
 137 232  1
 138 232  1
 166 232  1
 208 232  1
 184 233  1
 219 233  1
  96 234  1
 108 234  1
 231 234  1
  68 235  1
  94 235  2
 116 235  1
 206 235  1
  84 236  1
 135 237  1
 212 237  1
 183 239  1
  95 240  1
 112 240  1
 138 240  1
 208 240  1
 158 241  1
 150 242  1
 132 243  1
 133 243  1
 216 243  1
 139 244  1
  94 245  1
 111 245  1
 210 245  1
 212 245  1
  98 246  1
 130 246  1
 136 246  1
 154 246  1
 163 246  1
 130 248  1
 149 248  1
 110 249  1
 201 249  1
 153 250  1
 198 250  1
 159 251  1
 154 257  1
 169 257  1


count = 738