 148   1  1
 168   1  1
 125   5  1
 195   6  1
 198   7  1
 200   8  1
 137   9  1
 142   9  1
 107  11  1
 156  11  1
 205  11  1
 146  12  1
 153  12  1
  99  14  1
 138  14  1
 210  14  1
 150  15  1
  92  16  1
 108  16  1
  89  17  1
 142  17  1
 143  17  1
 101  18  1
 102  18  1
 156  18  1
  86  19  1
 148  19  1
 154  21  1
  80  22  1
  95  22  1
 110  22  1
 111  22  1
 160  22  1
 161  22  1
 154  23  1
 155  23  1
  73  24  1
 111  24  1
  85  26  1
  92  26  1
  93  26  1
 111  26  1
 112  26  1
 228  27  1
  74  29  1
  75  29  1
  89  29  1
  60  30  1
 129  30  1
 165  31  1
 197  31  1
 212  31  1
  80  32  1
 157  32  1
 207  33  1
  86  34  1
  95  35  1
 197  35  1
 238  35  1
  50  36  1
 102  37  1
 104  37  1
 200  37  1
  79  39  1
  80  39  1
 213  39  1
 242  39  1
  97  40  1
 145  40  1
 149  41  1
 150  41  1
 164  41  1
 165  41  1
 212  41  1
 229  41  1
  37  42  1
  38  42  1
  51  42  1
 237  43  1
  53  44  1
 209  44  1
 231  44  1
  75  45  1
  85  45  1
  96  45  1
 138  45  1
 190  45  1
 202  45  1
  80  46  1
  90  47  1
 190  47  1
  49  48  1
 196  48  1
 250  48  1
  47  49  1
  53  49  1
 148  49  1
 149  49  1
 167  49  1
 205  49  1
  34  52  1
 130  52  1
  53  53  1
 148  53  1
 196  54  1
 201  54  1
 205  54  1
 133  56  1
 156  56  1
 144  57  1
 148  57  1
 155  58  1
  33  59  1
  40  59  1
 138  59  1
 153  59  1
 261  59  1
  19  60  1
 149  60  1
 151  60  1
 141  61  1
 142  61  1
  23  63  1
 159  63  1
 254  64  1
 257  64  1
  24  68  1
 266  68  1
 267  68  1
  36  70  1
  41  71  1
  42  71  1
  11  72  1
 191  72  1
  20  73  1
 183  73  1
  15  74  1
  43  74  1
   9  75  1
 196  75  1
 269  76  1
 179  77  1
 185  78  1
 188  78  1
 190  79  1
 191  79  1
 193  83  1
 208  84  1
  10  85  1
  11  85  1
  46  85  1
 192  85  1
 219  85  1
 224  85  1
 274  85  1
   4  86  1
   5  86  1
  39  86  1
 213  86  1
  32  88  1
  33  88  1
 167  88  1
 223  88  1
 276  88  1
 277  88  1
   3  89  1
   4  89  1
   8  90  1
  30  90  1
 162  91  1
  26  93  1
 188  93  1
 189  93  1
 166  94  1
 167  94  1
 218  94  1
   7  95  1
   8  95  1
   9  95  1
 107  95  1
 206  96  1
 279  96  1
 280  96  1
 105  98  1
 186  98  1
 280  99  1
 281  99  1
   8 100  1
   9 100  1
  92 100  1
 170 100  1
 220 100  1
 165 101  1
 215 101  1
 222 101  1
  94 102  1
  95 102  1
   1 103  1
  82 103  1
  95 104  1
 265 104  1
 266 104  1
  18 105  1
  74 105  1
  81 106  1
 179 107  1
 221 107  1
   6 108  1
 214 108  1
 266 108  1
 163 109  1
 177 109  1
   1 110  1
  18 110  1
  19 110  1
  78 110  1
 118 110  1
  71 111  1
  72 111  1
  83 111  1
 126 111  1
 129 111  1
 130 111  1
 184 111  1
  16 112  1
  81 113  1
  82 113  1
 101 113  1
 174 113  1
 196 113  1
 150 114  1
 151 114  1
 203 114  1
 210 116  1
 216 116  1
 220 116  1
 221 116  1
 272 116  1
 146 117  1
 138 118  1
 273 118  1
  99 120  1
   3 122  1
   4 122  1
  10 122  1
  28 122  1
  29 122  1
 106 122  1
 127 122  1
 134 122  1
 136 122  1
 158 122  1
 159 122  1
  95 123  1
  97 123  1
 273 123  1
 221 124  1
 223 124  1
 270 124  1
  13 125  1
  17 125  1
 149 125  1
 147 126  1
   6 127  1
   7 127  1
  38 127  1
  55 127  1
 119 127  1
 161 127  1
 263 127  1
  33 128  1
  52 128  1
  61 128  1
  78 128  1
  91 128  1
 167 128  1
  95 129  1
 204 129  1
 205 129  1
 220 129  1
  14 130  1
  23 130  1
  85 130  1
 188 131  1
 261 131  1
  34 132  1
 222 132  1
 254 132  1
  91 133  1
  92 133  1
 115 133  1
 231 133  1
 243 133  1
  49 134  1
  65 134  1
 197 134  1
 198 134  1
 227 134  1
 246 134  1
 279 134  1
 280 134  1
  23 135  1
 188 135  1
 201 135  1
 202 135  1
 274 135  1
 192 136  1
 217 136  1
 238 136  1
 239 136  1
  88 137  1
  97 137  1
   4 138  1
  11 138  1
 196 138  1
 227 138  1
  90 140  1
  96 140  1
 221 140  1
 222 140  1
 203 143  1
  11 144  1
 190 146  2
 191 146  1
 192 146  1
 231 146  1
 198 147  1
 205 147  1
 215 148  1
  88 149  1
 277 149  1
  80 150  1
 200 150  1
 214 150  1
 215 150  1
  14 151  1
  15 151  1
  91 152  1
 108 152  1
 212 152  1
 232 152  1
  78 153  1
 124 153  1
 206 153  1
 120 154  1
 135 154  1
 273 154  1
  90 155  1
  91 155  1
  74 157  1
  82 157  1
  85 157  1
 225 157  1
 271 158  1
 272 158  1
 144 159  1
 154 159  1
 126 160  1
 127 160  1
 139 160  1
 189 160  1
 253 160  1
  74 161  1
  88 161  1
 232 161  1
 225 162  1
 235 163  1
 251 163  1
 252 163  1
 272 163  1
   4 164  1
   5 164  1
 141 164  1
 144 164  1
 149 164  1
 151 164  1
 215 164  1
 154 165  1
 274 165  1
  89 167  1
 235 167  1
 236 167  1
 208 168  1
 209 168  1
 161 169  1
 256 169  1
  92 170  1
 280 170  1
 281 170  1
 236 171  1
 218 173  1
 230 173  1
 232 173  1
 169 174  1
 257 175  1
 261 175  1
   8 176  1
   9 176  1
  95 176  1
 198 177  1
 271 178  1
 198 180  1
 212 181  1
 231 181  1
 190 182  1
 214 183  1
 265 184  1
 202 187  1
  16 190  1
 209 190  1
 210 192  1
  18 194  1
  19 194  1
 270 196  1
 156 199  1
 156 201  1
 151 202  1
 155 204  1
 147 205  1
 148 205  1
 264 206  1
  30 207  1
 140 207  1
 141 207  1
 151 208  1
 138 209  1
 145 209  1
 146 209  1
  36 211  1
 139 211  1
 150 212  1
 139 213  1
 259 213  1
  52 215  1
 148 215  1
 201 216  1
  93 217  1
  97 217  1
 204 217  1
 205 217  1
 206 217  1
  45 218  1
 158 218  1
 200 219  1
  49 221  1
  90 222  1
  91 222  1
  96 222  1
  97 222  1
 106 223  1
 115 224  1
 170 224  1
 187 224  1
 201 224  1
  54 225  1
  55 225  1
  66 225  1
 105 225  1
 111 225  1
 181 225  1
 204 225  1
  99 226  1
  70 227  1
  71 227  1
  88 227  1
  89 227  1
  94 227  1
  95 227  1
 183 227  1
 185 227  1
  60 228  1
 199 229  1
 200 229  1
 201 229  1
 206 229  1
  64 231  1
 180 231  1
 239 232  1
  81 233  1
  84 233  1
 105 233  1
 111 233  1
 195 233  2
 197 234  1
 204 234  1
 166 235  1
 167 235  1
 233 235  1
 234 235  1
 205 236  1
 210 236  1
  90 237  1
  91 237  1
 183 238  1
 184 238  1
 208 238  1
 101 239  1
 102 239  1
 106 239  1
 139 239  1
  88 242  1
 106 242  1
 167 242  1
 172 242  1
 225 242  1
 137 245  1
 144 245  1
 106 246  1
 155 246  1
 217 246  1
 215 248  1
 143 249  1
 157 249  1
 165 250  1
 211 250  1
 177 251  1
 199 255  1


count = 517