 136   1  1
 147   1  1
 152   1  1
 173   1  1
 181   1  1
 195   3  1
 120   4  1
 109   7  1
 200   7  1
 126   9  1
 131  10  1
 137  10  1
 207  10  1
 122  11  1
  95  12  1
 139  13  1
 140  13  1
 211  13  1
 146  14  1
 152  14  1
 117  16  1
 122  16  1
 123  16  1
 134  16  1
 135  16  1
  85  17  1
  86  17  1
 140  17  1
 142  17  1
 103  18  1
 110  19  1
 129  19  1
 114  20  1
 115  20  1
 136  20  1
 167  20  1
 164  21  1
  82  22  1
 103  22  1
 104  22  1
 125  22  1
 169  22  1
  91  23  1
  92  23  1
 106  23  1
 107  23  1
 134  23  1
 157  24  1
  80  25  1
  68  26  1
  94  26  1
 128  26  1
 134  26  1
  54  27  1
  87  27  1
  89  27  1
 117  28  1
 118  28  1
 128  28  1
 134  28  1
  89  29  1
 113  29  1
 122  29  1
 100  30  1
 109  31  1
 235  32  1
  95  33  1
 142  33  1
  91  34  1
 128  34  1
 116  35  1
 122  35  1
 237  35  1
  62  37  1
  92  37  1
  95  37  1
  96  37  1
 142  37  1
 105  38  1
 110  38  1
 130  38  1
  87  39  1
 135  39  1
  99  40  1
 232  40  1
  65  41  1
 137  41  1
 147  41  1
  81  42  1
 140  43  1
 141  43  1
 147  43  1
 229  43  1
  95  44  1
 248  44  1
 184  45  1
  95  46  1
 117  46  1
 118  46  1
 137  46  1
 144  46  1
 238  46  1
 239  46  1
 240  46  1
  87  47  1
  95  48  1
 132  48  1
 133  48  1
 155  48  1
 251  48  1
  75  49  1
  80  49  1
 124  49  1
 125  49  1
 181  49  1
  72  50  1
 226  50  1
 227  50  1
 120  51  1
 121  51  1
 147  51  1
  37  52  1
 225  52  1
 234  52  1
  33  53  1
 120  53  1
 121  53  1
  17  54  1
 131  54  1
 145  54  1
 155  54  1
 157  54  1
 175  54  1
 108  55  1
 126  55  1
  13  56  1
 103  56  1
 139  56  1
 159  56  1
 160  56  1
 222  56  1
 227  56  1
  67  57  1
 118  57  1
 123  57  1
 133  57  1
 141  57  1
  37  58  1
 175  58  1
  11  59  1
  31  60  1
 259  60  1
  40  61  1
  41  61  1
 111  61  1
 122  61  1
 127  61  1
 131  61  1
 161  61  1
 136  62  1
 117  63  1
 143  63  1
  65  65  1
  66  65  1
 103  65  1
 104  65  1
 135  65  1
 181  65  1
  16  66  1
  20  66  1
  22  66  1
  36  66  1
 113  66  1
 114  66  1
  68  67  1
  69  67  1
 139  67  1
  39  68  1
 191  68  1
   8  69  1
   9  69  1
 152  69  1
 174  70  1
 178  70  1
 197  70  1
 137  71  1
 139  71  1
 129  72  1
 143  72  1
 144  72  1
 206  72  1
 241  72  1
 267  72  1
 110  73  1
 211  73  1
 180  74  1
 187  74  1
  51  75  1
 103  75  1
 129  75  1
 175  75  1
 176  75  1
 113  76  1
 182  76  1
 199  76  1
  83  77  1
 119  77  1
 129  77  1
 172  77  1
 176  77  1
 125  78  1
 184  78  1
 186  78  1
  50  79  1
 217  79  1
 125  80  1
 171  80  1
  85  81  1
 150  81  1
 195  81  1
 144  82  1
 153  82  1
 241  82  1
 242  82  1
  96  83  1
 136  83  1
 219  83  1
 153  84  1
 163  84  1
  60  85  1
 139  85  1
 140  85  1
 173  85  1
 193  85  1
 225  85  1
 250  85  1
 197  86  1
 198  86  1
 184  87  1
 185  87  1
  64  88  1
 152  88  1
 229  88  1
 237  88  1
  81  89  1
 174  89  1
 178  89  1
 231  89  1
   5  90  1
   6  90  1
 262  90  1
  93  91  1
 139  91  1
 183  91  1
 184  91  1
 254  91  1
 260  91  1
 150  92  1
  72  93  1
 132  93  1
 233  93  1
 237  93  1
 263  93  1
  79  94  1
 147  94  1
 163  94  1
  74  96  1
 147  96  1
 256  96  1
 126  97  1
 127  97  1
 245  98  1
 236  99  1
  91 100  1
 147 100  1
 180 100  1
 233 100  1
  74 101  1
 125 101  1
 152 101  1
 191 101  1
 248 101  1
 250 101  1
 252 101  1
  66 102  1
 231 102  1
  61 103  1
 152 103  1
  81 104  1
 220 104  1
  13 105  1
   9 106  1
  94 106  1
 224 106  1
 225 106  1
 100 107  1
 279 107  1
 280 107  1
   8 108  1
  83 108  1
 265 108  1
   8 110  1
  12 110  1
 102 110  1
 251 110  1
 227 111  1
 103 112  1
 214 112  1
 233 112  1
  32 113  1
 261 113  1
 144 114  1
  14 115  1
  31 115  1
  32 115  1
  88 115  1
 138 115  1
 171 115  1
 172 115  1
 176 115  1
 178 115  1
 186 116  1
 219 116  1
 220 116  1
 278 116  1
 279 116  1
 224 117  1
  17 118  1
 126 118  1
 128 118  1
  39 119  1
 109 119  1
 110 119  1
 111 119  1
 164 119  1
 165 119  1
 192 119  1
 193 119  1
  96 120  1
  93 122  1
 125 122  1
   3 123  1
 159 123  1
 183 124  1
 197 124  1
  29 125  1
  51 125  1
 112 125  1
 187 125  1
 193 125  1
   8 126  1
   9 126  1
  16 126  1
  20 126  1
 128 126  1
 137 126  1
 138 126  1
 147 126  1
 255 126  1
 256 126  1
  38 127  1
  43 127  1
 150 127  1
 174 127  1
 267 127  1
 103 128  1
 105 128  1
 121 128  1
 162 128  1
 219 128  1
 226 128  1
 262 128  1
  92 129  1
 115 129  1
 193 129  1
 194 129  1
 230 129  1
 235 129  1
 248 129  1
   9 130  1
  94 130  1
 162 130  1
 183 130  1
 205 130  1
 239 130  1
  43 131  1
 243 131  1
 244 131  1
  89 132  1
 130 132  1
 154 132  1
 172 132  1
 212 132  1
 270 132  2
 279 132  1
 191 133  1
 219 133  1
 227 133  1
 228 133  1
  46 134  1
 116 134  1
 225 134  1
 246 134  1
 247 134  1
 272 134  1
 109 135  1
 177 135  1
 252 135  1
   1 136  1
 159 136  1
 182 136  1
 183 136  1
 237 136  1
 265 136  1
  88 137  1
  95 137  1
  97 137  1
 210 137  1
 257 137  1
 258 137  1
 267 137  1
   7 138  1
  91 138  1
 194 138  1
 224 138  1
  13 139  2
  14 139  1
  56 139  1
  57 139  1
  76 139  1
 117 139  1
 240 139  1
 241 139  1
   1 140  1
   6 140  1
  44 140  1
 108 140  1
 165 141  1
 166 141  1
 281 141  1
 282 141  1
  51 142  1
 112 142  1
 236 142  1
  46 143  1
  58 143  1
  64 143  1
 175 143  1
 188 143  1
  90 144  1
  92 144  1
 185 144  1
 243 144  1
  18 145  1
 202 145  1
 106 146  1
 107 146  1
 268 146  1
   1 147  1
 182 147  1
 272 147  1
 277 147  1
 192 148  1
 107 150  1
 183 150  1
  13 151  1
  28 151  1
  36 151  1
  83 151  1
  84 151  1
 185 151  1
 230 151  1
 239 151  1
   8 152  1
   9 152  1
  31 152  1
  95 152  1
 264 152  1
 271 152  1
 272 152  1
 246 153  1
  43 154  1
  44 154  1
  80 154  1
  81 154  1
 270 154  1
  10 155  1
 239 155  1
 240 155  1
 241 155  1
  22 157  1
  75 157  1
  76 157  1
 125 157  1
  24 158  1
 254 158  1
 244 159  1
   2 160  1
   3 160  1
  11 160  1
  12 160  1
  27 160  1
 235 160  1
 239 161  1
 241 161  1
 267 161  1
 268 161  1
  69 162  1
  70 162  1
  93 162  1
 105 162  1
 129 162  1
 282 162  1
 283 162  1
  31 163  1
  79 163  1
 198 163  1
 114 164  1
  10 165  1
  75 165  1
 246 165  1
 252 165  1
  20 166  1
  70 166  1
 138 166  1
  79 167  1
  80 167  1
 118 167  1
 119 167  1
 124 167  1
 259 167  1
 113 168  1
 114 168  1
 126 168  1
  29 169  1
 185 169  1
 280 169  1
 281 169  1
  13 170  1
  14 170  1
 140 170  1
 191 170  1
 192 170  1
  33 171  1
 129 171  1
 130 171  1
 131 171  1
 133 171  1
 210 171  1
 140 172  1
 198 172  1
 244 172  1
 146 173  1
 188 174  1
 200 175  1
 201 175  1
 238 175  1
 239 175  1
 248 175  1
 139 176  1
 140 176  1
 149 177  1
 150 177  1
 278 177  1
 279 177  1
  87 179  1
 144 179  1
 195 179  1
 227 179  1
 243 179  1
 151 180  1
 152 180  1
 200 180  1
 201 180  1
  92 181  1
  99 182  1
 190 182  1
 170 183  1
 195 183  1
 203 183  1
 103 184  1
 116 185  1
 188 185  1
 211 185  1
 275 185  1
 276 185  1
  87 186  1
  91 186  1
 135 186  1
 156 186  1
 157 186  1
 230 186  1
  66 187  1
 112 187  1
 150 187  1
 151 187  1
 168 188  1
 181 188  1
 221 188  1
 274 188  1
 275 188  1
 132 189  1
 134 189  1
 105 190  1
 146 190  1
 179 190  1
 190 190  1
 214 190  1
 231 190  1
 236 190  1
 243 190  1
   9 191  1
  10 191  1
  67 191  1
  77 191  1
 138 191  1
 177 191  1
 201 191  1
  82 192  1
 105 192  1
 109 192  1
 161 192  1
 199 192  1
  71 193  1
 138 193  1
 166 193  1
  10 194  1
  11 194  1
  64 194  1
  65 194  1
 102 194  1
 103 194  1
 114 194  1
 158 195  1
 159 195  1
  70 196  1
  77 196  1
 102 196  1
 104 196  1
 108 196  1
 109 196  1
 272 196  1
 162 197  1
 100 198  1
 113 198  1
 114 198  1
 141 198  1
 155 198  1
 246 198  1
  13 199  1
  90 199  1
  94 199  1
  79 200  1
  80 200  1
  84 200  1
 124 200  1
  37 201  1
  94 201  1
 149 201  1
 269 201  1
  14 202  1
  15 202  1
  34 202  1
  35 202  1
  41 202  1
  80 202  1
  98 202  1
 117 202  1
 139 202  1
 166 202  1
  89 203  1
 105 203  1
 224 203  1
  80 204  1
 155 204  1
 156 204  1
  84 205  1
  94 205  1
 108 205  1
 141 205  1
 232 205  1
 121 206  1
 170 206  1
 245 206  1
 266 206  1
  23 207  1
  84 207  1
 123 207  1
 236 207  1
  38 208  1
  43 208  1
 147 208  1
 179 208  1
  85 209  1
 111 209  1
 126 210  1
  29 211  1
 166 211  1
  42 212  1
  43 212  1
 139 212  1
 113 213  1
 158 213  1
 159 213  1
 236 213  1
 249 213  1
  36 214  1
  48 214  1
  82 214  1
 134 214  1
 260 214  1
 113 215  1
 164 215  1
 165 215  1
 239 215  1
 100 216  1
 124 216  1
 149 216  1
 161 216  1
  92 217  1
 114 217  1
 248 217  1
 166 218  1
  89 219  1
 120 219  1
 146 219  1
 256 219  1
 239 220  1
  82 221  1
  83 221  1
  84 221  1
 230 221  1
  45 222  1
  86 222  1
  99 223  1
 237 223  1
  89 225  1
 151 225  1
  51 226  1
  82 226  1
 194 226  1
 195 226  1
 206 226  2
 208 226  1
 212 226  1
 248 226  1
 188 227  1
 189 227  1
 159 228  1
 160 228  1
 245 228  1
  54 229  1
  84 229  1
  60 230  1
 146 230  1
 159 230  1
  84 231  1
 101 231  1
 238 231  1
 239 231  1
 160 232  1
 161 232  1
 213 232  1
  92 234  1
 188 234  1
 189 234  1
 225 234  1
 226 234  1
 197 235  1
 235 235  1
 192 237  1
 193 237  1
  91 238  1
 170 238  1
  82 239  1
 230 239  1
 162 240  1
 170 240  1
 201 243  1
 220 244  1
 221 244  1
 197 246  1
 198 246  1
 217 246  1
 171 249  1
 117 250  1
 187 250  1
 211 250  1
 120 251  1
 205 252  1
 207 252  1
 202 253  1
 179 257  1


count = 793