 156   1  1
 175   1  1
 140   2  1
 192   3  1
 198   5  1
 201   6  1
 115   7  1
 185   7  1
 109  10  1
 192  10  1
 214  12  1
 164  13  1
  98  15  1
  99  15  1
 187  15  1
 191  15  1
  95  18  1
 215  18  1
 100  20  1
 101  20  1
 227  20  1
 216  22  1
 221  23  1
  87  25  1
 105  25  1
 157  25  1
 158  25  1
 217  25  1
  61  27  1
 149  30  1
 150  30  1
  68  31  1
  69  31  1
  40  32  1
  58  33  1
  78  34  1
  80  34  1
 151  34  1
  76  35  1
  87  35  1
  88  35  1
  58  37  1
  34  38  1
 152  38  1
  29  39  1
  56  39  1
  71  39  1
 119  39  1
 154  40  1
 158  40  1
 159  40  1
 125  42  1
 160  44  1
  99  45  1
 110  45  1
 166  45  1
  54  46  1
 107  47  1
 179  48  1
  94  49  1
 158  49  1
  81  50  1
 100  50  1
 105  50  1
 106  50  1
 118  50  1
 134  50  1
 185  50  1
  76  51  1
 129  51  1
 142  52  1
 192  52  1
 195  52  1
 256  52  1
  70  53  1
  84  53  1
  98  53  1
  14  54  1
 109  54  1
 222  54  1
  74  55  1
 202  55  1
 220  55  1
 214  56  1
 216  56  1
  74  57  1
 135  57  1
 143  57  1
 216  58  2
 260  58  1
 176  61  1
 262  61  1
 182  62  1
 193  63  1
 176  65  1
 178  65  1
 180  65  1
 195  65  1
  76  68  1
  80  70  1
 217  70  1
 204  71  1
 269  71  1
 171  72  1
 224  72  1
 185  73  1
 193  73  1
 201  73  1
 216  73  1
   7  74  1
   8  74  1
 227  74  1
 233  75  1
   6  77  1
   7  77  1
 168  78  1
 169  78  1
 184  78  1
   4  81  1
 188  81  1
 193  81  1
 194  81  1
 276  83  1
 188  85  1
 278  88  1
 279  88  1
 181  89  1
   2  90  1
   3  90  1
 176  90  1
  62  92  1
 191  92  1
  56  93  1
  72  93  1
 197  93  1
 198  93  1
  60  94  1
 168  95  1
 188  95  1
 280  95  1
 281  95  1
  60  96  1
 193  96  1
  60  98  1
  74  98  1
  75  98  1
 167  99  1
 168  99  1
 186 101  1
 187 101  1
  48 102  1
  74 102  1
  75 102  1
 175 102  1
 176 102  1
  67 104  1
 196 104  1
 262 104  1
 263 104  1
 195 106  1
  45 107  1
 190 108  1
 195 108  1
 166 109  1
 167 109  1
 271 109  1
 249 110  1
 250 110  1
 165 113  1
 259 113  1
 257 114  1
 271 114  1
 272 114  1
 273 114  1
 231 115  1
 268 115  1
 161 116  1
 195 116  1
 237 116  1
 244 116  1
 248 117  1
   2 118  1
   5 120  1
 279 120  1
 177 121  1
 275 121  1
 276 121  1
   8 122  1
 183 122  1
 196 122  1
 263 123  1
 264 123  1
 161 124  1
 251 124  1
 117 125  1
 188 125  1
 189 125  1
 190 125  1
 245 125  1
 246 125  1
  10 126  1
 139 126  1
 186 126  1
 193 126  1
 194 126  1
 200 126  1
 211 126  1
 221 126  1
 240 126  1
 241 126  1
 242 126  1
  14 127  1
  29 127  1
  96 127  1
  97 127  1
 127 127  1
 183 127  1
 202 127  1
 203 127  1
  51 128  1
 156 128  1
 169 128  1
 175 128  1
 197 128  1
 210 128  1
  18 129  1
  19 129  1
  27 129  1
  87 129  1
 135 129  1
 166 129  1
 100 130  1
 101 130  1
 129 130  1
 254 130  1
  15 131  1
  54 131  1
  64 131  1
  82 131  1
 108 131  1
 262 131  1
  10 132  1
  79 132  1
 183 132  1
   2 133  1
  68 133  1
 221 133  1
 176 134  1
 218 134  1
  27 135  1
  34 135  1
  64 135  1
 162 135  1
  56 136  1
  91 136  1
 100 136  1
 109 136  1
 276 136  1
 277 136  1
  67 137  1
  68 137  1
  69 137  1
 270 137  1
 208 138  1
  36 139  1
  50 139  1
  51 139  1
 114 139  1
 183 139  1
 250 139  1
 225 140  1
 157 141  1
 191 141  1
 245 141  1
 252 141  1
   1 142  1
 139 142  1
 106 143  1
 107 143  1
 125 143  1
 127 143  1
 209 143  1
 210 143  1
 230 143  1
  88 144  1
  89 144  1
 120 144  1
 121 144  1
 189 144  1
 200 144  1
 125 145  1
  81 147  1
  86 147  1
 182 147  1
 183 147  1
 234 147  1
 160 148  1
 201 148  1
  94 149  1
 264 149  1
   1 150  1
  72 150  1
  74 150  1
 164 150  1
 168 150  1
 184 150  1
 185 150  1
  91 151  1
 210 151  1
 211 151  1
 233 151  1
 267 151  1
 168 152  1
 237 152  1
 238 152  1
 108 153  1
 205 153  1
 184 154  1
  82 156  1
 167 156  1
 241 156  2
 207 157  1
  69 158  1
  71 158  1
 224 158  1
 282 158  1
 283 158  1
  55 159  1
  57 159  1
  75 159  1
  76 159  1
 180 159  1
  61 160  1
 239 160  1
 240 160  1
 228 161  1
 262 161  1
 178 162  1
 242 162  1
 253 162  1
  51 163  1
 112 163  1
 116 163  1
 211 163  1
 167 164  1
 168 164  1
 232 164  1
 156 165  1
 160 165  1
 161 165  1
 250 165  1
 224 166  1
 236 166  1
 211 168  1
 212 168  1
 241 168  1
  62 169  1
 190 169  1
  52 170  1
 214 170  1
  60 171  1
  74 171  1
 177 171  1
 185 171  1
 192 171  1
 193 171  1
  56 172  1
 239 172  1
 183 173  1
 184 173  1
 244 173  1
 131 175  1
 115 176  1
 180 176  1
 196 176  1
 278 176  1
 279 176  1
 196 178  1
 161 179  1
 277 179  1
 278 179  1
 132 180  1
 133 180  1
 195 180  1
 196 180  1
 168 181  1
 238 181  1
 240 181  1
  72 182  1
  76 182  1
 226 182  1
 230 182  1
 198 183  1
 235 183  1
 240 183  2
  70 184  1
 139 184  1
 141 184  1
 167 184  1
  79 185  1
 122 185  1
 147 185  1
 117 186  1
 183 187  1
 274 187  1
 179 188  1
 198 188  1
 160 189  1
 237 189  1
 239 189  1
 241 189  1
 102 190  1
 108 191  1
  95 192  1
 202 192  1
 114 193  1
 164 193  1
 229 193  1
 101 195  1
 108 196  1
 196 196  1
 197 196  1
 127 199  1
  80 200  1
  81 200  1
  94 200  1
 265 200  1
 126 201  1
 162 202  1
 164 202  1
 225 202  1
 226 202  1
  14 203  1
 128 204  1
 142 205  1
 204 205  1
 154 206  1
  18 207  1
 145 207  1
  20 209  1
  82 209  1
  95 209  1
 132 209  1
 219 209  1
 102 210  1
  70 211  1
 143 211  1
 149 211  1
  91 212  1
 135 212  1
 108 213  1
  67 214  1
  77 214  1
 139 214  1
  89 215  1
 117 215  1
  77 216  1
 128 216  1
  32 217  1
 101 217  1
 206 217  1
 208 217  1
  99 218  1
  97 219  1
 113 220  1
  75 221  1
  85 221  1
  90 221  1
  92 221  1
 210 221  1
 110 223  1
 100 224  1
 183 226  1
 190 226  1
 178 227  1
 240 227  1
 174 229  1
  95 230  1
 187 231  1
 215 231  1
 234 231  1
  91 232  1
 211 233  1
 189 234  1
 193 234  1
 218 237  1
 219 237  1
 198 240  1
 212 240  1
 103 241  1
 104 241  1
 110 241  1
 111 241  1
 222 241  1
 117 243  1
 101 245  1
 103 245  1
 122 245  1
 216 245  1
 107 246  1
 110 247  1
 212 247  1
 116 249  1
 208 249  1
 122 251  1
 127 252  1
 205 252  1
 200 253  1
 141 255  1
 149 256  1
 176 257  1


count = 511