 163   1  1
 196   2  1
 199   3  1
 204   5  1
 137   6  1
 130   8  1
 192   8  1
 143  11  1
 197  11  1
 193  12  1
 107  14  1
 138  14  1
 221  14  1
 129  15  1
 141  15  1
 188  15  1
 134  16  1
 147  17  1
 225  17  1
 226  17  1
 129  18  1
 153  18  1
 154  18  1
 141  20  1
 134  21  1
 135  21  1
 144  21  2
 217  22  1
 218  22  1
 236  22  1
 111  23  1
 150  23  1
 213  23  1
  80  25  1
  82  25  1
 105  25  1
  76  27  1
  86  27  1
 143  27  1
 104  28  1
 105  28  1
 113  28  1
 201  28  1
 219  28  1
 198  29  1
 199  29  1
 204  29  1
 104  30  1
  81  31  1
  85  31  1
 131  31  1
 187  31  1
  70  32  1
 103  32  1
 137  32  1
 138  32  1
 132  33  1
 209  33  1
  80  35  1
 144  35  1
 205  35  1
  58  37  1
 187  37  1
 188  37  1
 212  37  1
  81  38  1
  88  38  1
 146  38  1
 147  38  1
  54  39  1
 108  39  1
 141  40  1
 153  40  1
 203  40  1
 187  41  1
 215  41  1
 216  41  1
 226  41  1
 227  41  1
  77  42  1
  91  42  1
 113  42  1
 231  42  1
 134  43  1
 184  43  1
 124  44  1
 202  44  1
 203  44  1
 174  45  1
 221  45  1
 222  45  1
 259  45  1
 260  45  1
 131  47  1
 132  47  1
 154  47  1
 155  47  1
 124  48  1
 204  49  1
 228  49  1
 233  49  1
 239  49  1
 221  50  1
 175  51  1
 206  52  1
 155  53  1
 156  53  1
 211  54  1
 238  57  1
  80  58  1
  83  58  1
  91  58  1
 157  58  1
  76  59  1
  95  59  1
 155  59  1
  71  60  1
 267  61  1
 240  62  1
 241  62  1
  26  64  1
 153  64  1
 154  64  1
 250  64  1
 251  64  1
 252  64  1
 261  64  1
 151  65  1
 229  65  1
 230  65  1
  70  66  1
 251  66  1
 260  66  1
 270  66  1
 240  67  1
 245  67  1
  60  68  1
  72  68  1
  73  68  1
 222  68  1
 250  68  1
 251  68  1
 260  68  1
  23  69  1
  62  69  1
  80  69  1
 229  69  1
 230  69  1
 266  69  1
  22  71  1
 233  72  1
 246  72  1
 247  72  1
  59  73  1
  76  73  1
 275  73  1
 276  73  1
  16  74  1
  63  74  1
  90  75  1
  46  76  1
  47  76  1
  68  76  1
  78  76  1
 254  77  1
  13  78  1
  77  78  1
  61  79  2
  62  79  1
  63  79  1
  85  79  1
 255  79  1
  96  80  1
  97  80  1
 222  80  1
 259  80  1
  88  81  2
  89  81  1
 178  82  1
 228  82  1
 235  82  1
 232  85  1
 233  85  1
 221  86  1
 222  86  1
 249  86  1
 254  86  1
 279  87  1
 280  87  1
  33  88  1
  34  88  1
 238  88  1
 253  88  1
 171  89  1
  38  90  1
 183  90  1
 219  90  1
 229  90  1
 253  90  1
   8  92  1
  20  92  1
 233  92  1
 258  93  1
  42  94  1
 221  94  1
  45  95  1
  47  95  1
 183  95  1
 186  95  1
 163  96  1
 177  96  1
 262  96  1
  14  97  1
  20  97  1
  26  97  1
  27  97  1
 239  97  1
 174  98  1
 241  98  1
 260  98  1
 252  99  1
 253  99  1
 153 100  1
 244 100  1
  51 102  1
  63 102  1
 170 103  1
 256 103  1
 146 104  1
  29 105  1
  36 105  1
 245 105  1
 246 105  1
  66 106  1
 159 106  1
 160 106  1
 269 106  1
  16 107  1
  49 107  1
  75 107  1
  26 108  1
  45 108  1
  10 109  1
 153 109  1
 155 109  1
 252 109  1
  54 110  1
  61 110  1
  62 110  1
 128 110  1
 137 110  1
 257 110  1
  76 112  1
 119 112  1
 145 112  1
 146 112  1
 262 112  1
 263 112  1
 264 112  1
 200 113  1
  65 114  1
 105 114  1
 252 114  1
  69 115  1
 118 115  1
  58 116  1
 114 116  1
 115 116  1
 266 116  1
 269 116  1
  62 117  1
 202 117  1
 203 117  1
 112 119  1
 116 120  1
 271 120  1
 277 120  1
 278 120  1
   8 121  1
   9 121  1
 120 121  1
 134 121  1
 165 121  1
 255 122  1
 264 122  1
  46 123  1
  89 123  1
 262 123  1
 278 123  1
 279 123  1
  21 124  1
  24 124  1
  51 124  1
  52 124  1
 188 124  1
 251 124  1
  89 125  1
 114 125  1
 129 125  1
 150 125  1
  60 126  1
  66 126  1
 141 126  1
 146 126  1
 160 126  1
  10 127  1
  92 127  1
 118 127  1
 165 127  1
 166 127  1
  19 128  1
  46 128  1
  52 128  1
  64 128  1
 111 128  1
 112 128  1
 169 128  1
 188 128  1
 189 128  1
 259 128  1
  37 129  1
  38 129  1
  98 129  1
 106 129  1
 150 129  1
 193 129  1
 217 129  1
 279 129  1
 280 129  1
  29 130  1
  30 130  1
  63 130  1
  84 130  1
 132 130  1
 133 130  1
 195 130  1
 197 130  1
 224 130  1
 235 130  1
 271 130  1
  13 131  1
  59 131  1
  60 131  1
  20 132  1
 100 132  1
 161 132  1
 274 132  1
   9 133  1
  10 133  1
  82 133  1
 126 133  1
 127 133  1
 136 133  1
 165 133  1
 190 133  1
 243 133  1
  23 134  1
 118 134  1
 141 134  1
 238 134  1
 256 134  1
  13 135  1
  35 135  1
  39 135  1
  59 135  1
  63 135  1
  87 135  1
  95 135  1
 123 135  1
 124 135  1
 169 135  1
  49 136  1
  50 136  1
 193 136  1
 197 136  1
 233 136  1
  86 137  1
  94 137  1
 120 137  1
 129 137  1
 130 137  1
 152 137  1
 153 137  1
 158 137  1
 280 137  1
 281 137  1
 161 138  1
 162 138  1
 163 138  1
 186 138  2
 247 138  1
  25 139  1
  41 139  1
 113 139  1
   8 140  1
  34 140  1
 123 140  1
 127 140  1
 148 140  1
 169 140  1
 236 140  1
  21 141  1
  22 141  1
  84 141  1
 239 141  1
 240 141  1
 252 141  1
  58 142  2
  20 143  1
  45 143  1
  47 143  1
  67 143  1
 130 143  1
 136 143  1
 241 143  1
 247 143  1
  61 144  1
  71 144  1
 139 144  1
 255 144  1
 115 145  1
 171 145  1
 241 145  1
 156 146  1
 248 146  1
  15 147  1
  34 147  1
  57 147  1
 151 147  1
 110 148  1
 130 148  1
 131 148  1
 169 148  1
 239 148  1
 127 149  1
 145 149  1
  98 150  1
 133 150  1
   1 151  1
  14 151  1
  15 151  1
 127 151  1
 173 151  1
 176 151  1
 253 151  1
 254 151  1
  35 152  1
 266 152  1
 130 153  1
 131 153  1
 178 153  1
  32 154  1
  46 154  1
  49 154  1
  95 154  1
 160 154  1
   1 155  1
  42 155  1
 138 155  1
 154 155  1
 238 155  1
 133 156  1
 141 156  1
 166 156  1
 180 156  1
 181 156  1
   8 157  1
  31 157  1
 100 157  2
 101 157  1
 143 157  1
 174 157  1
 175 157  1
 176 157  1
 264 157  1
  36 158  1
 226 158  1
 246 158  1
  31 159  1
  33 159  1
 163 159  1
 164 159  1
  85 160  1
 127 160  1
 150 160  1
 152 160  1
 169 160  1
 186 160  1
 228 160  1
 239 160  1
 243 160  1
 259 160  1
 139 161  1
 155 161  1
 248 161  1
 251 161  1
 157 162  1
  22 163  1
 139 163  1
 173 163  1
 174 163  1
 212 163  1
 281 163  1
 282 163  1
  28 164  1
 190 164  1
 191 164  1
  21 165  1
  31 165  1
 164 165  1
 239 165  1
 257 165  1
 258 165  1
 177 166  1
  37 167  1
 211 168  1
 224 168  1
 225 168  1
 247 168  1
 255 168  1
 177 169  1
 192 169  1
 193 169  1
 222 169  1
 279 169  1
 280 169  1
 188 170  1
  39 171  1
  41 171  1
  43 171  1
 235 171  1
 256 171  1
 186 172  1
 240 173  1
   5 174  1
   6 174  1
  46 175  1
  50 175  1
 220 175  1
 228 176  1
 186 177  1
 211 177  1
 241 177  1
 270 177  1
 214 179  1
 147 180  1
 198 180  1
 136 181  1
 137 181  1
 225 181  1
 226 181  1
 269 181  1
 256 182  1
 134 183  1
 241 183  1
 248 183  1
  10 184  1
 275 184  1
 196 185  1
 150 186  1
 136 187  1
 237 187  1
  13 189  1
 195 189  3
 196 189  1
 271 189  1
 126 190  1
 132 190  1
 152 190  1
 233 190  1
 234 190  1
 163 191  1
 258 191  1
 262 191  1
 105 192  1
 199 192  1
 269 192  1
 142 193  1
 150 194  1
 103 195  1
 126 195  1
 203 196  1
 211 196  1
 241 196  1
 242 196  1
  98 197  1
 121 197  1
 132 197  1
  96 199  1
 201 199  1
 213 199  1
 218 199  1
 230 199  3
  23 200  1
 100 200  1
 126 200  1
 232 200  1
 243 200  1
 248 200  1
 255 200  1
 256 200  1
  89 201  1
 223 201  1
  94 202  1
  36 203  1
 117 203  1
 104 204  1
 170 204  1
  63 205  1
 177 205  1
 242 205  1
 171 206  1
 184 206  1
 188 206  1
 248 206  1
 262 206  1
 263 206  1
 119 207  1
 120 207  1
 250 207  1
  47 208  1
  79 208  1
 179 208  1
 142 209  1
  32 210  1
  33 210  1
  57 210  1
 192 210  1
 193 210  1
 260 210  1
  52 211  1
  75 211  1
 104 212  1
 189 212  1
  61 213  1
 137 213  1
 258 213  1
  65 214  1
  66 214  1
 102 214  1
 118 215  1
 196 215  1
  58 216  1
  85 216  1
  89 216  1
  40 217  1
 166 218  1
  44 219  1
 253 219  1
 117 220  1
 118 220  1
 164 220  1
 171 220  1
  97 221  1
 137 221  1
 138 221  1
  52 222  1
  84 222  1
  85 222  1
  88 223  1
 122 223  1
 114 225  1
 125 225  1
 126 225  1
 109 226  1
  94 227  1
  97 227  1
 117 227  1
 245 227  1
  59 228  1
 104 228  1
 105 228  1
  64 229  1
 131 229  1
 119 230  1
 120 230  1
 162 230  1
 163 230  1
 204 230  1
 205 230  1
 240 230  1
  69 231  1
 113 232  1
  95 233  1
  96 233  1
 117 233  1
 236 233  1
  75 234  1
 108 234  1
 110 234  1
 131 234  1
 167 234  1
 169 234  1
 205 235  1
 232 235  1
 210 236  1
 100 237  1
 160 237  1
 228 237  1
 229 237  1
 113 238  1
 120 238  1
 170 238  1
 215 238  1
 216 238  1
 123 239  1
 166 239  1
 167 239  1
 168 239  1
  96 241  1
 118 241  1
 149 242  1
 154 242  1
 160 242  1
 161 242  1
 105 243  1
 122 243  1
 156 244  1
 219 245  1
 109 246  1
 162 248  1
 211 248  1
 212 248  1
 156 249  1
 202 252  1
 204 252  1
 148 253  1
 199 253  1
 189 255  1


count = 729