 160   1  1
 175   1  1
 170   5  1
 159   6  1
 166   6  1
 189   6  1
 183   7  1
 208   7  1
 209   7  1
 127   8  1
 196   8  1
 197   8  1
 158  10  1
 159  10  1
 118  11  1
 141  11  1
 158  12  1
 218  12  1
 219  12  1
  98  14  1
 211  14  1
  94  15  1
 224  15  1
  85  18  1
 173  18  1
 161  19  1
 167  19  1
 168  19  1
  81  20  1
  82  20  1
 107  20  1
 119  20  1
 120  20  1
 163  20  1
 173  20  1
  91  21  1
 206  21  1
 207  21  1
  77  22  1
  78  22  1
  95  22  1
 157  22  1
 172  22  1
 173  22  1
 191  22  1
 225  22  1
 105  24  1
 123  24  1
 124  24  1
 142  24  1
 225  24  1
  88  26  1
 198  26  1
 199  26  1
 232  26  1
  83  27  1
  93  27  1
  94  27  1
 171  27  1
 183  27  1
 184  27  1
  64  28  1
  81  28  1
 228  28  1
  76  29  1
  77  29  1
 110  29  1
 206  29  1
 207  29  1
 221  29  1
 224  29  1
  61  30  1
 103  31  1
  57  32  1
  58  32  1
 147  32  1
 120  33  1
 122  33  1
 124  33  1
 176  33  1
 187  33  1
  74  34  1
 112  34  1
 113  34  1
 206  34  1
 207  34  1
  99  35  1
 184  35  1
 186  35  1
  49  36  1
 182  36  1
  68  37  1
 116  37  1
 180  37  1
  46  38  1
 130  38  1
  89  40  1
 104  40  1
 243  40  1
  41  41  1
  42  41  1
  86  41  1
  95  41  1
  96  41  1
 201  41  1
 136  42  1
 199  42  1
 244  42  1
 130  43  1
  48  44  1
 100  44  1
 110  44  1
 141  45  1
 246  45  1
  82  46  1
  91  46  1
  41  47  1
  43  48  1
  59  48  1
  65  48  1
  98  48  1
 137  48  1
  83  50  1
  94  50  1
  95  50  1
 131  50  1
 259  50  1
  45  51  1
  77  51  1
  81  52  1
 102  52  1
  96  53  1
 143  53  1
  28  54  1
  51  54  1
  72  54  1
  73  54  1
 136  54  1
  61  55  1
 262  55  1
  27  56  1
 107  56  1
  25  57  1
 100  57  1
  31  59  1
  33  59  1
 113  59  1
 264  60  1
 265  60  1
  55  61  1
 110  63  1
 111  63  1
 235  63  1
 265  63  1
 266  63  1
 242  64  1
 243  64  1
  24  65  1
 225  65  1
  49  66  1
 113  66  1
 261  66  1
  34  67  1
 115  67  1
 123  67  1
 259  67  1
  28  68  1
 100  68  1
 101  68  1
 240  69  1
 226  70  1
 227  70  1
 244  70  1
  12  71  1
 215  71  1
 110  72  1
 250  72  1
  24  74  1
  32  74  1
 255  74  1
 226  75  1
 227  75  1
   9  76  1
  10  76  1
  33  76  1
 214  76  1
 266  77  1
  14  78  1
  15  78  1
  42  78  1
  53  79  1
  17  80  1
  28  81  1
  49  81  1
 241  82  1
 253  83  1
  14  85  1
  16  85  1
  23  85  1
  12  86  1
  21  86  1
  41  86  1
 160  87  1
 157  88  1
 243  88  1
 273  88  1
 274  88  1
  10  89  1
  11  89  1
 151  90  1
 167  90  1
 168  90  1
 263  91  1
 149  92  1
 169  93  1
 170  93  1
 257  93  1
  15  94  1
 228  94  1
 230  94  1
   9  95  1
  11  96  1
 133  96  1
 224  96  1
 262  96  1
 263  96  1
  16  97  1
  48  97  1
 143  98  1
 144  98  1
 138  99  1
 225  99  1
 140 100  1
 148 100  1
 158 100  1
 260 100  1
 261 100  1
  12 101  1
 169 101  1
 170 101  1
 227 102  1
  40 103  1
  54 103  1
  56 103  1
  96 103  1
 210 103  1
 167 104  1
  36 105  1
  58 105  1
  62 105  1
 158 105  1
   1 106  1
  32 106  1
 163 106  1
 164 106  1
 216 106  1
 240 106  1
 250 106  1
 251 106  1
 252 106  1
 208 107  1
 153 108  1
 161 108  1
 248 108  1
   1 109  1
  69 109  1
 101 109  1
  71 110  1
 203 110  1
 152 111  1
 241 111  1
  26 112  1
 156 112  1
 159 112  1
 250 112  1
 252 112  1
  15 113  1
  20 113  1
 242 113  1
  75 114  1
  23 115  1
  24 115  1
  83 115  1
  84 115  1
 205 115  1
 242 115  1
 243 115  1
 249 115  1
 269 115  1
 277 115  1
 278 115  1
   1 116  1
   2 116  1
 140 116  1
 201 116  1
 256 116  1
 257 116  1
  73 117  1
 209 117  1
 210 117  1
 106 118  1
 107 118  1
 135 119  1
 138 119  1
 243 119  1
 244 119  1
 269 119  1
  14 120  1
 127 120  1
   4 121  1
 195 121  1
 201 121  1
  19 123  1
 258 123  1
 272 123  1
  37 124  1
 158 124  1
 212 124  1
 280 124  1
  16 125  1
 153 125  1
 235 125  1
 275 125  1
  59 126  1
  65 126  1
  72 126  1
 223 126  1
 224 126  1
 229 126  1
   7 127  1
   8 127  1
  41 127  1
  42 127  1
 160 127  1
 167 127  1
 182 127  1
 184 127  1
  22 128  1
  24 128  1
  25 128  1
 176 128  1
 203 128  1
 211 128  1
 243 128  1
 272 128  1
 274 128  1
  15 129  1
 269 129  1
  53 130  1
  67 130  1
  68 130  1
 222 130  1
  32 131  1
 189 131  1
 195 131  1
 215 131  1
 224 131  1
   7 132  1
   8 132  1
  25 132  1
  58 132  1
 149 132  1
 181 132  1
 182 132  1
 211 132  1
 268 132  1
 269 132  1
 282 132  1
 283 132  1
 224 133  1
 230 133  1
 243 133  1
 260 133  1
  25 134  1
  43 134  1
  68 134  1
  69 134  1
 197 134  1
 211 134  1
 207 135  1
 224 135  1
 263 135  1
   5 136  1
   6 136  1
  25 136  1
  59 136  1
 211 136  1
 212 136  1
 275 136  1
 276 136  1
 247 137  1
  10 138  1
 221 138  1
 269 138  1
  48 139  1
  49 139  1
  82 139  1
 271 139  1
 272 139  1
  69 140  1
 274 140  1
  13 141  1
  77 141  1
  94 141  1
 162 141  1
 211 141  1
 212 141  1
 247 141  1
 154 142  1
 251 142  1
 263 142  1
  10 144  1
 164 144  1
 165 144  1
 215 144  1
  91 146  1
  92 146  1
  93 146  1
 165 148  1
 249 148  1
  73 149  1
 106 149  1
 251 149  1
 253 149  1
 214 150  1
 263 150  1
 264 150  1
 169 151  1
 210 151  1
  52 153  1
  95 153  1
  48 154  1
  50 154  1
  54 154  1
  80 154  1
 252 154  1
 262 154  1
  14 155  1
 207 155  1
 260 155  1
  15 157  1
  28 157  1
  56 157  1
  45 158  1
  96 158  1
  23 159  1
 168 159  1
 244 159  1
 135 160  1
 174 160  1
 264 160  1
 265 160  1
 281 160  1
 282 160  1
 138 161  1
 178 161  1
 188 161  1
 241 161  1
 253 161  1
  50 162  1
  80 162  1
 258 162  1
 143 163  1
 264 163  1
 187 164  1
  28 165  1
 145 165  1
 218 166  1
  82 167  1
  83 167  1
 155 167  1
 242 167  1
  51 168  1
 227 168  1
 251 168  1
  56 169  1
  79 169  1
  43 170  1
 171 170  1
 238 170  1
  11 171  1
  12 171  1
  37 171  1
 178 171  1
 262 171  1
 274 171  1
 280 171  1
 281 171  1
  30 172  1
  35 172  1
 173 173  1
 268 174  1
  41 175  1
 171 175  1
 230 175  1
 235 175  1
 236 175  1
  17 176  1
  33 176  1
  76 176  1
 164 176  1
 260 176  1
 262 176  1
 162 177  1
 239 177  1
  38 178  1
 245 178  1
 230 179  1
 234 179  1
 167 180  1
 264 180  1
 265 180  1
  10 181  1
  11 181  1
 238 181  1
 239 181  1
  16 182  1
  32 182  1
 247 182  1
 265 182  1
  29 183  1
 249 184  1
  11 185  1
 237 186  1
 270 186  1
 271 186  1
  23 187  1
 244 187  1
 258 187  1
 239 188  1
 276 188  1
 277 188  1
 207 189  1
  15 190  1
 243 191  1
 212 194  1
  22 197  1
  75 199  1
 209 199  1
 217 199  1
 213 200  1
 224 201  1
 271 201  1
 272 201  1
 113 202  1
 121 202  1
 197 202  1
 198 202  1
 206 202  1
  71 203  1
 117 203  1
 226 203  1
 232 204  1
  48 205  1
 217 205  1
  32 206  1
  53 206  1
 115 206  1
 194 206  1
 200 206  1
 109 207  1
 110 207  1
 121 207  1
  68 208  1
  69 208  1
 119 208  1
 232 208  1
  35 209  1
  45 209  1
  46 209  1
  57 209  1
  64 209  1
 109 209  1
 194 210  1
 195 210  1
 267 210  1
 109 211  1
 133 211  1
 134 211  1
 204 211  1
 236 212  1
  42 213  1
 128 213  1
  57 214  1
 231 214  1
 265 214  1
 104 215  1
 111 215  1
 112 215  1
 146 215  1
  59 216  1
  98 216  1
 116 216  1
 117 216  1
  48 217  1
 134 217  1
 136 217  1
 238 217  1
 263 217  1
  96 218  1
 166 218  1
 253 218  1
  51 219  1
 101 219  1
 107 219  1
 141 219  1
 142 219  1
 147 219  1
 163 219  1
 164 219  1
 245 219  1
 113 220  1
 151 220  1
 240 220  1
  56 222  1
  85 222  1
 153 222  1
 158 222  1
  98 223  1
 110 223  1
 115 223  1
 258 223  1
 149 224  1
 248 224  1
  61 225  1
  74 227  1
  75 227  1
 116 227  1
 124 227  1
 147 227  1
 160 227  1
 164 227  1
  85 228  1
  86 228  1
 100 228  1
 104 228  1
 192 228  1
 247 228  1
  66 229  1
 130 229  1
 196 229  1
 197 229  1
 215 229  1
 123 230  1
 210 230  1
  72 232  1
  73 232  1
 151 232  1
 157 232  1
 217 232  1
 211 233  1
 212 233  1
  93 234  1
 129 234  1
  89 235  1
  98 235  1
 195 235  1
 107 236  1
 149 236  1
 150 236  1
  82 237  1
 100 237  1
 199 238  1
 220 238  1
 232 238  1
  85 239  1
  86 239  1
 102 239  1
 241 239  1
 129 240  1
 134 241  1
 140 241  1
 154 241  1
 192 241  1
 201 242  1
 152 243  1
 213 243  1
 194 244  1
 195 244  1
 202 244  1
 203 244  1
 215 244  1
 144 246  1
 136 247  1
 137 247  1
 196 247  1
 197 247  1
 207 247  1
 142 248  1
 143 248  1
 225 248  1
 219 249  1
 198 250  1
 214 251  1
 163 252  1
 210 252  1
 202 254  1
 169 257  1


count = 698