 166   1  1
 177   1  1
 185   2  1
 194   5  1
 197   6  1
 133   7  1
 204  10  1
 209  13  1
 214  16  1
 119  18  1
 111  19  1
 104  20  1
 219  20  1
 220  20  1
  63  21  1
  90  21  1
  60  22  1
  86  23  1
  97  23  1
 227  23  1
 105  24  1
 102  25  1
 110  25  1
 111  25  1
 209  25  1
 229  25  1
  52  26  1
 217  26  1
  86  27  1
 116  28  1
 219  28  1
 220  28  1
  84  29  1
  85  29  1
 151  29  1
 188  29  1
 204  29  1
 206  29  1
 157  30  1
 158  30  1
 107  31  1
 146  31  1
 213  31  1
  90  33  1
 102  33  1
 115  33  1
  98  34  1
 155  34  1
 209  34  1
 219  34  1
 220  34  1
 232  36  1
 242  36  1
  95  37  1
 126  37  1
 157  37  1
 224  38  1
 225  38  1
  88  39  1
 145  39  1
 229  39  1
  45  40  1
  46  40  1
 199  41  1
 125  42  1
 150  42  1
 151  42  1
 203  42  1
 196  43  1
 221  43  1
 228  44  1
 237  44  1
  38  45  1
  39  45  1
  93  45  1
  99  45  1
  51  46  1
  55  46  1
 125  46  1
 255  46  1
 108  47  1
 138  47  1
 230  47  1
  66  48  1
 190  48  1
 233  48  1
  41  49  1
  63  49  1
 140  49  1
 141  49  1
 166  49  1
 210  49  1
 211  49  1
  94  50  1
  95  50  1
 147  50  1
 176  50  1
 225  50  1
  52  51  1
  53  51  1
  61  51  1
 101  51  1
 103  51  1
 105  51  1
 129  51  1
 221  51  1
 222  51  1
 178  52  1
 183  52  1
  19  54  1
  99  54  1
 211  54  1
  52  55  1
  53  55  1
 262  55  1
 104  58  1
  58  60  1
 102  60  1
 107  60  1
  98  61  1
 267  61  1
  14  62  1
  52  62  1
  53  62  1
  57  63  1
  62  65  1
 249  66  1
 262  67  1
 193  68  1
  16  69  1
  21  69  1
 160  69  1
 161  69  1
 273  69  1
 172  70  1
 188  70  1
 189  70  1
 201  70  1
 245  71  1
 247  71  1
  24  72  1
 158  72  1
 180  72  1
 181  72  1
 188  72  1
   7  73  1
 209  73  1
 257  73  1
  14  75  1
 159  76  1
 166  76  1
 190  76  1
 194  76  1
 146  77  1
 258  77  1
  19  78  1
 161  78  1
 214  78  1
 215  78  1
 134  79  1
 172  79  1
 223  79  1
 269  79  1
 139  80  1
 151  80  1
 203  80  1
 260  80  1
 264  80  1
 265  80  1
  11  81  1
 252  81  1
   9  82  1
 156  82  1
 194  82  1
 199  82  1
 185  83  1
 227  83  1
 254  83  1
 266  83  1
 272  83  1
 172  84  1
 229  84  1
 280  84  1
 281  84  1
  87  85  1
 214  85  1
 260  85  1
 191  86  1
   1  87  1
 230  87  1
 232  87  1
 262  87  1
 153  88  1
 159  88  1
 178  88  1
 179  88  1
 245  88  1
 252  88  1
 281  88  1
 282  88  1
 198  89  1
 237  89  1
  86  90  1
 239  90  1
 240  90  1
  23  91  1
 196  91  1
 209  91  1
 213  91  1
  70  92  1
 216  92  1
 243  92  1
 255  92  1
 271  92  1
 148  93  1
  67  94  1
  95  94  1
  96  94  1
 142  94  1
 146  94  1
 198  95  1
 173  96  1
 185  96  1
 169  97  1
 241  98  1
 243  98  1
  81  99  1
 266  99  1
 276  99  1
  83 100  1
  85 100  1
 180 100  1
 215 100  1
 217 100  1
 218 100  1
 234 100  1
 196 101  1
 197 101  1
 212 101  1
 230 101  1
 231 101  1
  69 102  1
 228 103  1
  86 105  1
 167 105  1
 194 105  1
  72 106  1
 218 108  1
 220 108  1
  77 109  1
 195 109  1
 196 109  1
 227 110  1
 228 110  1
 171 111  1
 172 111  1
 204 111  1
 256 111  1
 257 111  1
 200 112  1
 168 114  1
 118 115  1
 119 115  1
  79 117  1
  80 117  1
 219 117  1
 220 117  1
 275 118  1
 280 119  1
 281 119  1
  33 120  1
  34 120  1
  81 120  1
 119 121  1
 120 121  1
 155 121  1
 163 122  1
 259 122  1
  22 123  1
 141 124  1
 184 124  1
 195 124  1
 278 125  1
  89 126  1
  91 126  1
 115 126  1
  48 127  1
  58 127  1
 166 127  1
 184 127  1
 209 127  1
  16 128  1
  39 128  1
 158 128  1
 225 128  1
 236 128  1
 253 128  1
  28 129  1
  10 130  1
 168 130  1
 238 130  1
 269 130  1
   1 131  1
  28 131  1
  50 131  1
 148 131  1
  40 132  1
  56 132  1
  96 132  1
 110 132  1
   3 133  1
  45 133  1
  89 133  1
 112 133  1
 144 133  1
 157 133  1
 158 133  1
 167 133  1
 200 133  1
 236 133  1
 256 133  1
 266 133  1
   9 134  1
  30 134  1
  31 134  1
  36 134  1
  37 134  1
  87 134  1
 247 134  1
 253 134  1
 268 134  1
 269 134  1
  84 135  1
 160 135  1
  37 136  1
 117 136  1
 250 136  1
 274 136  1
  22 137  1
  23 137  1
  42 137  1
 127 137  1
 128 137  1
 166 137  1
 153 138  1
 119 139  1
 141 139  1
 155 139  1
 252 139  1
 253 139  1
 149 140  1
 162 140  1
   2 141  1
   3 141  1
 133 142  1
 140 142  1
 158 142  1
 228 142  1
 263 142  1
 264 142  1
 265 142  1
 126 143  1
 223 143  1
 242 143  1
 251 143  1
 159 144  1
 247 144  1
 280 144  1
   1 146  1
  31 146  1
 126 147  1
 148 147  1
 149 147  1
 224 147  1
 231 147  1
  17 148  1
  18 148  1
  78 148  1
 119 148  1
 220 148  1
 222 148  1
 252 148  1
   6 149  1
 113 149  1
 233 149  1
 259 149  1
  18 150  1
  34 150  1
  97 150  1
 219 150  1
 220 150  1
  27 151  1
  36 151  1
  40 151  1
 169 151  1
 226 151  1
 227 151  1
 240 151  1
 256 151  1
  16 152  1
  22 152  1
  29 152  1
  92 152  1
 246 152  1
   6 153  1
 175 153  1
  38 154  1
 165 154  1
  34 155  1
 169 155  1
 180 155  1
  73 156  1
   1 158  1
 171 158  1
 172 158  1
 243 158  1
 269 159  1
 275 159  1
  72 160  1
  73 160  1
  33 161  1
  43 161  1
 152 161  1
 265 161  1
 180 164  1
 247 164  1
 248 164  1
 268 165  1
  71 166  1
  77 166  1
 172 166  1
 168 167  1
 181 167  1
 231 167  1
 281 167  1
 282 167  1
 147 168  1
 149 168  1
 166 168  1
 240 169  1
  29 170  1
  82 170  1
 269 170  1
 270 170  1
 280 170  1
 281 170  1
  26 171  1
  85 171  1
  87 171  1
 175 171  1
 177 171  1
 253 171  1
  19 172  1
  20 172  1
  22 172  1
 101 172  2
 152 172  1
 159 172  1
 222 172  1
 269 172  1
  36 173  1
 166 173  1
 173 173  1
 252 173  1
 188 174  1
 237 174  1
 184 175  1
 222 175  1
  83 176  1
  84 176  1
  31 177  1
 231 177  1
 246 177  1
  79 178  1
  83 178  1
  91 178  1
 170 178  1
 171 178  1
 200 178  1
 240 178  1
 241 178  1
 277 178  1
 278 178  1
   5 179  1
   6 179  1
 213 179  1
  21 180  1
  34 180  1
  83 180  1
  95 180  1
 251 180  1
 189 181  1
 191 181  1
 226 181  1
  19 182  1
  87 182  1
 218 182  1
 275 182  1
 242 183  1
  89 184  1
  92 184  1
 237 184  1
 274 184  1
 203 185  1
 106 186  1
 215 186  1
 232 186  1
 233 186  1
 249 186  1
 250 186  1
   9 187  1
 208 187  1
  15 188  1
  96 188  1
 111 188  1
 200 188  1
 151 190  1
 158 190  1
 104 191  1
 127 192  1
 128 192  1
 269 192  1
  40 193  1
  45 193  1
  50 193  1
  51 193  1
 242 193  1
  34 194  1
  35 194  1
 107 194  1
 114 194  1
  13 195  1
 121 195  1
  35 196  1
 162 196  1
 117 197  1
  35 198  1
 144 198  1
 257 198  1
 265 198  1
  27 200  1
 138 200  1
 139 200  1
 213 200  1
 214 200  1
 158 201  1
 237 201  1
 238 201  1
  48 202  1
 117 202  1
 168 202  1
 213 202  1
 262 202  1
 139 203  1
 140 203  1
  21 204  1
 162 206  1
  45 207  1
 144 207  1
 225 207  1
  57 208  1
 139 208  1
  49 209  1
  51 209  1
 100 209  1
 207 209  1
 235 210  1
 104 211  1
 105 211  1
 230 212  1
  63 215  1
  70 216  1
 205 216  1
 130 218  1
 133 218  1
  73 219  2
  74 219  1
 136 219  1
  61 220  1
  98 220  1
  99 220  1
 205 220  1
 240 220  1
  69 221  1
 217 223  1
  95 224  1
 133 224  1
 209 224  1
 214 224  1
  71 225  1
 136 225  1
 203 225  1
  99 226  1
 209 226  1
  70 227  1
  71 227  1
 102 228  1
 223 228  1
  95 229  1
 104 229  1
 205 229  1
 207 229  1
 240 229  1
 101 230  1
  61 231  1
 137 233  1
 230 233  1
  65 234  1
  53 235  1
  70 236  1
  56 237  1
  57 237  1
  86 237  1
  87 237  1
  92 237  1
  94 237  1
 136 237  1
 212 237  1
 213 237  1
 224 238  1
 141 239  1
  65 240  1
 146 240  1
  67 241  1
 219 241  1
  86 246  1
 144 246  1
 134 247  1
 136 248  1
 208 248  1
 128 249  1
 142 249  1
 100 250  1
 103 251  1
 201 251  1
 106 252  1
 198 252  1
 190 254  1
 186 255  1
 157 257  1


count = 640