 137   1  1
 163   1  1
 174   2  1
 179   3  1
 149   5  1
 155   5  1
 187   5  1
 193   7  1
 100   8  1
 101   8  1
 134   8  1
 140   8  1
 196   8  1
 115   9  1
 155   9  1
 156   9  1
 149  10  1
  93  11  1
 111  11  1
 142  12  1
  88  13  1
 152  13  1
 157  13  1
 158  13  1
 122  14  1
  85  15  1
 159  16  1
 160  16  1
 114  17  1
 164  17  1
 214  17  1
  79  18  1
 154  18  1
 174  18  1
 176  18  1
 100  19  1
 110  19  1
  74  20  1
  89  20  1
  90  20  1
  95  20  1
 168  20  1
  84  22  1
 144  22  1
 176  22  1
  67  23  1
 145  27  1
 146  27  1
 141  29  1
 182  29  1
 183  29  1
  71  30  1
 183  31  1
 158  32  1
 159  32  1
 146  33  1
 183  33  1
 184  33  1
 131  34  1
  45  35  1
  85  36  1
 137  36  1
 159  36  1
 140  37  1
 141  37  1
 124  38  1
 125  38  1
 182  38  1
 183  38  1
  69  39  1
 132  39  1
 133  39  1
 168  39  1
 208  39  1
  75  40  1
 124  40  1
  82  41  1
  90  42  1
 100  42  1
 123  42  1
 124  42  1
 146  42  1
 181  42  1
 185  42  1
 177  43  1
 189  43  1
 209  43  1
  68  44  1
 213  44  1
  92  45  1
  93  45  1
 106  45  1
 191  45  1
 248  46  1
 120  47  1
 131  48  1
 135  48  1
 141  48  1
 146  48  1
 215  48  1
  96  49  1
 208  49  1
  29  50  1
 151  51  1
 168  51  1
 207  51  1
 117  52  1
  91  53  1
 102  53  1
 108  53  1
 109  53  1
  96  54  1
 117  54  1
 130  54  1
 131  54  1
 104  55  1
 206  55  1
 130  56  1
 158  56  1
 241  56  1
 255  56  1
 110  57  1
 210  57  1
 123  58  1
 124  58  1
 140  58  1
 145  58  1
 216  58  1
 221  58  1
 222  58  1
 120  59  1
 257  59  1
  85  60  1
 141  60  1
 216  60  1
 234  60  1
 101  61  1
 120  61  1
 175  61  1
 248  61  1
 249  61  1
  19  62  1
 111  62  1
 141  62  1
 101  63  1
 106  63  1
 121  63  1
 122  63  1
 128  63  1
 145  63  1
  81  65  1
 101  65  1
  73  66  2
  74  66  1
  75  66  1
 136  66  1
 148  66  1
 153  66  1
 231  66  1
 232  66  1
  79  68  1
 104  68  1
 167  69  1
 159  70  1
 226  70  1
 229  70  1
 109  72  1
 248  72  1
 252  72  1
 158  73  1
 256  73  1
  12  75  1
  98  75  1
 154  75  1
 156  75  1
 176  75  1
 224  75  1
 225  75  1
 174  76  1
 232  76  1
 238  76  1
 179  77  1
 241  77  1
 242  77  1
 253  77  1
 254  77  1
 101  78  1
 191  78  1
 233  78  1
 237  78  1
 246  78  1
 152  80  1
 237  80  1
 238  80  1
 245  80  1
 246  80  1
 167  81  1
 103  82  1
 154  82  1
 191  82  1
  15  83  1
 135  83  1
 142  83  1
 174  83  1
 251  83  1
 252  83  1
 179  84  1
 180  84  1
 216  84  1
 116  86  1
 193  86  1
 198  86  1
 199  86  1
 200  86  1
 226  86  1
 260  86  1
  11  87  1
  13  87  1
 127  87  1
 181  87  1
 206  87  1
 246  87  1
 248  87  1
 250  87  1
 178  89  1
 256  89  1
  18  90  1
  19  90  1
 192  90  1
 204  90  1
 252  90  1
 273  90  1
   3  91  1
   4  91  1
 129  91  1
 195  91  1
 134  92  1
 175  92  1
 176  92  1
 227  92  1
 252  92  1
 261  92  1
 183  93  1
 185  93  1
 222  93  1
  22  94  2
 233  94  1
 242  94  1
 251  94  1
 252  94  1
 196  95  1
 202  95  1
 203  95  1
  81  96  1
 179  96  1
 219  96  1
 220  96  1
 237  96  1
 254  96  1
 172  97  1
 245  97  1
 258  97  1
 259  97  1
 270 100  1
 271 100  1
  20 101  1
  21 101  1
 162 101  1
 163 101  1
 164 101  1
 168 101  1
 160 103  1
 249 103  1
 253 103  1
  19 105  2
  20 105  1
  81 105  1
  86 106  1
 202 106  1
 190 108  1
 195 108  1
  87 109  1
 162 109  1
 159 110  1
 173 110  1
 108 112  1
 113 112  1
  84 114  1
 103 114  1
 125 114  1
 169 114  1
   1 115  1
 159 115  1
 164 115  1
 188 115  1
 189 115  1
  92 116  1
  93 116  1
 192 116  1
 116 117  1
 117 117  1
 121 117  1
 280 118  1
 281 118  1
 128 119  1
 164 119  1
 187 119  1
 241 119  1
 247 119  1
  85 120  1
 156 120  1
 191 120  1
 195 120  1
  31 121  1
 118 121  1
 248 121  1
 279 121  1
 280 121  1
 124 122  1
 139 122  1
 235 122  1
 253 122  1
 259 122  1
   1 123  1
  87 123  1
 149 123  1
 150 123  1
 120 124  1
 257 124  1
  15 125  1
  30 125  1
  35 125  1
 116 125  1
 135 125  1
 165 125  1
 166 125  1
 183 125  1
 194 125  1
  46 126  1
  90 126  1
  50 127  1
  97 127  1
 135 127  1
 150 127  1
 154 127  1
 194 127  1
 215 127  1
 220 127  1
 221 127  1
 241 127  1
 242 127  1
 264 127  1
 125 128  1
 198 128  1
 203 128  1
 224 128  1
 225 128  1
   2 129  1
   3 129  1
  34 129  1
  41 129  1
 134 129  1
 161 129  1
 264 129  1
 274 129  1
   7 130  1
  14 130  1
  75 130  1
  76 130  1
  81 130  1
 183 130  1
 190 130  1
 191 130  1
 198 130  1
 239 130  1
  20 131  1
  41 131  1
  48 131  1
 153 131  1
 247 131  1
 257 131  1
  25 132  1
  75 132  1
 198 132  1
 224 132  1
 213 133  1
 214 133  1
 233 133  1
 241 133  1
  92 134  1
 120 134  1
 156 134  1
 193 134  1
  73 135  1
  74 135  1
  79 135  1
 162 135  1
 188 135  1
 235 135  1
 267 135  1
   2 136  1
   3 136  1
 149 136  1
 152 136  1
 166 136  1
 183 136  1
 184 136  1
 239 136  1
 133 137  1
 141 137  1
 168 137  1
 197 137  1
 198 137  1
 276 137  1
  53 138  1
  59 138  1
 205 138  1
 213 138  1
 247 138  1
   1 139  1
   2 139  1
 192 139  1
  60 140  1
  72 140  1
 237 140  1
 238 140  1
 244 140  1
 184 141  1
  60 142  1
  65 142  1
  13 143  1
  83 143  1
 183 143  1
 229 143  1
 233 143  1
 248 143  1
   8 144  1
 127 144  1
 205 144  1
  15 145  1
  86 145  1
 163 145  1
 164 145  1
 169 146  1
 170 146  1
 244 146  1
   6 148  1
   9 148  1
  10 148  1
  82 148  1
  83 148  1
  90 148  1
 165 148  1
 184 148  1
 200 148  1
 212 148  1
 242 148  1
 275 148  1
  59 149  1
 238 149  1
 230 150  1
 190 151  1
 271 151  1
  15 152  1
  16 152  1
  44 152  1
  55 152  1
   9 153  1
  11 153  1
 191 153  1
  43 154  1
  44 154  1
  62 154  1
 116 154  1
  17 155  1
  25 155  1
  76 155  1
 271 155  1
  74 156  1
 129 156  1
  12 157  1
  17 157  1
 197 157  1
 272 157  1
  23 158  1
  24 158  1
 167 158  1
 169 158  1
  73 159  1
  85 159  1
  86 159  1
  98 159  1
 111 159  1
 138 159  1
 173 159  1
 174 159  1
 210 159  1
  26 160  1
  70 160  1
 216 160  1
  88 161  1
  89 161  1
 138 161  1
 218 162  1
  69 163  1
 183 163  1
 178 164  1
  91 165  1
  92 165  1
  84 166  1
  85 166  1
 169 166  1
 172 167  1
 196 167  1
 197 167  1
 198 167  1
 150 168  1
 188 168  1
  78 169  1
  79 169  1
  81 169  1
  83 169  1
 236 169  1
 217 171  1
 118 172  1
 124 172  1
 207 172  1
 227 172  1
  77 173  2
  78 173  1
 130 173  1
 188 173  1
 210 174  1
   4 175  1
   5 175  1
 155 175  1
 173 175  1
 174 175  1
 192 175  1
 196 175  1
 255 175  1
 260 175  1
  85 176  1
  86 176  1
 115 176  1
 116 176  1
 161 176  1
 223 176  1
 247 176  1
 265 176  1
 240 177  1
 116 178  1
 169 179  1
 227 179  1
 115 180  1
 163 180  1
 164 180  1
 190 180  1
 234 180  1
 276 180  1
 130 181  1
 117 182  1
 234 182  1
 134 183  1
 180 183  1
 181 183  1
   7 184  1
  83 184  1
 188 184  1
 157 185  1
  68 186  1
 152 186  1
 153 186  1
 235 187  1
  55 191  1
  85 191  1
  89 191  1
 173 191  1
  14 193  1
  90 193  1
 234 193  1
 265 194  1
  49 195  1
 239 195  1
  83 196  1
  92 196  1
  47 197  1
  55 197  1
  56 197  1
  17 199  1
  18 199  1
  46 199  1
  50 199  1
  66 199  1
  67 199  1
 108 200  1
  83 202  1
  43 204  1
 103 204  1
  91 205  1
 235 205  1
 108 206  1
 228 206  1
  82 207  1
  95 207  1
 100 207  1
 154 207  1
 155 207  1
 239 207  1
  58 208  1
  60 208  1
  62 209  1
  70 209  1
  71 209  1
  90 209  1
 112 210  1
 117 210  1
  77 211  1
  78 211  1
 135 211  1
 147 211  1
 150 211  1
 125 212  1
 114 213  1
  73 214  1
  75 214  1
 129 214  1
 255 215  1
  98 216  1
 111 216  1
 123 216  1
 140 216  1
  32 217  1
 106 218  1
 131 218  1
 178 219  1
 124 221  1
 172 221  1
  92 222  1
 110 222  1
 146 222  1
 101 223  1
 107 223  1
 121 223  1
 122 223  1
 142 223  1
 144 223  1
  64 224  1
  68 224  1
 169 224  1
 183 224  1
 184 224  1
  52 225  1
  53 225  1
  98 225  1
 177 225  1
 178 225  1
  44 226  1
 244 226  1
  56 227  1
  57 227  1
 105 227  3
 111 227  1
 179 227  1
  86 228  1
 103 228  1
 228 228  1
 242 228  1
  49 229  1
 192 229  1
  70 230  1
 136 230  1
 212 230  1
  52 231  1
  53 231  1
  92 231  1
 108 231  1
 178 231  1
 184 231  1
  99 232  1
 167 232  1
 168 232  1
 210 232  1
 211 232  1
 212 232  1
 235 232  1
 113 233  1
 118 233  1
  60 234  1
  76 234  1
 160 234  1
 161 234  1
 162 234  1
  82 235  1
 135 235  1
 136 235  1
 203 235  1
  66 236  1
  96 236  1
 110 236  1
  69 237  1
  71 238  1
 161 238  1
 224 238  1
  88 239  1
  89 239  1
 108 239  1
 143 239  1
 144 239  1
 153 239  1
  75 240  1
  77 240  1
 159 240  1
 166 240  1
 167 240  1
 200 240  1
 221 240  1
 112 241  1
  95 242  1
  96 242  1
 117 242  1
 134 242  1
  83 244  1
  84 244  1
  96 244  1
 152 244  1
 109 245  1
 110 245  1
 156 245  1
 214 245  1
 116 246  1
 134 246  1
 135 246  1
 140 246  1
 156 247  1
  95 248  1
 151 249  1
 152 249  1
 204 249  1
 112 251  1
 155 251  1
 165 251  1
 131 255  1
 136 256  1


count = 744