 138   1  1
 149   1  1
 111   4  1
 120   4  1
 141   6  1
 142   6  1
 137   7  1
 155   7  1
 156   7  1
 124   8  1
 129   8  1
 150   8  1
 118  10  1
 137  10  1
 186  10  1
 141  12  1
 177  12  1
 178  12  1
  93  13  1
 133  13  1
 194  13  1
 103  14  1
 105  14  1
 106  14  2
 109  15  1
 174  15  1
 202  16  1
 170  17  1
  86  18  1
 177  18  1
 179  18  1
  97  19  1
 211  20  1
  99  21  1
 103  21  1
 115  21  1
 196  21  1
 197  21  1
  70  22  1
 119  22  1
 121  22  1
 115  23  1
 194  23  1
  85  24  1
  61  25  1
 115  25  1
 136  25  1
  90  27  1
 136  27  1
 195  27  1
 206  27  1
 176  29  1
 222  29  1
  55  30  1
 120  30  1
 178  30  1
 207  31  1
 208  31  1
 109  32  1
 110  32  1
 122  33  1
 124  33  1
 126  33  1
 173  33  1
  85  34  1
  86  34  1
  92  34  1
 168  34  1
 169  34  1
 201  34  1
  69  35  1
 107  35  1
 122  35  1
 208  35  1
 209  35  1
 224  35  1
  46  36  1
 112  37  1
 122  37  1
 200  37  1
  87  38  1
 128  38  1
 140  38  1
 141  38  1
 178  38  1
 188  38  1
 172  39  1
 174  39  1
 200  39  1
  71  40  1
  88  40  1
 118  40  1
 143  40  1
 179  40  1
 196  40  1
 197  40  1
 198  40  1
 206  40  1
  93  41  1
 105  41  1
 106  41  1
  83  42  1
  84  42  1
 130  42  1
 131  42  1
 203  42  1
 222  42  1
 224  42  1
 166  43  1
 208  43  1
 209  43  1
 237  43  1
  37  44  1
  74  44  1
  97  44  1
 170  44  1
 171  44  1
 198  44  1
 206  44  1
 126  45  1
 200  45  1
 227  45  1
 107  46  1
 144  46  1
 151  46  1
 142  47  1
 147  47  1
 148  47  1
 154  47  1
 155  47  1
 157  47  1
 195  47  1
 239  47  1
  70  48  1
 101  48  1
 241  48  1
  61  49  1
  72  49  1
 106  49  1
 188  49  1
 191  49  1
 192  49  1
 193  49  1
 224  49  1
 136  51  1
 149  51  1
 154  51  1
 195  52  1
 202  52  1
 215  52  1
 101  53  1
 170  53  1
 185  53  1
 206  53  1
 224  53  1
 109  54  1
 142  54  1
 161  54  1
 175  54  1
 195  54  1
 210  54  1
 220  54  1
  61  55  1
  62  55  1
 236  55  1
 237  55  1
 238  55  1
  48  56  1
 112  56  1
 113  56  1
 148  56  1
  41  57  1
  51  57  1
  94  57  1
 202  57  1
 230  57  1
 252  57  1
  36  58  1
 148  58  1
 215  58  1
 254  58  1
 125  59  1
 126  59  1
 194  59  1
 208  59  1
 210  59  1
 246  59  1
 135  60  1
 221  60  1
 102  61  1
 103  61  1
 130  61  1
 148  61  1
 205  61  1
 231  61  1
  53  62  1
  57  62  1
 112  62  1
 138  62  1
 186  62  1
 256  62  1
 145  63  1
 151  63  1
 158  63  1
 191  63  1
 232  63  1
  40  64  1
  45  64  1
 108  64  1
 211  64  1
 212  64  1
 237  64  1
 125  65  1
 145  65  1
 156  65  1
 194  65  1
 206  65  1
 242  65  1
 243  65  1
  61  66  1
 218  66  1
  98  67  1
 150  67  1
 161  67  1
 169  67  1
 138  68  1
 165  68  1
 177  68  1
 255  68  1
  26  69  1
  50  69  1
 182  69  1
  30  70  1
  55  70  1
 186  70  1
  37  71  1
  50  71  1
 101  71  1
 169  71  1
 254  71  1
 265  71  1
  97  72  1
 156  72  1
 192  73  1
 220  73  1
 246  73  1
  36  74  1
  66  74  1
 116  74  1
  47  75  1
  52  75  1
  63  75  1
  76  75  1
  77  75  1
  82  75  1
 168  75  1
 175  75  1
 185  75  1
 188  75  1
 251  75  2
  37  76  1
  42  76  1
  90  76  1
 130  76  2
 134  76  1
 135  76  1
 160  76  1
 161  76  1
 162  76  1
 262  76  1
 269  76  1
 270  76  1
   9  77  1
  18  77  1
 120  77  1
 156  77  1
  97  78  1
  98  78  1
 102  78  1
  32  79  1
  33  79  1
  39  79  1
 222  79  1
 262  79  1
  51  80  1
  52  80  1
 102  80  1
 118  80  1
 264  80  1
 166  81  1
  53  82  1
  55  82  1
 118  82  1
 160  82  1
 161  82  1
  40  83  1
  58  83  1
  59  83  1
 106  83  1
 134  83  1
 135  83  1
 149  83  1
 170  83  1
 226  83  1
  50  84  1
 127  84  1
 157  84  1
 163  84  1
 231  84  1
   7  85  1
   8  85  1
 236  85  1
 267  85  1
 275  85  1
  14  86  1
  41  86  1
 219  86  1
 104  87  1
 207  87  1
 229  87  1
 258  87  1
 259  87  1
 118  88  1
 119  88  1
 124  88  1
 225  88  1
 269  88  1
 270  88  1
  22  89  1
  29  89  1
  47  89  1
  49  89  1
  84  89  1
 132  89  1
 201  89  1
 277  89  1
  15  90  1
 100  90  1
 150  90  1
 157  90  1
 212  90  1
 213  90  1
 234  90  1
 241  90  1
 249  90  1
  93  91  1
 142  91  1
 176  91  1
  36  92  1
 152  92  1
 172  92  1
 174  92  1
 181  92  1
 230  92  1
 264  92  1
 216  93  1
 217  93  1
 226  93  1
 270  93  1
  39  94  1
  40  94  1
 202  94  1
 237  94  1
  86  95  1
 224  95  1
 226  95  1
 156  96  1
 157  96  1
 207  96  1
 259  96  1
  41  97  1
  87  97  1
  94  97  1
 216  97  1
 217  97  1
  17  98  1
  92  98  1
 112  98  1
 201  98  1
 256  98  1
  94  99  1
 102  99  1
 146  99  1
 153  99  1
 230  99  1
 233  99  1
 234  99  1
 235  99  1
 274  99  1
 275  99  1
 150 100  1
 182 100  1
 183 100  1
 211 100  1
 226 100  1
 239 100  1
 258 100  1
   4 101  1
   5 101  1
  10 101  1
  13 101  1
  46 101  1
  85 101  1
  86 101  1
  99 101  1
 182 102  1
 204 102  1
 205 102  1
 213 102  1
 214 102  1
  52 103  1
   3 104  1
   4 104  1
  56 104  1
  57 104  1
 103 104  1
 182 104  1
 210 104  1
 243 104  1
  14 105  1
  15 105  1
  37 105  1
  43 105  1
 107 105  1
 108 105  1
 200 105  1
 214 105  1
 249 105  1
 275 105  1
   9 106  1
  83 106  1
 113 106  1
  26 107  1
  85 107  1
  99 107  1
 279 107  1
 112 108  1
 213 109  1
 240 109  1
 246 109  1
  88 110  1
  90 110  1
 100 111  1
 229 111  1
 276 111  1
  82 112  1
  83 112  1
 110 112  1
 138 112  1
 203 112  1
 226 112  1
 264 112  1
  28 113  1
  60 113  1
  64 113  1
 163 113  1
 174 113  1
  24 114  1
 102 114  1
 183 114  1
 240 114  1
 245 114  1
  20 115  1
  64 115  1
  97 115  1
 257 115  1
  74 116  1
  88 116  1
 133 116  1
 137 116  1
 204 116  1
 225 116  1
  93 117  1
 179 117  1
 214 117  1
  76 118  1
  77 118  1
 102 118  1
 166 118  1
 168 118  1
 172 118  1
 204 118  1
  35 119  1
  36 119  1
  41 119  1
  55 119  1
 155 119  1
 161 119  1
 162 119  1
 231 119  1
 266 119  1
 268 119  1
 269 119  1
 273 119  1
 274 119  1
  95 120  1
 116 120  1
 203 120  1
 255 120  1
 256 120  1
   7 121  1
  12 121  1
  49 121  1
 149 121  1
 162 121  1
 185 121  1
 249 121  1
 100 122  1
 175 122  1
 200 122  1
 210 122  1
 227 122  1
 115 123  1
 172 123  1
 230 123  1
 231 123  1
 240 123  1
 247 123  1
 249 123  1
  11 124  1
  37 124  1
  51 124  1
  55 124  1
 101 124  1
 105 124  1
 158 124  1
 167 124  1
 190 124  1
 272 124  1
  25 125  1
 120 125  1
 252 125  1
   1 126  1
   6 126  1
   7 126  1
  20 126  1
  99 126  1
 181 126  1
 205 126  1
 224 126  1
 237 126  1
 116 127  1
 172 127  1
 274 127  1
  12 128  1
 193 128  1
 194 128  1
  79 129  1
  80 129  1
 244 129  1
 268 129  1
  95 130  1
  96 130  1
 236 130  1
   6 131  1
  76 131  1
  77 131  1
 251 131  1
   1 132  1
  13 132  1
  34 132  1
  36 132  1
 118 132  1
 142 132  1
 143 132  1
 150 132  1
 153 132  1
 213 132  1
 259 132  1
 270 132  1
  45 133  1
  70 133  1
 104 133  1
 173 133  1
 208 133  1
 209 133  1
 265 133  1
  38 134  1
 160 134  1
  15 135  1
  62 135  1
  64 135  1
 182 135  1
 192 135  1
 263 135  1
  52 136  1
 142 136  1
 155 136  1
 223 136  1
  59 137  1
  85 137  1
 177 137  1
  65 138  1
  67 138  1
  69 138  1
  95 139  1
  98 139  1
  99 139  1
 117 139  1
 146 139  1
 229 139  1
 263 139  1
  20 140  1
  21 140  1
  64 140  1
  69 140  1
  58 141  1
  73 141  1
 102 141  1
 179 141  1
 225 141  1
 266 141  1
 272 141  1
 132 142  1
 219 142  1
 234 142  1
  13 143  1
 110 143  1
 111 143  1
 116 143  1
 157 143  1
 208 143  1
 238 143  1
  52 144  1
  53 144  1
  96 144  1
 133 144  1
 138 144  1
 185 144  1
 269 144  1
 282 144  1
  14 145  1
  27 145  1
  86 145  1
  89 145  1
 160 145  1
 200 145  1
 213 145  1
 263 145  1
  79 146  1
  80 146  1
  93 146  1
 133 146  1
 142 146  1
 154 146  1
 170 146  1
  13 147  1
  14 147  1
  59 147  1
  83 147  1
 181 147  1
 191 147  1
 235 147  1
 246 147  1
 253 147  1
 276 147  1
   5 148  1
   6 148  1
  24 148  1
  25 148  1
 107 148  1
 130 148  1
 148 148  1
 150 148  1
 157 148  1
 165 148  1
 170 148  1
 186 148  1
  38 149  1
  52 149  1
 113 149  1
 135 149  1
 138 149  1
 243 149  1
 260 149  1
 264 149  1
 265 149  1
 272 149  1
  44 150  1
  45 150  1
 105 150  1
 106 150  1
 107 150  1
  62 151  1
  63 151  1
 146 151  1
 158 151  1
 189 151  1
 237 151  1
 260 151  1
 265 151  1
 270 151  1
  35 152  1
  41 152  1
  42 152  1
  51 152  1
 142 152  1
 204 152  1
 208 152  1
 232 152  1
 233 152  1
  86 153  1
  97 153  1
 118 153  1
 149 153  1
 177 153  1
  14 154  1
  15 154  1
 171 154  1
 242 154  1
 263 154  1
 138 155  1
 219 155  1
 269 155  1
  41 156  1
  63 156  1
  65 156  1
 111 156  1
 115 156  1
 116 156  1
 121 156  1
 122 156  1
 152 156  1
 153 156  1
 157 156  1
 185 156  1
 186 156  1
  43 157  1
  45 157  1
  67 157  1
 104 157  1
 148 157  1
 150 157  1
 162 157  1
 169 157  1
 179 157  1
 237 157  1
 251 157  1
 253 157  1
  28 158  1
  49 158  1
 109 158  1
  13 159  1
 226 159  1
 230 159  1
 231 159  1
 110 160  1
 126 160  1
 158 160  1
 212 160  1
 260 160  1
 262 160  1
 264 160  1
  17 161  1
  18 161  1
  55 161  1
 143 161  1
 269 161  1
 150 162  1
 260 162  1
  18 163  1
 229 163  1
 230 163  1
  26 164  1
 141 164  1
 163 164  1
 164 164  1
 240 164  1
  21 165  1
  23 165  1
 172 165  1
 174 165  1
 210 165  1
 215 165  1
 269 165  1
 270 165  1
  96 166  1
 107 166  1
 186 166  1
 187 166  1
 232 166  1
 233 166  1
 244 166  1
 248 166  1
  48 167  1
  52 167  1
  92 167  1
 172 167  1
  19 168  1
  20 168  1
 141 168  1
 147 168  1
 159 168  1
 160 168  1
 233 168  1
 259 168  1
  46 169  1
  54 169  1
  56 169  1
  99 169  1
 100 169  1
 138 169  1
 221 169  1
 266 169  1
 267 169  1
 268 169  1
 150 170  1
 215 170  1
 244 170  1
 245 170  1
  12 171  1
  13 171  1
  59 171  1
  60 171  1
 126 171  1
 138 171  1
 156 171  1
 223 171  1
 224 171  1
 254 171  1
 255 171  1
 262 171  1
 272 171  1
 146 172  1
 161 172  1
 176 172  1
 204 172  1
 217 172  1
 237 172  1
 244 172  1
 278 172  1
 137 173  1
 166 173  1
 184 173  1
 232 173  1
 176 174  1
 186 174  1
 250 174  1
 251 174  1
  44 175  1
 135 175  1
 142 175  1
 221 175  1
 225 175  1
 131 176  1
 234 176  1
 243 176  1
 276 176  1
  61 177  1
 124 177  1
 166 177  1
 120 178  1
 106 179  1
 107 179  1
 172 179  1
 173 179  1
 263 179  1
  66 180  1
 138 180  1
 219 180  1
  17 181  1
  58 181  1
 106 181  1
 124 181  1
 128 181  1
 189 181  1
  40 182  1
 133 182  1
  49 183  1
 106 183  1
 111 184  1
 167 184  1
  26 185  1
  31 185  1
  46 185  1
 191 185  1
  64 186  1
 172 186  1
 183 186  1
 184 186  1
 193 186  1
 213 186  1
  50 187  1
 115 187  1
 121 187  1
 128 187  1
 165 187  1
 201 187  1
 237 187  1
  55 188  1
 145 188  1
 150 188  1
 160 188  1
 175 188  1
 197 188  1
 211 188  1
  59 189  1
 123 189  1
 243 189  1
 252 189  1
 261 189  1
 267 189  1
 268 189  1
  30 190  1
  31 190  1
  64 190  1
 116 191  1
 259 191  1
 260 191  1
 266 191  1
  62 192  1
  63 192  1
  64 192  1
 132 192  1
 138 192  1
 191 192  1
  26 193  1
 255 193  1
  57 194  1
 118 194  1
 120 194  1
 161 194  1
  90 195  1
 252 195  1
  57 196  1
  83 196  1
 131 196  1
 244 196  1
  53 197  1
  31 198  1
  48 198  1
  94 198  1
 202 198  1
 251 199  1
 252 199  1
 128 200  1
 203 200  1
  52 201  1
  58 201  1
  90 201  1
 134 202  1
 203 202  1
 249 202  1
  51 203  1
  52 203  1
  56 203  1
 119 203  1
 198 203  1
 244 203  1
  88 205  1
 247 205  1
 118 207  1
 124 208  1
 125 208  1
 200 208  1
 121 210  1
  82 211  1
 159 211  1
 213 211  1
 230 211  1
 231 211  1
 121 212  1
 247 212  1
 157 213  1
 158 213  1
 179 213  1
 216 213  1
 221 213  1
 121 214  1
 160 214  1
 125 215  1
 233 215  1
 244 215  1
  62 216  1
  64 216  1
 170 216  1
 188 216  1
  51 217  1
  73 217  1
 174 217  1
 159 218  1
 160 218  1
  89 219  1
 105 219  1
 118 219  1
 119 219  1
 225 219  1
 164 220  1
 168 220  1
  57 221  1
  88 221  1
 125 221  1
 126 221  1
 240 221  1
  76 222  1
 158 222  1
  70 223  1
  71 223  1
 154 223  1
 162 223  1
  75 224  1
 145 224  1
 223 224  1
 226 226  1
  64 227  1
  82 227  1
  87 227  1
  88 227  1
  70 228  1
 213 228  1
 221 228  1
 108 229  1
 113 229  1
  85 230  1
 141 230  1
 142 230  1
 143 230  1
 145 230  1
  76 231  1
 111 233  1
 149 233  1
 118 234  1
 135 235  1
 219 235  1
 141 236  1
 155 236  1
 151 237  1
  83 238  1
  89 238  1
 124 238  1
 200 238  1
 201 238  1
 213 238  1
  97 239  1
  98 239  1
 109 239  1
 110 239  1
 193 239  1
 194 239  1
 124 240  1
 211 240  1
 200 241  1
 118 242  1
 119 242  1
 124 242  1
 125 242  1
 126 242  1
 129 242  1
 186 242  1
 190 242  1
 195 242  1
  89 243  1
 106 244  1
 107 244  1
 182 244  1
  91 245  1
 203 245  1
 171 246  1
 172 246  1
 115 247  1
 174 247  1
  99 248  1
 102 249  1
 157 249  1
 128 250  1
 182 251  1
 121 253  1
 167 255  1
 139 256  1
 144 258  1


count = 1070