 143   1  1
 132   4  1
 203   5  1
 206   6  1
 150   8  1
 209   8  1
 106   9  1
 146  10  1
 175  10  1
 176  10  1
 130  12  1
 146  12  1
  94  13  1
 116  13  1
 144  13  1
 218  14  1
 131  15  1
 148  15  1
  78  16  1
 134  16  1
 222  16  1
 112  17  1
 113  17  1
 139  17  1
 141  17  1
 147  17  1
 175  17  1
 176  17  1
 108  18  1
  95  19  1
 101  20  1
 120  20  1
 135  20  1
 175  20  1
 129  21  1
 142  21  1
  95  22  1
 137  22  1
  92  23  1
 115  23  1
 182  23  1
 103  24  1
 104  24  1
 156  24  1
  61  25  1
  98  25  1
  99  25  1
 144  25  1
 167  25  1
 110  26  1
  74  27  1
 175  27  1
 176  27  1
 187  27  1
  79  28  1
  83  28  1
  89  28  1
 142  28  1
 143  28  1
  56  29  1
  94  29  1
  95  29  1
 122  29  1
 133  29  1
 165  29  1
  68  30  1
 228  31  1
 229  31  1
 202  32  1
 203  32  1
 209  32  1
 210  32  1
 224  32  1
  51  33  1
 170  33  1
 118  34  1
 162  34  1
 113  35  1
 114  35  1
 173  35  1
 180  35  1
 186  35  1
  58  37  1
  88  37  2
 133  37  1
 198  37  1
 186  38  1
 187  38  1
 100  39  1
 192  39  1
 193  39  1
  52  40  1
  96  41  1
 117  41  1
 119  41  1
 142  41  1
 143  41  1
 163  41  1
 164  41  1
 180  41  1
 147  42  1
 173  42  1
 174  42  1
 102  43  1
 250  43  1
 251  43  1
  62  44  1
  63  44  1
  99  46  1
 163  46  1
 179  46  1
 201  46  1
 252  46  1
 149  47  1
 153  47  1
 167  47  1
 184  47  1
 188  47  1
 229  48  1
 255  48  1
 142  49  1
 172  49  1
 195  49  1
 196  49  1
  62  50  1
  63  50  1
  65  50  1
 163  51  1
 164  51  1
 171  51  1
 208  51  1
 210  51  1
 257  51  1
  56  53  1
  57  53  1
 127  53  1
 149  53  1
 197  53  1
 198  53  1
 206  54  1
 259  54  1
  23  55  1
  24  55  1
 127  55  1
 169  55  1
 228  55  1
 233  55  1
 245  55  1
 206  56  1
 211  56  1
 217  57  1
 218  57  1
 261  57  1
 262  57  1
  22  58  1
 134  58  1
 163  58  1
 164  58  1
 202  59  1
 218  59  1
 232  59  1
 236  59  1
 230  60  1
 245  60  1
 254  60  1
 255  60  1
  20  61  1
 218  61  1
 263  61  1
 264  61  1
 136  62  1
 144  62  1
 255  62  2
 141  63  1
 265  64  1
 266  64  1
 157  65  1
 158  65  1
  15  67  1
 157  67  1
 232  67  1
 266  67  1
 267  67  1
 203  68  1
 234  68  1
 199  69  1
 212  69  1
 215  69  1
 216  69  1
 259  69  1
 260  69  1
 261  69  1
 221  70  1
 255  70  1
 257  70  1
 246  71  1
  10  73  1
 193  73  1
 194  73  1
 196  73  1
 211  73  1
 269  73  1
 263  74  1
 236  75  1
 237  75  1
 257  76  1
 271  76  1
 242  77  1
   8  78  1
   9  78  1
 200  78  1
 202  78  1
 212  78  1
 208  79  1
 261  79  1
 200  80  1
   7  81  1
   8  81  1
 168  81  1
 173  81  1
 214  82  1
   7  83  1
  17  84  1
  23  84  1
 207  84  1
   6  85  1
   7  85  1
 243  85  1
  16  86  1
 161  86  1
  25  87  1
  33  88  1
 157  88  1
 174  89  1
 175  89  1
 249  89  1
 270  90  1
 152  91  1
 153  91  1
  10  92  1
  11  92  1
  12  92  1
 277  92  1
 278  92  1
 139  94  1
 172  94  1
 115  95  1
 135  95  1
 137  95  1
 133  96  1
 167  96  1
 116  98  1
  89  99  1
 128  99  1
 205  99  1
 209  99  1
 202 100  1
 255 100  1
 256 100  1
 100 101  1
 118 101  1
 146 101  1
 147 101  1
 167 101  1
   1 104  1
  85 104  1
 111 104  1
 113 104  1
 115 104  1
 137 104  1
 157 104  1
 161 104  1
 197 104  1
  79 105  1
  93 105  1
  95 105  1
  98 105  1
  99 105  1
 211 105  1
 212 105  1
 155 106  1
 265 106  1
 266 106  1
 278 106  1
 279 106  1
 258 107  1
 259 107  1
 269 107  1
 167 108  1
 135 109  1
 216 109  1
 114 110  1
 160 110  1
 161 110  1
 196 110  1
 197 110  1
 208 110  1
  99 111  1
 109 111  1
 110 111  1
 155 111  1
 212 111  1
 263 111  1
 264 111  1
 130 112  1
 269 112  1
  94 113  1
 103 113  1
 125 113  1
 196 114  1
 206 114  1
 219 114  1
 223 114  1
  82 115  1
  83 115  1
 153 115  1
  96 116  1
 198 116  1
 206 116  1
   1 117  1
 110 118  1
 215 118  1
 272 118  1
 104 119  1
 152 119  1
 218 119  1
  11 120  1
 121 120  1
 125 120  1
 146 120  1
  16 121  1
  85 121  1
 208 121  1
 212 121  1
 213 121  1
 278 121  1
 279 121  1
   9 122  1
  28 122  1
  80 122  1
 114 122  1
 118 122  1
 223 122  1
   3 123  1
   4 123  1
  67 123  1
  76 123  1
 145 123  1
 189 123  1
 218 123  1
  71 125  1
  87 125  1
 188 126  1
 225 126  1
  28 127  1
  49 127  1
 108 127  1
 112 127  1
 125 127  1
 193 127  1
  10 129  1
 193 129  1
 203 129  3
 259 129  1
  86 130  1
 181 130  1
 187 130  1
 188 130  1
 272 130  1
 102 131  1
 203 131  1
 207 131  1
 223 131  1
  41 132  1
  46 132  1
 107 132  1
 213 132  1
 112 133  1
 123 133  1
  15 134  1
  54 134  1
  77 134  1
  20 135  1
  24 135  1
  66 135  1
 208 135  1
 101 136  1
   8 137  1
  26 137  1
  34 137  1
  65 137  1
 180 137  1
 236 137  1
 247 137  1
 255 137  1
 256 137  1
  59 138  1
  98 138  1
  99 138  1
 104 138  1
 105 138  1
 106 138  1
  83 139  1
  95 139  1
   7 140  1
  59 140  1
 103 140  1
 122 140  1
 130 140  1
 131 140  1
 132 140  1
 273 140  1
 274 140  1
 275 140  1
  94 141  1
 281 141  1
 282 141  1
 127 144  1
  98 145  1
 150 145  1
  12 146  1
  20 146  1
 139 146  1
 163 146  1
 248 146  1
 254 146  1
 250 147  1
  17 148  1
  27 148  1
 143 148  1
 254 148  1
  89 149  1
 114 149  1
 149 149  1
 273 149  1
 100 150  1
 105 150  1
 109 150  1
 120 150  1
 245 150  1
 254 150  1
 269 150  1
  24 151  1
 172 151  1
 249 151  1
  98 152  1
  17 153  1
 241 153  1
 242 153  1
 251 153  1
 119 154  1
 120 154  1
   8 155  1
  12 155  1
  91 155  1
 155 155  1
 156 155  1
 173 155  1
   2 156  1
   3 156  1
 116 156  1
 117 156  1
 234 156  1
 245 156  1
 129 157  1
 137 157  1
 172 157  1
 173 157  1
 158 158  1
 169 158  1
 252 158  1
 258 158  1
 272 158  1
 273 158  1
   3 159  1
   4 159  1
 226 159  1
  43 160  1
 164 160  1
 232 160  1
  15 161  1
 146 161  1
 147 161  1
 178 161  1
  45 162  1
  46 162  1
 150 162  1
 268 162  1
   9 163  1
  10 163  1
 167 163  1
 173 163  1
 233 163  1
 236 163  1
 248 163  1
  29 164  1
  36 164  1
  39 164  1
  40 164  1
 125 164  1
 170 164  1
 171 164  1
 182 164  1
 228 164  1
  46 165  1
 242 165  1
 244 165  1
 270 165  1
 271 165  1
  27 166  1
 133 166  1
 135 166  1
 171 166  1
 264 166  1
 265 166  1
  20 167  1
  44 167  1
 179 167  1
 257 167  1
 258 167  1
  33 168  1
  38 168  1
 164 168  1
 165 168  1
 273 168  1
   5 169  1
   6 169  1
 116 169  1
 118 169  1
 169 169  1
 219 169  1
 255 169  1
 136 170  1
  29 171  1
 110 171  1
  25 172  1
  41 172  1
 136 172  1
 263 172  1
  18 173  1
 144 173  1
 235 173  1
   7 174  1
   8 174  1
  13 174  1
  41 174  1
 255 174  1
 256 174  1
 264 174  1
 141 175  1
 180 175  1
 181 175  1
 182 175  1
 202 175  1
 213 175  1
 247 175  1
 227 176  1
 266 176  1
 267 176  1
 205 177  1
 207 177  1
  15 178  1
  16 178  1
 185 178  1
 253 178  1
 255 178  1
 257 178  1
  46 179  1
  47 179  1
 217 179  1
 238 179  1
  23 180  1
  39 180  1
 135 180  1
 137 180  1
 138 180  1
 268 180  1
 204 181  1
 238 181  1
 231 182  1
 210 183  1
 238 183  1
  19 184  1
 213 184  1
 214 184  1
 245 184  1
 251 185  1
 252 185  1
 253 185  1
  21 187  1
  22 187  1
  27 187  1
 212 188  1
 213 188  1
  29 190  1
  38 190  1
 274 191  1
 246 192  1
 211 193  1
 212 193  1
  25 194  1
  26 194  1
 216 194  1
 170 195  1
 208 195  1
 226 195  1
 161 196  1
 243 196  1
  20 197  1
 177 197  1
 259 197  1
  27 198  1
 215 198  1
 216 198  1
 229 198  1
 251 198  1
 252 198  1
  37 199  1
 220 199  1
 270 199  1
 271 199  1
 224 200  1
 175 201  1
 177 201  1
 212 201  2
 237 201  1
 214 202  1
 177 203  1
 244 203  1
 268 203  1
 232 204  1
  26 205  1
 177 205  1
 178 205  1
 226 205  1
  44 206  1
 169 207  1
 164 208  1
 228 208  1
 116 209  1
 120 209  1
 242 209  1
 171 210  1
  96 212  1
  97 212  1
  48 213  1
 168 213  1
 261 213  1
  57 214  1
 175 214  1
 230 214  1
 231 214  1
 101 215  1
 111 215  1
  41 216  1
 172 217  1
  44 218  1
 172 219  1
  82 220  1
  83 220  1
  87 220  1
 100 220  1
 175 220  1
  60 222  1
  89 222  1
 103 222  1
 104 222  1
  55 224  1
  56 224  1
  93 224  1
 250 224  1
 173 225  1
 174 225  1
 124 226  1
 232 226  1
 233 226  1
  97 229  1
  98 229  1
 243 229  1
  69 230  1
  79 230  1
 115 230  1
 109 231  1
  81 232  1
 102 232  1
 103 232  1
 113 233  1
 180 233  1
 181 233  1
  69 235  1
  87 235  1
 181 235  1
 104 236  1
 234 236  1
  94 237  1
  95 237  1
 112 237  1
 122 237  1
 128 237  1
  72 238  1
  99 238  1
 182 238  1
  77 239  1
 105 239  1
 122 239  1
 195 239  1
 196 239  1
  80 240  1
 116 240  1
 229 240  1
 109 241  1
 111 241  1
 185 242  1
 113 243  1
 114 243  1
 128 243  1
 191 243  1
 223 243  1
 120 244  1
 133 244  1
  98 245  1
 220 245  1
 197 246  1
 198 246  1
 112 248  1
 193 248  1
 142 249  1
 144 249  1
 212 249  1
 153 252  1
 199 253  1
 140 254  1
 151 256  1


count = 733