 162   1  1
 169   1  1
 131   3  1
 122   6  1
 150   6  1
 159   6  1
 207   6  1
 210   7  1
 115   8  1
 128   9  1
 134   9  1
 193   9  1
 216   9  1
 103  10  1
 171  10  1
 172  10  1
 177  11  1
 124  12  1
 136  12  1
 137  12  1
 159  12  1
 202  12  1
 207  12  1
  95  13  1
  92  14  1
 117  14  1
 122  14  1
 131  14  1
 150  14  1
 151  14  1
 162  14  1
 179  14  1
 195  14  1
 196  14  1
 211  14  1
 227  14  1
 202  16  1
 230  16  1
 133  17  1
 134  17  1
 200  18  1
  76  19  1
  91  19  1
 236  19  1
 188  20  1
 195  20  1
  71  21  1
 120  21  1
 139  21  1
 151  21  1
 152  21  1
 209  21  1
  68  22  1
  91  22  1
  92  22  1
 165  22  1
 135  23  1
 137  23  1
 139  23  1
 186  23  1
 171  24  1
  99  25  1
 117  25  1
 143  25  1
 243  25  1
  73  26  1
  74  26  1
 108  26  1
 125  26  1
 172  26  1
 173  26  1
 101  27  1
 181  27  1
 182  27  1
 133  28  1
 137  28  1
 138  28  1
  95  29  1
 144  29  1
  77  30  1
  78  30  1
  82  30  1
 103  30  1
 154  30  1
 155  30  1
 176  31  1
  97  32  1
 138  32  1
 139  32  1
 178  32  1
  49  34  1
 106  35  1
 107  35  1
 156  35  1
 157  35  1
 253  35  1
 178  37  1
 179  37  1
 156  39  1
 157  39  1
  40  40  1
 173  40  1
 156  41  1
 156  43  1
 157  43  1
 161  44  1
 246  44  1
 103  45  1
 107  45  1
  34  46  1
 144  47  1
 162  47  1
 166  47  1
 214  47  1
 215  47  1
 140  48  1
 240  48  1
 244  48  1
 262  49  1
 176  50  1
 177  50  1
 236  50  1
  31  51  1
 158  51  1
 153  52  1
 187  52  1
 230  52  2
 147  53  1
 149  53  1
 167  53  1
 236  53  1
 186  54  1
 187  54  1
 266  54  1
 140  55  1
 168  55  1
 173  55  1
 230  55  1
  26  58  1
 216  58  1
  31  60  1
 184  60  1
  23  62  1
  21  65  1
 176  65  1
 273  65  1
  32  67  1
  33  67  1
 173  68  1
 203  68  1
  18  69  1
 199  69  1
  26  70  1
  27  70  1
 160  70  1
 208  71  1
  16  72  1
 172  72  1
  33  74  1
  34  74  1
 177  74  1
  38  75  1
 206  75  1
 232  75  1
 218  76  1
 237  76  1
  13  77  1
  14  77  1
  31  77  1
  40  77  1
 184  77  1
 180  79  1
 181  79  1
 215  79  1
  49  80  1
  50  80  1
  35  81  1
  97  83  1
 213  83  1
 214  83  1
 246  84  1
   9  85  1
  10  85  1
 211  85  1
  97  86  1
 173  86  1
 240  86  1
 248  87  1
 252  87  1
 168  88  1
 239  88  2
 101  89  1
 198  89  1
 210  89  1
 219  89  1
 207  90  1
 275  90  1
  13  91  1
 217  91  1
 227  92  1
 250  92  1
  13  93  1
  85  93  1
 169  93  1
 170  93  1
 217  93  1
 222  93  1
 100  94  1
 101  94  1
 154  94  1
  12  95  1
  13  95  1
 150  95  1
 251  95  1
 102  96  1
  12  97  1
 191  97  1
  87  98  1
 180  98  1
 216  98  1
  12  99  1
  13  99  1
 144  99  1
 148  99  1
 177  99  1
 110 100  1
  94 101  1
 206 101  1
 214 101  1
 255 101  1
 257 101  1
 224 102  1
 242 102  1
 243 102  1
 235 103  1
  88 104  1
  89 104  1
 104 104  1
 111 104  1
 203 104  1
  93 105  1
 184 105  1
 213 105  1
 221 105  1
 136 106  1
 168 106  1
 182 106  1
 202 107  1
 162 108  1
 164 108  1
 150 109  1
 197 110  1
 276 111  1
   3 112  1
   4 112  1
  13 112  1
  14 112  1
  38 112  1
  42 112  1
 177 112  1
 135 113  1
 186 113  1
 187 113  1
  28 114  1
  43 114  1
  94 115  1
 151 115  1
 276 116  1
 174 117  1
 253 117  1
 254 117  1
   4 118  1
   5 118  1
  97 118  1
 139 118  1
 140 118  1
 144 118  1
 101 119  1
 197 119  1
 232 119  1
 250 119  1
  25 120  1
 134 120  1
 171 120  1
 272 120  1
  14 121  1
 236 121  1
   9 122  1
  75 122  1
 245 122  1
  29 123  1
  47 123  1
  50 123  1
 105 123  1
 106 123  1
 193 123  1
 141 124  1
 162 124  1
 245 124  1
 264 124  1
  23 125  1
  37 125  1
  84 125  1
 259 125  1
 271 126  1
 199 127  1
 224 127  1
 235 127  1
 258 127  1
 259 127  1
  16 128  1
 166 128  1
  46 129  1
  47 129  1
  65 129  1
  66 129  1
 101 129  1
 201 129  1
  15 130  1
  24 130  1
  29 130  1
 136 130  1
  37 131  1
  38 131  1
  62 131  1
 120 131  1
 276 131  1
  88 132  1
 166 133  1
 171 133  1
  97 134  1
  98 134  1
 195 134  1
 215 134  1
 112 135  1
 212 135  1
   1 136  1
   8 137  1
  92 137  1
  93 137  1
 105 137  1
 130 138  1
 131 138  1
   1 139  1
 151 140  1
 198 140  1
  96 141  1
 101 141  1
 156 141  1
 208 141  1
 278 141  1
 279 141  1
 133 143  1
 143 143  1
   6 144  1
 277 144  1
 278 144  1
  93 145  1
 159 145  1
 160 145  1
 161 145  1
 151 147  1
 276 147  1
 277 147  1
 138 148  1
 185 148  1
 186 148  1
 209 148  1
 213 148  1
 214 148  1
 129 149  1
 151 149  1
 133 150  1
 121 151  1
 148 151  1
  91 152  1
  92 152  1
 187 153  1
 188 153  1
 212 153  1
 227 153  1
  92 155  1
 101 155  1
 165 155  1
 166 155  1
 167 155  1
   1 156  1
   2 156  1
 262 156  1
 267 156  1
 212 157  1
 213 157  1
  86 158  1
  98 158  1
 274 158  1
 275 158  1
  84 159  1
 174 159  1
 213 159  1
 222 159  1
  24 162  1
 150 162  1
 151 162  1
 215 163  1
 220 163  1
  37 164  1
 170 164  1
 174 164  1
 201 164  1
 202 164  1
   9 165  1
  12 165  1
 153 165  1
  23 166  1
  34 167  1
 205 167  1
  36 168  1
 168 168  1
  16 170  1
 207 170  1
 271 170  1
 272 170  1
   4 171  1
   5 171  1
  11 175  1
  12 175  1
 164 175  1
 212 175  1
   6 176  1
   7 176  1
 178 177  1
 269 177  1
 270 177  1
 212 179  1
 192 180  1
  24 181  1
 168 181  1
 173 181  1
 174 181  1
 175 181  1
 194 181  1
 196 181  1
 203 181  1
 204 181  1
  13 182  1
 206 182  1
 207 182  1
  26 183  1
  27 183  1
 125 183  1
 158 183  1
 170 184  1
 152 185  1
 103 186  1
  93 187  1
 125 187  1
  10 188  1
  11 188  1
  21 188  1
 107 188  1
 169 190  1
 199 190  1
 162 191  1
  21 192  1
 126 193  1
 134 194  1
 155 195  1
 161 195  1
 259 195  1
  23 196  1
  26 197  1
  17 198  1
 129 199  1
 158 199  1
  19 201  1
  26 201  1
  43 202  1
 148 202  1
 149 202  1
 127 203  1
  39 204  1
 134 204  1
 154 204  1
 125 205  1
 159 205  1
 251 205  1
 144 206  1
 145 206  1
 123 207  1
 132 208  1
 249 208  1
  26 209  1
 148 209  1
  32 210  1
 142 210  1
  38 211  1
 135 211  1
 136 211  1
 161 211  1
 246 212  1
  64 213  1
  39 214  1
  40 214  1
 148 214  1
 151 214  1
  40 216  1
 144 216  1
  78 217  1
  79 217  1
 136 217  1
 156 217  1
  43 218  1
  65 218  1
 141 218  1
 146 219  1
  77 220  1
 151 220  1
 152 220  1
  45 221  1
 148 221  1
  59 223  1
  98 223  1
 101 223  1
 160 224  1
 161 224  1
  51 225  1
  63 225  1
  64 225  1
 153 226  1
 161 226  1
  63 227  1
  46 228  1
 160 228  2
 161 228  1
  62 229  1
  63 229  1
  94 229  1
 135 229  1
  50 231  1
  51 231  1
  84 231  1
 140 231  1
  62 232  1
 122 232  1
 132 232  1
 133 232  1
  54 233  1
 150 233  1
 226 233  1
 143 235  1
 224 235  1
 127 236  1
 128 236  1
 141 236  1
  76 237  1
  93 237  1
 132 237  1
 133 237  1
 147 237  1
 220 237  1
  61 238  1
  88 238  1
 145 239  1
 105 240  1
 116 240  1
 117 240  1
  78 242  1
 113 242  1
 212 243  1
  85 244  1
 172 244  1
  90 245  1
 208 245  1
 128 246  1
 178 246  1
 159 249  1
 170 250  1
 163 251  1
 140 252  1
 122 253  1
 158 253  1
 124 254  1
 126 254  1
 128 255  1
 130 255  1


count = 585