 177   2  1
 121   3  1
 116   5  1
 199   8  1
  94  10  1
 128  10  1
  91  11  1
 120  11  1
 121  11  1
 161  11  1
 124  13  1
 100  15  1
  71  17  1
  67  18  1
  69  18  1
 108  18  1
 216  18  1
 217  18  1
  85  19  1
 162  20  1
 169  20  1
  60  21  1
  61  21  1
  77  21  1
  96  21  1
  97  21  1
  87  22  1
  88  22  1
 105  24  1
  94  25  1
 173  25  1
 110  26  1
 128  26  1
 129  26  1
  88  27  1
 237  28  1
 173  29  1
  82  30  1
  83  30  1
 115  30  1
 128  31  1
 129  31  1
 243  31  1
 118  32  1
  87  33  1
 143  33  1
 105  34  1
 106  34  1
 146  34  1
 147  34  1
 148  34  1
 208  34  1
 231  35  1
 249  35  1
  83  36  1
  87  36  1
 172  36  1
 222  36  1
 130  37  1
 238  37  1
  93  38  1
 121  38  1
 202  38  1
 217  38  1
  89  39  1
 126  39  1
 128  39  1
 133  39  1
 134  39  1
 150  39  1
 213  39  1
  83  40  1
  84  40  1
 223  40  1
 224  40  1
  40  41  1
 207  41  1
 108  42  1
 225  43  1
 240  43  1
 241  43  1
  37  44  1
  48  44  1
 114  44  1
 202  44  1
 257  44  1
 135  45  1
 212  45  1
 106  46  1
 116  46  1
 210  46  1
  95  47  1
  96  47  1
 132  47  1
 134  47  1
 146  47  1
 148  47  1
 150  47  1
 173  47  1
 174  47  1
 242  47  1
  98  48  1
  42  49  1
 231  49  1
 260  49  1
 113  50  1
 114  50  1
 131  50  1
 244  50  1
 245  50  1
 220  52  1
 228  52  1
 135  53  1
 146  53  1
 218  53  1
 125  54  1
 126  54  1
 153  54  1
 169  54  1
  49  55  1
 128  55  1
 214  55  1
 215  55  1
 238  55  1
 240  55  1
 208  56  1
  26  57  1
 155  57  1
 212  57  1
 106  58  1
 110  58  1
 111  58  1
 159  58  1
 233  58  1
 234  58  1
 265  58  1
  39  59  1
 169  59  1
  43  60  1
 230  60  1
 160  61  1
  22  62  1
  99  62  1
 164  62  1
  53  64  1
 269  66  1
  18  67  1
 220  68  1
  56  69  1
  16  70  1
  60  70  1
  61  70  1
  26  71  1
  33  72  1
 217  72  1
 250  72  1
  24  74  1
  43  74  1
  44  74  1
  64  74  1
  28  75  1
  29  75  1
 218  75  1
 241  75  1
  13  76  1
  14  76  1
  69  76  1
  21  77  1
  22  77  1
  75  78  1
  32  79  1
  65  79  1
 264  79  1
  36  80  1
  69  80  1
 241  81  1
 266  81  1
 277  81  1
 225  83  1
  46  84  1
 216  84  1
 279  84  1
  42  85  1
 166  85  1
 230  85  1
 178  86  1
 179  86  1
 261  86  1
 206  87  1
 214  87  1
 239  87  1
   9  88  1
  10  88  1
 205  89  1
 252  89  1
  80  90  1
 152  90  1
 154  90  1
 156  90  1
 265  90  1
  48  91  1
 149  91  1
 147  92  1
 180  92  1
 211  92  1
 256  92  1
  56  93  1
 272  93  1
 117  94  1
 118  94  1
 144  94  1
 173  94  1
 174  94  1
 272  95  1
 273  95  1
  34  96  1
  38  96  1
 180  96  1
 206  96  1
  59  97  1
  92  97  1
 214  97  1
   5  98  1
   6  98  1
  13  98  1
  14  98  1
  80  98  1
  86  98  1
 177  98  1
  42  99  1
  43  99  1
 231  99  1
 232  99  1
 234  99  1
  62 100  1
  82 100  1
 161 100  1
 165 100  1
  84 101  1
 103 101  1
  16 102  1
  17 102  1
  75 102  1
 109 102  1
 140 102  1
 206 102  1
 242 102  1
 243 102  1
  28 103  1
  29 103  1
  57 103  1
  58 103  1
  86 103  1
 151 103  1
 172 103  1
 106 104  1
 141 104  1
 143 104  1
 147 104  1
 159 104  1
  55 105  1
 190 105  1
 255 105  1
 273 105  1
 274 105  1
  52 106  1
  80 106  1
 117 106  1
 164 106  1
 165 106  1
 182 106  1
 244 106  1
 245 106  1
 266 106  1
   1 107  1
   2 107  1
  41 107  1
  47 107  1
  83 107  1
 250 107  1
  70 108  1
 102 108  1
 103 108  1
 106 108  1
 181 108  1
 207 108  1
  30 109  1
  31 109  1
  35 109  1
  46 109  1
 146 109  1
 151 109  1
 248 109  1
 258 109  1
 117 110  1
 121 110  1
 159 110  1
  24 111  1
 123 111  1
 125 111  1
  66 112  1
 156 113  1
 128 114  1
 147 114  1
 149 114  1
 204 114  1
 260 114  1
   1 115  1
  88 115  1
  89 115  1
 111 115  1
 113 115  1
 130 115  1
 197 115  1
 251 115  1
 117 116  1
 144 116  1
 264 116  1
 265 116  1
  81 117  1
 119 117  1
 141 117  1
 251 117  1
 269 118  1
  66 119  1
 156 119  1
   1 120  1
 162 120  1
 167 120  1
 197 120  1
 199 120  1
   7 121  1
  10 121  1
  31 121  1
  44 121  1
  69 121  1
  95 121  1
 115 121  1
 116 121  1
 174 121  1
 280 121  1
  12 122  1
  26 122  1
 131 122  1
 170 122  1
  15 123  1
  83 123  1
  98 123  1
  99 123  1
 143 123  1
 144 123  1
 188 123  1
 210 123  1
 211 123  1
 277 123  1
  21 124  1
  40 124  1
 195 124  1
 274 124  1
 275 124  1
  31 125  1
  87 125  1
 110 125  1
  28 126  1
  60 126  1
  89 126  1
  90 126  1
 167 126  1
 186 126  1
  10 127  1
  67 127  1
  68 127  1
  82 127  1
 113 127  1
 161 127  1
 203 127  1
 211 127  1
 216 127  1
 226 127  1
 244 127  1
  80 128  1
 198 128  1
 237 128  1
 161 129  1
 162 129  1
  29 130  1
  20 131  1
  66 131  1
 195 131  1
 208 131  1
 209 131  1
 210 131  1
 257 131  1
  61 132  1
 179 132  1
 205 132  1
 225 132  1
 274 132  1
 280 132  1
  17 133  1
  60 134  1
  88 134  1
  95 134  1
 101 134  1
 169 134  1
 199 134  1
 238 134  1
  22 135  1
  23 135  1
  35 135  1
 180 135  1
 229 135  1
  85 136  1
  86 136  1
 255 136  1
 238 137  1
 252 137  1
  14 138  1
 191 138  1
 240 138  1
 241 138  1
 266 139  1
 274 139  1
  11 140  1
  12 140  1
 128 141  1
 146 141  1
  35 142  1
 153 142  1
 154 142  1
 265 142  1
 250 144  1
 261 144  1
 245 145  1
   5 146  1
   6 146  1
 110 147  1
 111 147  1
 115 147  1
 122 147  1
 129 147  1
 155 147  1
 156 147  1
 252 147  1
 256 147  1
  48 148  1
  37 149  1
  52 149  1
 106 149  1
 147 149  1
 162 149  1
 153 150  1
 246 150  1
  41 151  1
 126 151  1
 248 151  1
 258 151  1
 267 151  1
 134 152  1
 104 153  1
 120 153  1
  57 154  1
 136 154  1
 254 154  1
   8 155  1
   9 155  1
 147 155  1
 108 156  1
 157 156  1
 162 156  1
 249 156  1
 154 157  1
 244 157  1
 264 157  1
   9 158  1
  10 158  1
  68 159  1
 163 159  1
 100 160  1
 170 160  1
  65 161  1
 174 161  1
 182 161  1
 262 161  1
 102 162  1
 126 162  1
 134 164  1
 243 164  1
 172 165  1
 255 165  1
 259 165  1
 143 166  1
 153 168  1
 168 168  1
 169 168  1
 190 170  1
 191 170  1
 240 170  1
 241 170  1
 253 171  1
 161 172  1
 172 172  1
 221 172  1
  14 173  1
  15 173  1
 240 173  1
 202 174  1
 233 174  1
 255 174  1
 171 175  1
 205 176  1
 206 176  1
 262 178  1
 206 183  1
  27 184  1
  30 184  1
  71 184  1
 211 184  1
 212 184  1
  37 185  1
  41 185  1
  42 185  1
  43 185  1
  77 185  1
 248 185  1
  67 186  1
 271 186  1
 243 187  1
 252 188  1
  22 189  1
  65 189  1
  75 189  1
 208 189  1
 204 190  1
  40 191  1
  65 191  1
  66 194  1
  72 194  1
  74 194  1
  45 195  1
 204 195  1
 215 195  1
  71 196  1
 220 197  1
 240 197  1
 242 197  1
 262 197  1
 223 198  1
 234 198  1
 238 198  1
 225 199  1
 227 199  1
  80 200  1
 233 200  1
 251 200  1
  70 201  1
  74 202  1
  76 202  1
  78 202  1
  82 203  1
  83 203  1
  85 203  1
 126 204  1
 255 204  1
 103 206  1
 106 208  1
  40 210  1
 176 211  1
 177 211  1
 118 212  1
  66 215  1
  69 216  1
 104 216  1
 254 217  1
 115 218  1
 113 219  1
 190 219  1
 148 220  1
 181 220  1
 197 220  1
 105 221  1
 106 221  1
 145 221  1
 146 221  1
  64 224  1
 199 225  1
 200 225  1
 247 225  1
  66 226  1
  67 226  1
 107 226  1
 116 227  1
  59 228  1
 109 229  1
  62 231  1
 239 231  1
  63 233  1
  64 233  1
 109 234  1
 150 234  1
 151 234  1
 234 234  1
 112 235  1
  90 236  1
  94 236  1
  95 236  1
  96 236  1
 124 236  1
 126 236  1
 128 236  1
 232 236  1
  73 237  1
  95 238  1
 183 239  1
 184 239  1
 225 239  1
 152 240  1
 153 240  1
 179 240  1
 118 241  1
 205 241  1
 206 241  1
 221 241  1
 222 241  1
  89 242  1
 121 242  1
 184 242  1
 197 243  1
 218 243  1
 154 244  1
 155 244  1
 164 244  1
 165 244  1
 118 245  1
 125 245  1
 126 245  1
 195 245  1
 122 246  1
 123 246  1
 118 247  1
 163 247  1
 107 248  1
 123 248  1
 159 249  1
 179 249  1
 180 249  1
 131 250  1
 135 250  1
 123 254  1
 191 254  1
 161 256  1
 180 256  1
 138 257  1


count = 653