 164   1  1
 173   1  1
 202   3  1
 207   4  1
 211   5  1
 117   6  1
 160   6  1
 169   6  1
 213   6  1
 114   7  1
 146   7  1
 164   7  1
 142   8  1
 134   9  1
 105  10  1
 123  10  1
 138  10  1
 140  10  1
 227  12  1
 148  14  1
  79  16  1
 143  16  1
 145  16  1
 162  17  1
 109  18  1
 156  18  1
 136  19  1
 137  19  1
 151  19  1
  68  21  1
 100  21  1
 160  21  1
 228  22  1
  66  23  1
  86  23  1
 153  24  1
 225  24  1
 226  28  1
 158  29  1
 171  29  1
  65  30  1
  72  30  1
  94  30  1
  95  30  1
 182  30  1
 195  30  1
 128  32  1
  90  33  1
 165  33  1
 166  33  1
 171  33  1
 178  33  1
  52  34  1
 158  34  1
 159  34  1
 198  34  1
  69  35  1
  70  35  1
  88  35  1
 175  36  1
  74  37  1
  75  37  1
 124  37  1
 125  37  1
 167  37  1
 168  37  1
 188  37  1
  83  39  1
  88  39  1
  42  40  1
 257  40  1
 258  40  1
 102  41  1
 103  41  1
 168  41  1
 200  41  1
  38  42  1
  39  42  1
  78  42  1
 108  42  1
 135  42  1
 205  42  1
 206  42  1
 101  43  1
 102  43  1
 177  43  1
 259  43  1
 260  43  1
 191  44  1
 220  44  1
 221  44  1
  60  45  1
  61  45  1
  83  45  1
  85  45  1
 171  45  1
 172  45  1
 216  45  1
 223  46  1
 110  47  1
 165  49  1
 169  49  1
 208  49  1
 212  50  1
  43  51  1
  64  51  1
  78  51  1
 116  51  1
 117  51  1
  27  52  1
 189  52  1
 266  52  1
 267  52  1
  82  53  1
  53  54  1
 163  54  1
 122  55  1
 160  55  1
 253  55  1
 258  55  1
 199  56  1
 249  56  1
  44  57  1
  50  57  1
 262  57  1
  24  58  1
  25  58  1
 188  58  1
 161  59  1
 178  59  1
  48  60  1
 110  60  1
 188  60  1
 246  60  1
  22  61  1
  37  61  1
  38  61  1
  75  61  1
 106  61  1
 152  62  1
 164  62  1
 166  62  1
 188  62  1
  21  63  1
 237  63  1
 156  64  1
 161  64  1
 171  64  1
 172  64  1
 173  64  1
 235  65  1
  47  66  1
  92  66  1
 182  66  1
 261  66  1
  43  67  1
  76  67  1
  77  67  1
 179  67  1
 180  67  1
 184  67  1
 176  68  1
 126  69  1
 127  69  1
 156  69  1
 118  70  1
  15  71  1
  22  72  1
  30  72  1
  32  72  1
  81  72  1
 168  72  1
 169  72  1
  86  73  1
 110  73  1
 174  73  1
  29  74  1
  30  74  1
 112  74  1
 117  74  1
 258  74  1
  20  75  1
 238  75  1
 239  75  1
 251  76  1
  39  77  1
  37  78  1
  88  78  1
 114  78  1
  11  79  1
  81  79  1
  16  80  1
  93  80  1
 236  80  1
 263  80  1
  10  82  1
  83  82  1
 199  82  1
 200  82  1
 228  82  1
  13  83  1
 202  83  1
 254  83  1
  92  85  1
  93  85  1
   9  86  1
  88  86  1
  37  87  1
 128  87  2
 223  87  1
 224  87  1
 126  88  1
 245  88  1
  42  89  1
 249  89  1
 127  90  1
 131  91  1
 253  91  1
  32  92  1
  35  92  1
 127  92  1
 279  92  1
 280  92  1
 124  93  1
 239  93  1
  39  94  1
 246  94  1
 189  95  1
 280  95  1
 281  95  1
 223  96  1
 224  96  1
  50  97  1
 118  97  1
 197  97  1
 250  97  1
 114  98  1
  35 100  1
 172 100  1
  87 101  1
 184 101  1
 230 101  1
  62 102  1
 171 102  1
 262 102  1
 213 103  1
 215 103  1
   2 104  1
  62 104  1
 243 104  1
 238 105  1
   1 106  1
  26 106  1
  84 106  1
  88 106  1
 176 106  1
 174 107  1
 180 107  1
 207 107  1
 229 107  2
 246 107  1
 268 107  1
  21 108  1
  84 108  1
  92 108  1
 160 108  1
 172 108  1
 253 108  1
 259 108  1
  39 109  1
 139 109  1
 156 109  1
 165 109  1
 225 109  1
 243 109  1
 239 110  1
 259 110  1
 266 110  1
  37 111  1
  67 111  1
  77 111  1
  81 111  1
  82 111  1
   1 112  1
 147 112  1
 152 112  1
 265 112  1
  68 113  1
  81 113  1
 143 113  1
 180 113  1
 272 113  1
  25 114  1
  75 114  1
 220 114  1
 268 114  1
 160 115  1
 162 115  1
 170 115  1
 171 115  1
 213 115  1
 214 115  1
  14 116  1
  16 116  1
  82 116  1
  83 116  1
 130 116  1
 245 116  1
 247 116  1
  93 117  1
 174 117  1
 243 117  1
  20 118  1
  25 118  1
 110 118  1
 210 118  1
 132 119  1
 206 119  1
 266 119  1
   5 120  1
 160 121  1
 275 121  1
 276 121  1
 277 121  1
  94 122  1
  95 122  1
 136 122  1
 148 122  1
 260 123  1
  27 124  1
  77 124  1
 273 124  1
  95 125  1
 174 125  1
 175 125  1
 226 125  1
 115 126  1
 117 126  1
 134 126  1
 160 126  1
 195 126  1
 197 126  1
 155 127  1
 191 127  1
 216 127  1
 217 127  1
  69 128  1
  70 128  1
 184 128  1
 268 128  1
  10 129  1
  11 129  1
  59 129  1
  99 129  1
 217 129  1
 109 130  1
 179 130  1
 180 130  1
 228 130  1
 238 130  1
  61 131  1
 141 131  1
 217 131  1
 220 131  1
 234 131  1
 143 132  1
 144 132  1
 172 132  1
 185 132  1
 275 132  1
 277 132  1
   4 133  1
  12 133  1
  54 133  1
 133 133  1
 181 133  1
 194 133  1
 226 133  1
  64 134  1
  65 134  1
 118 134  1
 163 134  1
 177 134  1
 207 134  1
  29 135  1
  30 135  1
 221 135  1
  10 136  1
  59 136  1
 113 136  1
 147 136  1
 206 136  1
 207 136  1
 224 136  1
 150 137  1
 170 137  1
 172 137  1
 198 137  1
 248 137  1
  17 138  1
  97 138  1
 139 138  1
 202 138  1
  63 139  1
 221 139  1
 254 139  1
 258 139  1
   8 140  1
 158 140  1
 174 140  1
 175 140  1
 214 140  1
 242 140  1
 250 140  1
 114 141  1
 131 141  1
 145 141  1
 219 141  1
 225 141  1
 233 141  1
 260 141  1
   7 142  1
  28 142  1
  33 142  1
 229 142  1
  46 144  1
 104 145  1
 177 145  1
 239 145  1
 240 145  1
 101 146  1
 132 146  1
 168 146  1
   8 147  1
   9 147  1
  85 147  1
  94 147  1
 181 147  1
  46 148  1
  47 148  1
  51 148  1
  52 148  1
 139 148  1
 149 148  1
 150 148  1
 246 148  1
  40 149  1
  23 150  1
  24 150  1
  62 150  1
  63 150  1
  82 150  1
 136 150  1
 153 150  1
 154 150  1
  52 151  1
 143 151  1
 182 151  1
   9 152  1
  11 152  1
  99 152  1
 165 152  1
 171 152  1
  60 153  1
  82 153  1
 150 153  1
 233 153  1
 234 153  1
  28 155  1
  37 155  1
  87 155  1
  88 155  1
  95 155  1
 174 155  1
 184 155  1
  84 156  1
  85 156  1
 263 156  1
 252 157  1
 261 157  1
 122 158  1
 247 158  1
  91 159  1
 116 159  1
 191 159  1
 109 161  1
 142 161  1
 151 161  1
 244 161  1
   9 162  1
 113 162  1
  11 163  1
  74 163  1
 247 163  1
  38 164  1
 158 164  1
 175 164  1
 196 164  1
 255 164  1
 256 164  1
 257 164  1
  75 165  1
 166 166  1
  12 167  1
  90 167  1
 251 167  2
 252 167  1
 253 167  1
 169 168  1
 239 168  1
 240 168  1
 113 169  1
  10 170  1
 126 170  1
 138 170  1
 280 170  1
 281 170  1
   5 172  1
   6 172  1
 124 172  1
 201 172  1
 257 172  1
  46 173  1
 139 173  1
 154 173  1
 155 173  1
 115 174  1
 119 174  1
 201 174  1
 261 175  1
  46 176  1
 188 176  1
 189 176  1
 193 176  1
 145 177  1
 121 178  1
 122 178  1
 155 178  1
  38 179  1
  39 179  1
  16 180  1
  89 180  1
 160 180  1
 183 180  1
 254 180  1
 276 180  1
 277 180  1
  19 181  1
  29 181  1
  34 181  1
 256 181  1
 257 181  1
  80 182  1
  95 182  1
 155 182  1
 179 182  1
 234 182  1
 266 182  1
  56 183  1
  58 183  1
 164 183  1
 242 183  1
 244 183  1
  37 184  1
  38 184  1
 159 184  1
 247 184  1
  86 186  1
  60 187  1
  69 187  1
  70 187  1
  71 187  1
 158 187  1
 164 187  1
 171 187  1
 177 187  1
 182 187  1
  23 188  1
  43 188  1
 118 188  1
  31 189  1
  35 189  1
 156 190  1
  46 191  1
 241 191  1
  50 192  1
  74 192  1
 144 192  1
  58 193  1
  31 194  1
  68 194  1
 149 194  1
 171 194  1
 223 194  1
  61 195  1
  89 195  1
  91 195  1
 176 195  1
 177 195  1
 209 195  1
  34 196  1
  82 196  1
  83 196  1
  87 196  1
 172 196  1
 189 196  1
 212 196  1
 232 196  1
 233 196  1
 258 196  1
 218 197  1
  77 198  1
 107 198  1
 172 198  1
  20 199  1
 102 199  1
 135 199  1
 150 199  1
 221 199  1
  30 200  1
  86 200  1
  81 201  1
 129 201  1
 154 201  2
 168 201  1
 214 201  1
 174 202  1
 191 202  1
 192 202  1
  62 203  1
  63 203  1
 104 203  1
 158 203  1
 159 203  1
 179 203  1
 133 204  1
 156 204  1
 165 204  1
 181 204  1
 197 204  1
  60 205  1
  88 205  1
  89 205  1
 125 205  2
 127 205  1
 151 205  1
 169 205  1
 214 205  1
 222 205  1
 121 206  1
 164 206  1
 263 207  1
  47 208  1
 135 208  1
 147 209  1
 143 210  1
 158 210  1
  68 211  1
 137 211  1
 192 211  1
 193 211  1
 109 213  1
 148 213  1
  71 214  1
  78 214  1
 229 214  1
 158 215  1
 193 215  1
 107 216  1
 165 216  1
 166 216  1
 190 216  1
  50 217  1
  78 217  1
  79 217  1
  42 218  1
 107 218  1
  60 220  1
 115 220  1
 116 220  1
 158 220  1
 165 220  1
 166 220  1
 194 221  1
 195 221  1
  82 222  1
  47 223  1
  56 223  1
  57 223  1
  88 224  1
  89 224  1
  71 225  1
  72 225  1
 152 225  1
  76 226  1
  77 226  1
 194 226  1
 202 226  1
  75 228  1
  76 228  1
  86 228  1
 102 228  1
 207 228  1
  55 229  1
 211 229  1
  82 230  1
  83 230  1
 114 231  1
  59 232  1
  60 232  1
  75 233  1
  81 233  1
 110 233  1
 150 233  1
 212 233  1
 118 234  1
 119 234  1
 116 235  1
 144 235  1
 145 235  1
  90 236  1
  74 237  1
 205 237  1
 206 237  1
  77 238  1
  94 238  1
  99 238  1
 138 238  1
 216 238  1
 111 239  1
  82 240  1
 102 240  1
 103 240  1
 195 240  1
 197 240  1
 203 240  1
 209 240  1
 111 241  1
 203 242  1
  98 243  1
 221 243  1
 223 243  1
 184 245  1
 185 245  1
 105 246  1
 108 247  1
 185 247  1
 112 248  1
 117 249  1
 180 249  1
 181 249  1
 206 249  1
 147 250  1
 148 250  1
 128 253  1
 130 253  1
 194 253  1
 196 253  1
 145 256  1


count = 759