 137   1  1
 140   1  1
 143   1  1
 146   1  1
 152   1  1
 160   1  1
 164   1  1
 170   3  1
 110   6  1
 111   6  1
 152   6  1
 105   8  1
 107   8  1
 158   9  1
 164   9  1
  98  10  1
 116  10  1
  95  11  1
 123  11  1
 158  11  1
 178  11  1
 213  11  1
 153  12  1
 154  12  1
 192  12  1
 170  13  1
 219  13  1
 174  14  1
 178  14  1
 192  15  1
 193  15  1
 123  16  1
 174  16  1
 181  16  1
 224  16  1
  77  17  1
 101  17  1
 119  17  1
 208  17  1
 107  18  1
 109  18  1
 164  18  1
 165  18  1
 227  18  1
 114  19  1
 115  19  1
 183  19  1
 214  19  1
  85  20  1
 199  20  1
 229  20  1
  69  21  1
  70  21  1
 194  21  1
 115  23  1
 132  23  1
 192  23  1
 238  23  1
 111  24  1
 240  24  1
 119  25  1
 184  25  1
 196  26  1
  57  28  1
 120  28  1
 159  28  1
 160  28  1
 195  29  1
 196  29  1
 206  29  1
 207  29  1
 208  29  1
 225  29  1
 203  30  1
 122  31  1
 123  31  1
 154  31  1
 171  31  1
  52  32  1
  73  32  1
 149  32  1
 179  32  1
 180  32  1
 181  32  1
 195  32  1
  76  34  1
  80  34  1
  81  34  1
 160  34  1
 161  34  1
 220  34  1
  48  35  1
  61  35  1
  93  35  1
  94  35  1
  95  35  1
 189  35  1
 182  36  1
 183  36  1
 184  36  1
 122  37  1
 123  37  1
 180  37  1
 244  37  1
  90  40  1
  91  40  1
 176  40  1
  53  41  1
  54  41  1
 180  42  1
 218  42  1
  53  43  1
 241  43  1
 171  44  1
 186  45  1
 165  46  1
 166  46  1
 238  46  1
 251  46  1
 263  46  1
  53  47  1
  61  47  1
  62  47  1
 220  47  1
 233  47  1
 234  47  1
 166  48  1
  66  49  1
  91  50  1
 107  50  1
 112  50  1
 123  50  1
 163  50  1
 168  50  1
 169  50  1
 102  51  1
 159  51  2
 160  51  1
 165  51  1
 166  51  1
 250  51  1
  49  52  1
  53  52  1
  54  52  1
  55  52  1
 214  52  1
  79  54  1
  92  54  1
  93  54  1
  86  55  1
 162  55  1
 244  55  1
  27  56  1
  57  56  1
  58  56  1
 210  56  1
 258  57  1
 259  57  1
  38  58  1
  54  58  1
  35  59  1
  43  59  1
 246  59  1
 247  59  1
  24  60  1
  59  60  1
  60  60  1
  36  61  1
  93  61  1
 163  61  1
  46  62  1
  47  62  1
  48  62  1
  67  62  1
 244  62  1
 255  62  1
  89  63  1
 242  64  1
 250  64  1
 261  64  1
  41  65  1
  58  65  1
 163  65  1
  53  66  1
 152  66  1
 255  67  1
 257  67  1
 243  68  1
 249  68  1
  78  69  1
  59  70  1
  63  70  1
  75  70  1
  84  70  1
 153  70  1
 260  70  1
  16  71  1
  42  71  1
  43  71  1
  73  71  1
 166  71  1
 181  72  1
 182  72  1
 224  72  1
 253  72  1
 254  72  1
  64  73  1
  65  73  1
  68  73  1
  51  74  1
  57  74  1
 146  74  1
 189  74  1
 204  74  1
  23  75  1
 210  75  1
 215  75  1
 274  75  1
  60  76  1
 182  76  1
 228  76  1
  25  77  1
 165  77  1
 193  77  1
 257  77  1
  39  78  1
 168  78  1
 202  78  1
 203  78  1
  31  79  1
 162  79  1
 163  79  1
 179  80  1
 201  80  1
 184  81  1
  38  82  1
  50  82  1
 232  82  1
 239  82  1
 277  82  1
 278  82  1
 235  84  1
 156  85  1
 169  85  1
 177  85  1
   9  87  1
  10  87  1
  33  87  1
 152  87  1
 195  88  1
 232  88  1
  20  89  1
  40  89  1
  41  89  1
 181  89  1
 191  89  1
  25  90  1
  53  90  1
 176  90  1
  30  91  1
  55  91  1
 183  91  1
 189  91  1
  40  92  1
 133  92  1
 167  92  1
 168  92  1
 194  93  1
   6  94  1
   7  94  1
 112  94  1
 176  94  1
 191  94  1
 192  94  1
 276  94  1
 126  95  1
 152  95  1
 153  95  1
 197  95  1
 244  95  1
 274  95  1
 149  96  1
 172  96  1
 173  96  1
 181  96  1
 182  96  1
 270  96  1
 111  97  1
 167  97  1
 189  97  1
 281  97  1
 282  97  1
   5  98  1
   6  98  1
  20  98  1
  28  98  1
 230  98  1
 231  98  1
 235  98  1
 246  98  1
 250  98  1
 104  99  1
 105  99  1
 141  99  1
 159  99  1
 160  99  1
 188  99  1
 189  99  1
  17 100  1
  85 100  1
  93 100  1
 126 100  1
 191 100  1
 246 100  1
  34 101  1
 100 101  1
 205 101  1
 215 101  1
 217 101  1
 107 102  1
 108 102  1
 128 102  1
 237 102  1
  34 103  1
  49 103  1
 121 103  1
 138 103  1
 139 103  1
 147 103  1
 186 103  1
 210 103  1
 213 103  1
 254 103  1
   3 104  1
   4 104  1
 101 104  1
 151 104  1
 152 104  1
 244 104  1
  48 105  1
 116 105  1
 190 105  1
 204 105  1
  58 106  1
  73 106  1
 136 106  1
 221 106  1
 260 106  1
  17 107  1
  37 107  1
  98 107  1
 105 107  1
 106 107  1
 208 107  1
 226 107  1
 237 107  1
 263 107  1
   2 108  1
   3 108  1
  12 108  1
  61 108  1
  62 108  1
 121 108  1
 127 108  1
 185 108  1
 250 108  1
 274 108  1
 117 109  1
 154 109  1
 234 109  1
 254 109  1
 269 109  1
  94 110  1
 200 110  1
 201 110  1
  48 111  1
 137 111  1
  11 112  1
  96 112  1
  97 112  1
 132 112  1
 193 112  1
  32 113  1
 232 113  1
  47 114  1
  70 114  1
  91 114  1
 257 114  1
 258 114  1
  31 115  1
  85 115  1
 108 115  1
 198 115  1
 249 115  1
  81 116  1
 185 116  1
 275 116  1
  31 117  1
  62 117  1
  63 117  1
  94 117  1
 247 118  1
 252 118  1
 253 118  1
 257 118  1
 269 118  1
   7 119  1
  14 119  1
  45 119  1
  46 119  1
 230 119  1
  52 120  1
  61 120  1
 149 120  1
 150 120  1
 192 120  1
 203 120  1
 276 120  1
 155 121  1
   1 122  1
   2 122  1
  26 122  1
  32 122  1
 231 122  1
 271 122  1
  66 123  1
 195 123  1
 228 123  1
 247 123  1
   8 124  1
  53 124  1
  71 124  1
 162 124  1
 164 124  1
 222 124  1
 237 124  1
  24 125  1
  25 125  1
  41 125  1
  67 125  1
 172 125  1
 173 125  1
 184 125  1
 228 125  1
 249 125  1
 250 125  1
 264 125  1
 153 126  1
 166 126  1
 186 126  1
 235 126  1
 237 126  1
  33 127  1
  67 127  1
 203 127  1
 207 127  1
 211 127  1
 215 127  1
 231 127  1
 232 127  1
 135 128  1
 219 128  1
  37 129  1
  55 129  1
  22 130  1
  78 130  1
 134 130  1
 135 130  1
 142 130  1
 162 130  1
 225 130  1
 230 130  1
 245 130  1
 246 130  1
 132 131  1
 148 131  1
 154 131  1
 155 131  1
 170 131  1
 171 131  1
 204 131  1
 234 131  1
 242 131  1
 259 131  1
 271 131  1
  32 132  1
  33 132  1
  62 132  1
  81 132  1
 150 132  1
 177 132  1
 207 132  1
 212 132  1
  37 133  1
  42 133  1
 215 133  1
 220 133  1
  47 134  1
  48 134  1
  56 134  1
  57 134  1
  67 134  1
  68 134  1
 171 134  1
  28 135  1
 272 135  1
  20 136  1
  52 136  1
 187 136  1
 225 136  1
 240 136  1
 241 136  1
  42 137  1
  57 137  1
  58 137  1
 220 137  1
 172 138  1
 223 138  1
 241 138  1
 247 138  1
  18 139  1
  67 139  1
  68 139  1
 178 139  1
 249 139  1
 250 139  1
  47 140  1
 126 140  1
 243 140  1
 253 140  1
 184 141  1
 210 141  2
 212 141  1
 238 141  1
 257 141  1
 108 142  1
 180 142  1
 270 142  1
 273 142  1
 122 143  1
 262 143  1
 264 143  1
  17 144  1
  19 144  1
  21 144  1
 129 144  1
 246 144  1
  32 145  1
  33 145  1
  37 145  1
  59 145  1
  67 145  1
  68 145  1
 240 145  1
  63 146  1
 106 146  1
  75 147  1
 141 147  1
 225 147  1
 127 148  1
 128 148  1
  73 149  1
 102 149  1
   2 150  1
   3 150  1
  14 150  1
  15 150  1
  23 150  1
  24 150  1
  67 150  1
 204 150  1
  73 151  1
 126 151  1
 224 151  1
 228 151  1
 229 151  1
 254 152  1
  60 153  1
  41 154  1
  42 154  1
  47 154  1
  48 154  1
 114 154  1
 135 154  1
 177 154  1
 209 154  1
 149 155  1
 150 155  1
 217 155  1
 278 155  1
 279 155  1
  27 156  1
 134 156  1
 139 156  1
 227 156  1
 228 156  1
 242 156  1
 244 156  1
 246 156  1
 254 156  1
  36 157  1
 101 157  1
 107 157  1
 108 157  1
 157 157  1
 158 157  1
 224 157  1
 225 157  1
   5 158  1
   6 158  1
  55 158  1
 127 158  1
 139 158  1
 151 158  1
 152 158  1
 172 158  1
 117 159  1
 143 159  1
 276 159  1
 277 159  1
 170 160  1
 175 160  1
  16 161  1
  17 161  1
  44 161  1
 112 161  1
 251 161  1
 214 162  1
  37 163  1
 265 163  1
 267 163  1
 274 163  1
 275 163  1
  23 164  1
  31 164  1
  98 164  1
 115 164  1
 117 164  1
 181 164  1
 239 164  1
  18 165  1
  39 165  1
 145 165  1
 173 166  1
 208 166  1
 231 166  1
 242 166  1
 123 167  1
 126 167  1
 109 168  1
 201 168  1
 202 168  1
  39 169  1
  97 169  1
  98 169  1
 142 169  1
 181 169  1
 229 169  1
 107 170  1
 171 170  1
  46 171  1
 101 171  1
 149 171  1
 168 171  1
 226 171  1
   9 172  1
  10 172  1
 206 172  1
  40 173  1
  41 173  1
 154 173  1
 265 173  1
 266 173  1
 271 173  1
 272 173  1
  45 174  1
 236 174  1
 237 174  1
  10 175  1
  18 175  1
  31 175  1
 217 175  1
 230 175  1
 242 175  1
 247 175  1
 211 176  1
 252 176  1
  25 177  1
  27 177  1
  29 177  1
 220 177  1
 221 177  1
 247 177  1
  12 178  1
  13 178  1
 207 179  1
 211 179  1
 226 179  1
 236 179  1
 260 180  1
 261 180  1
 262 180  1
  39 181  1
  15 182  1
  41 182  1
  47 182  1
  48 182  1
  92 182  1
 212 182  1
  31 183  1
  57 183  1
  96 183  1
 100 183  1
  24 184  1
  71 184  1
  72 184  1
  57 185  1
  83 185  1
  91 186  1
  68 187  1
  88 187  1
 100 187  1
 236 187  1
  18 188  1
  32 188  1
  42 188  1
  43 188  1
  47 189  1
 165 189  1
 169 189  1
 208 189  1
 209 189  1
 263 189  1
  26 190  1
  28 190  1
  40 190  1
  82 190  1
  20 191  1
 205 191  1
 255 191  1
  63 192  1
 174 192  1
 229 192  1
 234 192  1
 251 192  1
  34 193  1
 203 193  1
  89 194  1
  90 194  1
  29 195  1
  77 195  1
  78 195  1
 179 195  1
 222 195  1
 223 195  1
 225 195  1
  74 196  1
 184 196  1
  23 197  1
  63 197  1
  80 197  1
  34 198  1
  91 198  1
 233 198  1
  99 199  1
 100 199  1
  68 200  1
 209 200  1
  43 201  1
 247 201  1
  88 202  1
  89 202  1
 188 202  1
 255 202  1
 184 203  1
 185 203  1
  46 204  1
  51 204  1
 125 204  1
 127 204  1
  57 205  1
  95 205  1
  65 206  1
 196 206  1
 203 206  1
 252 206  1
 210 207  1
  58 208  1
 123 208  1
 141 208  1
 142 208  1
  33 209  1
  48 209  1
  72 209  1
  92 209  1
  93 209  1
 184 209  1
 185 209  1
 127 210  1
  34 211  1
  55 211  1
 141 211  1
 169 211  1
  68 212  1
  49 213  1
  55 213  1
  87 213  1
  88 213  1
 117 213  1
 137 213  1
 207 213  1
 212 213  1
 123 214  1
 220 214  1
  54 215  1
  86 215  1
 129 215  1
 192 215  1
 243 215  1
  93 216  1
  94 216  1
 133 216  1
 139 216  1
 171 216  1
 176 216  1
  69 217  1
 124 217  1
 212 217  1
 222 217  1
 184 218  1
 197 219  1
 218 219  1
 117 220  1
 134 220  1
 177 220  1
 188 220  1
  68 221  1
 193 221  1
 239 221  1
 130 222  1
 141 222  1
  47 223  1
 193 223  1
 194 223  1
 220 223  1
  49 224  1
  81 225  1
 116 225  1
 117 225  1
 121 225  1
 122 225  1
 206 225  1
 207 225  1
 222 225  1
 128 226  1
  64 227  1
  65 227  1
  90 227  1
  91 227  1
 113 227  1
 115 227  1
 222 227  1
  94 228  1
 210 228  1
 211 228  1
  78 229  1
 108 229  1
 109 229  1
 132 229  1
 165 229  1
 181 229  1
 197 229  1
  70 231  1
 120 231  1
  59 232  1
 183 232  1
 227 232  1
 123 233  1
  90 234  1
  94 234  1
 216 234  1
 223 234  1
 224 234  1
 108 235  1
 109 235  1
 181 235  1
 182 235  1
  88 236  1
 102 236  1
 202 236  1
 211 236  1
  67 237  1
 128 238  1
 142 238  1
  78 239  1
 106 239  1
 107 239  1
 161 239  1
 167 239  1
 180 240  1
 216 240  1
  82 242  1
 101 242  1
 102 242  1
 132 242  1
 133 242  1
 137 242  1
 174 242  1
 108 244  1
 109 244  1
 152 244  1
  95 245  1
 204 245  1
  98 246  1
 140 247  1
 167 247  1
 181 247  1
 135 248  1
 129 249  1
 130 249  1
 165 249  1
 167 249  1
 175 249  1
 154 250  1
 178 253  1
 161 255  1


count = 926