 165   1  1
 180   1  1
 196   4  1
 142   5  1
 139   6  1
 201   6  1
 134   7  1
 173   9  1
 174   9  1
 180   9  1
 204   9  1
 120  10  1
 194  10  1
 169  11  1
 196  12  1
 199  12  1
 106  13  1
 211  13  1
 178  15  1
 179  15  1
 215  15  1
 133  16  1
 182  17  1
 183  17  1
 176  19  1
 178  19  1
 178  21  1
  91  22  1
 224  22  1
 129  23  1
 130  23  1
  82  26  1
  83  26  1
  96  26  1
 110  27  1
 111  27  1
  79  28  1
 117  29  1
 139  29  1
 141  29  1
 177  29  1
 233  29  1
  92  30  1
 100  30  1
 113  30  1
 157  30  1
  71  31  1
 153  31  1
 236  31  1
 184  32  1
 143  33  1
 191  33  1
 102  34  1
 103  34  1
 120  36  1
 145  36  1
 149  36  1
 186  36  1
 164  37  1
  53  38  1
 117  38  1
 128  38  1
 178  38  1
 184  38  1
 139  39  1
  49  40  1
  50  40  1
 134  40  1
 193  40  1
 177  41  1
 128  42  1
  44  43  1
 124  44  1
 126  44  1
 140  44  1
 167  44  1
 199  45  1
 200  45  1
  38  46  1
  39  46  1
 171  46  1
 173  46  1
 119  47  1
 169  47  1
 127  48  1
 123  49  1
 176  49  1
 254  49  1
 130  50  2
 141  50  1
  44  51  1
 109  51  1
 203  51  1
 103  52  1
 113  52  1
 114  52  1
 138  52  1
 202  53  1
 232  53  1
 258  54  1
  42  55  1
 204  55  1
 215  55  1
 142  56  1
 213  56  1
 204  57  1
 206  57  1
 229  57  1
 230  57  1
  23  58  1
  24  58  1
  51  58  1
  52  58  1
 106  58  1
 225  58  1
 145  59  1
 146  59  1
  45  60  1
  46  60  1
 112  60  1
 113  60  1
 208  61  1
 216  61  1
 103  62  1
 110  63  1
 263  63  1
 235  64  1
 200  66  1
 237  67  1
 206  68  1
 244  68  1
 215  69  1
  45  70  1
  50  70  1
  98  70  1
 193  70  1
 246  70  1
 215  71  1
 269  72  1
 270  72  1
  23  73  1
  36  74  1
  53  74  1
  79  74  1
 184  74  1
  58  75  1
  67  75  1
  79  76  1
 230  76  1
 231  76  1
 246  76  1
  68  77  1
  70  77  1
 250  77  1
  16  78  1
 273  78  1
  19  79  1
 175  79  1
 235  79  1
  84  80  1
 192  80  1
   8  81  1
 146  81  1
 169  81  1
 170  81  1
 171  81  1
 244  82  1
 276  82  1
 139  83  1
 144  83  1
 267  83  1
 179  84  1
 180  84  1
 191  84  1
 136  85  1
  14  87  1
  22  87  1
  23  87  1
 239  88  2
 246  88  1
 172  89  1
 181  89  1
  46  90  1
 187  90  1
 188  90  1
 260  90  1
 263  90  1
 264  90  1
 179  92  1
 180  92  1
 240  92  1
 245  93  2
 246  93  1
 273  93  1
 279  93  1
 280  93  1
 141  94  1
 231  94  1
   3  95  1
   4  95  1
 236  95  1
 237  95  1
  40  99  1
 172  99  1
 173  99  1
 266  99  1
  33 100  1
  98 100  1
 272 100  1
 273 100  1
 279 100  1
 280 100  1
  26 102  1
 231 102  1
 226 103  1
   1 104  1
  13 104  1
  48 104  1
  44 105  1
  76 105  1
 176 106  1
 189 106  1
  22 107  1
  97 107  1
  52 108  1
  99 109  1
 188 109  1
 189 109  1
  52 110  1
  73 110  1
 104 110  1
  16 111  1
  29 111  1
 169 112  1
 270 112  1
   1 113  1
  12 113  1
 106 113  1
   7 114  1
  15 114  1
  93 114  2
  95 114  1
 165 114  1
  62 116  1
 254 116  1
 260 116  1
 266 116  1
 271 116  1
  18 117  1
  19 117  1
  10 118  1
  11 118  1
  21 118  1
 271 118  1
 272 118  1
 185 120  1
  61 121  1
  62 121  1
 112 121  1
 177 121  1
 181 121  1
 222 121  1
  93 122  1
  95 122  1
 114 122  1
 217 122  1
 218 122  1
  46 123  1
  47 123  1
  48 123  1
  66 123  1
  84 123  1
 275 123  1
 276 123  1
 162 124  1
 268 124  1
 187 125  1
 190 125  1
 212 125  1
 213 125  1
 246 125  1
 262 125  1
  87 126  1
  88 126  1
 181 126  1
 249 126  1
 255 126  1
 116 127  1
 216 127  1
 228 127  1
  40 129  1
 105 129  1
 197 129  1
 203 129  1
 208 129  1
   8 130  1
  51 130  1
  65 130  1
 119 130  1
  61 131  1
  90 131  1
  92 131  1
 179 131  1
 190 131  1
 191 131  1
 208 131  1
 244 131  1
 245 131  1
  32 132  1
  34 132  1
 174 132  1
 182 132  1
 188 132  1
 224 132  1
 255 132  1
  60 133  1
  61 133  1
 249 133  1
 250 133  1
 264 133  1
  19 134  1
 164 134  1
 241 134  1
  43 135  1
 119 135  1
 120 135  1
 250 135  1
 261 135  1
  31 136  1
  93 136  1
 105 136  1
 157 136  1
 201 136  1
 276 136  1
  28 137  1
 179 137  1
 215 137  1
 242 137  1
  12 138  1
  16 138  1
 124 138  1
 125 138  1
 209 138  1
 159 139  1
 165 139  1
 248 139  1
  27 140  1
 114 140  1
 192 140  1
 181 141  1
 187 141  1
 188 141  1
 267 141  1
  60 142  1
  87 142  1
  88 142  1
 120 142  1
 261 142  1
   9 143  1
  30 143  1
  31 143  1
  63 143  1
  64 143  1
 101 143  1
  42 144  1
  67 144  1
  68 144  1
 104 144  1
 164 144  1
 254 144  1
  16 145  1
  58 145  1
 263 145  1
  38 146  1
 109 146  1
 114 146  1
 256 146  1
  33 147  1
  34 147  1
 176 147  1
 179 147  1
  65 148  1
  66 148  1
 182 148  1
  23 149  1
  79 149  1
  87 150  1
 242 150  1
 243 150  1
 281 150  1
 282 150  1
 173 151  1
 174 151  1
  38 152  1
 107 152  1
 108 152  1
 256 152  1
  23 153  1
  24 153  1
  46 153  1
  47 153  1
  64 153  2
  78 153  1
  83 153  1
  84 153  1
 238 153  1
  32 154  1
 102 154  1
 249 154  1
 259 154  1
 260 154  1
  56 155  1
 135 155  1
 231 155  1
  19 156  1
 102 156  1
 247 156  1
  48 157  1
  49 157  1
  44 158  1
  45 158  1
 183 158  1
 184 158  1
 237 158  1
 256 158  1
  62 159  1
  63 159  1
 106 159  1
 149 159  1
 153 159  1
 229 159  1
 230 159  1
  37 160  1
  39 160  1
  74 160  1
 137 160  1
 139 160  1
  50 161  1
 246 161  1
  16 162  1
 190 162  1
 192 162  1
  65 163  1
 103 163  1
 145 163  1
 146 163  1
 184 163  1
 252 163  1
  41 164  1
  17 165  1
  19 165  1
 181 165  1
 182 165  1
 187 165  1
 227 165  1
 240 165  1
 246 165  1
 258 165  1
  24 166  1
  98 166  1
 104 166  1
   6 168  1
   7 168  1
 190 168  1
 149 169  1
 154 169  1
 182 169  1
 219 169  1
 221 169  1
 259 169  1
  28 170  1
  23 171  1
 173 171  1
 158 172  1
 159 172  1
 239 172  1
 189 173  1
 248 173  1
  37 174  1
 162 174  1
 181 174  1
 182 174  1
 260 174  1
 248 175  1
 267 175  1
 281 175  1
 282 175  1
 139 176  1
 144 177  1
 232 177  1
 255 177  1
  37 178  1
 196 178  1
 197 178  1
 176 179  1
   9 180  1
  10 180  1
  34 180  1
 174 180  1
 180 180  1
 197 180  1
 244 180  1
  82 181  1
 174 182  1
 238 182  1
  24 183  1
  84 183  1
 113 183  1
 192 183  1
  21 184  1
  66 184  1
  68 184  1
 102 184  1
 174 184  1
 196 184  1
 198 184  1
 123 185  1
  18 186  1
  32 186  1
  88 186  1
  73 187  1
 225 187  1
 227 187  1
 241 187  1
  79 188  1
 218 188  1
  22 189  1
  64 189  1
  65 189  1
 200 189  1
 201 189  1
 222 189  1
  30 190  1
  84 190  1
 108 190  1
 214 190  1
 193 191  1
 203 191  1
 204 191  1
 196 193  1
  21 195  1
  22 195  1
  23 195  1
  64 196  1
  65 196  1
 200 196  1
  23 197  1
 196 197  1
 202 197  1
  74 198  1
 191 198  1
  70 199  1
  83 199  1
 165 199  1
 167 199  1
 161 200  1
 189 200  1
  17 201  1
  77 201  1
  78 201  1
  81 202  1
  89 202  1
  65 203  1
  63 205  1
  56 206  1
  57 206  1
 151 206  1
 167 206  1
  84 207  1
 140 207  1
 146 207  1
 110 208  1
 112 208  1
 170 208  1
 107 209  1
 150 209  1
  91 210  1
 155 210  1
 172 210  1
 173 210  1
  27 211  1
 106 211  1
 146 211  1
 147 211  1
 152 211  1
 159 212  1
 135 213  1
  93 214  1
  95 214  1
 125 214  1
 113 215  1
 171 215  1
  32 216  1
 141 216  1
 147 216  1
 148 216  1
 254 216  1
 131 217  1
 144 217  1
 123 218  1
  37 219  1
 117 219  1
  91 220  1
  94 220  1
  95 220  1
 125 220  1
 126 220  1
 150 220  1
  40 221  1
 100 221  1
 140 221  1
  43 223  1
 121 223  1
 132 223  1
  97 224  1
 147 224  1
 139 225  1
 151 225  1
 153 225  1
  91 226  1
  92 226  1
 244 226  1
  93 236  1
 125 247  1
 216 247  1
 128 248  1
 211 249  1
 133 250  1
 208 250  1
 136 251  1
 205 251  1
 154 255  1
 187 255  1


count = 633