 165   1  1
 166   1  1
 196   1  1
 203   1  1
 127   4  1
 184   5  1
 213   5  1
 214   5  1
 215   5  1
 161   6  1
 176   6  1
 117   7  1
 154   7  1
 217   7  1
 218   7  1
 177   8  1
 197   8  1
 161   9  1
 162   9  1
 103  10  1
 144  10  2
 145  10  2
 222  10  1
 101  11  1
 148  11  2
 162  11  1
 182  11  1
 153  12  1
 154  12  1
 180  12  1
 190  12  1
 214  12  1
  96  13  1
 178  13  1
 228  13  1
  94  14  1
 132  14  1
 196  14  1
 197  14  1
 118  15  1
 119  15  1
 160  15  1
 167  15  1
 207  15  1
 208  15  1
 209  15  1
 231  15  1
 157  16  1
 153  17  1
 194  17  1
 202  17  1
 203  17  1
 114  18  1
 120  18  1
 147  18  2
  94  19  1
 109  19  1
 110  19  1
 125  19  1
 127  19  1
  79  20  1
 238  20  1
 123  21  1
 153  21  2
 163  21  1
  74  22  1
 117  22  1
 118  22  1
 132  22  2
 133  22  2
 147  22  2
 188  22  1
 189  22  1
 199  22  1
 200  22  1
 217  22  1
 218  22  1
 228  22  2
 229  22  2
 241  22  1
 112  23  1
 169  23  1
 212  23  3
 157  24  1
 224  24  1
 244  24  1
  70  25  1
  84  25  1
  86  25  1
 170  25  1
 171  25  1
 220  25  1
  78  26  1
  98  26  1
 123  26  1
 137  26  1
 149  26  2
 233  26  2
 234  26  2
 246  26  1
  65  28  1
 121  28  1
 155  28  2
 165  28  1
 166  28  1
 181  28  1
 182  28  1
 228  28  1
 101  29  1
 102  29  1
 199  29  1
 200  29  1
  59  30  1
  61  30  1
  92  30  1
 112  30  1
 127  30  1
 218  30  1
 223  30  1
  96  31  2
 110  31  1
 188  31  1
  54  32  1
 124  32  1
 125  32  1
 182  32  1
 213  32  1
 214  32  1
  52  33  1
  66  33  1
 143  33  1
 144  33  1
 155  33  2
 119  34  1
 219  34  1
 239  34  2
  66  35  1
 166  35  1
 167  35  1
  70  36  1
 133  36  2
 134  36  2
 239  36  2
 242  36  2
 243  36  2
 244  36  2
  59  37  1
 104  37  1
 105  37  1
 113  37  2
 186  37  1
 193  37  1
 217  37  1
  42  38  1
  43  38  1
  89  38  1
  97  38  2
 118  38  2
 130  38  2
 258  38  1
  63  39  1
 156  39  2
 204  39  2
 209  39  1
  40  40  1
  74  40  1
 144  40  1
 145  40  1
 166  40  1
 197  40  1
 247  40  1
  65  41  1
  66  41  1
  92  41  1
 126  41  2
 157  41  2
 185  41  1
 186  41  1
 232  41  2
 260  41  1
 173  42  1
 240  42  1
 241  42  1
  62  43  2
 227  43  2
 118  44  2
 193  44  1
 203  44  2
 204  44  2
 212  44  1
 213  44  1
 237  44  2
 262  44  1
 245  45  1
 253  45  1
 256  45  1
 141  46  1
 148  46  1
 177  46  1
 183  46  1
  32  47  1
  45  47  2
  46  47  2
  67  47  2
 212  47  1
 241  47  1
 123  48  2
 124  48  2
 125  48  2
 149  48  1
 187  48  1
 233  48  2
 249  48  1
  41  49  2
 143  49  1
 203  49  2
 239  49  1
  71  50  2
  72  50  1
  73  50  1
  92  50  1
 260  50  1
 261  50  1
  67  51  2
  80  51  2
 107  51  2
 110  51  2
 117  51  2
 177  51  1
 186  51  1
  54  52  1
 145  52  1
 181  52  1
 250  52  1
  33  53  1
  34  53  1
  57  53  1
 105  53  2
 183  53  1
 207  53  2
 209  53  2
 212  53  2
 235  53  1
  24  54  1
  46  54  1
  77  54  2
  78  54  2
  93  54  1
 153  54  1
  90  55  1
  96  55  1
 118  55  2
 176  55  1
  21  56  1
  35  56  1
 233  56  1
 100  57  2
 104  57  2
 115  57  2
 176  57  1
 229  57  1
  55  58  1
  56  58  1
 270  58  1
  19  59  1
  33  59  1
 149  59  1
 261  59  1
 262  59  1
  29  60  1
  62  60  2
  63  60  2
  68  60  2
  70  60  2
  72  60  2
  87  60  2
  89  60  2
 153  60  1
 226  60  1
  18  61  1
  95  61  2
  96  61  1
 130  61  2
 145  61  1
 146  61  1
 173  61  1
 206  61  2
 224  61  1
 236  61  1
  40  62  1
  53  62  1
 210  62  2
 230  62  1
 231  62  1
 241  62  1
  23  63  1
  24  63  1
  49  63  1
 156  63  1
 157  63  1
 172  63  1
 199  63  2
 271  63  1
 272  63  1
  98  64  2
 159  64  1
 210  64  2
  15  65  1
  60  65  1
  62  65  1
 105  65  2
 205  65  2
 212  65  2
 220  65  1
 258  65  1
  85  66  2
  86  66  2
  67  67  2
 147  67  3
 153  67  1
 166  67  1
 168  67  1
 241  67  1
 245  67  1
  21  68  1
  73  68  2
 198  68  2
 273  68  1
 274  68  1
 101  69  2
 162  69  1
 228  69  1
 266  70  2
 267  70  2
  12  71  1
  27  71  1
  51  71  1
  52  71  1
 101  71  2
  29  72  1
  30  72  1
 166  72  2
 188  72  1
 189  72  1
 238  72  1
  20  73  1
 161  73  1
 231  73  1
 252  73  1
 275  73  1
 276  73  1
  15  75  1
  48  75  1
 194  75  1
 206  75  2
 208  75  2
 276  76  1
 277  76  1
  30  77  2
 177  77  1
 178  77  1
 215  77  1
 252  77  1
  26  78  2
  33  78  2
  39  78  2
 149  78  1
 248  78  1
 277  78  1
 143  79  1
 154  79  1
 185  79  1
 190  79  1
 191  79  1
 224  79  1
  21  80  2
 174  80  1
 211  80  1
 238  80  1
 268  80  1
 277  80  1
 278  80  1
 140  81  1
 141  81  1
 156  81  1
 160  81  1
 194  81  1
  27  82  2
 201  82  2
 209  82  1
 259  82  1
 278  82  1
  14  83  2
 203  83  1
 204  83  1
 220  83  1
 255  83  1
  35  84  2
 113  84  2
 128  84  1
 129  84  1
 137  84  1
 278  84  1
 279  84  1
  31  85  2
 215  85  1
 231  85  1
 250  85  1
 251  85  1
 266  85  1
  38  86  2
  40  86  2
  55  86  2
  11  87  1
  12  87  1
  25  87  2
 116  87  2
 126  87  1
 166  87  1
 279  87  1
 280  87  1
  50  88  2
  64  88  2
 139  88  1
  22  89  2
  87  89  2
 163  89  1
 203  89  2
 204  89  2
  18  90  2
  40  90  2
  64  90  2
 191  90  1
 192  90  1
 231  90  1
 232  90  1
 267  90  1
  53  91  2
  61  91  2
 131  91  2
 141  91  1
 143  91  1
 223  91  1
  10  92  1
  45  92  2
 159  92  1
 219  92  1
 260  92  2
 264  92  1
 265  92  1
  49  93  2
 209  93  1
   3  94  1
   4  94  1
  30  94  2
 112  94  2
 133  94  2
 157  94  1
 239  94  2
 276  94  1
  61  95  2
 150  95  1
 230  95  1
 235  95  2
  21  96  2
  22  96  2
  43  96  2
  86  96  1
 221  96  1
 222  96  1
 226  96  1
 255  96  2
 272  96  1
  34  97  2
  38  97  2
 142  97  1
 186  97  1
 235  97  2
 263  97  1
 264  97  1
  10  98  1
 140  98  1
 203  98  2
 204  98  2
 256  98  2
  59  99  2
  61  99  2
  95  99  1
 184  99  1
 209  99  1
 266  99  1
   6 100  1
   7 100  1
 128 100  1
 136 100  1
 137 100  1
 218 100  1
  34 101  2
 102 101  1
 178 101  1
 226 101  1
 269 101  1
  83 102  1
 125 102  1
 205 102  2
 218 102  1
 241 102  2
 248 102  2
 249 102  2
 177 103  1
 274 103  1
   1 104  1
  91 104  1
  92 104  1
 209 104  2
  47 105  1
 274 105  1
 259 106  2
 260 106  1
 177 107  1
   5 108  1
 107 108  2
 108 108  2
 170 108  1
 205 108  1
 270 108  2
  65 109  2
 200 109  1
 248 109  2
 252 109  2
  50 110  1
  85 110  1
  86 110  1
 100 110  2
 198 110  1
 214 110  1
 260 110  1
   7 111  1
  63 111  2
  73 111  2
  93 111  1
 169 111  1
 264 111  1
 274 111  2
  39 112  1
 194 112  1
 226 112  1
   8 113  1
   9 113  1
 101 113  2
 112 113  2
 218 113  1
 235 113  1
  69 114  2
 105 114  2
 139 114  2
 179 114  2
 186 114  2
 225 114  1
 226 114  1
 231 114  1
  26 115  1
  95 115  1
 103 115  2
 107 115  2
 108 115  2
 167 115  1
 170 115  1
  46 116  1
  58 116  2
  98 116  1
 147 116  2
 213 116  1
 237 116  1
 238 116  1
  11 117  1
  51 117  2
  91 117  1
 132 117  2
 165 117  1
   1 118  1
  80 118  2
 215 118  1
 222 118  1
 243 118  1
  27 119  1
  45 119  1
  46 119  1
  55 119  2
  57 119  2
  87 119  2
 178 119  2
 179 119  2
 248 119  1
  72 120  2
  80 120  2
  89 120  2
 148 121  1
   3 122  1
  10 122  1
  30 122  1
 101 122  1
 102 122  1
 276 122  1
 130 123  1
 260 123  1
 264 123  1
 271 123  1
 272 123  1
  25 124  1
  59 124  2
 178 124  2
 252 124  1
 256 124  1
  68 125  2
 204 125  1
 215 125  1
 228 125  1
 233 125  1
  31 126  1
 182 126  2
 188 126  1
 193 126  1
 194 126  1
 218 126  1
 219 126  1
 230 126  1
   3 127  1
   4 127  1
  27 127  1
  98 127  1
 167 127  2
 270 127  1
 274 127  1
   9 128  1
  23 128  1
  91 128  2
 142 128  1
 146 128  1
 102 129  1
 104 129  1
 120 129  1
 130 129  1
 159 129  1
 238 129  1
 252 129  1
 258 129  1
 260 129  1
  42 130  2
  72 130  1
 111 130  1
 112 130  1
 163 130  1
 173 130  1
 214 130  1
 248 130  1
 276 130  1
  27 131  1
  28 131  1
  82 131  1
  86 131  1
 114 131  1
 115 131  1
 228 131  1
  10 132  1
 153 132  1
 155 132  1
 168 132  1
 214 132  1
 265 132  2
  88 133  1
 145 133  1
 183 133  2
 191 133  2
  19 134  1
  28 134  1
 158 134  1
 112 135  1
 113 135  1
  21 136  1
  22 136  1
 229 136  1
 267 136  2
  26 137  1
  28 137  1
  52 137  1
  71 137  2
 163 137  1
 164 137  1
 177 137  2
 185 137  2
 245 137  1
 262 137  2
 263 137  2
 273 137  2
 274 137  2
 129 138  1
 141 138  1
 142 138  1
 143 138  1
 220 138  1
  35 139  1
  88 139  1
 106 139  1
 164 139  1
 222 139  1
 258 139  2
  54 140  1
  55 140  1
  82 140  2
  95 140  1
 134 140  1
 148 140  1
 156 140  1
 216 140  1
  24 141  2
 103 141  1
 127 141  1
 164 141  1
 165 141  1
 226 141  2
 237 141  1
 238 141  1
   7 142  1
   8 142  1
  30 142  1
  31 142  1
  50 142  2
  51 142  2
  55 142  1
 160 142  1
 161 142  1
  36 143  1
  40 143  1
  93 143  1
 211 143  1
 213 143  2
 257 143  2
  55 144  1
  71 144  2
  78 144  2
 144 144  1
 248 144  1
  62 145  1
  84 145  1
 104 145  1
 230 145  1
   9 146  2
  44 146  1
  45 146  1
  50 146  2
  91 146  1
 167 146  1
 198 146  2
  18 147  2
  33 147  1
  38 147  1
  68 147  2
 213 147  1
 214 147  1
 230 147  1
  95 148  1
 175 148  1
 176 148  1
 247 148  1
 248 148  1
 274 148  2
  54 149  2
  74 149  2
  88 149  1
 234 149  1
  12 150  2
  59 150  2
  60 150  2
  84 150  1
  19 151  2
  32 151  2
  66 151  2
 102 151  2
 103 151  2
 104 151  2
 181 151  1
 238 151  1
  53 152  2
  93 152  1
 177 152  1
 247 152  2
 248 152  2
 274 152  2
  17 153  2
  33 153  2
  99 153  2
 100 153  2
 168 153  2
 185 153  1
 213 153  1
  25 154  2
  26 154  2
  39 154  2
  81 154  1
 235 154  1
  74 155  1
  99 155  2
 100 155  2
 227 155  1
 228 155  1
  44 156  1
  45 156  1
 187 156  1
 246 156  1
  88 157  1
  81 158  2
 194 158  1
 258 158  2
 280 158  1
 281 158  1
  24 159  2
 253 159  2
 254 159  2
   3 160  1
   4 160  1
  28 160  2
  36 160  2
  42 160  2
 110 160  1
 185 160  1
 186 160  1
 196 160  1
 227 160  1
 233 160  1
 234 160  1
 246 160  1
 272 160  2
  48 162  1
  57 162  1
  73 162  1
  74 162  1
 107 162  1
 198 162  1
 199 162  1
 244 162  1
 100 163  1
 141 163  1
 190 163  1
 191 163  1
 222 163  1
 239 164  1
 144 165  1
 279 165  1
 280 165  1
  22 166  1
 154 166  1
 233 166  1
  30 167  2
  38 167  2
  77 167  1
 223 167  1
 266 167  1
  11 168  1
  14 168  1
 218 168  1
 254 168  1
 255 168  1
 256 168  1
   6 169  1
   7 169  1
 246 169  1
 161 170  1
 202 170  1
  22 171  2
 232 171  1
 236 171  1
  54 172  2
 224 172  1
 256 172  1
 259 172  1
 265 172  2
 164 173  1
 165 173  1
 198 173  1
 199 173  1
 215 173  1
 232 173  1
 205 174  1
 206 174  1
 241 174  1
  27 175  2
 192 175  1
 196 175  1
 233 175  1
 248 175  1
 171 176  1
 181 176  1
 184 176  1
 190 176  1
 214 177  1
  11 178  1
  35 178  2
  44 178  2
 174 178  1
 205 178  1
 206 178  1
  30 179  2
 218 179  1
 230 179  1
  21 180  2
 164 180  2
 225 180  1
 248 180  2
  13 181  1
  30 181  2
 179 181  1
 241 181  2
  26 182  2
  43 182  1
  44 182  1
 221 182  1
 251 182  2
 170 183  2
 184 183  1
  15 184  1
  44 184  1
 165 184  2
 220 184  1
 247 184  2
  31 185  1
  28 186  1
  51 186  1
  52 186  1
  60 186  2
 187 186  1
 206 186  1
 219 186  1
  39 188  1
  40 188  1
 209 188  2
 243 188  2
  46 189  1
 197 190  2
 230 190  1
 250 190  1
 256 190  1
 263 190  1
 264 190  1
 271 190  1
 272 190  1
  21 191  1
  40 191  1
  58 191  2
  59 191  2
  66 191  2
 166 191  2
 220 191  2
 221 191  2
 238 191  1
 240 191  1
  73 192  2
 242 192  1
  23 193  1
  52 193  1
 119 194  2
 120 194  2
 208 194  2
  25 195  1
 101 195  1
 173 195  2
  43 196  2
  56 196  2
 189 196  2
 243 196  1
 264 196  2
  27 197  1
  89 197  2
  98 197  1
 178 198  2
 179 198  2
 264 198  2
  30 199  1
  80 199  2
 208 199  2
  32 200  1
 173 200  2
 190 200  2
 191 200  2
 235 200  2
  97 201  1
 116 201  1
 119 201  1
 120 201  1
 196 201  2
 221 201  2
 222 201  2
 263 201  2
  34 202  1
  44 202  1
  45 202  1
  55 202  2
  56 202  2
  88 202  1
 113 202  1
 212 202  2
 217 202  2
 110 203  1
  60 204  2
  85 204  1
 100 204  1
 108 204  1
 180 204  2
 181 204  2
 212 204  2
 233 204  2
 245 204  1
  39 205  1
 250 205  1
 267 205  1
 268 205  1
  83 206  1
 207 206  2
 212 206  2
  87 207  1
  95 207  1
 172 207  2
 173 207  2
 185 207  2
 217 207  2
 219 207  2
 227 207  2
 243 207  1
  83 208  1
  97 208  1
 254 208  1
  44 209  1
 210 210  1
 104 211  1
 168 211  2
 226 211  2
 227 211  2
 233 211  1
  84 212  4
 109 212  1
 187 212  1
 194 212  2
 195 212  2
 217 212  1
 237 212  1
 255 212  1
  61 213  2
 114 213  1
 116 213  1
 118 213  1
 185 213  1
 248 213  1
 265 213  1
 181 214  1
 183 214  1
 207 214  1
 251 214  1
 252 214  1
 219 215  1
 113 216  1
 195 216  2
 252 216  1
 263 216  1
  53 217  1
  85 217  1
  86 217  1
 117 217  1
 189 217  1
 215 217  1
 104 218  1
 212 218  1
 229 218  1
 251 218  1
 252 218  1
 100 219  1
 179 219  1
 180 219  1
 261 219  1
  57 220  1
  79 220  1
  80 220  1
  84 220  1
  85 220  1
 120 220  1
 202 220  2
 217 220  1
 236 220  2
 110 221  1
 249 221  1
 250 221  1
 259 221  1
 107 222  1
 158 222  2
 134 223  3
 219 223  1
 232 223  1
  62 224  1
 182 224  1
 214 224  1
 215 224  1
  97 225  1
 112 225  1
 118 225  1
 177 225  1
  77 226  1
 131 226  2
 192 226  2
 199 226  1
 205 226  1
 230 226  2
  67 227  1
 111 227  1
 148 227  1
 226 227  1
 235 227  1
  95 228  1
 101 228  1
  84 229  1
 175 229  1
 176 229  1
 198 229  1
 210 229  1
 124 230  1
 150 230  1
 120 231  1
 144 231  1
 228 231  2
 125 232  1
 131 232  2
  95 233  1
  96 233  1
 107 233  2
 108 233  2
 112 233  2
 141 233  1
 201 233  1
 222 233  1
 247 233  1
  80 234  1
 125 234  1
 209 234  1
 238 234  1
  85 235  1
 154 235  2
 203 235  1
 245 235  1
  88 236  1
 101 236  1
 128 236  1
 129 236  1
 159 236  2
 160 236  2
 217 236  1
  90 237  1
  92 237  1
 108 237  2
 121 237  1
 179 237  1
 180 237  1
 212 237  1
  95 238  1
 112 238  1
 165 238  2
 219 238  1
 148 239  1
 152 239  1
 227 239  1
 240 239  1
 138 240  1
 140 240  1
 214 240  1
 221 240  1
 194 241  3
 118 242  1
 172 242  1
 214 242  1
 236 242  1
 108 243  1
 109 243  1
 110 243  1
 199 243  1
 127 244  1
 160 244  2
 203 244  1
 217 244  1
 232 244  1
 137 245  1
 173 245  1
 182 246  1
 116 247  1
 177 247  1
 121 248  1
 185 248  1
 186 248  1
 224 248  1
 225 248  1
 226 248  1
 139 249  1
 123 250  1
 204 250  1
 189 251  1
 199 251  1
 126 252  1
 147 252  1
 168 252  1
 153 253  1
 177 253  1
 211 253  1
 204 255  1
 147 256  1


count = 1210