 155   1  1
 158   1  1
 159   1  1
 166   1  1
 169   1  1
 170   1  1
 184   1  1
 188   1  1
 151   2  1
 153   2  1
 148   3  1
 192   3  1
 193   3  1
 135   6  1
 132   7  1
 199   7  1
 130   8  1
 157   9  2
 125  10  1
 123  11  1
 157  11  2
 212  12  1
 213  12  1
 214  12  1
 116  13  1
 141  13  2
 145  13  2
 111  15  1
 113  15  1
 128  15  2
 109  16  1
 121  17  1
 105  18  1
 106  18  1
 101  19  1
 119  19  1
 121  19  1
 226  19  1
  99  20  1
 114  20  1
 125  21  2
 182  21  3
 229  21  1
 231  22  1
  90  24  1
 101  24  1
 233  24  1
 235  26  1
 185  28  2
  66  29  1
  98  29  1
 179  29  2
 180  29  2
 151  30  2
 152  30  2
 189  30  2
 238  30  1
  92  31  1
  85  32  1
 136  32  2
 240  32  1
  52  33  1
 185  33  2
 186  33  2
 196  33  3
 197  33  3
  98  34  2
  99  34  2
 143  34  1
 144  34  1
 149  34  1
 150  34  1
  71  35  1
  72  35  1
  90  35  1
  91  35  1
 139  36  1
  45  37  1
 135  37  1
 158  37  1
 160  37  1
 244  37  1
  62  38  1
  69  38  1
  88  38  1
  98  38  2
 183  38  2
 185  38  2
  43  39  1
  56  39  1
 144  39  1
  51  40  1
  40  41  1
 174  41  2
 200  41  2
  71  42  2
  73  42  2
  98  42  2
 179  42  2
 180  42  2
  66  43  2
 119  43  1
 124  43  1
 148  43  1
 152  43  1
  34  44  1
  61  45  2
 110  45  2
 135  45  1
 148  45  1
 154  45  1
 201  45  2
 128  46  1
 140  46  1
 252  46  1
  30  47  1
 100  47  2
 122  47  1
 133  47  1
 106  48  2
 178  48  2
  41  49  2
 166  49  2
 167  49  2
 104  50  2
 126  50  1
 138  50  1
 143  50  1
 255  50  1
 111  51  1
 117  51  1
 134  51  1
 166  51  2
 214  52  2
  66  53  2
 130  53  1
 150  53  1
 194  53  2
  39  54  2
  40  54  2
  50  54  2
 156  54  1
 168  54  2
 171  54  2
 172  54  2
 173  54  2
 189  54  2
 246  54  1
 248  54  1
 249  54  1
 258  54  1
  22  55  1
  48  55  2
  56  55  2
 151  55  1
 200  55  2
  75  56  2
 120  56  2
 125  57  2
 126  57  2
  68  58  2
  69  58  2
 109  58  1
 110  58  1
 168  58  2
 176  58  2
 177  58  2
 216  58  1
 238  58  1
 242  58  1
  19  59  1
  38  59  2
  80  59  2
 115  59  1
 154  59  1
 163  59  1
 172  59  2
 198  59  2
 262  59  1
  50  60  2
  51  60  2
  69  60  2
 158  60  1
 159  60  1
 212  60  1
 231  60  1
 236  60  1
  74  61  2
  75  61  2
 118  61  2
 149  61  1
 247  61  1
 253  61  2
 263  61  1
  24  62  1
  45  62  2
  63  62  3
 113  62  1
 159  62  1
  17  63  1
  38  63  1
  39  63  1
  61  63  2
 193  63  2
  31  64  1
 154  64  1
 265  64  1
 100  65  2
 108  65  1
 215  65  1
 216  65  1
  15  66  1
  34  66  2
  35  66  2
  96  66  2
 252  66  1
 253  66  1
 196  67  1
  21  68  1
  38  68  2
  80  68  2
  81  68  2
 200  68  1
  13  69  1
 134  69  2
 161  69  2
 190  69  2
 215  69  1
 252  70  1
  79  71  2
  97  71  1
 151  71  2
 177  71  1
 181  71  1
 185  71  2
 186  71  2
 212  71  1
 118  72  2
 132  72  2
  80  73  2
 101  73  1
 181  73  1
 191  73  1
 198  73  1
 199  73  1
 200  73  1
  10  74  1
 195  74  1
  17  75  1
 188  75  1
 175  76  1
 228  76  1
  96  77  2
 185  77  1
 200  77  2
  30  78  3
  78  78  2
 172  78  1
 194  78  1
 195  78  1
 244  78  1
  80  79  2
  85  79  2
 149  79  2
  99  80  1
 156  81  1
 158  81  1
 168  81  1
  97  82  1
 160  82  1
 186  82  1
 236  82  1
 237  82  1
 238  82  1
 142  83  2
 164  83  1
 245  83  1
  12  84  1
  13  84  1
 183  84  2
 211  84  2
 216  84  2
   6  85  1
   7  85  1
 248  85  1
 250  85  1
 252  85  1
  12  86  1
 137  86  2
 146  86  1
 202  86  2
 178  87  1
 254  87  1
 255  87  1
   5  88  1
   6  88  1
  11  88  1
  12  88  1
  96  88  1
 188  88  2
 203  88  2
 136  89  2
 142  89  1
 192  89  2
 194  89  2
 213  89  2
 242  89  1
 263  89  1
 151  90  2
 175  90  1
 196  91  2
 280  91  1
  10  92  1
 241  92  1
 242  92  1
 261  92  1
  85  93  2
 114  93  2
 120  93  2
 191  93  2
 200  93  2
 201  93  2
 266  93  1
 271  93  1
 127  94  2
 147  94  2
 175  94  1
 251  94  1
 252  94  1
  13  95  2
  91  95  1
 122  95  2
 142  95  1
 186  95  2
 260  95  1
 273  95  1
 159  96  1
 178  96  1
 211  96  3
 281  96  1
 282  96  1
  77  97  1
  81  97  1
 182  97  2
 184  97  2
 192  97  2
 222  97  1
 229  97  1
 238  97  1
 265  97  2
  35  98  2
 111  98  2
 163  98  2
 244  98  1
  74  99  1
  81  99  1
 150  99  1
 231  99  1
 234  99  1
 267  99  2
  10 100  1
  11 100  1
  12 100  1
  16 100  1
 120 100  2
 185 100  3
 275 100  2
  24 101  2
  94 101  1
 150 101  1
 156 101  2
 163 101  2
 222 101  1
 246 101  2
 267 101  2
 272 101  2
  27 102  2
  28 102  2
  38 102  2
  98 102  1
 105 102  2
 241 102  1
  53 103  1
  54 103  1
 147 103  1
 161 103  2
 228 103  1
 229 103  1
 236 103  1
 267 103  2
   9 104  1
  32 104  3
  33 104  3
  75 104  1
 111 104  1
 122 104  1
 125 104  1
  52 105  2
  83 105  1
  84 105  1
 240 105  1
 251 105  2
 252 105  2
  45 106  2
 100 106  1
 106 106  1
 244 106  2
 248 106  2
  38 107  2
 179 107  1
  43 108  2
 160 108  2
  30 109  2
  31 109  2
 145 109  2
 183 109  1
 209 109  2
 211 109  2
 217 109  1
  86 110  1
 155 110  2
 244 110  2
  53 111  1
 107 111  1
 108 111  1
 151 111  2
 222 111  1
 224 111  1
 226 111  1
  99 112  1
 216 112  1
 255 112  2
 264 112  1
  10 113  1
  52 113  1
  53 113  1
  65 113  1
  66 113  1
  72 113  2
 235 113  2
  37 114  2
 173 114  1
 270 114  1
  81 115  1
  82 115  1
  42 116  2
  91 116  1
  92 116  1
 216 116  1
  75 117  1
 109 117  1
 110 117  1
 169 117  1
 228 117  1
 275 117  1
 276 117  1
  13 118  1
  66 118  1
 114 118  1
 184 118  1
 190 118  1
 194 118  1
 265 118  1
 166 119  1
 272 119  1
  40 120  2
 186 120  1
 201 120  1
 270 120  1
  32 121  1
  45 121  2
  46 121  2
 164 121  1
 207 121  1
  24 122  1
  25 122  1
 162 122  1
 188 122  1
 254 122  1
 265 122  1
 267 122  1
  16 123  1
  87 123  1
  91 123  1
 195 123  1
 197 123  1
 215 123  1
  37 124  1
  52 124  1
  53 124  1
  54 124  1
  94 124  1
 209 124  1
 210 124  1
 222 124  1
  65 125  1
 169 125  1
 245 125  1
 250 125  1
 158 126  1
 188 126  1
 224 126  1
 235 126  1
 254 126  3
   5 127  1
  58 127  1
  59 127  1
  60 127  1
  65 127  1
 137 127  1
 265 127  1
  24 128  1
  38 128  1
 123 128  1
 124 128  1
 154 128  1
 178 128  1
 193 128  1
 205 128  2
 213 128  1
 275 128  1
  15 129  1
  16 129  1
  42 129  1
  50 129  1
  65 129  1
 132 129  1
 148 129  1
 243 129  1
  57 130  1
  88 130  1
 106 130  1
 166 130  1
 241 130  1
 245 130  1
   2 131  1
   8 131  1
  55 131  1
 162 131  1
 205 131  2
 218 131  1
 227 131  1
  63 132  1
  85 132  1
 110 132  1
 119 132  1
 120 132  1
 213 132  1
 250 132  1
 132 133  1
 140 133  1
 141 133  1
 210 133  1
 211 133  1
 221 133  1
 225 133  1
 113 134  1
 124 134  1
 125 134  1
 149 134  1
  14 135  2
  23 135  2
 161 135  1
 179 135  1
 180 135  1
 260 135  2
 214 136  1
  14 137  2
  83 137  1
 119 137  1
 120 137  1
 157 137  1
 192 137  1
 210 137  1
 254 137  2
  40 138  2
  56 138  2
 176 138  1
 185 138  1
 200 138  1
 232 138  2
 240 138  2
  26 139  2
  81 139  1
  94 139  1
 170 139  1
 198 139  1
   1 140  1
  16 140  2
  17 140  2
  21 140  2
 105 140  1
 106 140  1
 107 140  1
 232 140  2
 256 140  2
 257 140  2
  79 141  1
 114 141  1
 193 141  1
 222 141  2
 224 141  2
  89 142  1
 136 142  2
  77 143  1
 141 143  2
 187 143  1
 240 143  2
 254 143  2
  37 144  2
  38 144  2
 133 144  2
  58 145  2
 181 145  1
 182 145  1
 265 145  1
  20 146  2
 167 146  1
 270 146  1
 200 147  2
  21 148  2
  73 148  1
 105 148  2
 106 148  2
 134 148  3
 169 148  1
 205 148  2
 220 148  2
 248 148  2
  43 149  2
  82 149  1
 188 149  1
 245 149  2
 265 149  1
  21 150  2
  45 150  2
 192 150  1
 193 150  1
 196 150  1
  60 151  2
  71 151  1
 177 151  1
 188 151  1
 208 151  2
 271 151  1
 272 151  1
  21 152  2
  92 152  3
 106 152  2
 172 152  1
 261 152  1
  45 153  2
  69 153  1
  80 153  1
 204 153  2
 223 153  2
 244 153  2
 245 153  2
  51 154  2
  98 154  2
 259 154  1
  67 155  1
 108 155  2
 109 155  2
 190 155  1
 191 155  1
 252 155  1
   6 156  1
   7 156  1
  78 156  1
 120 156  1
 123 156  1
 176 156  2
 259 156  1
  27 157  2
 136 157  2
 171 157  1
 223 157  2
 269 157  1
 270 157  1
  20 158  2
  23 158  2
  92 158  2
  96 158  2
 215 158  2
 217 158  2
 219 158  2
 250 158  1
 257 158  1
 263 158  1
  76 159  1
 243 159  2
  28 160  2
  30 160  2
  68 160  1
 171 160  1
 172 160  1
 190 160  1
 191 160  1
 209 160  2
   1 161  1
  98 161  2
 129 161  1
 160 161  1
 195 161  2
 196 161  2
 233 161  1
 248 161  1
  34 162  2
  35 162  2
  80 162  2
  81 162  2
  24 163  2
  88 163  2
 161 163  1
 239 163  1
 246 163  1
 140 164  2
 269 164  2
  82 165  2
 131 165  1
   1 166  1
   2 166  1
 142 166  2
 164 166  1
 235 166  1
 243 166  1
 275 166  1
 276 166  1
   7 167  1
   8 167  1
 185 167  1
 263 167  2
 265 167  2
 266 167  2
  88 168  2
  97 168  2
 133 168  1
   8 170  1
   9 170  1
  82 170  2
  84 170  2
 145 170  2
 149 170  2
  17 171  2
  20 171  2
  33 171  2
  34 171  2
 201 171  2
 234 171  2
 235 171  2
 246 171  1
  15 172  2
 133 172  1
 134 172  1
 191 172  1
 192 172  1
 137 173  1
 168 173  1
 169 173  1
  28 174  2
  85 174  2
  86 174  2
 155 174  2
  88 175  2
  89 175  2
  93 175  2
 142 175  1
 242 175  1
   4 176  1
   5 176  1
 161 176  1
 232 176  2
 233 176  2
 147 177  1
 248 177  2
   5 178  1
 190 178  1
 240 178  1
  27 179  2
  69 179  2
 149 179  1
 260 179  2
   5 180  1
   6 180  1
  11 180  1
  12 180  1
  96 180  2
 210 180  2
 219 180  2
  62 181  2
 164 181  1
 184 181  1
 189 181  1
 190 181  1
 224 181  2
 238 181  1
 244 181  2
  85 182  2
 142 182  2
 168 182  1
 169 182  1
  83 183  2
 144 183  2
 147 183  1
 148 183  1
 149 183  1
 183 183  1
  30 184  2
 101 184  2
 267 184  1
  13 185  1
 112 185  2
 116 185  2
 238 185  1
 239 185  1
   7 186  1
 138 186  1
 265 186  1
 166 187  2
 189 187  1
 198 187  1
 220 187  1
 221 187  1
  93 188  2
 147 188  1
 218 188  1
 264 188  1
 112 189  2
 138 189  1
 144 189  1
 184 189  1
 185 189  1
 190 189  1
  10 190  1
  91 190  2
 193 190  1
  31 191  2
 120 191  2
 141 191  1
 179 191  2
 180 191  2
 203 191  1
 204 191  1
 241 191  1
 262 191  1
  82 192  2
 162 192  2
 163 192  2
 176 192  2
 198 192  1
  95 193  1
 130 193  2
 135 193  2
 187 193  1
 246 193  1
  11 194  1
  12 194  1
  81 194  2
 142 194  1
 195 194  1
 220 194  1
 226 194  1
 230 194  1
 158 195  2
 190 195  1
 100 196  1
 198 196  1
 216 196  1
 222 196  1
 250 196  2
  96 197  1
 141 197  1
 234 197  2
 102 198  1
 257 199  1
  16 200  1
  80 200  1
 211 200  1
 221 200  1
 138 201  1
 183 201  2
 209 201  1
 105 202  1
 168 202  2
 178 202  2
 188 202  2
 189 202  3
 198 202  1
 255 202  1
  35 203  2
  99 203  1
 174 203  2
 202 203  1
  29 204  2
  30 204  2
  79 204  1
 166 204  2
  21 205  1
  87 205  1
 153 205  2
  94 206  1
 143 206  1
 144 206  1
 148 206  1
 149 206  1
  39 207  2
  49 207  2
 174 207  2
 203 207  1
 140 208  1
  37 209  2
  72 209  1
 125 209  1
 130 209  1
  28 210  1
 138 210  1
  45 211  2
  46 211  2
  78 211  1
 118 211  1
 119 211  1
 120 211  1
 128 211  1
 177 211  2
 178 211  2
 246 211  1
  63 212  2
 165 212  1
 185 212  2
 204 212  2
 205 212  2
  72 213  1
 113 213  1
 209 213  2
 244 213  1
  33 214  1
  64 214  2
  65 214  2
 110 214  1
 128 214  1
 143 214  1
 151 214  1
 159 214  1
 160 214  1
 195 214  2
 242 214  1
 122 215  1
 132 215  1
 172 216  1
 176 216  2
 182 216  2
 183 216  2
 193 216  2
 239 216  1
  36 217  1
  37 217  1
  74 217  1
  75 217  1
  92 217  1
 141 217  1
 111 218  1
 237 218  1
  40 219  1
  42 219  1
  65 219  2
  85 219  1
 116 219  1
 156 219  1
 162 219  1
  44 220  1
 139 220  1
 147 220  1
 201 220  2
  75 221  1
  80 221  1
 126 221  1
  49 223  1
  89 223  1
 107 223  1
 152 223  1
 203 223  3
 193 224  2
 120 225  1
 129 225  1
 133 225  2
 147 225  2
 148 225  2
 183 225  2
  85 226  1
 136 226  2
 141 226  2
 142 226  2
 190 226  2
  74 227  1
 102 227  1
 227 227  1
 125 228  1
 138 228  2
 147 228  2
 123 229  1
 169 229  1
 170 229  1
  98 230  1
 113 230  1
 150 230  2
 151 230  2
 223 230  1
 128 231  1
 129 231  1
 117 232  1
 119 232  1
 182 232  2
 220 232  1
  88 233  1
 126 233  1
 137 233  2
 142 234  2
 148 234  3
 174 234  1
 178 234  2
  92 235  1
 104 235  1
 113 236  1
 167 236  1
 168 236  1
 215 236  1
  84 237  1
 109 237  1
 116 237  1
 118 237  1
 212 238  1
  87 239  1
  88 239  1
 115 239  1
  91 240  1
 107 240  1
 209 240  1
  96 242  1
 112 242  1
 113 242  1
 207 242  1
 101 244  1
 104 245  1
 164 245  1
 165 245  1
 107 246  1
 202 246  1
 110 247  1
 135 247  2
 170 247  1
 195 249  1
 164 250  2
 191 251  1
 192 251  1
 193 251  1
 185 253  1
 137 255  1
 144 256  1


count = 1059