 151   1  1
 154   1  1
 155   1  1
 167   1  1
 172   1  1
 176   3  1
 178   3  1
 187   5  1
 124   6  1
 158   6  2
 190   6  1
 122   7  1
 118   8  1
 114   9  1
 116   9  1
 176   9  2
 181  10  2
 108  11  1
 157  11  2
 158  11  2
 199  11  1
 201  11  1
 106  12  1
 149  13  3
 101  14  1
 162  14  1
 163  14  1
 168  14  1
 169  14  1
 206  14  1
 179  15  2
 180  15  2
  96  16  1
 209  16  1
 210  16  1
  93  17  1
 126  17  2
  91  18  1
 164  18  1
 166  18  1
 200  18  2
 213  18  1
  85  20  1
 216  20  1
 217  20  1
 108  21  2
 174  21  2
 175  21  2
  80  22  1
 128  22  1
 201  22  2
 220  22  1
 221  22  1
 222  22  1
  95  23  2
 131  23  1
 144  23  2
 145  23  2
 177  23  2
  76  25  1
 114  25  2
 188  25  1
 226  25  1
 124  26  2
 228  26  1
  72  27  1
  73  27  1
  74  27  1
 171  28  1
 230  28  1
 116  29  1
  60  30  1
  61  30  1
  96  30  3
 187  30  1
 112  31  2
 189  31  1
  99  33  2
 100  33  2
 134  33  1
 140  33  1
  54  34  1
  80  34  2
 119  34  1
  84  35  2
  52  36  1
  89  36  2
 143  36  2
 239  36  1
  66  37  2
  80  37  2
  85  37  2
 173  37  1
 242  38  1
  47  39  1
  59  39  2
  64  39  2
  80  39  2
 100  39  2
 101  39  2
 175  39  1
  69  40  2
 197  40  2
 198  40  2
  43  41  1
 175  41  1
  88  42  2
 111  42  2
 201  42  2
 224  42  3
 235  42  2
  40  43  1
  90  43  2
 103  43  2
 152  43  2
 175  43  1
  94  44  2
  95  44  2
 133  44  1
 177  44  1
 186  44  1
 187  44  1
 247  44  1
 248  44  1
  37  45  1
 122  45  1
 123  45  1
 137  45  1
  67  46  2
 201  46  2
 229  46  2
 141  47  1
 179  47  1
 249  47  1
 250  47  1
  31  48  1
  32  48  1
  91  48  3
 110  48  1
 114  49  1
 120  49  1
 126  49  1
 130  49  1
 202  49  2
 203  49  2
  57  50  2
  65  50  2
  99  51  2
 100  51  2
 138  51  1
  27  52  1
 132  52  1
 203  52  2
 204  52  2
 109  53  1
 228  53  2
  61  54  2
 111  54  1
 123  54  1
 144  54  1
 239  54  2
 255  54  1
 105  55  2
 113  55  1
 118  55  1
 204  55  2
 226  55  2
 248  55  2
  34  56  2
 257  56  1
 103  57  2
 157  57  2
 214  57  2
 216  57  2
 243  57  2
 245  57  2
  60  58  2
  51  59  2
  93  59  2
 228  59  2
 230  59  2
 259  59  1
  42  60  2
  68  61  3
 102  61  2
 189  61  2
 219  61  2
 261  61  1
  36  62  2
  40  62  2
  76  62  2
  98  63  2
 154  64  2
 235  64  2
 236  64  2
  44  65  3
  85  65  2
 228  65  2
 243  65  2
  13  66  1
 265  66  1
  73  67  2
  79  67  2
 153  67  2
  83  68  2
  18  69  2
  32  69  2
  76  69  2
  78  69  2
 182  69  1
 259  69  2
 267  69  1
 137  70  2
 138  70  2
 157  70  2
  10  71  1
  28  71  2
  46  71  2
  57  71  2
 180  71  1
  61  72  2
  62  72  2
  85  72  2
  86  72  2
 216  72  3
 235  72  2
  23  73  2
  24  73  2
  45  73  2
  79  73  2
 103  73  2
 104  73  2
 177  73  1
 191  73  1
 225  73  2
 141  74  2
 185  74  1
  18  75  2
 197  75  2
 198  75  2
 240  75  1
 241  75  1
 265  75  1
 270  75  1
  14  76  1
  29  76  2
  86  76  2
  87  76  2
 141  76  2
 260  76  2
 191  77  1
 173  78  1
 204  78  1
 225  78  2
 241  78  1
 242  78  1
  14  79  1
 122  79  2
 136  79  2
 180  79  1
 273  79  1
 129  80  2
 206  81  1
 266  81  1
 267  81  1
 134  82  2
 175  82  1
 178  82  1
  37  83  2
 208  83  1
 214  83  1
 243  83  1
  16  84  1
  17  84  1
 195  84  1
 262  84  1
  12  85  1
 181  85  2
 168  86  2
 174  86  1
 217  86  1
   5  87  1
   6  87  1
 134  87  2
 194  87  1
 195  87  1
 199  87  1
 233  87  1
 238  87  1
 275  87  1
 276  87  1
 173  88  1
 248  88  1
 218  89  1
  33  90  2
  34  90  2
 161  90  2
 276  90  1
 277  90  1
  85  91  1
 148  91  2
 155  91  2
 165  91  2
 180  91  1
 222  91  1
 230  91  1
 231  91  1
 241  91  1
 250  91  1
 251  91  1
 228  92  1
   3  93  1
   4  93  1
  83  93  1
 127  93  2
 277  93  1
 278  93  1
  77  94  1
  78  94  1
 120  94  2
 140  94  1
 146  94  2
 170  94  1
 243  94  1
  32  95  2
 117  95  2
 132  95  1
 222  95  1
   2  96  1
   3  96  1
   8  96  2
  12  96  2
  13  96  2
  67  96  1
  68  96  1
 220  96  1
 257  96  1
 112  97  3
 113  97  3
 178  97  1
  63  98  1
  99  98  1
 244  98  1
 255  98  1
  18  99  2
 126  99  1
 136  99  2
  15 100  2
  72 100  1
 155 100  2
 167 100  3
 169 100  1
 224 100  1
  10 101  2
 216 101  1
 261 101  2
 269 101  2
  67 102  1
  68 102  1
 103 102  1
 124 102  1
 157 102  2
 223 102  1
 239 102  1
 240 102  1
  44 103  1
 209 103  1
 217 103  1
  67 104  1
 100 104  1
 198 104  2
 231 104  2
 256 104  2
 257 104  2
  14 105  2
  34 105  4
 126 105  1
 127 105  1
 160 105  2
 170 105  1
 218 105  1
 219 105  1
 268 105  2
  78 106  1
 114 106  3
 164 106  2
 192 106  1
 207 106  1
 251 106  2
 260 106  2
 273 106  2
  46 107  1
 189 107  1
  34 108  1
 109 108  1
 110 108  1
 238 108  1
 255 108  2
 281 108  1
 158 109  2
 159 109  2
 168 109  1
 175 109  1
 214 109  1
 224 109  2
 242 109  1
 263 109  2
 264 109  2
  21 110  1
  29 110  1
 110 110  1
 184 110  1
 185 110  1
 196 110  1
 238 110  1
 268 110  2
  15 111  2
  72 111  1
 179 111  1
 217 111  1
 254 111  2
 264 111  2
 200 112  2
 238 112  1
  11 113  2
  45 113  1
  46 113  1
  66 113  1
 228 113  2
 229 113  2
 250 113  2
   1 114  1
  55 114  1
  59 114  1
  83 114  1
 157 114  2
 200 114  2
 240 114  1
 244 114  1
 271 114  2
 273 114  2
  17 115  1
  43 115  1
 109 115  1
  48 116  1
  51 116  1
  99 116  1
 126 116  1
 164 116  1
 165 116  1
 188 116  1
 194 116  2
 270 116  2
  86 117  1
 217 117  1
 218 117  1
  66 118  1
  67 118  1
  76 118  1
  77 118  1
 120 118  1
 167 118  1
 224 118  2
 262 118  2
  11 119  1
  12 119  1
 155 119  1
 249 119  2
 250 119  2
 278 119  1
 279 119  1
  58 120  1
 126 120  1
 160 120  1
 168 120  1
 169 120  1
  27 121  2
  28 121  2
 153 121  1
 184 121  1
 192 121  1
 205 121  2
 215 121  1
 267 121  2
   1 122  1
  21 122  1
  54 122  1
  59 122  1
  71 122  1
  72 122  1
 198 122  1
  19 123  1
  30 123  2
  48 123  1
 131 123  1
 171 123  1
 172 123  1
 183 123  1
 258 123  2
 263 123  2
   4 124  1
   6 124  1
   8 124  1
  59 124  1
  69 124  1
  79 124  1
 112 124  1
 113 124  1
 120 124  2
 148 124  1
 200 124  1
 214 124  1
 271 124  1
 273 124  1
  13 125  1
  44 125  2
 127 125  1
 178 125  1
 180 125  1
 190 125  1
 191 125  1
 255 125  2
  25 126  1
  81 126  1
 155 126  1
 156 126  1
 168 126  1
 169 126  1
 194 126  1
 109 127  1
 122 127  2
 143 127  1
 266 127  1
 267 127  1
  17 128  1
  34 128  1
  39 128  1
 162 128  1
 164 128  1
 177 128  1
 259 128  1
  44 129  1
  50 129  1
  59 129  1
  83 129  1
 126 129  1
 127 129  1
 136 129  1
 203 129  1
 249 129  1
 266 129  1
 116 130  2
 188 130  1
 189 130  1
 233 130  1
  28 131  1
  29 131  1
  52 131  1
  55 131  1
  56 131  1
 148 131  1
 218 131  1
 271 131  1
 272 131  1
  22 132  1
  23 132  1
  24 132  1
  39 132  1
 115 132  2
 122 132  2
 168 132  1
 235 132  1
 240 132  1
  32 133  1
  44 133  2
  47 133  2
  96 133  1
 134 133  1
 142 133  1
 159 133  1
 219 133  2
 251 133  1
  17 134  1
 108 134  1
 126 134  2
 150 134  1
 164 134  1
 195 134  2
  49 135  2
  50 135  2
  51 135  2
  83 135  1
 210 135  1
  13 136  1
  23 136  1
 168 136  1
 218 136  1
 233 136  1
 240 136  1
 279 136  1
   6 137  1
  19 137  1
 112 137  1
 208 137  1
 255 137  1
 262 137  1
  44 138  2
 162 138  1
 192 138  1
 196 138  1
 197 138  1
 251 138  1
 268 138  1
   4 139  1
  27 139  2
 126 139  2
 131 139  1
 190 139  1
 223 139  1
 258 139  1
 282 139  1
  54 140  1
 119 140  2
 122 140  2
   1 141  1
 179 141  2
 240 141  2
 157 142  1
 216 142  1
 234 142  2
  49 143  1
  76 143  1
  98 143  1
 110 143  1
 111 143  1
 136 143  1
 165 143  1
 185 143  1
 186 143  1
 208 143  2
 270 143  1
 271 143  1
  41 144  2
 170 144  1
 176 144  1
 218 144  2
  90 145  1
  91 145  1
 108 145  1
 140 145  1
 199 145  1
 213 145  1
 231 145  2
 162 146  1
 188 146  1
 203 146  1
 268 146  1
   1 147  1
  48 147  1
  74 147  1
  84 147  1
  88 147  1
 237 147  2
 242 147  1
   9 148  2
 147 148  1
 162 148  1
 205 148  1
 251 148  1
 258 148  1
 263 148  1
  17 149  2
 211 149  1
 218 149  1
 219 149  1
 230 149  2
 231 149  2
  31 150  2
  44 150  1
  50 150  1
 149 150  1
 150 150  1
 209 150  1
 226 150  2
 255 150  1
  37 151  2
 167 151  1
 217 151  1
 235 151  2
  19 152  2
  63 152  2
  71 152  1
 159 152  1
 201 152  1
 238 152  1
 249 152  2
  22 153  2
  23 153  2
  80 153  1
 188 153  1
 221 153  2
 234 153  1
 254 153  1
 262 153  1
 227 154  2
  57 155  2
  61 155  2
 169 155  1
 209 155  1
 254 155  1
 256 155  1
  78 156  1
 226 156  2
 231 156  2
  67 158  1
 123 158  2
 162 158  1
 194 158  1
 215 158  1
 216 158  1
 226 158  2
   7 159  2
  58 159  2
 248 159  1
 269 159  1
 134 160  2
 147 160  2
 154 160  1
 167 160  1
 170 160  1
 199 160  1
 274 160  1
 275 160  1
  26 161  2
 173 161  1
 218 161  2
  77 162  1
 156 162  1
 160 162  1
 228 162  2
  12 163  2
 248 163  1
 281 163  1
 282 163  1
 126 164  2
 152 164  2
 165 164  1
 234 164  2
 236 164  2
  71 165  1
 111 165  3
 117 165  2
 118 165  2
 281 165  1
  21 166  2
  82 166  1
 231 166  2
 254 166  2
 262 166  2
 280 167  1
 281 167  1
  34 168  2
 127 168  2
 157 168  2
 231 168  2
 238 168  2
  90 169  1
 122 169  2
  20 170  1
 172 170  2
 179 170  1
 205 170  1
 279 170  1
 280 170  1
  15 171  1
  28 171  2
  92 171  1
 153 171  1
 165 171  1
 166 171  1
 175 171  2
 183 171  1
 199 171  1
 266 171  2
 267 171  2
  72 172  2
  82 172  2
  94 172  1
 116 172  1
 279 172  1
  21 173  1
  34 173  2
 102 173  1
 121 173  1
 223 173  2
 233 173  2
   4 174  1
   5 174  1
 141 174  1
 278 174  1
 279 174  1
  10 175  1
  85 175  1
 105 175  1
 123 175  1
 145 175  1
 216 175  2
 228 175  2
 181 176  1
 193 176  2
  26 177  2
  31 177  2
 112 177  1
 137 177  1
 138 177  1
 146 177  1
 175 177  1
 187 177  1
 197 177  1
 198 177  1
 215 177  2
  14 178  1
 157 178  1
 158 178  1
 221 178  2
 222 178  2
   6 179  1
   7 179  1
 146 179  1
 229 179  2
 250 179  2
 107 180  1
 132 180  1
 136 180  1
 174 180  1
 175 180  1
 246 180  2
 253 180  2
 259 180  2
 277 180  1
  12 181  1
  67 181  2
 163 181  2
 185 181  1
 186 181  1
 205 181  1
 236 181  2
 114 182  1
 142 182  1
 143 182  1
 275 182  1
  17 183  2
  20 183  2
  36 183  2
 178 183  1
  23 184  2
 260 184  2
  34 185  2
 181 185  1
 246 185  2
 264 185  2
 265 185  2
 189 186  1
 190 186  1
 254 187  2
  27 188  2
  48 188  2
  50 188  2
  54 188  2
 146 188  1
 147 188  1
 250 188  1
  24 189  2
 153 189  1
 138 190  1
 251 190  1
 273 190  1
 197 191  1
  10 192  1
  45 192  2
  86 192  2
 210 192  1
  55 193  2
 241 193  1
 271 193  1
  50 194  2
  99 194  2
 104 194  2
 152 194  1
 154 194  1
  12 195  1
  26 195  2
 229 195  2
 141 196  1
 143 196  1
 146 196  1
 161 196  1
  88 197  2
 149 197  1
 234 197  2
 235 197  2
 268 197  1
  14 198  1
  41 198  2
 154 198  2
 267 199  1
  50 200  2
  51 200  2
  74 200  2
 110 200  2
 247 200  2
  56 201  2
 136 201  1
 143 201  1
 223 201  2
  17 202  1
  79 202  2
 134 202  1
 152 202  1
 168 202  2
 242 202  1
 265 202  1
  82 203  2
  19 204  1
  71 204  2
  72 204  2
 247 204  2
 251 204  2
  62 205  2
 119 205  1
 120 205  1
 121 205  1
 146 205  1
  76 206  2
 152 206  1
 210 206  2
 262 206  1
  23 208  1
  54 208  2
 108 208  1
 122 209  1
  25 210  1
  60 210  2
 157 210  2
 210 210  2
 124 211  1
 126 211  1
 128 211  1
 144 211  2
 212 211  2
  28 212  1
  39 212  2
 137 212  1
 257 212  1
  45 213  2
 103 213  1
 148 213  1
 201 213  2
  61 214  2
 116 214  1
  32 215  1
  57 215  2
  73 215  2
 155 215  2
 255 215  1
  46 216  2
  64 216  2
  65 216  2
  77 216  2
 105 216  1
 131 216  1
 152 216  2
 230 216  2
 231 216  2
  34 217  1
  51 217  2
 136 217  1
 143 217  2
 144 217  2
 184 217  2
  77 218  2
 107 218  1
 200 218  2
 238 218  2
  37 219  1
  38 219  1
  41 220  1
  65 220  2
 130 220  1
 240 220  2
 136 221  1
  44 223  1
 145 223  2
 149 223  2
 237 223  2
 246 223  1
  74 224  1
  88 224  2
  96 224  2
 173 224  2
 168 225  2
 244 225  1
 130 226  1
 202 226  2
 203 226  2
  51 227  1
 165 227  2
 166 227  2
  55 228  1
  56 228  1
  66 228  1
  76 228  1
  93 228  1
  99 228  2
 127 228  1
 238 229  1
  58 230  1
  77 230  1
 105 230  2
 120 230  1
  60 231  1
  71 231  1
  72 231  1
 108 231  2
 202 231  2
 203 231  2
 235 231  1
  77 232  1
  91 232  1
 137 233  1
  65 234  1
  67 234  1
 131 234  1
 164 234  2
  70 235  1
  79 235  1
  84 235  2
 126 235  1
 127 235  1
 135 235  1
 228 235  1
 229 235  1
  80 237  1
 116 237  1
 117 237  1
  74 238  1
 132 238  1
 112 239  1
 162 239  2
  77 240  1
 200 240  2
 201 240  2
  88 241  1
  80 242  1
  95 242  1
 118 242  1
 215 242  1
 107 243  1
 108 243  1
 141 243  1
 165 244  2
 212 244  1
  83 245  1
 118 246  1
 146 246  1
 137 247  1
 172 247  3
 124 248  1
 142 248  1
 204 248  1
 165 249  2
 199 250  1
 113 251  1
 115 251  1
 135 251  1
 197 251  1
 141 252  1
 193 252  1
 162 257  1


count = 1079