 139   1  1
 144   1  1
 145   1  1
 166   1  1
 176   1  1
 136   2  1
 126   5  1
 155   5  1
 124   6  1
 193   6  1
 194   6  1
 195   6  1
 171   9  2
 175   9  2
 114  11  1
 205  12  1
 156  14  1
 157  14  1
 190  14  1
 209  14  1
 108  15  1
 122  15  1
 124  15  1
 171  15  2
 172  15  2
 167  16  2
 188  16  1
 195  16  1
 193  17  1
 213  17  1
 161  18  1
 172  18  2
 125  20  1
 175  20  2
 176  20  2
 198  20  2
 199  20  2
 166  21  2
 218  21  1
 182  22  2
 183  22  2
 127  23  1
 221  23  1
  84  24  1
 188  24  1
 189  24  1
 223  24  1
 183  25  2
  82  26  1
 107  26  2
 225  26  1
 160  27  2
 161  27  2
 188  27  1
  78  28  1
 171  28  2
 172  28  2
 179  28  2
 180  28  2
  96  29  2
 122  29  1
 184  29  2
 229  29  1
  72  31  1
  87  31  2
  69  32  1
 182  32  3
 233  32  1
 116  33  1
 133  33  1
 151  33  2
 152  33  2
 153  33  2
 179  33  2
 104  34  1
 111  34  1
 157  34  2
 192  34  1
 235  34  1
  78  35  1
  88  35  2
  89  35  2
 109  35  1
 135  35  1
 237  35  1
  42  37  1
 101  37  1
 149  37  2
 239  37  1
  95  38  2
 137  38  1
 138  38  1
 180  38  2
  40  39  1
 100  39  1
 101  39  1
 104  39  1
 105  39  1
 121  39  1
  38  40  1
  72  40  2
  91  40  2
 143  40  1
 107  41  1
 198  41  2
 245  41  1
  35  42  1
  60  42  2
 115  42  1
 181  42  2
 185  42  2
 188  42  3
 189  42  3
 190  42  2
  45  43  2
  51  43  2
  70  43  2
 147  43  1
  33  44  1
 138  44  1
 124  45  1
 181  45  2
 192  45  2
  40  46  2
  67  46  2
  68  46  2
  79  46  1
  80  46  1
  98  46  1
 102  46  1
 150  46  1
  48  47  2
 140  47  1
 159  47  2
 168  47  1
 176  47  1
 181  47  2
 185  47  2
 190  48  2
 191  48  2
 252  48  1
 142  49  1
  92  50  1
 108  50  1
 118  50  1
 153  50  1
 220  50  3
  44  51  2
  48  51  2
  25  52  1
  91  52  1
 162  52  2
 171  52  1
 255  52  1
 146  53  1
  23  54  1
  68  54  2
  69  54  2
 171  54  1
  89  55  1
 155  55  1
  67  56  2
 175  56  1
 193  56  2
  87  57  1
 149  57  1
  83  58  1
  96  58  2
  97  58  2
  98  58  2
 188  58  2
 191  58  2
 210  58  2
 211  58  2
 223  58  2
 183  59  1
  65  60  2
  94  60  2
 252  60  2
 260  60  1
 261  60  1
  77  61  2
 179  61  1
  47  62  3
  49  62  2
 161  62  2
 162  62  2
 216  62  2
 221  62  2
  54  63  2
  14  64  1
  74  64  2
 146  65  1
 147  65  1
 152  65  2
 264  65  1
  73  66  2
 181  66  1
 149  67  1
 187  67  1
  73  68  2
  77  68  2
  63  69  2
 178  69  1
 267  69  1
  57  70  2
  58  70  2
  73  70  2
  75  70  2
  77  70  2
 102  70  1
 173  70  2
 234  70  2
 235  70  2
  67  71  2
 166  71  2
 246  71  2
  11  73  1
 150  73  1
 151  73  1
 214  73  1
  67  74  2
 100  74  1
 176  74  1
 177  74  1
  26  75  3
  64  75  2
 271  75  1
 272  75  1
  49  76  2
  56  76  2
 219  76  1
  64  77  2
  71  77  2
  90  77  1
 146  77  1
 187  77  1
 192  78  1
 193  78  1
 221  78  1
 273  78  1
 274  78  1
   7  79  1
   8  79  1
  61  80  2
  69  80  2
  86  80  1
 163  80  2
 176  80  1
 177  80  1
 186  80  1
 224  80  1
  42  81  2
  65  81  2
  78  81  2
 229  82  1
  82  83  1
 138  83  1
 268  83  2
 277  83  1
  12  84  1
  13  84  1
 100  84  2
 107  84  2
 132  84  1
 153  84  2
 232  84  1
 257  84  3
  80  85  1
 234  85  1
 261  85  2
 161  86  2
 162  86  2
 163  86  2
 266  86  3
  13  87  1
  14  87  1
  78  87  1
 131  87  1
 137  87  2
  43  88  2
 189  88  1
 208  88  1
 238  88  1
 278  88  1
 279  88  1
  35  89  2
 178  89  2
 179  89  1
 180  89  1
 151  90  2
 153  90  2
 189  90  1
 190  90  1
 200  90  1
 219  90  1
 241  90  1
 255  90  2
 256  90  2
  71  91  1
  76  91  1
 243  91  1
 101  92  2
 102  92  1
 103  92  1
 125  92  1
 126  92  1
 255  92  2
 137  93  2
 178  93  1
 179  93  1
 190  93  1
 191  93  1
 196  93  1
 280  93  1
 281  93  1
  69  94  1
  70  94  1
 264  94  2
 123  95  1
 183  95  2
 224  95  1
 225  95  1
  97  96  2
 144  96  2
 261  96  2
  65  97  1
 186  97  2
 153  98  2
 178  98  1
 230  98  1
 239  98  1
 242  98  1
 268  98  2
 270  98  2
 282  98  1
 283  98  1
 113  99  1
 191  99  1
   3 100  1
   4 100  1
  22 100  2
  64 100  1
 104 100  1
 119 100  1
 197 100  1
  18 101  2
 110 101  1
 180 101  1
 275 101  2
  64 102  1
 248 102  2
 257 102  2
 258 102  2
 265 102  1
 110 103  1
 182 103  1
 250 103  2
 252 103  2
 276 103  2
 115 104  1
 116 104  1
 196 104  1
 240 104  2
  25 105  2
 111 105  1
 256 105  2
  36 106  2
 218 106  3
 102 107  1
 171 107  1
 262 108  1
 273 108  1
 110 109  1
 269 110  1
  52 111  2
 182 111  1
 259 111  1
 260 111  1
  16 112  2
  76 112  1
 173 112  1
  85 113  1
 168 113  1
 184 113  1
  16 114  2
 110 114  1
 218 114  2
 220 114  2
  11 115  2
  77 115  1
  92 115  1
 112 116  1
 209 116  1
 221 116  2
  56 117  2
 114 117  1
 116 117  1
 187 117  1
 200 117  1
  83 118  1
 160 118  1
 221 118  2
  31 119  2
  61 119  2
  62 119  2
  63 119  2
 118 119  1
  39 120  2
  75 120  2
 170 120  1
 207 120  2
 221 120  2
 259 120  1
 263 120  2
  93 121  1
  97 121  1
 103 121  1
 154 121  1
 155 121  1
 156 121  1
 168 121  1
 183 121  1
 191 121  1
 196 121  1
 217 121  3
 265 121  2
  86 122  1
  99 122  1
 100 122  1
 112 122  1
   8 123  2
 121 123  1
 165 123  1
  18 124  1
  28 124  1
  58 124  2
  60 124  2
 109 124  1
 116 124  1
 279 124  1
 280 124  1
  14 125  1
  45 125  1
 104 125  1
 138 125  1
 171 125  2
 172 125  2
 202 125  1
 101 126  1
 123 126  1
 198 126  1
  31 127  1
  39 127  1
  52 127  1
 134 127  1
 165 127  1
 166 127  1
 178 127  2
 189 127  1
 273 127  1
 274 127  1
   6 128  1
  35 128  1
 160 128  1
 218 128  1
 226 128  1
  51 129  1
  84 129  1
 181 129  2
 233 129  1
 247 129  1
 248 129  1
 266 129  1
  11 130  1
  16 130  1
 170 130  2
 192 130  1
 198 130  1
 206 130  1
 245 130  1
 174 131  2
 262 131  1
  54 132  2
 128 132  1
 132 132  1
 136 132  1
 158 132  1
 165 132  1
 260 132  1
  91 133  1
 126 133  1
 184 133  2
 206 133  1
 232 133  1
 233 133  1
 251 133  1
  11 134  1
  39 134  1
 197 134  1
 210 134  1
 239 134  1
   7 135  1
  25 135  1
  26 135  1
 122 135  1
 123 135  1
 149 135  1
 259 135  1
 278 135  1
 279 135  1
  33 136  1
  35 136  1
  37 136  1
  51 136  2
 109 136  1
 113 136  1
 161 136  1
 166 136  1
 192 136  1
 193 136  1
 261 136  1
 263 136  1
   5 137  1
  85 137  1
 156 137  1
 235 137  1
  15 138  2
 163 138  1
 171 138  1
 176 138  2
 222 139  2
 268 139  1
   2 140  1
  12 140  2
  77 141  1
  82 141  1
 172 141  1
 173 141  1
 193 141  1
  12 142  2
 197 142  1
  59 143  2
 106 143  1
 111 143  1
 112 143  1
 211 143  2
   8 144  1
   9 144  1
  48 144  2
 101 144  1
 150 144  3
 181 144  1
 188 144  1
 271 144  1
  41 145  2
 164 145  1
 274 145  1
  78 146  1
 166 146  1
 279 146  1
 280 146  1
  58 148  2
 168 148  1
 180 148  1
 181 148  1
 211 148  2
 105 149  2
 106 149  2
 215 149  2
 280 149  1
 281 149  1
   1 150  1
 170 150  1
  22 151  2
  17 152  2
  27 152  2
  73 152  1
  99 152  1
 100 152  1
 207 152  3
 208 152  2
  31 153  2
 115 153  1
  39 154  2
  68 154  1
  95 154  1
  96 154  1
 111 154  1
 149 154  3
   3 155  1
   4 155  1
  15 155  2
  16 155  2
 171 155  1
 177 155  1
 178 155  1
 250 155  2
 254 155  2
 109 156  1
  78 157  1
  79 157  1
 173 157  1
  91 158  1
  93 158  1
 108 158  1
 179 158  1
 186 158  1
  65 159  1
  81 159  1
 250 159  2
 184 160  1
 194 160  1
  10 162  2
  23 162  2
 122 162  1
  15 163  2
  64 164  1
  65 164  1
 183 164  1
 184 164  1
 242 164  2
  20 165  2
  74 165  1
 118 165  1
 119 165  1
 239 165  2
   5 166  1
   6 166  1
  54 166  4
 102 166  1
 104 166  1
 235 167  2
  37 168  2
  46 168  2
  65 168  1
 162 168  3
 256 168  2
  26 169  2
  74 169  1
 112 169  1
 280 169  1
  69 170  1
 180 170  1
  35 171  2
  36 171  2
  58 171  3
  78 171  1
 175 171  1
 255 171  2
 177 172  1
  27 173  2
  32 173  2
  80 173  1
  81 173  1
  90 173  2
 131 173  1
 206 173  1
 207 173  1
 239 173  2
  74 174  1
  94 174  2
 172 174  1
  69 175  1
  70 175  1
 210 175  1
 235 175  2
  14 176  2
 133 176  1
 165 176  3
 193 176  1
 275 176  1
  28 177  2
  85 177  1
 141 177  1
 213 177  1
 240 178  2
 244 178  2
 235 179  2
 273 179  1
  23 180  2
  34 180  2
 218 180  1
 219 180  1
  72 181  2
 188 181  1
 193 181  1
  16 182  2
  91 182  2
  56 183  2
 145 183  1
 176 183  1
 182 183  1
 183 183  1
 217 184  1
 240 184  3
  64 185  1
 106 185  2
 107 185  2
 268 185  1
  69 186  1
 215 186  1
 170 188  2
 176 188  1
 177 188  1
 212 188  1
  57 189  1
  61 189  1
  82 190  2
 210 190  1
 182 191  1
  12 192  1
 163 192  2
 266 192  1
 267 192  1
  69 193  1
 174 193  1
 175 193  1
 184 193  1
 195 193  1
  74 194  1
 237 194  2
  14 195  1
  69 195  1
 169 195  1
 170 195  1
 193 195  1
 221 195  2
  91 196  1
 158 196  1
 189 196  1
 232 196  2
 234 196  2
 162 197  2
 265 197  1
 266 197  1
  16 198  1
  70 199  1
  74 199  1
  83 199  2
  63 200  2
  64 200  2
 159 200  1
 151 201  1
 164 201  1
  27 202  1
  31 202  1
  61 203  2
  67 203  2
  93 203  1
  94 203  1
 148 203  1
 263 203  1
  71 204  2
  82 204  1
  86 204  1
 163 204  1
 164 204  1
  32 205  1
  37 205  1
 123 205  3
  63 206  2
  64 206  2
 104 206  1
 145 206  1
 155 206  1
  24 207  1
  73 207  2
  74 207  2
 141 207  1
 153 207  1
 159 208  1
 259 208  1
  97 209  1
  98 209  1
 109 209  1
 110 209  1
 111 209  1
 151 209  1
  38 210  1
 117 210  1
 127 210  1
 144 210  1
  28 211  1
  34 211  1
 113 211  1
 138 211  1
 139 211  1
 148 211  1
 256 211  1
 157 212  1
 169 212  2
  30 213  1
 254 213  1
 103 214  1
 142 214  1
 153 214  1
 154 214  1
 115 215  1
 174 215  2
 175 215  2
  84 216  3
  86 216  1
  96 216  1
  35 217  1
 125 217  1
 126 217  1
 140 217  1
 179 217  2
  81 219  1
 111 219  1
 154 219  1
 221 219  3
  96 220  1
 188 220  2
 245 220  1
  39 221  1
  82 221  1
 208 222  2
 209 222  2
 242 222  1
  40 223  1
  41 223  1
  93 223  1
 126 223  1
 152 223  1
  44 224  1
 240 224  1
 155 225  1
  82 226  1
  93 226  1
 106 226  1
 107 226  1
 122 226  1
 123 226  1
 149 226  1
 174 226  3
 154 227  1
 235 227  1
  93 228  1
 131 228  1
 154 229  1
 232 229  1
 101 230  1
 115 231  1
 120 231  1
 140 231  1
 150 231  1
 159 231  1
 230 231  1
  81 232  1
 107 232  1
 148 232  1
 115 234  1
 218 234  2
 109 236  1
 145 236  1
  90 237  1
  92 237  1
 138 237  1
 139 237  1
 151 237  2
 113 239  1
 115 239  1
 221 239  1
 123 240  1
 104 241  1
 105 241  1
 106 241  1
 132 241  1
 151 241  2
 142 242  1
 108 243  1
 109 243  1
 215 243  1
 124 244  2
 125 244  2
 139 244  1
 175 244  1
 112 245  1
 113 245  1
 114 245  1
 132 246  1
 182 246  1
 211 246  1
 136 247  1
 189 247  1
 209 248  1
 120 249  1
 204 249  1
 123 251  1
 177 251  1
 191 252  1
 129 253  1
 131 253  1
 179 255  1
 143 256  1


count = 897