 172   1  1
 176   1  1
 177   1  1
 187   1  1
 207   5  1
 208   5  1
 209   5  1
 137   6  1
 183   6  1
 133   7  1
 135   7  1
 174   7  1
 211   7  1
 212   7  1
 129   8  1
 131   8  1
 157   9  1
 215   9  1
 197  10  1
 183  11  1
 201  11  1
 218  11  1
 109  13  1
 133  13  1
 134  13  1
 221  13  1
 105  14  1
 107  14  1
 143  15  1
 148  15  1
 175  15  1
 176  15  1
 201  15  1
 202  15  1
 224  15  1
 129  16  1
 130  16  1
 178  16  1
 179  16  1
 142  17  1
 191  17  2
  93  18  1
  95  18  1
 113  18  1
 138  18  1
 196  18  1
 228  18  1
  88  19  1
 123  19  1
 149  19  1
 116  20  1
 198  20  1
  98  21  1
  99  21  1
 221  22  1
 222  22  1
 235  22  1
  73  23  1
 158  23  1
 159  23  1
 152  24  1
 187  25  2
 226  25  1
 239  25  1
  68  26  1
  99  26  1
 161  26  1
 162  26  1
 193  26  2
 218  26  1
  80  27  1
 104  27  1
 117  27  2
 132  27  1
 133  27  1
 142  27  1
 196  27  2
 242  27  1
  63  28  1
  94  28  1
 223  28  1
  61  29  1
  75  29  1
  76  29  1
 244  29  1
  57  30  1
 156  30  1
 100  31  1
 215  31  1
 247  31  1
  51  32  1
 107  32  1
 144  32  1
 164  33  1
 213  33  1
 229  33  2
 230  33  2
 234  33  2
  61  34  2
  62  34  2
 219  35  1
  63  36  2
 103  36  1
 140  36  2
 124  37  1
 125  37  1
 144  37  1
 150  37  2
 217  37  1
 162  38  1
 163  38  1
 230  38  2
 254  38  1
  38  39  1
 128  39  1
 168  39  2
 207  39  1
 227  39  2
  87  40  2
 105  40  1
 150  40  2
 214  40  1
 256  40  1
 160  41  1
 204  41  1
 205  41  1
 240  41  1
  92  42  1
  93  42  1
 144  42  1
 168  42  2
 213  42  1
 257  42  1
  41  43  1
  62  43  2
  84  44  2
 130  44  1
 207  44  1
 247  44  1
  31  45  1
 202  45  1
 203  45  1
 259  45  1
 132  46  1
 140  46  1
 232  46  2
 233  46  2
  28  47  1
 199  47  2
 144  48  1
 162  48  1
 205  48  1
 240  48  1
 261  48  1
  27  49  1
  37  49  1
  38  49  1
 119  49  2
 127  49  2
 187  49  2
 196  49  2
  74  50  2
 147  50  1
 153  50  1
 236  50  1
  34  51  1
  80  51  1
  81  51  1
 133  52  1
 149  52  1
 228  52  2
 229  52  2
  31  53  1
  81  53  1
  83  53  1
 162  53  1
 202  53  1
  52  54  2
  75  54  2
 143  54  1
 151  54  1
 180  54  2
 182  54  2
 198  54  2
 194  55  2
 233  55  2
 253  55  2
  33  57  1
  55  57  2
 129  57  2
  50  58  2
  44  59  2
  66  59  2
 131  59  2
 135  59  2
 136  59  2
 147  59  1
 148  59  1
  33  60  1
  77  60  2
  94  60  1
 156  60  1
 157  60  1
 170  60  1
 131  61  2
 216  61  2
 249  61  2
 262  61  1
  52  62  2
 142  62  2
 165  62  1
  14  63  1
  21  63  1
  90  63  1
 140  63  2
 260  63  1
 131  64  2
 135  64  2
 233  64  2
  93  65  1
  94  65  1
 270  65  1
 102  66  1
 103  66  1
 127  66  2
 138  66  2
 163  66  1
  13  67  1
  20  67  1
 161  67  1
 199  67  1
 272  67  1
 203  68  1
  11  69  1
  24  69  1
 112  69  2
 129  69  2
 182  69  1
 183  69  1
 248  69  1
 255  69  1
  18  71  1
  24  71  1
  25  71  1
 180  71  1
 250  71  1
  95  72  2
 221  72  2
 236  72  1
 238  72  1
 116  73  2
 178  73  1
 217  73  2
 219  73  2
 255  73  1
 108  74  2
  22  75  1
  81  75  2
 228  75  2
   8  76  1
   9  76  1
  27  76  1
 105  76  2
 262  76  1
 263  76  1
 275  76  1
 276  76  1
 154  77  2
 215  77  2
 144  78  2
 201  78  1
 114  79  2
 241  79  1
  13  80  1
  98  80  2
 107  80  2
 177  80  1
 260  80  1
  27  81  1
  28  81  2
 136  81  2
 154  81  2
 238  81  2
 265  81  1
 107  82  2
 197  82  1
 277  82  1
 278  82  1
   7  83  1
 172  83  1
  11  84  1
  12  84  1
 107  84  2
 129  84  2
   5  85  1
 142  85  2
 150  85  2
 177  85  1
 278  85  1
 279  85  1
 221  86  1
 237  86  2
 254  86  2
 264  86  1
 265  86  1
 170  87  1
 171  87  1
 195  87  1
  79  88  1
  75  89  1
 124  89  2
 125  89  2
 176  89  1
 231  89  1
 254  89  2
   3  90  1
   4  90  1
  10  90  1
  11  90  1
 143  90  2
 145  90  2
 209  90  1
 167  91  1
 174  91  1
 192  91  1
  15  92  1
  85  92  2
 233  92  1
   2  93  1
   3  93  1
 148  93  2
 190  93  1
  97  94  2
 128  94  2
 247  94  1
 251  94  1
  78  95  1
  92  95  2
 203  95  1
 214  95  1
 122  96  2
 208  96  1
 263  96  1
  80  97  1
 100  97  2
 168  97  1
 169  97  1
 203  97  1
  11  98  1
  13  98  1
 173  98  1
 174  98  1
 247  98  1
 248  98  1
 263  98  1
 281  98  1
 282  98  1
 133  99  2
 207  99  1
 252  99  1
 253  99  1
   1 100  1
   7 100  1
 213 100  1
 257 100  2
 273 100  1
  46 101  2
  47 101  1
  73 101  2
 167 101  1
 181 102  1
 210 102  1
  76 103  2
  77 103  2
 143 103  2
  44 104  1
  49 104  1
  88 104  1
 216 104  1
  58 105  2
  80 105  1
 178 105  1
 237 105  1
   1 106  1
 162 106  1
 163 106  1
 169 106  1
 171 106  1
 166 107  1
 167 107  1
 177 107  1
 178 107  1
 228 107  1
 229 107  1
 244 107  1
 245 107  1
 115 108  1
 128 108  1
 160 108  1
  51 109  2
  81 109  1
 192 109  2
 193 109  2
 195 109  2
 196 109  1
 215 109  1
 222 109  1
 228 109  1
  75 110  2
 118 110  1
 125 110  1
 132 110  1
 175 110  1
  81 111  1
  82 111  1
 215 111  1
 222 111  1
 255 111  1
 256 111  1
   1 112  1
 120 112  1
 217 112  1
 218 112  1
 227 112  1
  43 113  1
 133 113  1
 167 113  1
 173 113  1
 198 113  1
 208 113  1
 275 113  1
 276 113  1
 158 114  1
 249 114  1
 250 114  1
   8 115  1
 152 115  1
 154 115  1
 168 115  1
   3 116  1
  13 116  1
  18 116  1
 254 116  1
 255 116  1
 125 117  1
 151 117  1
 223 117  1
 224 117  1
 275 117  1
  69 118  1
 120 118  1
 121 118  1
 240 118  2
 249 118  1
 253 118  1
 158 119  1
 171 119  1
 278 119  1
  89 120  1
 145 120  1
  17 121  1
  70 121  1
 134 121  1
 151 121  1
 227 121  1
 275 121  1
   8 122  1
  91 122  1
 197 122  1
 199 122  1
  55 123  1
  70 123  1
  84 123  1
 121 123  1
 202 123  1
 203 123  1
  21 124  1
  31 124  1
  93 124  1
 102 124  1
 116 124  1
 118 124  1
 140 124  1
 155 124  1
 258 124  1
  40 125  1
  44 125  1
  49 125  1
  65 125  1
 211 125  1
 215 125  1
 216 125  1
 220 125  1
 230 125  1
  57 126  1
 205 126  1
 206 126  1
 275 126  1
  18 127  1
  24 127  1
  32 127  1
  37 127  1
  38 127  1
  46 127  1
  64 127  1
  71 127  1
  72 127  1
 265 127  1
 277 127  1
 194 128  2
 256 128  1
  47 129  1
  54 129  1
  55 129  1
  84 129  1
 217 129  1
 234 129  1
 242 129  1
 247 129  1
 248 129  1
 209 130  1
 252 130  1
 262 130  1
 263 130  1
   4 131  1
   5 131  1
  15 131  1
  19 131  1
 130 131  1
 132 131  1
 157 131  1
 227 131  1
 271 131  2
  27 132  1
  28 132  1
  29 132  1
  71 132  1
  72 132  1
  89 132  1
 151 132  1
 152 132  1
  31 133  1
 155 133  1
 190 133  2
  11 134  1
  67 134  2
 165 134  1
 166 134  1
 198 134  1
 217 134  1
 129 135  1
 155 135  1
 170 135  1
 204 135  1
 229 135  1
 235 135  1
  86 136  1
  87 136  1
 141 136  1
   8 137  1
   9 137  1
  32 137  1
 129 137  1
 135 137  1
 213 137  1
  37 138  1
  84 138  1
 145 138  1
 146 138  1
 152 138  1
 132 139  1
 133 139  1
 175 139  1
 263 139  1
  33 140  1
 126 140  1
 252 141  2
 268 141  1
 274 141  1
 275 141  1
  80 142  1
 148 142  1
 156 142  1
 125 143  1
 249 143  2
 261 143  1
 265 143  6
  20 144  2
 158 144  1
  39 145  1
 125 145  1
 183 145  1
  27 146  2
  35 146  1
  76 146  1
 122 146  1
 267 146  2
  54 147  2
 145 147  2
 150 147  1
 160 147  1
 155 148  1
 156 148  1
 262 148  1
 267 148  2
   1 149  1
   2 149  1
 269 149  2
 223 150  2
 143 151  2
 144 151  2
 254 151  1
 258 151  1
  71 152  1
 100 152  1
 124 152  1
 128 152  1
 148 152  2
 104 153  1
 133 153  1
 154 153  2
 189 153  1
 116 154  1
  44 155  2
 153 155  2
 154 155  2
 165 156  1
 211 156  2
 213 156  2
 214 156  2
 215 156  2
  23 157  2
  70 157  1
  71 157  1
  95 157  1
 194 157  1
 148 158  2
 150 158  2
 172 158  1
   2 159  1
   3 159  1
  18 159  2
  70 159  1
  92 159  1
 145 159  2
 162 159  1
 177 159  2
 178 159  2
  29 160  1
  30 160  1
 155 160  2
 197 160  1
 216 160  2
 220 160  2
 256 160  1
 264 160  2
  18 161  2
  70 161  1
  71 161  1
  90 161  1
 244 161  2
 160 162  1
  16 163  2
  71 163  1
 253 163  2
 260 163  2
 159 164  1
  71 165  1
  85 165  1
 181 165  2
 201 165  1
  24 166  1
 104 166  2
 114 166  2
 157 166  1
 159 166  1
  34 167  1
  83 167  1
 135 167  2
 251 167  2
  28 168  1
  29 168  1
 168 168  1
 203 168  1
  21 169  1
 216 169  2
  36 170  1
   5 171  1
   6 171  1
  11 171  1
  24 171  1
 106 171  2
 108 171  2
 279 171  1
  13 172  1
 176 172  1
 232 172  3
 233 172  2
 234 172  2
 254 172  2
 110 173  2
 133 173  2
 171 173  1
 207 173  1
  13 174  1
  36 174  1
 240 174  2
  22 175  1
  23 175  1
 110 175  2
 277 175  1
  34 176  1
 268 176  1
   7 177  1
  13 177  1
 109 177  2
 235 177  2
 211 179  1
 212 179  1
 263 179  1
 274 179  1
  10 181  1
 113 181  2
 239 181  2
 240 181  2
  33 182  1
  40 182  1
  90 182  2
 143 182  2
 272 182  1
  29 183  1
  42 183  1
  44 183  1
 113 183  2
 214 184  1
 238 184  2
 244 184  2
 182 185  1
  12 186  1
  82 186  2
 119 186  2
 139 186  3
 141 186  2
  73 187  2
 185 187  1
 212 187  1
 237 187  2
 266 187  1
  66 188  2
  67 188  2
  50 189  1
 107 189  2
 109 189  2
 239 189  2
 241 189  2
  15 190  1
 189 190  1
 195 190  1
  74 191  2
 211 191  1
 196 192  1
 203 192  1
 260 193  2
 160 194  1
 171 194  2
 172 194  2
 232 194  2
 116 195  2
 239 195  2
  78 196  2
  79 196  2
 155 197  1
  62 198  1
  63 198  1
 242 198  2
  24 199  1
  58 199  1
 100 199  2
 101 199  2
 151 199  1
 152 199  1
 180 199  2
 115 200  2
 249 200  2
 113 201  2
 123 201  2
 149 201  1
 174 201  1
 259 201  2
  64 202  1
  65 202  1
  76 202  2
 117 202  2
 118 202  2
 157 202  1
 160 202  1
 170 202  1
 190 202  2
 191 202  2
 220 202  2
 234 202  2
 199 203  2
 259 203  2
 230 204  2
  31 205  1
 103 205  2
 133 205  1
 267 205  1
  58 206  1
  59 206  1
  82 206  2
 140 206  1
  63 207  1
  64 207  1
 103 207  2
 190 207  2
 200 207  2
 227 207  1
 140 208  1
 149 208  1
 238 208  2
  36 209  1
 143 209  1
 165 209  1
 202 209  2
 214 209  2
  38 210  1
  55 210  1
 171 210  1
 230 210  1
 106 211  2
 133 211  1
 137 211  1
 138 211  1
 178 211  2
  60 212  1
  92 212  2
 148 212  1
 149 212  1
 232 212  1
 233 212  1
  42 213  1
  52 213  1
 228 213  1
 135 214  1
 148 215  1
 205 215  2
  94 216  1
 139 216  1
 201 216  2
 260 216  1
  47 217  1
 142 217  1
 234 217  1
  57 218  1
  58 218  1
  50 219  1
 151 219  1
 157 219  1
 159 219  1
 180 219  2
 227 219  1
 213 220  2
  53 221  1
  89 222  1
  90 222  1
  91 222  1
 140 222  1
 230 222  1
 238 222  1
 239 222  1
 256 222  1
  80 223  2
  83 223  2
  84 223  2
 160 223  1
 195 223  2
  56 224  1
  57 224  1
  77 225  2
  97 225  1
 165 225  1
 166 225  1
  60 226  1
  62 226  1
  85 226  2
  92 226  1
 138 226  1
 233 226  1
 101 227  1
  80 229  1
  94 229  1
  95 229  1
 219 229  1
 242 229  1
  83 230  1
  84 230  1
 141 230  1
 142 230  1
 154 230  1
 215 230  1
  72 231  1
  74 231  1
 228 231  1
 229 231  1
 246 231  1
 119 232  1
 150 232  1
 223 232  1
 237 232  1
  79 233  1
  95 233  1
 136 233  1
 211 233  1
 213 233  1
 107 235  2
 208 235  1
 213 235  1
  83 236  1
  85 236  1
 102 236  1
 140 236  1
 149 236  1
 150 236  1
 172 236  1
 119 238  1
 168 238  1
 209 238  1
 237 239  1
 113 240  1
 114 240  1
 148 240  1
 149 240  1
 102 241  1
 103 241  1
 119 241  1
 132 241  1
 153 241  1
 154 241  1
 235 241  1
 106 242  1
 212 242  1
 135 243  1
 153 243  1
 219 243  1
 153 245  1
 154 245  1
 227 245  1
 228 245  1
 214 246  1
 223 246  1
 219 248  1
 220 248  1
 221 248  1
 148 249  1
 154 250  1
 206 253  1
 201 255  1


count = 958