 142   1  1
 143   1  1
 153   1  1
 176   3  1
 153   7  1
 191   7  1
 193   7  1
 103   8  1
 159   8  1
 171   9  1
  98  10  1
 131  10  1
 154  10  1
 176  10  1
  96  11  1
 120  11  1
 125  11  2
 126  11  2
 202  11  1
 204  11  1
 114  13  1
 178  13  1
  90  14  1
  91  14  1
 108  14  1
 130  14  1
 131  14  1
 157  15  1
 158  15  1
 178  15  1
 212  15  1
  86  16  1
  87  16  1
  88  16  1
 103  16  1
 187  16  1
 114  17  1
 115  17  1
 152  17  1
 203  19  2
 217  19  1
  97  20  1
 182  20  1
  71  21  1
 102  21  2
 103  21  1
 106  21  1
 128  21  1
 129  21  1
 199  21  2
 219  21  1
  93  22  1
 194  22  2
 209  22  1
  66  23  1
 222  23  1
  84  24  1
  85  24  1
 108  24  1
 120  24  1
 121  24  1
 203  25  2
 207  25  1
 121  26  1
 214  26  2
  92  27  1
 228  27  1
  59  28  1
  79  28  1
  86  28  1
 121  28  1
 122  28  1
 135  28  2
 189  28  1
 199  28  2
 231  29  1
  86  30  1
 128  30  1
 204  30  1
 206  30  1
  54  31  1
 110  31  1
 195  31  2
  51  33  1
 112  33  1
 117  33  1
 118  33  1
 180  33  1
 236  33  1
 141  34  2
 118  35  1
 123  35  1
 128  35  1
 129  35  1
 168  35  1
 238  35  1
  46  36  1
 175  36  1
 191  36  1
  78  37  1
 103  37  2
 104  37  2
 204  37  1
  71  39  1
  78  39  1
 118  39  1
 166  39  2
 186  39  1
  76  40  1
 181  40  1
 182  40  1
 190  40  1
 243  40  1
  86  41  1
 107  41  2
 124  41  1
 125  41  1
 130  41  1
  91  42  1
 120  42  1
  37  43  1
 104  43  2
 138  43  2
 199  43  1
 225  43  2
 245  43  1
  71  44  1
 122  44  1
 155  44  1
 160  44  1
  34  45  1
  75  45  1
  76  45  1
  81  45  1
 165  45  1
 180  45  1
 230  45  2
  56  46  1
  57  46  1
  61  46  1
 127  46  1
 198  46  1
 199  46  1
  32  47  1
  89  47  1
 160  47  1
 224  47  2
 104  48  2
 132  48  1
 184  48  1
  98  49  2
 155  49  1
  59  50  1
  60  50  1
  92  50  1
  93  50  1
 192  50  1
  65  51  1
  81  51  1
 136  51  1
 154  51  1
 168  51  1
 207  51  1
  77  52  1
 117  52  1
 145  52  2
 149  52  2
 172  52  1
 173  52  1
 255  52  1
  34  53  1
 155  53  1
 184  53  1
 197  53  1
  40  54  1
  49  54  1
  57  55  1
  92  55  2
  94  55  2
 151  55  2
 162  55  1
 191  55  1
 235  55  1
  23  56  1
 102  56  2
 132  56  1
 187  56  1
  30  57  2
  98  57  2
 156  57  1
 228  57  1
  21  58  1
 160  58  1
 171  58  1
 172  58  1
 221  58  1
  39  59  1
 231  59  1
 250  59  2
 153  60  1
 160  60  1
 161  60  1
  19  61  1
 187  61  1
 250  61  2
 260  61  1
 261  61  1
  57  62  1
 114  62  2
 115  62  2
 133  62  1
 212  62  1
  45  63  1
 139  63  1
 190  63  1
 192  63  1
 249  63  2
 250  63  2
 161  64  1
 162  64  1
 240  64  1
 261  64  1
 262  64  1
 141  65  1
  15  66  1
  35  66  2
  36  66  2
 146  66  1
 164  66  1
 156  67  1
 168  67  1
  40  68  1
 151  68  1
 182  68  1
 190  68  1
  61  69  1
  62  69  1
 263  69  1
 264  69  1
 134  70  2
  12  71  1
 124  71  2
 154  71  1
  62  72  1
  76  72  3
 137  72  2
 181  72  1
 185  72  1
 243  72  1
 264  72  1
 265  72  1
  25  73  2
  41  73  1
  66  73  1
  72  73  1
  49  74  1
  62  74  1
  64  74  1
 148  74  1
 212  74  1
   9  75  1
 121  75  2
 218  75  1
 219  75  1
  82  76  1
 124  76  2
 134  76  1
 147  76  1
 148  76  1
 221  76  1
  29  77  1
  30  77  1
 139  77  1
 153  77  1
 207  77  1
 208  77  1
  16  78  1
  58  78  1
  83  78  1
 229  78  1
 245  78  1
 124  79  2
 130  79  1
 190  79  1
  18  80  1
  19  80  1
 157  80  1
 203  80  1
 245  80  1
  38  81  1
 122  81  2
 135  81  1
 140  81  1
 153  81  1
 200  81  1
 267  81  1
  26  82  1
  27  82  1
 145  82  2
 163  82  1
 185  82  2
 234  82  1
   6  83  1
   7  83  1
  34  83  1
 172  83  1
 200  83  1
 240  83  1
  22  84  1
  93  84  1
 159  84  1
 160  84  1
 179  84  1
 180  84  1
 187  84  2
 189  84  2
 217  84  1
 231  84  1
 249  84  1
  29  85  1
  34  85  1
 165  85  1
 199  85  1
   5  86  1
   6  86  1
  18  86  1
 159  86  1
 261  86  2
 270  86  1
  95  87  1
 141  87  2
 142  87  2
 215  87  1
 221  87  1
   5  88  1
  12  88  1
 164  88  1
 171  88  1
 172  88  1
 184  88  2
 185  88  2
 272  88  1
  14  89  1
  50  89  1
  96  89  1
   4  90  1
   5  90  1
  60  90  2
 168  90  1
 177  90  1
 264  90  1
 273  90  1
  76  91  1
 119  91  1
 121  91  1
 226  91  1
 227  91  1
  44  92  1
 101  92  1
 155  92  1
 175  92  1
 240  92  1
 114  93  1
 165  93  1
 200  93  1
 201  93  1
 242  93  1
  10  94  1
  13  94  1
 183  94  2
  40  95  1
 255  95  1
   3  96  1
   4  96  1
  26  96  1
  27  96  1
 108  96  1
 276  96  1
 277  96  1
  35  97  1
  36  97  1
  71  97  1
  73  97  1
  75  97  1
 113  97  1
 138  97  1
 147  97  1
 165  97  1
 195  97  2
 211  97  1
  50  98  2
 131  98  1
 190  98  2
 242  98  1
  24  99  1
 116  99  1
 136  99  1
 163  99  1
 204  99  1
 253  99  1
 271  99  1
  13 100  1
  56 100  2
  88 100  1
 158 100  1
 175 100  2
 176 100  2
 188 100  2
  33 101  2
 120 101  1
 122 101  1
 218 101  1
 239 101  1
 253 101  1
 260 101  1
  41 102  2
 193 102  1
 262 102  2
 264 102  2
   9 103  1
  10 103  1
  37 103  2
  90 103  1
 101 103  2
 102 103  2
 248 103  1
 278 103  1
 279 103  1
  70 104  1
  71 104  1
 156 104  1
 179 104  2
 211 104  1
 273 104  1
  86 105  2
 107 105  1
 108 105  1
 129 105  1
 206 105  1
 260 105  1
 267 105  2
 268 105  2
 161 106  2
 243 106  1
 254 106  1
  14 107  1
  18 107  1
  31 107  2
  32 107  2
  90 107  2
 116 107  2
 139 107  1
 147 107  1
 149 107  1
 182 107  2
 252 107  1
  35 108  2
  76 108  2
  95 108  2
 201 108  1
 203 108  1
 234 108  1
 235 108  1
  83 109  2
 102 109  1
 144 109  1
 218 109  1
 271 109  1
   1 110  1
   8 110  1
  21 110  1
  23 110  1
 188 110  1
 193 110  1
 210 110  1
  28 111  2
  90 111  2
 110 111  1
 205 111  1
 206 111  1
 252 111  1
  75 112  1
 215 112  1
 216 112  1
 241 112  1
  63 113  1
  83 113  1
 101 113  1
 105 113  1
 163 113  2
 212 113  1
 225 113  2
  14 114  1
 136 114  2
 156 114  2
 202 114  1
 203 114  1
   8 115  1
  16 115  1
  62 115  1
 168 115  2
 188 115  1
 233 115  1
 234 115  1
 238 115  1
 244 115  1
 271 115  1
  52 116  1
  92 116  1
 100 116  1
 164 116  2
 223 116  2
 260 116  1
  71 117  1
  72 117  1
 102 117  1
  28 118  2
  29 118  2
 184 118  1
 190 118  1
 243 118  1
 255 118  1
 264 118  1
 265 118  1
  66 119  1
  86 119  1
 206 119  1
 207 119  1
 232 119  1
  92 120  1
 110 120  2
 114 120  2
 140 120  1
 160 120  1
 191 120  1
 212 120  1
 214 120  1
 242 120  1
 265 120  1
  61 121  1
 124 121  1
 125 121  1
 178 121  1
 203 121  1
 248 121  1
 261 121  1
   1 122  1
   6 122  1
 175 122  1
 215 122  1
  37 123  2
  38 123  2
  59 123  1
 186 123  1
 187 123  1
 224 123  2
 229 123  1
  29 124  1
 104 124  1
 109 124  1
 117 124  2
 129 124  1
 148 124  1
 150 124  1
 182 124  1
 191 124  1
 207 124  1
 211 124  1
 239 124  1
 240 124  1
 252 124  1
   1 125  1
   2 125  1
  94 125  1
 224 125  2
 258 125  1
 271 125  1
 273 125  1
 274 125  1
  47 126  1
  49 126  1
  76 126  1
  86 126  1
  98 126  1
 138 126  1
 250 126  1
  25 127  1
  38 127  2
  39 127  2
 152 127  1
 153 127  1
 159 127  1
 169 127  1
 266 127  1
 267 127  1
   9 128  1
  21 128  1
  22 128  1
  43 128  1
  69 128  1
 111 128  1
 138 128  1
 205 128  1
  11 129  1
  55 129  4
  66 129  1
  80 129  1
  86 129  1
  98 129  1
 104 129  1
 165 129  1
 215 129  1
 224 129  1
 253 129  1
 263 129  1
  61 130  1
  92 130  1
 130 130  1
 244 130  1
  14 131  1
  32 131  1
  43 131  1
 148 131  1
 165 131  1
 231 131  1
 233 131  1
 235 131  1
   8 132  1
  23 132  1
  37 132  2
  38 132  2
  39 132  2
  48 132  1
 191 132  1
 207 132  1
 211 132  1
  70 133  1
  76 133  1
 174 133  1
 181 133  1
 204 133  1
 245 133  1
 263 133  1
   1 134  1
   2 134  1
 133 134  1
 151 134  1
 198 134  1
 213 134  1
 230 134  1
  12 135  1
  33 135  2
  80 135  2
  96 135  1
 123 135  1
 146 135  1
 169 135  1
 221 135  1
  65 136  1
 134 136  1
 239 136  1
 272 136  1
 273 136  1
   8 137  1
   9 137  1
  39 137  2
  93 137  1
 170 137  1
 216 137  1
 237 137  1
 111 138  1
 232 138  1
 242 138  1
 244 138  1
  13 139  1
 202 139  1
 113 140  1
 144 140  1
 212 140  1
 231 140  1
  23 141  2
  37 141  1
  70 141  1
  80 141  1
  82 141  1
  90 141  1
 166 141  2
 210 141  1
   1 142  1
   2 142  1
 124 142  1
 231 142  1
 238 142  1
 102 143  2
 203 143  1
  41 144  1
 129 144  1
 162 144  2
 238 144  1
  19 145  1
  32 145  1
  78 145  2
 152 145  1
 207 145  1
 221 145  1
 281 145  1
 282 145  1
  37 146  1
  72 146  2
  88 146  1
  97 146  2
 122 146  1
  75 147  2
 101 147  1
  84 148  2
 103 148  1
 104 148  1
 116 148  1
 118 148  1
 157 148  1
 158 148  1
 162 148  2
 282 148  1
 283 148  1
  12 149  1
  13 149  1
  75 149  2
  90 149  1
  92 149  1
 148 149  1
 168 149  2
 205 149  1
 245 149  1
 247 149  1
  18 150  1
 136 150  1
 141 150  1
 178 150  2
 268 150  2
  74 151  2
 107 151  3
 131 151  1
 200 151  1
 226 151  1
 227 151  1
  96 152  2
 118 152  1
 119 152  1
 159 152  1
 165 152  2
 185 152  2
 242 152  1
  23 153  1
  80 153  2
  82 153  2
 123 153  1
 200 153  1
  39 154  1
 104 154  1
 105 154  1
 205 154  1
 268 154  2
 161 155  1
 247 155  1
 101 156  1
 128 156  1
 144 156  1
 145 156  1
 190 156  1
 191 156  1
 196 156  1
 233 156  1
 242 156  1
 252 156  1
  66 157  1
 109 157  1
 166 157  1
 167 157  1
 207 157  1
 208 157  1
  30 158  1
 131 158  1
 154 158  1
 200 158  1
 212 158  1
  26 159  1
 108 159  1
 140 159  1
 162 159  1
 235 159  1
 236 159  1
 253 159  1
 269 159  1
 282 159  1
 283 159  1
 142 160  1
 226 160  1
  72 161  1
 162 161  1
 264 161  2
 270 161  1
 276 161  1
  34 162  1
 104 162  1
 145 162  1
 167 162  1
 208 162  1
  23 163  1
  31 163  1
  74 163  1
 127 163  1
 246 163  1
 247 163  1
 199 164  1
 111 165  2
 122 165  1
 133 165  1
 135 165  1
 154 165  1
 156 165  1
  81 166  1
  86 166  2
 124 166  1
 142 166  1
 173 166  1
 257 166  2
 258 166  2
  15 167  1
  20 167  1
  22 167  1
 161 167  1
 163 167  1
 127 168  1
 150 168  1
 176 168  1
 235 168  1
  26 169  1
  39 169  2
  74 169  1
  77 169  1
  82 169  1
 167 169  1
  31 170  1
 138 170  1
 247 170  1
 248 170  1
 256 170  1
  71 171  1
  72 171  1
 154 171  1
 205 171  1
 239 171  1
 278 171  1
 279 171  1
  85 172  2
 134 172  1
 171 172  1
 177 172  1
 251 172  1
  14 173  1
  20 173  1
  35 173  1
 173 173  1
 266 173  1
  67 174  1
  83 174  2
 236 174  1
   8 175  1
  43 175  2
  89 175  2
 155 175  1
 207 175  1
 204 176  1
 205 176  1
 267 176  1
  26 177  1
  27 177  1
 106 177  2
 107 177  2
 252 177  1
  10 178  1
  18 178  1
  30 178  1
  37 178  1
  47 178  1
  52 178  1
 112 178  2
 121 178  2
 231 178  1
 232 178  1
 275 178  1
 276 178  1
  23 179  1
 194 180  1
 195 180  1
 206 180  1
 210 180  1
 211 180  1
 274 180  1
  44 181  1
 245 181  1
  35 182  1
  79 182  2
  80 182  2
 126 182  1
 130 182  1
 247 182  1
 248 182  1
 249 182  1
  32 183  1
  42 183  1
  62 183  1
 106 183  2
 110 183  2
 113 183  2
 115 183  2
 198 183  1
  14 184  1
  25 184  1
 223 184  1
 224 184  1
  40 185  1
  51 185  1
 254 185  2
 125 186  1
 257 186  2
 270 186  1
  16 187  1
  68 187  1
 154 187  1
 164 187  1
  27 188  1
 200 188  3
  69 189  1
 116 189  2
 167 189  1
 207 189  1
 228 189  1
  18 190  1
 121 190  1
 134 191  2
 255 191  2
 267 191  1
  47 192  1
  58 192  2
  82 192  1
  83 192  1
 119 192  1
 245 192  1
  77 193  1
 107 193  2
 113 193  1
 138 193  2
 147 193  2
 150 193  1
 154 193  1
 228 193  1
  21 194  1
  37 194  1
  38 194  1
  67 195  1
  74 195  1
  85 195  1
 211 195  1
  44 196  1
 176 196  1
 177 196  1
 249 196  2
 250 196  2
 251 196  2
 265 196  1
 266 196  1
  49 197  2
 113 197  1
 180 197  1
 229 197  1
 230 197  1
  42 198  1
  69 198  1
 115 198  1
 148 198  2
 170 198  1
 251 198  2
  25 199  1
  59 199  2
  85 199  1
 208 199  1
 244 199  1
  38 200  1
  87 200  1
 109 200  2
 164 200  4
 166 200  1
 167 200  1
 248 200  2
 252 200  2
  42 201  1
 157 201  2
 209 201  1
 264 201  1
 173 202  1
 223 202  1
  90 203  1
  91 203  1
  92 203  1
  68 204  1
  96 204  1
 211 204  1
 213 204  1
  85 205  1
 158 205  2
  44 206  2
  45 206  2
 181 206  2
 182 206  2
 210 206  1
 218 206  1
 229 206  1
  98 207  1
 158 207  2
 248 207  1
 108 208  1
 109 208  1
 110 208  1
 220 208  1
 260 208  1
  83 209  1
 104 209  1
 105 209  1
 235 209  1
  88 210  1
 154 210  2
 155 210  2
 157 210  2
 203 210  1
 241 210  1
 249 210  1
  66 211  2
 189 211  1
 190 211  1
 209 211  1
 210 211  1
 211 211  1
  86 212  1
  39 213  1
 113 213  1
 170 213  1
 231 213  1
 232 213  1
 233 213  1
  53 214  2
 215 214  1
 226 214  1
 255 214  1
  41 215  1
  57 215  2
 104 215  1
 118 215  1
 158 215  2
 165 215  1
  93 216  1
 160 216  2
 161 216  2
 148 217  1
 166 217  1
 167 217  1
 183 217  2
  46 218  1
  98 218  1
 174 218  1
 178 219  2
 207 219  1
 219 219  1
 220 219  1
  85 220  1
 123 220  1
 131 220  2
 132 220  2
 151 220  1
 173 220  1
 193 220  1
 195 220  1
 199 220  1
  51 221  1
 157 221  2
 161 221  2
 182 221  2
 197 221  1
 226 221  1
 234 221  1
 237 221  1
 238 221  1
 248 221  1
 133 222  2
 177 222  2
 188 222  2
 230 222  1
  91 223  1
  92 223  1
 154 223  2
 161 223  2
 184 223  2
 202 223  1
 219 223  1
 245 223  1
  55 224  1
  83 224  1
  84 224  1
 148 224  1
 205 224  1
 154 225  2
 160 225  2
 161 225  2
 166 225  1
 167 225  1
 217 225  1
 243 225  1
  57 226  1
 134 226  1
 177 226  1
 178 226  1
  71 227  1
  79 227  1
 119 227  1
 120 227  1
 190 227  1
 240 227  1
  60 228  1
  94 228  1
 130 228  1
 143 228  2
 157 228  2
 198 228  1
  62 229  1
  86 229  1
  88 229  1
 204 229  1
 238 229  1
 110 230  1
 111 230  1
 151 230  2
  64 231  1
 177 231  1
 178 231  1
 110 232  1
 121 232  1
 124 232  1
 140 232  2
 145 232  1
 234 232  1
  90 233  1
  92 233  1
 109 234  1
 110 234  1
 134 234  1
 135 234  1
 162 234  1
 185 234  1
 144 235  1
 176 235  1
 230 235  1
 228 236  1
  75 237  1
 140 237  1
 162 237  1
 178 237  1
 117 238  1
 195 238  1
 211 238  2
 225 238  1
 104 239  1
 106 239  1
 152 239  2
  85 240  1
 128 240  1
 145 240  1
 173 240  1
  87 241  1
  89 241  1
 130 241  1
 131 241  1
 138 241  1
 202 241  1
  97 243  1
 116 243  1
 130 243  1
 102 245  1
 121 245  1
 122 245  1
 135 245  1
 152 245  1
 174 245  1
 188 245  1
 143 246  1
 213 246  1
 109 247  1
 132 247  1
 208 247  1
 205 248  1
 155 249  1
 203 249  1
 119 250  1
 122 251  1
 157 251  1
 125 252  1
 150 252  1
 190 253  1


count = 1207