 144   1  1
 145   1  1
 162   1  1
 176   3  1
 178   3  1
 132   4  1
 182   5  1
 183   5  1
 127   6  1
 122   8  1
 187   8  1
 120   9  1
 141   9  2
 116  11  1
 117  11  1
 194  12  1
 113  13  1
 201  15  1
 108  17  1
 117  17  1
 118  17  1
 206  18  1
 103  19  1
 104  19  1
 105  19  1
 120  19  1
 212  21  1
 131  22  1
 132  22  1
 215  23  1
 110  24  1
  80  25  1
  81  25  1
 124  25  1
 104  26  1
 130  27  1
 131  27  1
 136  27  1
  74  28  1
  75  28  1
  76  28  1
 175  29  2
 124  31  1
 125  31  1
 199  31  2
  53  32  1
  61  32  1
 192  32  2
 141  33  1
 194  33  2
 202  33  2
  49  34  1
  50  34  1
 111  35  1
 125  35  1
 129  35  1
 141  35  1
 228  35  1
  73  36  1
  74  36  1
 178  36  1
  98  37  2
 102  37  2
 141  37  1
 205  37  2
 230  37  1
  45  38  1
 123  38  2
 124  38  1
 193  38  2
 195  38  2
 205  39  2
  89  40  1
 129  40  1
 202  40  2
 235  40  1
  41  41  1
  93  41  1
  94  41  1
  98  41  2
  99  41  2
 180  41  1
  57  42  2
  64  42  2
 117  42  1
 118  42  1
  38  43  1
 239  43  1
 241  43  1
  85  44  1
 112  44  1
 113  44  1
 188  44  1
 206  44  2
 220  44  2
 244  44  1
  35  45  1
  50  45  2
 127  45  1
 133  45  1
  61  46  2
  74  46  2
  85  46  1
  90  46  1
 180  46  1
 181  46  1
 248  46  1
  33  47  1
 170  47  2
 228  47  2
  41  48  2
  42  48  2
  84  48  1
  85  48  1
 121  48  1
 183  48  1
 214  48  2
 215  48  2
 219  48  2
 164  49  2
 107  50  2
 149  50  1
 155  50  2
 169  50  2
 173  50  1
 174  50  1
 201  50  2
 202  50  2
 216  50  2
  89  51  1
  90  51  1
  95  51  1
 117  51  1
 118  51  1
 119  51  1
 188  51  1
 126  52  1
 141  52  1
 105  53  2
 232  53  1
 246  53  1
 121  54  1
 122  54  1
 123  54  1
 124  54  1
 135  54  1
 151  54  1
 156  54  1
 157  54  1
 171  54  1
 193  54  2
 226  54  1
 206  55  1
 210  55  1
 232  55  1
 257  55  1
 244  56  1
 139  57  1
 146  57  1
 147  57  1
 101  58  1
 112  58  1
 117  58  1
 155  58  1
 213  58  1
 115  59  1
 157  59  1
 222  59  1
 229  59  1
 239  59  1
  62  60  2
  85  60  1
  86  60  1
 103  60  1
 137  60  1
  94  61  1
 123  61  1
 159  61  1
 182  61  1
 187  61  1
 236  61  1
 259  61  1
 260  61  1
  80  62  1
  97  62  1
 110  62  2
 120  62  1
 153  62  1
 202  62  1
 203  62  1
 228  62  1
 229  62  1
  89  63  1
 218  63  1
 120  64  1
 138  64  1
 164  64  1
 170  64  1
 212  64  1
 213  64  1
  15  65  1
 114  65  1
 180  65  1
 200  65  1
  33  66  2
  67  66  1
  76  66  1
 104  66  1
 131  66  1
 177  66  1
 236  66  1
  63  67  2
  84  67  1
 200  67  1
  13  68  1
  97  68  1
 110  68  2
 111  68  1
 209  68  1
 231  68  1
 263  68  1
 125  69  1
 154  69  1
 158  69  1
  28  70  3
  32  70  1
  59  70  2
  70  70  1
  71  70  1
 209  70  1
 238  70  1
 239  70  1
 255  70  2
 256  70  2
 106  71  1
 142  71  1
 101  72  1
 119  72  1
 186  72  1
 266  72  1
  45  73  2
  94  73  1
  95  73  1
  96  73  1
 144  73  1
 192  73  1
  29  74  1
  88  74  1
  92  74  1
 109  74  1
 112  74  1
 113  74  1
 153  74  1
 217  74  1
 244  74  1
 245  74  1
  45  75  2
  47  75  2
  52  75  2
  69  75  1
 116  75  1
 211  75  1
 251  75  2
 252  75  2
 260  75  1
  42  76  2
  43  76  2
  73  76  1
 214  76  1
  24  77  2
  25  77  2
  27  77  1
  29  77  1
  88  77  1
 104  77  1
 185  77  1
 256  77  1
 257  77  1
   8  78  1
  74  78  1
  84  78  1
 150  78  1
 157  78  1
 214  78  1
 270  78  1
  68  79  1
 165  79  1
 218  79  1
 230  79  2
 231  79  2
   6  80  1
  62  80  1
  63  80  1
 171  80  1
 173  80  1
 182  80  1
 208  80  1
  12  81  1
  65  81  1
 178  81  2
 246  81  1
  87  82  1
 149  82  1
  70  83  1
  96  83  1
 102  83  1
 146  83  1
 213  83  1
 227  83  1
  64  84  1
  94  84  1
 151  84  1
 206  84  1
   4  85  1
   5  85  1
  69  85  1
  91  85  1
 197  85  1
 273  85  1
  58  86  1
 154  86  1
 162  86  1
 180  86  3
 190  86  1
 191  86  1
 226  86  1
  14  87  1
  15  87  1
 143  87  1
 170  87  1
 171  87  1
  80  88  2
 135  88  1
 136  88  1
 203  88  1
 204  88  1
 260  88  1
  90  89  1
  91  89  1
 133  89  1
 207  89  1
 249  89  1
   2  90  1
   3  90  1
  29  90  1
 141  90  1
 183  90  1
 185  90  1
 197  90  1
 198  90  1
 222  90  1
 237  90  1
 238  90  1
  73  91  1
 212  91  1
 267  91  1
 268  91  1
 131  92  1
 139  92  1
 160  92  1
 168  92  1
 227  92  1
  19  93  1
  25  93  1
  86  93  1
 215  93  1
 219  93  1
 245  93  2
 247  93  1
 151  94  1
 158  94  1
 236  94  1
 279  94  1
 147  95  1
 170  95  1
 180  95  1
 182  95  1
 208  95  1
 258  95  1
  33  96  1
  80  96  1
 135  96  1
 155  96  1
 156  96  1
 187  96  1
 249  96  1
 260  96  1
  84  97  1
 104  97  1
 109  97  1
 189  97  1
 268  97  1
  86  98  1
  91  98  1
 100  98  1
 101  98  1
 129  98  1
 131  98  1
 145  98  1
 146  98  1
 211  98  1
 245  98  1
 252  98  1
 253  98  1
 261  98  1
   1  99  1
 116  99  1
  75 100  1
  92 100  1
 135 100  1
 177 100  1
 181 100  1
 182 100  1
 184 100  1
 216 100  1
 246 100  1
 256 100  1
  36 101  1
 152 101  2
 248 101  1
 270 101  1
  88 102  2
 140 102  2
 174 102  1
 176 102  1
 217 102  1
 218 102  1
 237 102  1
 120 103  1
 127 103  1
 171 103  1
 226 103  1
 243 103  2
  50 104  1
  75 104  1
 125 104  1
 209 104  3
 230 104  1
 264 104  1
  11 105  1
 122 105  1
 171 105  1
 199 105  1
 200 105  1
 277 105  1
  42 106  1
  54 106  1
  82 106  1
  93 106  2
 145 106  2
 197 106  1
 251 106  1
  11 107  1
  47 107  1
  77 107  1
 100 107  2
 213 107  1
 214 107  1
 235 107  1
 114 108  1
 115 108  1
 189 108  1
  11 109  1
  20 109  1
  26 109  1
 100 109  2
 118 109  1
 119 109  1
 120 109  1
 239 109  1
 273 109  1
   8 110  1
   9 110  1
  55 110  1
 140 110  2
 141 110  2
 233 110  1
 247 110  1
  25 111  1
 100 111  2
 181 111  1
 182 111  1
 241 111  1
 255 111  1
 256 111  1
 113 112  2
 226 112  4
 228 112  1
 215 113  1
 234 113  1
 235 113  1
 250 113  1
 264 113  1
  53 114  1
 171 114  1
 186 114  1
 190 114  1
 217 114  1
 219 114  1
  11 115  2
  12 115  2
  20 115  1
  88 115  1
 120 115  2
 175 115  1
 242 115  1
   1 116  1
 131 116  2
 253 116  1
   6 117  1
   7 117  1
  15 117  1
 193 117  1
 246 117  1
 259 117  1
 260 117  1
 265 117  1
 238 118  1
  51 119  1
  69 119  1
 177 119  1
 189 119  1
 196 119  1
 197 119  1
 198 119  1
  60 120  1
 104 120  1
 221 120  1
  10 121  1
  56 121  1
  58 121  1
  99 121  1
 184 121  1
 185 121  1
 186 121  1
 200 121  1
 201 121  1
  48 122  1
  71 122  1
 116 122  1
 254 122  1
  56 123  1
 164 123  1
 165 123  1
  13 124  1
  96 124  1
  97 124  1
 188 124  1
 189 124  1
 202 124  1
 232 124  2
 266 124  1
  56 125  1
 123 125  1
 244 125  1
  49 126  1
  59 126  1
 108 126  1
 119 126  1
 175 126  1
 176 126  1
  12 127  1
  99 127  1
 153 127  1
 170 127  1
 211 127  1
 212 127  1
 255 127  1
  71 128  1
 147 128  1
 164 128  1
 190 128  1
 191 128  1
 200 128  1
 206 128  1
 216 128  1
 222 128  1
 248 128  1
  21 129  1
  61 129  1
  68 129  1
 131 129  1
 179 129  1
 185 129  1
 196 129  1
 241 129  1
 243 129  1
   4 130  1
  30 130  1
 124 130  1
 207 130  2
 239 130  1
  16 131  1
  17 131  1
  59 131  1
 236 131  1
 265 131  1
   9 132  1
  11 132  1
 107 132  2
 108 132  2
 179 132  1
 190 132  1
 217 132  1
  34 133  1
 119 133  1
 120 133  1
 130 133  1
 155 133  1
 164 133  1
 186 133  1
 187 133  1
 213 133  1
 254 133  1
 123 134  1
 124 134  1
 136 134  1
 174 134  1
 182 134  1
 192 134  1
 275 134  1
  42 135  1
  65 135  1
 118 135  1
 170 135  1
 228 135  1
 240 135  1
 142 136  1
 200 136  1
 220 136  1
 221 136  1
 253 136  1
  13 137  1
  33 137  1
  39 137  1
  61 137  1
  74 137  1
 101 137  1
 165 137  1
 178 137  1
 245 137  1
 266 137  1
 115 138  1
 122 138  1
 189 138  1
 278 138  1
  10 139  1
  71 139  1
  80 139  1
  86 139  1
 168 139  1
 185 139  1
  16 140  1
  19 140  1
  54 140  1
  96 140  1
  97 140  1
 119 140  1
 178 140  1
   8 141  1
 172 141  1
 183 141  1
 220 141  1
 241 141  2
   4 142  1
   5 142  1
  32 142  1
  33 142  1
 126 142  1
 132 142  1
 140 142  1
 217 142  1
 218 142  1
 234 142  2
 235 142  2
  21 143  1
  26 143  1
  49 143  1
  57 143  1
  82 143  2
  83 143  2
  84 143  2
 104 143  1
 105 143  1
 115 143  1
 148 143  1
 196 143  1
 208 143  1
  65 144  1
  91 144  1
 165 144  2
 166 144  2
 175 144  1
 180 144  1
 194 144  1
 215 144  1
 247 144  2
  98 145  1
 110 145  1
 150 145  1
 270 145  1
 282 145  1
 283 145  1
   1 146  1
  14 146  2
  96 146  1
 189 146  1
 191 146  1
 222 146  1
 237 146  1
 249 146  2
  45 147  1
  46 147  1
 152 147  1
 204 147  1
  50 148  1
  60 148  1
  62 148  1
  65 148  1
 172 148  1
 228 148  1
 266 148  2
 267 148  2
  34 149  2
 122 149  1
 219 149  1
 234 149  1
 235 149  1
  12 150  1
  14 150  1
  55 150  1
  84 150  1
 110 150  1
 111 150  1
 200 150  1
  44 151  1
  74 151  2
 271 151  1
  31 152  1
 100 152  1
 104 152  1
 162 152  2
 172 152  1
 173 152  1
 241 152  1
 260 152  1
 264 152  1
 269 152  1
  35 153  2
  56 153  1
  80 153  1
  81 153  1
 120 153  1
 158 153  1
 185 153  1
 192 153  1
 262 153  1
  89 154  1
 114 154  1
 116 154  1
 136 154  2
 156 154  1
 175 154  1
 197 154  1
 198 154  1
 254 154  1
  14 155  1
  48 155  1
  64 155  1
  65 155  1
 178 155  1
 179 155  1
 180 155  1
 233 155  1
 237 155  1
 152 156  1
 153 156  1
 184 156  1
 185 156  1
  29 157  1
  48 157  1
  76 157  1
 128 157  1
 129 157  1
 181 157  1
 203 157  1
 250 157  1
  41 158  1
  81 158  1
  82 158  1
  86 158  1
 102 158  1
 120 158  1
 133 158  1
 248 158  1
  10 159  1
  48 159  1
  52 159  1
  54 159  1
  76 159  1
 139 159  2
 189 159  1
 190 159  1
 193 159  3
 199 159  1
 200 159  1
 205 159  1
 262 159  2
 271 159  2
  20 160  1
  85 160  1
 114 160  2
 116 160  2
 147 160  2
 218 160  1
 223 160  1
 246 160  1
 253 160  1
  35 161  1
  66 161  1
  79 161  1
  98 161  1
 134 161  1
 135 161  1
  22 162  1
  57 162  1
 180 162  1
 181 162  1
 207 162  1
 250 162  1
  44 163  1
  83 163  1
 135 163  1
 154 163  1
 166 164  1
 194 164  1
 203 164  1
 212 164  1
 226 164  1
  61 165  1
 135 165  1
 186 165  1
 244 165  1
 257 165  2
  21 166  1
  22 166  1
 170 166  1
 171 166  1
 196 166  1
 232 166  1
 238 166  1
 261 166  1
 262 166  1
 136 167  1
 149 167  2
 160 167  2
   3 168  1
   4 168  1
  87 168  1
  89 168  1
  94 168  1
  98 168  2
 180 168  1
 272 168  1
 279 168  1
 280 168  1
  61 169  1
  79 169  1
  80 169  1
  81 169  1
  85 169  1
 157 169  2
 185 169  1
 198 169  1
 202 169  1
 234 169  1
 270 169  1
 142 170  1
  69 171  1
  73 171  1
 229 171  1
  63 172  1
 143 172  1
 187 172  1
 192 172  1
 194 172  1
 195 172  1
 258 172  1
 259 172  1
   4 173  1
   5 173  1
 165 173  1
 276 174  1
 146 176  1
 152 176  1
 232 176  1
  23 177  1
  25 177  1
 169 177  1
 170 177  1
 275 177  1
 276 177  1
 127 178  1
 141 178  2
 255 178  1
 190 179  1
 191 179  1
 247 179  1
 265 179  1
  87 180  1
  88 180  1
  98 180  1
 101 180  1
 121 180  1
 125 180  1
 152 180  1
 255 180  1
 274 180  1
 275 180  1
 237 181  1
 252 181  1
  23 182  1
  95 182  1
 151 182  1
 221 182  1
 230 182  1
  39 183  1
  40 183  1
  82 183  1
  84 183  1
 104 183  1
 171 183  1
 240 183  1
 251 183  1
  60 184  1
 153 184  1
 164 184  1
 189 184  1
 190 184  1
 193 184  1
 194 184  1
 216 184  1
  77 185  1
  79 185  1
 100 185  1
 106 185  1
 117 185  1
 130 185  1
 131 185  1
 231 185  1
 273 185  1
  29 186  2
  45 186  1
  46 186  1
  56 186  1
 126 187  1
 137 187  2
 214 187  1
 224 188  1
 247 188  1
   9 189  1
  60 189  1
  74 189  1
  75 189  1
 146 189  1
 175 189  1
 211 189  1
 244 189  1
  53 190  1
 116 190  1
 119 190  1
 131 190  1
 166 190  1
 181 190  1
 186 190  1
 187 190  1
 231 190  1
  46 191  1
 121 191  1
 172 191  1
  58 192  1
 127 192  1
 155 192  1
 182 192  1
 197 192  1
 203 192  1
 243 192  1
  12 193  1
  64 193  1
 211 193  1
  51 194  1
  62 194  1
  68 194  1
 113 194  1
 134 194  1
 150 194  2
 160 194  1
 167 194  1
 268 194  1
  31 195  2
 144 195  2
 209 195  1
  42 196  2
  43 196  2
 113 196  1
 235 196  2
 241 196  1
  15 197  1
  31 197  2
  32 197  2
 144 197  2
 162 197  1
 163 197  1
  42 198  2
  43 198  2
 105 198  1
 107 198  1
 247 198  1
  32 199  2
  74 199  1
  90 199  2
 170 199  2
 264 199  1
  60 200  1
  65 200  1
  95 200  2
 100 200  2
 101 200  2
 117 200  1
  72 201  1
 121 201  1
 122 201  1
 141 201  2
 172 201  2
 179 201  2
 184 201  2
 247 201  1
  31 202  2
 135 202  1
 136 202  1
 137 202  1
 151 202  1
 164 202  1
 165 202  1
 236 202  2
 243 202  1
  21 203  1
 105 203  1
 146 203  1
 183 203  2
 222 203  1
 108 204  1
 109 204  1
 210 204  1
 211 204  1
 216 204  1
 217 204  1
 218 204  1
  23 205  1
  57 205  2
 121 205  1
 125 205  1
 131 205  1
 139 205  1
 161 205  1
 169 205  1
 175 205  1
 208 205  1
  84 206  2
 219 206  1
  26 207  1
  57 207  2
  76 207  2
 105 207  1
 134 207  1
 151 207  1
 159 207  1
 101 208  1
 115 208  1
 185 208  2
  57 209  2
 111 209  1
 112 209  1
 149 209  1
  61 210  2
  67 210  1
  68 210  1
 179 210  1
 209 210  1
 253 210  1
  80 211  2
 107 211  1
 137 211  2
 147 211  1
 187 211  1
 214 211  1
 221 211  1
  99 212  1
 210 212  1
 175 213  1
 186 213  1
 198 213  1
 108 214  1
 109 214  1
 180 214  1
 178 215  1
 186 215  1
 198 215  1
 226 215  1
 227 215  1
 245 215  1
  62 216  1
 128 216  1
 243 216  1
  56 217  1
  73 217  1
  78 217  2
 131 217  1
 132 217  1
 185 217  1
 186 217  1
 207 217  1
 213 217  1
 109 218  1
 110 218  1
 122 218  1
 152 218  1
 172 218  2
 180 218  1
 181 218  1
 199 218  1
 201 218  1
 241 218  1
  73 219  1
 105 219  1
 203 219  1
 205 219  1
 230 219  1
 116 220  1
 181 220  1
 196 220  3
 197 220  1
 226 220  1
 239 220  1
  62 221  1
  91 221  1
  95 221  1
 100 221  1
 128 221  2
  42 222  1
  53 222  1
  54 222  1
 135 222  2
 162 222  1
 224 222  1
 237 222  1
  73 223  1
 164 223  1
  44 224  1
  57 224  1
  85 224  1
  89 224  1
 119 224  1
 120 224  1
 121 224  1
 214 224  1
 215 224  1
 235 224  1
 104 225  1
 114 225  1
 115 225  1
 133 225  2
  98 226  1
 100 226  1
 195 226  1
 213 226  1
 233 226  1
  83 227  1
 102 227  1
 117 227  1
 139 227  2
 145 227  2
 191 227  1
 209 227  1
  51 228  1
 166 229  1
  95 230  1
 129 230  1
 130 230  1
 200 230  1
 228 230  1
  56 231  1
 159 232  1
 193 232  1
  62 233  1
  64 233  1
  94 233  1
 121 233  1
 150 233  1
 151 233  1
 166 233  1
 125 234  1
 176 234  2
 181 234  1
 211 234  1
 133 235  2
 168 235  1
  83 236  1
  84 236  1
  85 236  1
 101 236  2
 135 236  2
 190 236  1
 106 237  2
 107 237  2
 192 238  1
 219 238  1
 148 240  1
 193 240  1
 216 240  1
  93 241  1
  98 241  1
 195 242  1
 108 243  1
 188 243  2
 213 243  1
 110 244  1
 112 244  1
 136 244  2
 137 244  2
 143 244  1
 163 244  1
 207 244  1
 115 245  1
 148 245  1
 155 245  2
 205 245  1
 151 246  1
 152 246  2
 164 246  1
 190 246  2
 120 248  1
 122 248  1
 155 250  2
 156 250  2
 130 251  1
 189 253  1
 190 253  1
 145 254  1
 185 254  1
 183 255  1
 179 256  1


count = 1252