 137   1  1
 138   1  1
 157   1  1
 171   1  1
 172   1  1
 185   1  1
 206   5  1
 207   5  1
 208   5  1
 134   8  1
 174   8  2
 175   8  2
 183   8  1
 108   9  1
 126   9  1
 127   9  1
 158   9  1
 159   9  1
 197   9  1
 214   9  1
 104  11  1
 105  11  1
 106  11  1
 162  11  1
 186  11  1
 188  11  1
 190  11  1
 181  12  2
 182  12  2
 221  12  1
 222  12  1
 223  12  1
 113  13  1
 129  13  1
 130  13  1
 134  13  1
 163  14  1
 177  15  2
 207  15  1
 104  16  1
 128  16  1
 191  16  1
 193  16  1
 217  16  1
 230  16  1
 177  17  2
 195  17  1
  76  18  1
  98  18  1
 161  18  1
 188  18  2
 189  18  2
 200  18  2
 120  19  1
 132  19  2
 137  19  2
 168  19  1
 212  19  1
 221  19  1
 222  19  1
  73  20  1
 189  20  2
 235  20  1
 122  21  1
 123  21  1
 165  21  1
 176  21  1
 207  21  1
 221  21  1
  71  22  1
 237  22  1
  77  23  1
 105  23  1
 221  23  1
  67  24  1
 100  24  1
 113  24  1
 240  24  1
 212  25  1
 115  26  1
 141  26  2
 143  26  2
 165  26  1
 171  26  1
 191  26  1
 219  26  1
  73  27  1
  76  27  1
 102  27  1
  58  28  1
 111  28  1
 244  28  1
  56  30  1
 133  30  1
 159  30  1
 189  30  1
  54  31  1
 105  31  1
 117  31  1
 118  31  1
 207  31  2
 219  31  1
 246  31  1
 109  32  1
 159  32  1
 233  32  2
  52  33  1
 128  33  1
 129  33  1
 137  33  1
 166  33  1
 167  33  1
 200  33  2
 158  34  1
 159  34  1
 218  34  1
  60  35  1
 200  35  2
 233  35  2
 218  36  1
 249  36  1
 250  36  1
 220  37  1
 226  37  2
 230  37  2
  57  38  1
  58  38  1
 141  39  1
 142  39  1
 167  39  1
 184  39  1
 185  39  1
 205  39  2
 206  39  2
 208  39  2
  45  40  1
  65  40  1
 125  40  1
 134  40  1
 157  40  1
 118  41  1
 119  41  1
 193  41  2
 195  41  2
 208  41  2
 237  41  2
 253  41  1
  43  42  1
  51  42  1
 144  42  1
 230  43  2
  54  44  1
 129  44  1
 156  44  1
 157  44  1
 234  44  2
 116  45  1
  40  46  1
 209  46  2
 144  47  1
 162  47  1
 185  47  1
 186  47  1
 257  47  1
 258  47  1
 111  48  1
 136  48  1
 138  48  1
 194  48  2
 195  48  2
  47  49  1
 159  49  5
 171  49  1
 233  49  2
  43  50  1
  44  50  1
 145  51  1
  43  52  1
 261  52  1
  33  53  1
  94  53  2
 107  53  1
 209  53  2
  59  54  1
 101  54  2
 131  54  1
 132  54  1
 161  55  1
 177  55  1
 254  55  1
 263  55  1
  29  56  1
 130  56  1
 131  56  1
 137  56  1
 142  56  1
  59  57  1
  97  57  2
 182  57  1
 183  57  1
  38  58  1
 226  58  2
 136  59  1
 256  60  1
 182  61  1
  23  62  1
  33  62  1
  50  62  1
  51  62  1
  55  62  1
 130  62  1
 177  62  1
 186  62  1
  95  63  2
 100  63  2
 102  63  2
 167  63  1
 266  63  1
 267  63  1
  22  64  1
 104  64  2
 109  64  2
 110  64  2
 129  65  1
 130  65  1
 135  65  1
 174  65  1
 221  65  1
 222  65  1
 255  65  1
 106  66  2
 107  66  2
 226  66  1
  56  67  1
 134  67  1
 166  67  1
 223  67  1
 242  67  1
 251  67  1
 255  67  1
  20  68  1
  52  68  1
 268  68  1
 269  68  1
  64  69  1
 132  69  1
 137  69  1
 157  69  1
 231  69  1
 240  69  1
  58  70  1
 106  70  2
 148  70  1
 153  70  1
  18  71  1
  26  71  1
 167  71  1
 236  71  1
 101  72  2
 106  72  2
 257  72  1
  32  73  1
 141  73  2
 172  73  1
 180  73  2
 252  74  1
  24  75  1
 128  75  1
 261  75  1
  15  76  1
  54  76  1
 132  76  1
 249  76  1
 250  76  1
  32  77  1
  76  77  2
 102  77  2
 264  77  1
  46  78  1
  51  78  1
  98  78  2
 160  78  2
  21  79  1
 102  79  2
 191  79  1
 196  79  1
  20  81  1
 157  81  2
 186  81  1
 244  81  1
 103  82  2
 104  82  2
 217  82  1
 229  82  1
 272  82  1
 106  83  2
 107  83  2
 182  83  1
 183  83  1
 194  83  1
 244  83  1
  49  84  1
 190  84  1
   9  85  1
  10  85  1
  16  85  1
 107  85  2
 155  85  2
 180  85  1
 234  85  1
 244  85  1
 102  86  2
 147  86  2
 149  86  2
 212  86  1
 223  86  2
 275  86  1
 156  87  2
 178  87  1
 243  87  1
 263  87  1
 264  87  1
   8  88  1
   9  88  1
 176  88  1
  15  89  1
  46  89  1
  92  89  1
 146  89  2
 164  89  2
 250  89  1
  53  90  1
  86  90  1
  87  90  1
 174  90  1
 184  90  2
 224  90  2
 244  90  1
 259  90  5
  94  91  1
  95  91  1
 151  91  2
  44  92  1
  56  92  1
 125  92  1
 189  92  1
   6  93  1
   7  93  1
  60  93  1
 102  93  1
  37  94  1
 114  94  1
 230  94  2
 240  94  1
 143  95  1
 151  95  1
 168  95  1
 187  95  1
 244  95  1
   5  96  1
   6  96  1
  25  96  1
 133  96  1
 145  96  1
 156  96  1
 178  96  1
 179  96  1
  85  97  1
 166  97  1
  15  98  1
  92  98  1
 110  98  2
 111  98  1
 136  98  1
 160  98  1
 161  98  1
 211  98  1
 212  98  1
  24  99  2
 172  99  1
 184  99  1
 224  99  2
 247  99  1
  12 100  1
  13 100  1
  82 100  1
 101 100  1
 103 100  1
 228 100  2
   4 101  1
   5 101  1
  35 101  2
 107 101  1
 157 101  1
 170 101  1
 175 101  1
 247 101  1
 166 102  1
  24 103  2
 211 103  1
  84 104  1
 109 104  1
 110 104  1
  64 105  2
  88 105  1
 140 105  1
 150 105  1
 164 105  1
 165 105  1
 180 105  1
 221 105  2
 169 106  2
 170 106  1
 244 106  2
  10 107  2
  11 107  2
 104 107  1
 106 107  1
 107 107  1
 176 107  1
 177 107  1
 213 107  1
 214 107  1
 235 107  2
 114 108  1
 130 108  1
  29 109  2
  30 109  2
  51 109  1
 173 109  1
 135 110  1
 211 110  1
  96 111  1
 144 111  2
 166 111  1
 192 111  1
 193 111  1
 237 111  2
  54 112  1
  55 112  1
 201 112  1
  26 113  2
  49 113  1
 144 113  2
 233 113  2
 106 114  1
 107 114  1
  99 115  1
 135 115  1
 136 115  1
 163 115  1
  25 116  2
  48 116  1
  84 116  2
 109 116  1
 152 116  2
 205 116  1
 207 116  1
 209 116  1
  31 117  1
 102 117  1
 112 117  1
 157 117  1
 158 117  1
 197 117  1
 259 117  2
  25 118  2
 235 118  2
 243 118  2
 105 119  1
 197 119  1
  91 120  2
 132 120  1
 133 120  1
 200 120  1
   1 121  1
  20 121  2
  28 121  1
 107 121  1
 147 121  1
 152 121  1
  39 122  1
  40 122  1
   6 123  1
   7 123  1
  74 123  2
 116 123  1
 117 123  1
   9 124  1
  32 124  1
 110 124  1
 129 124  1
 143 124  1
 225 124  1
  43 125  1
 119 125  1
 191 125  1
   9 126  1
 148 126  1
 184 126  1
 276 126  1
 277 126  1
  24 127  1
  29 127  1
  30 127  1
  39 127  1
  41 127  1
 159 127  1
 160 127  1
 179 127  1
  57 128  1
 144 128  1
 229 128  1
 239 128  1
 255 128  1
 272 128  1
  11 129  1
  84 129  2
  14 130  1
  50 130  1
  74 130  1
  75 130  1
 149 130  2
 270 130  1
  84 131  2
  94 131  2
 179 131  1
  25 132  1
  37 132  1
  46 132  1
  65 132  1
 123 132  1
 129 132  1
 161 132  2
 213 132  1
 214 132  1
  19 133  1
  20 133  1
  28 133  1
  72 133  1
 113 133  1
 114 133  1
 147 133  1
 216 133  1
 229 133  1
  41 134  1
  42 134  1
 264 134  1
  80 135  2
 111 135  1
 124 135  1
 243 135  1
 271 135  1
  31 136  1
  41 136  1
  82 136  2
 149 136  1
 151 136  1
  52 137  2
  80 137  2
 108 137  1
 157 137  1
   8 138  1
  24 138  1
  39 138  1
  41 138  1
 129 138  1
 148 138  1
 238 138  2
  19 139  1
  35 139  1
 123 139  1
 132 139  1
 134 139  1
 163 139  1
 261 139  2
 181 140  2
 205 140  2
 276 140  1
   6 141  1
  45 141  2
 119 141  1
 120 141  1
 165 141  1
  53 142  2
 105 142  1
 106 142  1
 201 142  2
 255 142  2
  19 143  1
 110 143  2
 111 143  2
 113 143  2
 237 143  2
 268 143  1
 269 143  1
 274 143  1
 280 143  1
  11 144  1
 136 144  1
 140 144  1
 171 144  1
 150 145  1
  19 146  1
 245 146  1
 246 146  1
 253 146  2
   1 147  1
   2 147  1
  15 147  1
  17 147  1
  24 147  1
 153 147  1
 265 147  1
 274 147  1
 156 148  1
 157 148  1
 188 148  2
 189 148  2
 100 149  1
 208 149  2
   2 150  1
   3 150  1
  43 150  1
 259 150  1
 171 151  1
 267 151  1
  30 152  1
  31 152  1
  94 152  1
 259 152  1
   3 153  1
   4 153  1
  65 153  1
 238 153  2
  33 154  1
  39 154  1
  75 154  1
  94 154  1
 121 154  1
 164 154  1
 174 154  1
 259 154  1
  62 155  1
  77 155  1
  99 155  2
 167 155  1
 227 155  2
 237 155  2
 263 155  1
 265 155  1
  27 156  1
  93 156  1
 115 156  1
 131 156  1
 132 156  1
 249 156  1
  12 157  1
 148 157  1
 232 157  2
 237 157  2
 242 157  2
 243 157  2
 254 157  1
  41 158  1
  93 158  1
 141 158  1
 210 158  2
  17 159  1
  59 159  1
 126 159  1
 206 159  2
  51 160  1
 151 160  1
  21 161  1
  88 161  1
 124 161  1
 211 161  2
 213 161  2
 215 161  2
 247 161  1
 248 161  1
 252 161  1
 265 161  1
  29 162  1
  30 162  1
  90 162  1
  92 162  1
 151 162  1
 153 162  1
 160 162  1
 161 162  1
 184 162  1
 227 162  2
 257 162  1
 262 162  1
 210 163  2
 278 163  1
 279 163  1
  23 164  1
 164 164  1
 165 164  1
 189 164  1
  85 165  1
  86 165  1
 100 165  1
 110 165  1
 111 165  1
 146 165  1
 210 165  2
  35 166  1
  37 166  1
 139 166  1
 193 166  1
  13 167  1
  14 167  1
  30 167  1
  58 167  1
  59 167  1
 149 167  1
 152 167  1
 153 167  1
 170 167  1
 210 167  2
   7 168  1
 157 168  2
 276 168  1
 277 168  1
  78 169  1
 118 170  2
 174 170  1
 238 170  1
 252 170  1
 276 170  1
  17 171  1
 112 171  1
  51 172  1
  60 172  1
 196 172  1
 197 172  1
 245 172  1
 275 172  1
 276 172  1
 181 174  1
 183 174  1
 248 174  1
  11 175  1
  20 175  1
  29 175  1
 115 175  2
 185 175  1
 235 175  1
  33 176  1
  51 176  1
  58 177  1
 192 177  1
 193 177  1
 222 177  2
  13 178  1
 247 178  1
  34 179  1
  45 179  1
  46 179  1
 228 180  2
  23 181  1
  53 184  1
 176 184  2
  16 186  1
 167 186  2
 264 186  1
 265 186  1
  57 187  1
  58 187  1
  67 187  1
 260 187  1
  18 188  1
  65 188  1
 217 188  1
 218 188  1
  68 189  1
 222 189  1
 227 189  1
  48 190  1
 218 190  1
 231 190  1
 233 190  1
  74 191  1
 195 191  2
  22 192  1
  43 192  1
  76 192  1
 249 192  2
 144 193  1
 254 193  2
 255 193  2
 263 193  1
 264 193  1
  25 194  1
 150 194  1
 175 195  1
 250 195  2
 251 195  2
  43 196  1
  44 196  1
  62 196  2
  89 196  1
  95 196  1
 227 197  3
 250 197  2
  27 198  1
  37 198  1
  38 198  1
 171 198  1
 101 199  1
 147 199  1
 222 199  1
 269 199  1
  29 200  1
 193 200  2
  42 201  1
  43 201  1
  60 201  2
  61 201  2
 175 201  1
 177 201  1
 229 201  2
  31 202  1
 146 202  1
 147 202  1
 165 202  1
 170 202  2
  89 203  1
 224 203  1
  33 204  1
  56 204  2
  84 204  1
 143 204  3
 186 204  2
 187 204  2
 200 204  2
  74 205  1
  92 205  1
 265 205  1
  49 206  2
  61 206  2
 162 207  1
 174 207  1
 175 207  1
 180 208  1
  86 209  1
  39 210  1
  97 210  1
 156 210  1
 157 210  1
 180 210  1
 225 210  1
 263 210  1
 264 210  1
  78 211  1
  79 211  1
 217 211  1
 221 211  1
 245 211  1
 246 211  1
  58 212  2
  93 212  1
 100 212  1
 180 212  1
 190 212  2
 254 212  1
 255 212  1
 262 212  1
  41 213  1
  76 214  1
 155 214  1
 156 214  1
 162 214  1
 179 214  1
 144 215  1
 241 215  1
 242 215  1
 260 215  1
  80 217  1
 154 217  1
 155 217  1
 180 217  1
 185 217  2
 242 217  1
  74 218  1
  95 219  1
 167 219  1
  62 220  2
 144 220  1
 176 220  1
 158 221  1
 165 221  1
 198 221  1
 147 222  1
 181 222  1
 182 222  1
 196 222  1
 214 222  1
 215 222  1
 254 222  1
 175 223  1
 176 223  1
 191 223  1
 202 223  1
  87 224  1
  53 225  1
  82 225  1
  83 225  1
 137 225  1
 179 225  1
 217 225  1
  87 226  1
 132 226  1
 151 226  1
 173 226  1
 174 226  1
 140 227  1
 127 228  1
 145 228  2
 146 228  1
 147 228  1
  58 229  1
 136 229  1
 153 229  1
 208 229  1
 218 230  1
  79 231  1
 153 231  1
 166 231  1
 171 231  1
  73 232  1
 146 232  1
 147 232  1
 149 232  1
 164 232  1
  64 233  1
 203 233  1
 208 233  1
 243 233  1
 143 234  1
 222 234  1
 223 234  1
 125 235  1
 152 235  1
 215 235  1
  69 236  1
  70 236  1
 164 236  1
 172 236  1
 213 236  1
 225 236  1
 239 236  1
 125 237  1
 134 237  1
  73 238  1
 122 238  1
 164 238  1
  84 239  1
 153 239  1
 188 239  1
 234 239  1
 206 240  1
 208 240  1
 149 241  1
 231 241  1
 142 242  1
 204 242  1
  82 243  1
 214 243  1
 144 244  1
 226 244  1
 228 244  1
 148 245  1
 132 246  1
 184 246  1
 205 246  1
 210 246  1
 222 246  1
 223 246  1
 160 247  1
 147 248  1
 155 248  1
 186 248  1
 187 248  1
 104 249  1
 160 249  1
 107 250  1
 126 250  1
 127 250  1
 132 250  1
 214 250  1
 215 250  1
 216 250  1
 153 251  1
 154 251  1
 167 251  1
 168 251  1
 187 251  1
 210 251  1
 114 252  1
 207 252  1
 119 254  1
 121 254  1
 123 255  1
 125 255  1
 193 255  1
 130 256  1
 163 257  1


count = 1012