 156   1  1
 161   1  1
 162   1  1
 178   1  1
 193   2  1
 148   3  1
 200   4  1
 131   8  1
 153   8  1
 180   8  1
 128   9  1
 149   9  1
 151   9  1
 165   9  1
 214   9  1
 215   9  1
 216   9  1
 125  10  1
 146  10  1
 161  10  2
 123  11  1
 167  11  1
 218  11  1
 219  11  1
 176  12  1
 118  13  1
 147  13  1
 153  13  1
 154  13  1
 168  13  1
 222  13  1
 115  14  1
 163  14  2
 164  14  2
 225  15  1
 106  16  1
 170  16  1
 155  17  1
 175  17  1
 228  17  1
 229  17  1
 150  18  1
 164  19  2
 232  19  1
 161  20  2
 180  20  1
  85  22  1
 156  22  1
 221  22  1
 236  22  1
  96  23  1
 175  23  1
 185  23  2
 194  24  2
 239  24  1
 110  25  2
 111  25  2
 159  25  1
 180  25  1
  80  26  1
  95  26  1
 105  26  1
 174  26  1
 242  26  1
  71  27  1
  88  27  1
 100  27  2
 101  27  2
  69  28  1
 136  28  1
 161  28  1
 167  28  2
 131  29  1
 175  29  1
  65  30  1
  66  30  1
  99  30  2
 234  30  1
 235  30  1
 236  30  1
 107  31  1
 221  31  1
  95  32  2
 110  32  1
 111  32  1
 232  32  1
  59  33  1
  60  33  1
  61  33  1
  85  33  1
 144  33  1
 157  33  1
 223  34  1
 161  35  1
 173  35  1
 174  35  1
 228  35  1
 229  35  1
 230  35  1
 251  35  1
  72  36  2
 127  36  1
  51  37  1
  52  37  1
  97  37  1
 165  37  1
 204  37  1
 208  37  1
 253  37  1
 103  38  2
 122  38  1
 157  38  1
 214  38  1
  49  39  1
  82  39  1
 130  39  1
 131  39  1
 210  39  1
 254  39  1
  79  40  2
  84  40  1
  91  40  2
 113  40  1
 167  40  1
 168  40  1
 232  40  1
 216  41  1
 217  41  1
 227  41  1
  45  42  1
  55  42  1
  56  42  1
  71  42  2
 113  42  1
 127  42  1
 175  42  1
 256  42  1
 122  43  1
 130  43  1
 156  43  1
  50  44  1
  86  44  1
  87  44  1
 100  44  1
 138  44  1
 153  44  1
 161  44  1
 177  44  1
 207  44  1
 109  45  1
 111  45  1
 130  45  1
 135  45  1
 258  45  1
  53  46  1
  62  46  2
  63  46  2
 119  46  1
 143  46  1
 161  46  1
 167  46  1
  38  47  1
  82  47  2
 131  47  1
 228  47  2
  66  48  2
 205  48  1
 235  48  2
 260  48  1
 148  49  1
 201  49  1
 213  49  3
 224  49  2
  33  50  1
 123  50  1
 162  50  1
 163  50  1
  87  51  1
  92  51  1
  93  51  1
 116  51  3
 129  51  1
 180  51  1
 181  51  1
 191  51  1
 193  51  1
 194  51  1
  29  52  1
  42  52  1
 158  52  1
 198  52  1
 235  52  2
  38  53  1
  60  53  2
 140  53  1
  27  54  1
  40  54  1
  70  55  2
  76  55  2
 103  55  2
 164  55  1
 178  55  1
 179  55  1
 264  55  1
  87  56  2
  97  56  1
 121  56  1
 183  56  2
 158  57  1
  68  58  2
  69  58  2
  74  58  2
  92  58  1
  59  59  2
  77  59  2
 138  60  1
 179  60  1
 101  61  2
 171  61  1
 173  61  1
 212  61  2
  19  62  1
  68  62  2
  90  62  2
 267  62  1
 177  63  1
 178  63  1
 182  63  2
 183  63  2
 229  63  1
 169  64  1
 242  64  1
  17  65  1
  72  65  2
 148  65  1
 210  65  2
 156  66  1
 231  66  1
  15  68  1
  41  68  2
 147  68  1
 175  68  1
 146  70  1
 175  70  1
 212  70  2
 227  70  1
 234  70  1
 239  71  1
 141  72  1
 157  72  1
 161  72  1
 171  72  1
 244  72  1
  34  73  2
 224  73  2
 226  73  1
 247  73  1
  11  74  1
  17  74  1
 155  74  1
 234  74  1
 141  75  1
 164  75  1
 220  75  2
  28  76  2
  29  76  2
  30  76  2
 264  76  1
 267  76  1
 114  77  1
 275  77  1
  16  78  1
 262  78  1
   9  79  1
  10  79  1
 138  79  2
 156  79  1
 189  79  1
 197  79  2
 198  79  2
 206  79  2
 251  79  1
  39  80  2
 152  80  1
  21  81  2
  62  81  3
 114  81  1
 214  81  2
 268  81  1
 269  81  1
 182  82  1
 184  82  1
 210  82  1
  15  83  2
 151  83  1
 188  83  1
 253  83  1
   7  84  1
   8  84  1
  21  84  2
 145  84  1
 160  84  1
 251  84  1
 266  84  1
  32  85  2
 201  85  2
 232  85  1
 259  85  1
 111  86  1
 139  86  1
 208  86  1
 227  86  2
 264  86  1
 186  87  1
 243  87  1
 247  87  1
 257  87  1
  38  88  2
 179  88  1
 180  88  1
 206  88  1
 221  88  2
 132  89  1
 182  90  1
   5  91  1
   6  91  1
 103  91  1
 105  91  1
 115  91  1
 195  92  1
 255  92  1
  89  93  1
 111  93  1
 122  93  1
 176  93  1
 188  93  1
 212  93  2
 272  93  1
  10  95  1
 125  95  1
 129  95  1
 209  95  2
  56  96  1
 118  96  1
  89  97  1
 106  97  1
 178  97  1
 179  97  1
 188  97  1
 193  97  1
 204  97  1
 208  97  2
  15  98  1
  63  98  2
 110  98  1
 267  98  1
 269  98  1
  17  99  1
  19  99  1
  53  99  1
  78  99  2
 112  99  1
 272  99  1
   9 100  1
  28 101  2
  81 101  1
 186 101  1
 210 101  2
  45 102  1
  46 102  1
 263 102  1
   3 103  1
   4 103  1
  88 103  1
  89 103  1
 117 103  1
 176 103  1
 177 103  1
 222 103  2
 223 103  2
 258 103  1
  56 104  1
 233 104  2
 271 104  1
 272 104  1
  18 105  2
  80 105  1
 180 105  2
 181 105  2
 204 105  1
 205 105  1
 228 105  2
 174 106  1
 189 106  1
 191 106  1
 238 106  2
 256 106  1
 115 107  1
 116 107  1
  56 108  1
 185 108  1
 222 108  2
 223 108  2
  91 109  1
 230 109  2
 232 109  2
 264 109  1
  32 110  1
  33 110  1
  69 110  1
  70 110  1
 172 110  1
 206 110  1
 256 110  1
 257 110  1
 272 110  2
  50 111  2
  82 111  1
 262 111  1
  33 112  1
 162 112  1
 168 112  1
 204 112  1
 220 112  2
 221 112  2
 275 112  2
  59 113  1
  61 113  1
  94 113  1
  95 113  1
 107 113  1
 192 113  1
  40 114  2
  53 114  1
  63 114  1
  65 114  1
 177 114  1
 178 114  1
  44 115  2
  84 115  1
  99 115  1
 265 115  1
 266 115  1
   9 116  1
  14 116  1
  56 116  3
 122 116  1
 127 116  1
 173 116  1
 188 116  1
 171 117  1
 178 117  1
 130 118  1
 165 118  1
 183 118  1
  87 119  1
  94 119  2
 273 119  1
 276 119  1
 277 119  1
  45 120  2
 129 120  1
 162 121  1
 193 121  1
  10 122  1
 121 122  1
 122 122  1
 268 122  1
  59 123  2
  60 123  1
  64 123  1
 197 123  1
 251 123  1
  34 124  1
  35 124  1
 169 124  1
 204 124  1
 205 124  1
 258 124  1
  29 125  1
  31 125  1
  66 125  1
  68 125  1
  73 125  1
  92 125  1
 116 125  1
 119 125  1
 126 125  1
 127 125  1
 155 125  1
 223 125  1
 224 125  1
 275 125  1
  21 126  1
  25 126  1
  27 126  1
 258 126  1
   8 127  1
  39 127  1
  52 127  1
  61 127  1
  66 127  1
 165 127  1
 193 128  1
 245 128  1
  43 129  1
  69 129  1
 198 129  1
 223 129  1
   4 130  1
  34 130  1
  97 130  1
 158 130  1
 194 130  1
 195 130  1
  19 131  1
  27 131  1
  43 131  1
  44 131  1
  88 131  1
 118 131  1
 207 131  1
 273 131  1
   2 132  1
 102 132  1
 129 132  1
   9 133  1
  26 133  1
  86 133  1
  94 133  1
 120 133  1
 121 133  1
 146 133  1
 101 134  1
 169 134  1
 170 134  1
 282 134  1
 283 134  1
  18 135  1
  39 135  1
  40 135  1
  41 135  1
 188 135  1
 194 135  1
 195 135  1
 210 135  1
  99 136  1
 123 136  1
 152 136  1
 202 136  1
 206 136  1
 207 136  1
  20 137  1
  63 137  1
  94 137  1
 236 137  2
 245 137  2
 246 137  2
   6 138  1
   7 138  1
  42 138  1
  43 138  1
  47 138  1
  56 138  1
  85 138  1
  86 138  1
 157 138  1
 165 138  1
 267 138  1
   1 139  1
 122 139  1
 142 139  1
 198 139  1
 199 139  1
 260 139  1
 265 139  1
 159 140  1
 209 140  1
 210 140  1
 218 140  4
 228 140  1
 271 140  1
  44 141  1
  45 141  1
  89 141  1
  90 141  1
 121 141  1
 122 141  1
 127 141  1
 172 141  1
 238 141  2
 257 141  2
  49 142  1
  51 142  1
 163 142  1
 214 142  1
 228 142  1
 248 142  2
 241 143  2
   5 144  1
  83 144  1
 206 144  1
 111 145  1
 144 145  2
 202 145  1
  54 146  1
  57 146  1
  58 146  1
  78 146  1
  79 146  1
 114 146  1
 119 146  1
 120 146  1
 211 146  1
 231 146  2
 251 146  2
 270 146  1
 271 146  1
 169 147  1
 177 147  1
 178 147  1
 226 147  1
 100 148  1
 211 148  1
 240 148  2
 241 148  2
  95 149  1
  97 149  1
 172 149  1
 200 149  2
  78 150  1
 138 150  1
  90 151  1
 125 151  2
 177 151  1
 178 151  1
 280 151  1
 281 151  1
 120 152  2
 121 152  2
 213 152  1
 214 152  1
  46 153  1
  48 153  1
  74 153  1
  88 153  1
 268 153  1
 129 154  2
 139 154  1
 141 154  1
 167 154  1
 175 154  1
 228 154  1
 238 154  1
 272 154  1
  70 156  1
 132 156  1
 148 156  1
 167 156  1
 204 156  1
 250 156  1
  84 157  1
 163 157  2
 170 157  1
 171 157  1
 239 157  1
 127 158  2
 155 158  2
  82 159  1
 232 159  1
 271 159  1
 272 159  1
 132 160  1
 174 160  1
 185 160  1
 195 160  2
 196 160  2
 261 160  1
   1 161  1
 137 161  1
 153 161  1
 182 161  1
 189 161  1
  80 162  1
  90 162  2
 243 162  1
  31 163  2
  71 163  1
 145 163  1
 192 163  1
 252 163  2
  20 164  2
 157 164  1
 231 164  1
 276 164  1
 277 164  1
 101 165  2
 141 165  1
 178 165  1
 264 165  1
 121 166  2
 122 166  2
 225 166  1
 243 166  1
 268 166  1
 269 166  1
  13 167  2
  18 167  2
 149 167  1
  24 168  1
  29 168  1
  30 168  2
 211 168  1
 232 168  1
 182 169  1
 197 169  1
 216 169  1
 275 169  1
  21 170  1
  37 170  2
 186 170  1
 192 170  1
 229 170  1
 232 170  1
 248 170  2
 139 171  1
 158 171  1
 174 171  1
 175 171  1
 133 172  2
 153 172  1
 154 172  1
 201 172  1
 202 172  1
 235 172  1
  18 173  1
 164 173  1
 208 173  1
 202 174  1
 229 174  1
  10 175  1
 142 175  1
 174 175  1
 216 175  1
  46 176  2
 103 176  1
 168 176  1
 205 176  1
 206 176  1
 271 176  1
 152 177  1
 194 177  1
 198 177  1
  52 178  2
 100 178  1
 137 178  2
 138 178  2
 139 178  2
 180 178  1
 207 178  1
 227 178  1
 228 178  1
 212 179  1
  11 180  1
  57 180  2
  80 180  1
 146 180  1
 150 180  1
 220 180  1
 131 181  2
 132 181  2
 135 181  2
 176 181  1
 177 181  1
 198 181  1
  18 182  2
  53 182  2
  68 182  1
  82 182  1
 153 182  1
 183 182  1
 248 182  2
  91 183  1
  92 183  1
  93 183  1
 208 183  1
  14 184  2
  45 184  2
 147 184  2
 155 184  1
 156 184  1
 195 184  1
   7 185  1
  31 185  2
  67 185  1
  68 185  1
 188 185  1
 190 185  1
 191 185  1
 129 186  2
 202 186  1
 203 186  1
  60 187  1
 102 187  1
 241 187  2
  95 188  1
 147 188  2
 166 188  1
 180 188  1
 185 188  2
 210 188  1
 245 188  2
 246 188  2
  20 189  2
  22 189  2
 156 189  1
 264 189  1
  10 190  1
  42 190  2
  88 190  1
 137 190  2
 142 190  2
 147 190  2
 166 190  1
 229 190  2
  92 191  1
  93 191  1
  99 191  1
  70 192  1
  86 192  1
  87 192  1
 123 192  2
 124 192  2
 174 192  1
 176 192  1
 218 192  1
  59 193  1
 170 193  1
  70 194  1
 141 194  2
 185 194  2
 218 194  1
 234 194  2
 261 194  1
  14 195  1
  20 195  1
  24 195  1
  42 195  2
  43 195  2
  47 195  2
  57 196  2
 214 196  1
 224 196  1
 237 196  1
 260 196  1
  79 197  1
 102 197  1
 106 197  1
 122 197  2
  25 198  1
 258 198  1
  78 199  1
 163 199  1
 164 199  1
 138 200  2
 139 200  2
 187 200  1
 214 200  1
 257 200  1
  18 201  1
  78 201  1
  79 201  1
  92 201  1
 101 201  1
 102 201  1
 151 201  1
 206 201  1
 255 202  1
  20 203  1
 132 203  1
 211 203  1
 108 204  1
 149 204  1
 161 204  1
 176 204  2
 184 204  2
  49 205  2
  94 205  1
  96 205  1
 103 205  1
 196 205  1
 203 205  1
 211 205  1
 212 205  1
  80 206  1
 129 206  1
 139 206  1
  24 207  1
 110 207  1
 146 207  1
 205 207  1
  39 208  2
 158 208  1
 186 208  1
 250 208  1
  83 209  1
 111 209  1
 120 209  1
 166 209  1
 206 209  1
 101 210  1
 116 210  1
 117 210  1
 193 210  1
 194 210  1
 248 210  1
  29 211  1
 139 211  1
 143 211  1
 150 211  1
 212 211  1
 213 211  1
  31 212  1
 112 212  1
 129 212  1
 148 212  1
 197 212  1
  61 213  2
  62 213  2
 132 213  1
 133 213  1
 136 213  1
 137 213  1
  33 214  1
  34 214  1
  64 214  2
 111 214  1
 154 214  1
 160 214  1
 245 214  1
  53 215  2
  54 215  2
 165 215  1
  37 216  1
  39 216  1
  88 216  1
 110 216  1
 111 216  1
 118 216  1
 144 216  1
 145 216  1
 152 216  1
 227 217  2
  54 218  2
  64 218  2
 137 218  1
 242 218  1
  43 219  1
 108 219  1
 115 219  1
 155 219  1
 160 219  1
 124 220  1
 128 220  1
 141 220  1
  46 221  1
 113 221  1
 114 221  1
 116 221  1
 160 221  1
  64 222  1
  65 222  1
  77 222  1
  97 222  1
  98 222  1
 121 222  1
  49 223  1
  74 223  1
  92 223  1
  93 223  1
 109 223  1
 134 223  1
 160 223  1
 238 223  1
 107 225  1
 115 225  1
 126 225  1
  57 226  1
 119 226  1
 209 226  1
  77 227  1
  97 227  1
 110 227  1
 131 227  1
 235 227  1
  60 228  1
  82 228  1
 171 228  2
  64 229  1
  65 229  1
  91 229  1
  95 229  1
 216 229  1
 217 229  1
 233 229  1
 168 230  2
 103 231  1
 107 231  1
 157 231  1
 195 231  1
 196 231  1
 217 231  1
 190 232  2
 202 232  1
 203 232  1
 112 233  1
 141 233  1
 142 233  1
 149 233  2
 166 233  2
 228 233  1
  93 234  1
  94 234  1
 154 234  1
  75 235  1
 110 235  1
 135 235  1
 141 235  1
 225 235  1
  79 236  1
  80 236  1
 120 236  1
 121 236  1
 182 236  2
 186 236  2
  91 237  1
 128 237  1
 142 238  1
 204 238  1
 166 239  2
 219 239  1
  86 240  1
 110 240  1
 111 240  1
 151 240  1
 152 240  1
 134 241  1
 135 241  1
 145 241  1
 215 241  1
 175 242  1
 190 242  2
 111 243  1
 149 243  1
 165 243  1
 166 243  1
  93 244  1
 159 244  1
 169 244  1
 185 244  2
 210 244  1
 101 245  1
 116 245  1
 134 245  1
 135 245  1
 173 246  1
 176 246  1
 208 246  1
 137 247  1
 150 248  1
 204 248  1
 139 249  1
 140 249  1
 152 250  1
 173 250  1
 200 250  1
 201 250  1
 202 250  1
 122 251  1
 168 251  1
 163 252  1
 131 254  1
 188 254  1
 141 256  1


count = 1084