 161   1  1
 162   1  1
 178   1  1
 182   3  1
 127   6  1
 125   7  1
 202   8  1
 204   8  1
 119   9  1
 168   9  2
 162  10  2
 115  11  1
 116  11  1
 117  11  1
 144  11  2
 145  11  2
 170  12  2
 171  12  2
 192  12  2
 211  12  1
 213  12  1
 148  13  2
 163  13  2
 125  14  1
 119  15  1
 157  15  2
 192  16  2
  91  17  1
  92  17  1
 167  17  2
 169  17  2
 184  17  2
 185  17  2
 202  17  2
 160  18  2
 220  18  1
 111  19  1
 113  19  1
  84  20  1
  86  20  1
 102  20  1
 125  20  1
 126  20  1
 151  20  2
 104  21  1
 149  21  2
 189  21  2
  79  22  1
 120  22  1
 121  22  1
 130  22  2
 226  22  1
 116  23  2
 147  23  2
  68  24  1
  89  24  2
 137  24  2
 141  24  2
 142  24  2
 143  24  2
 135  25  2
  65  26  1
  66  26  1
  83  26  1
 218  26  2
  61  27  1
 103  27  1
 154  27  2
 180  27  2
 232  27  1
  59  28  1
  92  28  2
 190  28  2
 193  28  2
 202  28  2
 217  28  2
  96  29  1
 103  29  1
 119  29  1
 120  29  1
  78  30  1
 139  30  2
 217  30  2
 235  30  1
  53  31  1
 104  31  1
 228  31  2
 142  32  2
  50  33  1
 223  33  2
 201  34  2
 202  34  2
  47  35  1
  83  35  1
  84  35  1
 103  35  1
  92  36  2
  93  36  2
 144  36  2
 119  37  1
 125  37  1
 182  37  2
 183  37  2
 193  37  2
 210  37  2
  78  38  1
 109  39  1
 176  39  2
 188  39  2
 189  39  2
 203  39  2
 204  39  2
  40  40  1
  80  40  1
 141  40  2
 213  40  2
  90  41  1
  91  41  1
 111  41  1
 122  41  1
 178  41  2
 246  41  1
  85  43  1
  86  43  1
 151  43  2
 152  43  2
 172  43  2
 173  43  2
 190  43  2
 130  44  1
 250  44  1
  34  45  1
  97  45  2
 186  45  2
 113  46  1
 132  46  1
 252  46  1
  39  47  1
  40  47  1
 117  47  1
 118  47  1
  75  48  2
  93  48  1
 254  48  1
 136  49  1
  36  50  2
  55  50  1
 256  50  1
 122  51  1
 138  51  1
 202  51  2
  85  52  1
  92  52  1
 111  52  1
 185  52  2
 191  52  2
 210  52  2
 211  52  2
 215  52  2
 219  52  2
 257  52  1
  37  53  2
  38  53  2
  80  53  1
 104  53  1
 105  53  1
 116  53  1
 117  53  1
 157  53  2
 158  53  2
 165  53  2
  47  54  1
  87  54  1
 109  54  1
 162  54  2
 230  54  1
 231  54  1
 236  54  1
  68  55  1
  93  55  1
 243  55  1
 259  55  1
  56  56  1
  57  56  1
 124  56  1
 149  56  2
  60  57  1
  77  57  1
 172  57  2
 261  57  1
  37  58  2
  56  58  1
 135  58  1
 143  58  1
 144  58  1
 206  58  2
 207  58  2
  48  59  1
  86  59  1
  88  59  1
 119  59  1
 167  59  2
 231  59  1
 239  59  1
 262  59  1
  56  60  1
  70  60  1
 104  60  1
 154  60  2
 163  60  2
  50  61  1
  60  61  1
 137  61  1
 148  61  2
 264  61  1
  26  62  1
  27  62  1
 102  62  1
 112  62  2
 124  62  1
 161  62  2
  61  63  1
 100  63  1
 107  63  1
 108  63  1
 114  63  2
 208  63  2
 265  63  1
  15  64  1
  52  64  1
  90  64  1
  92  64  1
 131  64  2
 156  64  2
 215  64  1
 225  64  1
 230  64  1
 231  64  1
  32  65  1
  87  66  1
 107  66  1
 116  66  2
 146  66  2
 194  66  1
 215  66  1
  46  67  2
 103  67  1
 136  67  2
 138  67  2
 151  67  2
 197  67  1
 220  67  1
 268  67  1
  21  68  1
  26  68  1
  63  68  1
  69  68  1
 142  68  2
  33  69  1
  57  69  2
  76  69  1
  80  69  1
  81  69  1
  82  69  1
 133  69  2
 179  69  1
 180  69  1
 205  69  1
  67  70  1
 124  70  2
 175  71  1
 208  71  1
 239  71  1
  18  72  1
  36  72  1
  67  72  1
 144  72  2
  38  73  1
  46  73  2
 105  73  1
 119  73  1
 137  73  1
 210  73  1
 216  73  1
 172  74  1
 214  74  1
  22  75  1
 121  75  1
 122  75  1
 187  75  1
 227  75  1
 228  75  1
 142  76  1
 240  76  1
 274  76  1
  22  78  1
  91  78  1
 106  78  1
 116  78  2
 117  78  2
 211  78  1
 216  78  1
  18  79  1
  32  79  2
  33  79  2
 137  79  1
 184  79  1
 207  79  1
 209  79  1
 228  79  1
 239  79  1
   7  80  1
   8  80  1
  14  80  1
  16  80  1
  87  80  1
 218  80  1
  60  81  1
 101  81  1
 190  81  1
 191  81  1
 275  81  1
 110  82  2
 113  82  2
 132  82  1
 169  82  1
 203  82  1
 225  82  1
  67  83  1
  82  83  1
  96  83  1
 118  83  1
 120  83  1
 154  83  2
 155  83  2
 244  83  1
  11  84  1
  12  84  1
  50  84  2
  57  84  1
 179  84  1
  71  85  2
 128  85  1
 158  85  2
 219  85  1
 246  85  1
  79  86  1
  80  86  1
 119  86  1
 120  86  1
 121  86  1
  61  87  1
  63  87  1
  65  87  1
 114  87  2
 165  87  1
 187  87  1
 248  87  1
 125  88  1
 181  88  1
 210  88  1
 278  88  1
 279  88  1
  95  89  2
  96  89  2
 163  89  1
  46  90  1
 232  90  1
  73  91  1
  74  91  1
  82  91  1
 237  91  1
  24  92  1
  35  92  1
  56  92  1
  59  92  1
  60  92  1
  93  92  2
 224  92  2
   4  93  1
   5  93  1
  11  93  1
  12  93  1
  26  93  1
  52  93  1
  53  93  1
 168  93  1
 230  93  1
  20  94  1
 149  94  2
 172  94  1
 190  94  1
  32  95  1
 175  95  1
  74  96  1
  93  96  1
 204  96  1
 205  96  1
 227  96  2
 255  96  1
 264  96  2
 272  96  2
  52  97  1
 186  97  1
 234  97  4
 236  97  1
   8  98  1
  14  98  1
  60  98  1
  84  98  1
 178  98  1
 180  98  1
 181  98  1
 207  98  1
 208  98  1
 214  98  2
 215  98  2
  22  99  1
  69  99  1
  71  99  1
 168  99  1
 250  99  1
  54 100  1
 171 100  1
 166 101  1
 185 101  1
 259 101  1
 100 102  1
 207 102  1
 214 102  2
 226 102  2
 236 102  1
  75 103  1
 182 103  1
 242 103  1
  39 104  2
 111 104  1
 212 104  2
 221 104  2
 253 105  1
 264 105  1
 219 106  2
  78 107  1
 223 107  2
 254 107  1
 245 108  2
   8 109  1
  69 109  1
 228 109  2
 229 109  2
 243 109  2
 260 109  1
  38 110  2
  42 110  2
  83 110  1
 106 110  1
 107 110  1
 206 110  1
 211 110  2
 219 110  2
  22 111  2
  35 111  2
  71 111  1
  86 111  1
 113 111  1
 159 111  1
 185 111  2
 215 111  2
 232 111  2
 274 111  2
  11 112  1
  96 112  1
 241 112  2
 269 112  2
 121 113  1
   9 114  1
 221 114  2
 226 114  2
 227 114  2
  74 115  1
 126 115  1
 130 115  1
 185 115  2
 262 115  1
 273 116  2
 166 117  1
 169 117  1
 171 117  1
 210 117  2
 239 117  3
 240 117  3
 113 118  2
 152 118  1
 216 118  2
 126 119  1
 131 119  1
 172 119  1
 222 119  2
 223 119  2
 227 119  2
 228 119  2
 268 119  1
 201 120  2
 231 120  2
 232 120  2
  78 121  1
 166 121  1
 168 121  1
 184 121  2
 197 121  2
 223 121  2
 278 121  1
 279 121  1
  43 122  1
  49 122  1
 132 122  1
 134 122  1
 145 122  1
 209 122  2
   9 123  1
 128 123  1
 155 123  1
 193 123  2
 220 123  2
 143 124  1
 276 124  1
  66 125  1
  86 125  1
 117 125  1
 119 125  1
 120 125  1
 125 125  1
 158 125  1
 159 125  1
 164 125  2
 170 125  1
 171 125  1
 186 125  2
 234 125  1
 235 125  1
  22 126  1
  46 126  1
  58 126  1
 114 126  1
 153 126  2
  10 127  1
  34 127  1
  35 127  1
  40 127  1
  41 127  1
  50 127  1
 106 127  1
 191 127  1
 203 127  1
 268 127  1
 269 127  1
  46 128  1
 217 128  1
 228 128  1
  49 129  1
  78 129  1
 127 129  1
 196 129  1
 232 129  1
 264 129  1
 265 129  1
  36 130  1
 162 130  2
 234 130  1
  12 131  1
  18 131  1
  44 131  1
 127 131  1
 158 131  2
 276 131  1
  35 132  1
  81 132  1
 141 132  1
 191 132  1
   3 133  1
 114 133  1
 164 133  2
 165 133  2
 166 133  2
 220 133  1
 234 133  1
  30 134  1
  55 134  1
  60 134  1
 123 134  1
 124 134  1
 153 134  2
 278 134  1
 279 134  1
   9 135  1
  20 135  1
  26 135  1
 116 135  1
 157 135  2
 206 135  1
 264 135  1
  34 136  1
  84 136  1
 128 136  1
 145 136  1
 152 136  2
 153 136  2
 172 136  1
 204 136  1
 232 136  1
   1 137  1
  41 137  1
  62 137  1
 119 137  1
  36 138  1
  50 138  2
  67 138  1
  81 138  1
 132 138  1
 166 138  2
 197 138  1
 201 138  1
 147 139  1
 148 139  1
 218 139  1
 272 139  1
 273 139  1
 152 140  1
 171 140  1
 172 140  1
 266 140  1
  55 141  2
 130 141  2
   7 142  2
  29 142  2
  68 142  2
  77 142  1
 126 142  2
 128 142  2
 213 142  2
  34 143  2
  44 143  1
 118 143  1
 245 143  2
   6 144  2
   7 144  2
  22 144  2
 273 144  2
 280 144  1
 113 145  1
 166 145  3
 247 145  2
   1 146  1
  74 146  1
 157 146  1
 224 146  3
  11 147  2
  38 147  2
 260 147  1
  32 148  3
 109 148  1
 110 148  1
 124 148  2
 161 148  1
 264 148  1
 265 148  1
  87 149  1
 129 149  2
 211 149  2
  32 150  2
  73 150  1
 117 150  1
 217 150  2
 218 150  2
 254 150  1
 269 150  1
  40 151  2
  41 151  2
 179 151  1
 207 151  2
 252 151  1
  21 152  2
 212 152  2
 244 152  2
  86 153  1
 249 153  1
 282 153  1
 283 153  1
  83 154  1
 165 154  1
 166 154  1
 181 154  1
  31 155  2
  32 155  2
  46 155  2
  69 155  1
 162 155  1
 206 155  2
 259 155  2
 260 155  2
  14 156  2
  15 156  2
 128 156  2
 129 156  2
 183 156  1
 281 156  1
 282 156  1
  75 157  1
  77 157  1
  79 157  1
 170 157  1
 212 157  2
 219 157  2
 220 157  2
 242 157  2
 243 157  2
   4 158  1
   5 158  1
 109 158  2
 174 158  1
  68 159  1
  72 159  1
  73 159  1
 163 159  1
 164 159  1
 254 159  2
 269 159  2
  41 160  2
  91 160  2
 127 160  2
 128 160  2
 152 160  1
 235 160  3
 260 160  2
  15 161  2
 145 161  2
 146 161  2
 204 161  1
 248 161  1
  21 162  2
  38 162  2
 132 162  2
 165 162  1
 172 162  1
 182 162  1
 280 162  1
   5 163  1
   6 163  1
  13 163  2
  14 163  2
 240 163  1
  79 164  1
 132 164  2
 156 164  1
 189 164  1
 190 164  1
 169 165  1
 205 165  1
 206 165  1
 230 165  2
 278 165  1
  72 166  2
 131 166  2
 138 166  2
 143 166  2
  39 167  3
  85 167  1
  87 167  1
  91 167  2
  93 167  2
 265 167  2
 153 168  2
 175 168  1
 207 168  1
 226 168  1
 238 168  1
  26 169  1
 133 169  2
 148 169  2
 182 169  1
 193 169  1
 212 169  1
 250 169  2
 261 169  2
   8 170  1
   9 170  1
 162 170  1
 168 170  1
 225 170  1
 256 170  2
  17 171  1
  36 171  2
 185 171  1
 114 172  2
 116 172  2
 133 172  2
  27 173  1
 164 173  1
 274 173  1
 275 173  1
  33 174  2
  99 174  2
 179 174  1
 180 174  1
  70 175  2
 185 175  1
 196 175  1
 242 175  2
  10 176  1
  11 176  1
  17 176  1
  21 176  1
  44 176  4
  74 176  2
  83 176  2
 167 176  1
  69 177  2
  70 177  2
 200 177  1
  43 178  2
  45 178  2
 119 178  2
 158 178  1
 169 178  1
 202 178  1
 254 178  3
 171 179  1
  29 180  2
 110 180  1
 132 180  1
 204 180  1
 236 180  2
  22 181  2
 173 181  1
  63 182  2
  74 182  2
  84 182  2
  89 182  2
 118 182  1
 119 182  1
  48 183  2
  66 183  2
  70 183  2
 122 183  1
 123 183  1
 151 183  1
 183 183  1
 197 183  1
 198 183  1
 233 183  2
  56 184  2
  80 184  3
 130 184  1
 149 184  1
 208 184  1
 211 184  1
  91 185  2
 108 185  1
 109 185  1
 121 185  2
 186 185  1
 187 185  1
 214 185  1
 218 185  2
 227 185  2
  33 186  2
  43 186  2
 129 186  1
 204 186  1
 205 186  1
 268 186  1
  25 187  2
 197 187  1
  13 188  1
  38 188  2
 224 188  2
  42 189  2
  83 189  2
 160 189  1
 202 189  1
  89 190  2
 111 190  2
 139 190  1
 266 190  1
  49 191  2
  25 192  2
 133 192  1
 137 192  1
 145 192  2
 161 192  1
 163 192  1
 227 192  2
 228 192  2
 248 192  2
  17 193  1
  86 193  2
 245 193  2
 264 193  1
  99 194  2
 100 194  2
 155 194  2
 167 194  1
 214 194  2
 109 195  2
 110 195  2
 122 195  1
 151 195  2
 198 195  2
 203 195  2
 211 195  2
 216 195  2
 230 195  2
  28 196  2
  58 196  2
  59 196  2
  90 196  2
  91 196  2
 262 196  1
  42 197  2
  43 197  2
  75 197  2
  76 197  2
 102 197  2
 107 197  2
 131 197  1
 237 197  2
 238 197  2
  20 198  1
  54 198  2
 120 198  1
 227 198  2
 229 198  2
  32 199  2
  33 199  2
  72 199  2
 124 199  1
 118 200  1
 135 200  1
 222 200  2
 244 200  2
 260 200  1
  87 201  2
  92 201  2
  94 201  2
 171 201  1
  35 202  2
 116 202  1
 145 202  1
  64 203  1
  65 203  1
 107 203  2
 162 203  1
 208 203  2
 209 203  2
 258 203  1
  28 204  1
  51 205  2
 122 205  1
 147 205  1
 148 205  1
 166 205  1
 256 205  1
  61 206  1
 137 206  1
 138 206  1
  47 207  1
  56 207  1
  91 207  2
 142 207  1
 193 207  1
 194 207  1
 138 208  2
 216 208  2
 221 208  2
  96 209  2
 174 209  1
 226 209  2
  48 210  1
  52 210  1
  36 211  1
  88 211  2
 133 211  2
 150 211  1
 233 211  2
  67 212  2
 113 212  1
 143 212  1
 184 212  1
  38 213  1
  39 213  1
  71 213  1
  75 213  1
  76 213  1
  93 213  2
 119 213  1
 139 213  2
  83 214  3
 144 214  1
 145 214  1
 149 214  1
 172 214  2
 242 214  2
 244 214  2
  42 215  1
  89 215  2
 101 215  2
 232 215  2
 233 215  2
 253 215  1
  62 216  1
 197 216  2
 110 217  1
 122 217  2
 179 217  1
 158 218  2
 161 218  2
 202 218  2
 226 218  2
 230 218  2
  67 219  2
 108 219  1
  51 220  1
  90 221  2
 136 221  2
 140 221  2
  75 222  1
  76 222  1
 193 222  1
 248 222  1
 134 223  2
  75 224  1
  88 224  2
 199 224  2
 200 224  2
  94 225  1
  98 225  1
 105 225  1
 140 225  2
 149 225  1
 150 225  1
 195 225  1
 121 226  2
  59 227  1
  75 227  1
  70 228  1
 202 228  2
 203 228  2
  61 229  1
  62 229  1
  97 230  1
 114 230  2
 133 230  2
 145 230  1
 146 230  1
 164 230  2
 167 230  2
 186 230  2
 199 230  1
  65 231  1
  85 231  2
  76 232  1
  90 232  1
  91 232  1
 109 232  2
 116 232  2
 122 232  2
 186 232  2
 204 232  2
  95 233  1
  71 234  1
 124 234  2
 175 234  2
 186 234  2
 105 235  2
 201 235  1
  74 236  1
 194 236  2
 234 236  1
  89 237  1
 150 237  1
 205 237  1
 212 237  2
  76 238  1
  94 238  1
  99 238  1
 133 238  2
 207 239  1
 229 239  1
  79 240  1
 116 240  2
 144 241  1
  82 242  1
 136 242  2
 225 242  1
 103 244  1
 142 244  1
 167 244  2
 181 245  2
 182 245  2
 173 247  2
 182 247  6
 213 247  1
 215 247  1
 141 248  1
 211 248  1
 148 249  1
 182 249  2
 125 251  1
 128 252  1
 199 253  1
 201 253  1


count = 1111