 158   1  1
 159   1  1
 188   1  1
 193   1  1
 202   3  1
 138   5  1
 214   6  1
 132   7  1
 173   7  1
 183   7  2
 217   7  1
 130   8  1
 151   8  1
 152   8  1
 221   9  1
 222   9  1
 122  10  1
 109  11  1
 167  11  1
 172  11  1
 173  11  1
 152  12  1
 142  13  1
 228  13  1
 153  14  1
 155  14  1
 162  14  2
  92  15  1
 137  15  1
 159  15  2
 188  15  2
 133  16  1
 196  16  2
 214  16  1
 234  16  1
 126  17  1
 127  17  1
 204  17  2
 209  17  1
  88  18  1
 121  18  1
 122  18  1
  97  19  1
 118  19  1
 166  19  2
  84  20  1
 141  20  1
 142  20  1
 213  20  1
 214  20  1
 239  20  1
 147  21  1
 194  21  2
 195  21  2
 241  21  1
 123  22  1
 124  22  1
 207  22  1
 208  22  1
 213  22  1
  95  23  1
 132  23  1
 133  23  1
 243  23  1
  77  24  1
  78  24  1
  88  24  1
 213  24  1
  73  25  1
 119  25  1
 140  25  1
 236  25  1
 246  25  1
 161  26  2
 165  26  2
 166  26  2
 219  26  1
 223  26  1
  69  27  1
  70  27  1
  71  27  1
  86  27  1
 124  27  1
 249  27  1
  97  28  1
 145  28  1
 201  28  2
  82  29  1
 143  29  1
 179  29  1
 141  30  1
 167  30  2
 171  30  1
 172  30  1
 117  31  2
 132  31  1
 133  31  1
 216  31  1
  59  32  1
 103  32  1
 172  32  1
 239  32  1
 243  32  1
  69  33  1
  87  33  1
  92  33  1
 130  33  1
 208  33  1
 209  33  1
 221  33  1
 236  33  1
  81  34  4
  96  34  1
  98  34  1
 224  34  1
  92  35  1
  93  35  1
 130  35  1
 161  35  2
 171  35  1
 257  35  1
  52  36  1
  69  36  1
  74  36  1
 103  36  1
 108  36  1
  64  37  2
 199  37  2
 240  37  1
  49  38  1
  88  38  1
 123  38  2
 135  38  1
 136  38  1
 208  38  1
 209  38  1
 221  38  1
  98  39  1
 131  39  1
 246  39  1
  46  40  1
 127  40  2
 179  40  1
 206  40  1
 214  40  1
 217  40  1
 219  40  1
  72  41  1
  73  41  1
  81  41  1
  82  41  1
 104  41  1
 235  41  1
 236  41  1
 248  41  1
  44  42  1
 101  42  1
 108  42  1
 109  42  1
 110  42  1
 127  42  2
 133  42  1
 167  43  2
 169  43  1
 181  43  1
 184  43  1
 185  43  1
 239  43  1
 241  43  1
 243  43  1
 263  43  1
  41  44  1
  71  44  1
  72  44  1
 132  44  1
 202  44  1
 223  44  1
 229  44  1
  90  45  1
  91  45  1
 175  45  1
 213  45  1
 238  45  1
 244  45  1
 245  45  1
 191  46  1
 192  46  1
  85  47  1
 102  47  1
 104  47  1
 105  47  1
 177  47  1
 178  47  1
 236  47  1
  34  49  1
  80  49  1
 111  49  2
 140  49  1
 265  49  1
 266  49  1
  91  50  2
  92  50  2
 177  51  1
 191  51  1
  29  52  1
  30  52  1
 138  52  1
 228  52  1
 266  52  1
 267  52  1
  43  53  2
  44  53  2
  87  53  1
 191  53  1
 103  54  2
 113  54  2
 114  54  2
 163  54  2
 168  54  2
 222  54  1
 226  54  1
 233  54  1
 253  54  1
  81  55  1
  82  55  1
 246  55  1
 247  55  1
  89  56  1
 107  56  2
 220  56  1
 234  56  5
  44  57  2
  45  57  2
  76  57  1
 186  57  1
 250  57  1
 251  57  1
 256  57  1
 269  57  1
  38  58  2
 144  58  5
 217  58  1
 218  58  1
 101  59  2
  22  60  1
  31  60  1
  32  60  1
  70  60  1
  71  60  1
 156  60  2
 239  60  2
 106  61  2
 136  61  1
 245  61  2
 246  61  2
  20  62  1
  30  62  1
  79  62  1
  80  62  1
 213  62  3
 214  62  3
 262  62  3
 270  62  1
 253  63  2
  19  64  1
 150  64  2
 239  64  2
 272  64  1
 183  65  2
 220  65  2
 243  65  2
  25  66  1
  26  66  1
  71  66  1
  72  66  1
 156  67  2
 182  67  2
 248  67  2
 256  67  2
  16  68  1
  26  68  1
 223  68  2
  45  69  2
 240  69  1
 245  69  1
  26  70  1
 226  70  1
 238  70  1
 196  71  2
 197  71  2
 234  71  1
  30  73  1
  31  73  1
  39  73  2
  46  74  2
 258  74  1
 217  75  1
 222  75  1
 223  75  1
  12  76  1
 231  76  1
 275  76  1
 276  76  1
  55  77  2
 196  77  2
 197  77  2
 215  77  1
 266  77  2
  19  78  1
  34  78  2
  46  79  2
 213  79  1
 257  79  1
 276  79  1
 277  79  1
  17  80  1
  23  80  1
  26  80  1
   9  81  1
  10  81  1
  48  81  2
 137  81  2
 138  81  2
 240  81  1
 241  81  1
 196  82  2
 218  82  1
 266  82  2
 277  82  1
 278  82  1
 184  83  1
 223  83  1
 225  83  1
 236  83  1
 237  83  1
  36  84  2
  37  84  1
 182  84  1
 271  84  1
  25  85  1
  51  85  1
 143  85  2
 190  85  1
 211  85  1
   8  86  1
 178  86  1
 179  86  1
 194  86  1
 240  86  1
 269  86  1
  40  87  1
  14  88  1
  15  88  1
  27  88  1
  28  88  1
 187  88  2
 247  88  1
 248  88  1
 269  88  1
  43  89  1
 138  89  2
 139  89  2
 175  89  1
 258  89  1
 265  89  1
 273  89  1
 226  90  1
 230  90  1
 237  90  1
 261  90  1
  12  91  1
  21  91  1
  43  91  1
  48  91  1
 173  91  1
   4  92  1
 171  92  1
 239  92  1
 241  92  1
  49  93  1
   9  94  1
  10  94  1
 169  94  1
 263  94  1
 281  94  1
 282  94  1
  17  95  1
 192  95  1
 244  95  1
 245  95  1
 246  95  1
 275  95  1
  26  96  1
 185  96  1
 241  96  1
 242  96  1
  14  97  1
 166  97  1
 252  97  1
 253  97  1
  22  98  1
  45  98  2
 159  98  1
 242  98  1
  12  99  1
  47  99  2
 134  99  1
 139  99  1
 152  99  1
 173  99  1
 189  99  1
 234  99  2
 268  99  1
 275  99  1
  53 100  1
 130 100  1
 131 100  1
 156 100  1
 186 100  1
 187 100  1
 259 100  1
  10 101  1
 103 101  1
 104 101  1
  46 102  2
  64 102  1
 119 102  1
 145 102  1
 147 102  1
 149 102  1
 183 102  1
  42 103  2
  97 103  1
 141 103  1
 262 103  1
  25 104  1
  27 104  1
  66 104  1
 111 104  1
 251 104  1
 252 104  1
  35 105  1
  47 105  2
 159 105  1
 266 105  1
   9 106  1
 116 106  1
 150 106  1
  22 107  1
  28 107  1
  43 107  2
  45 107  2
  47 107  2
  63 107  2
 132 107  1
 181 107  1
 182 107  1
 236 107  2
  18 108  1
 105 108  1
 137 108  1
 213 108  1
 218 108  1
 240 108  2
  14 109  2
  73 109  1
  74 109  1
  82 109  1
 207 109  1
  35 110  1
  60 110  2
  61 110  2
  62 110  2
 128 110  1
 174 110  1
 178 110  1
  31 111  1
  66 111  1
  84 111  1
 145 111  1
 267 111  1
  71 112  1
 172 112  1
 197 112  1
 209 112  1
  44 113  2
  45 113  2
  87 113  1
 107 113  1
 155 114  1
 156 114  1
 170 114  1
 178 114  2
 204 114  1
 237 114  2
 273 114  1
 274 114  1
   8 115  1
 115 115  1
 240 115  2
  17 116  1
  18 116  1
  19 116  1
 118 116  1
 168 116  1
 209 116  1
 244 116  2
 267 116  1
   3 117  1
   4 117  1
  66 117  1
  67 117  1
  84 117  1
 108 117  1
 109 117  1
 252 117  1
  45 118  1
  94 118  1
 123 118  1
 125 118  1
 142 118  1
 152 118  1
 248 118  1
 263 118  1
  79 119  1
 134 119  1
 177 119  2
 276 119  1
 277 119  1
   7 120  1
  24 120  1
  26 120  1
 102 120  1
 103 120  1
 131 120  1
 132 120  1
 272 120  1
  13 121  1
  17 121  1
  42 121  1
  43 121  1
  48 121  1
  49 121  1
 109 121  1
 111 121  1
 119 121  2
 127 121  1
 128 121  1
 140 121  1
 157 121  1
 200 121  2
 207 121  1
 269 121  1
 102 122  1
 113 122  1
 114 122  1
 115 122  1
 211 122  1
 250 122  1
 257 122  1
  17 123  1
  70 123  1
 233 123  1
 242 123  1
 246 123  1
 248 123  1
   7 124  1
  24 124  1
  75 124  1
  93 124  1
 102 124  1
 124 124  2
 182 124  1
 204 124  1
 206 124  1
  81 125  1
  89 125  1
 107 125  1
 130 125  1
 140 125  1
 146 125  1
 147 125  1
 214 125  1
  36 126  1
  53 126  1
  98 126  1
 182 126  1
 208 126  1
 209 126  1
 131 127  1
  15 128  1
  17 128  1
  38 128  1
 175 128  2
 177 128  2
 181 128  1
 212 128  1
 231 128  1
 253 128  1
 276 128  1
 277 128  1
  43 129  1
 102 129  1
 151 129  1
 219 129  1
 228 129  1
   7 130  1
  94 130  1
 115 130  1
 155 130  2
 157 130  1
 183 130  1
 184 130  1
 192 130  1
  84 131  1
 131 131  1
 159 131  1
 256 131  1
 282 131  1
 283 131  1
  21 132  1
 112 132  1
 136 132  2
 149 132  1
 194 132  1
 195 132  1
 209 132  1
   1 133  1
  26 133  1
 253 133  1
 254 133  1
  31 134  1
 105 134  1
 142 134  1
 266 134  2
 154 135  1
 158 135  1
 159 135  1
 160 135  1
 203 135  1
  23 136  1
 133 136  1
 270 136  2
 102 137  1
 150 137  1
 162 137  1
 204 137  1
 205 137  1
 207 137  1
  17 138  1
  23 138  1
 135 138  1
 262 138  1
 264 138  1
  28 139  1
 165 139  1
  15 140  1
  43 140  1
  55 140  1
  56 140  1
  57 140  1
  84 140  2
 137 140  1
 172 140  1
 201 140  1
 253 140  1
  23 141  1
  40 141  1
 142 141  1
 247 141  1
 258 141  1
   5 142  1
   7 142  1
  83 142  2
 172 142  1
 191 142  1
 204 142  1
 205 142  1
  52 143  1
 183 143  1
 195 143  1
  16 144  1
  43 144  1
  44 144  2
  78 144  2
  89 144  1
  93 144  1
 209 144  1
 210 144  1
  28 145  1
  48 145  1
 166 145  1
   9 146  1
 175 146  1
  48 147  1
 124 147  1
 128 147  1
 136 147  1
 156 147  1
 159 147  1
 169 147  1
 177 147  1
 179 147  1
 198 147  1
 247 147  1
  30 148  1
  55 148  1
  62 148  1
  94 148  1
  98 148  1
 208 148  1
 209 148  1
 259 148  1
 266 148  1
 282 148  1
 283 148  1
  13 149  1
  21 149  1
  47 149  1
  48 149  1
  52 149  1
  80 149  2
 106 149  1
 198 149  1
 270 149  1
  32 150  1
 113 150  1
 119 150  1
 232 150  1
 257 150  1
  23 151  1
  89 151  1
 198 151  1
 202 151  1
 281 151  1
 282 151  1
  41 152  1
 130 152  1
 232 152  1
 243 152  1
 253 152  1
 254 152  1
  84 153  1
 246 153  1
   7 154  1
  11 154  1
 177 154  1
 280 154  1
 281 154  1
  23 155  1
 102 155  1
 118 155  1
 119 155  1
  25 156  1
 140 156  1
 267 156  2
   1 157  1
 149 157  1
 151 157  1
 162 157  1
 210 157  1
 251 157  1
  97 158  1
 121 158  2
 122 158  2
 188 158  1
 189 158  1
 230 158  1
 231 158  1
  83 159  1
  90 159  1
 215 159  1
 216 159  1
 220 159  1
 221 159  1
  25 160  1
 154 160  1
 159 160  1
  34 161  1
 142 161  1
 194 161  1
 246 161  1
  28 162  1
 161 162  1
 134 163  1
 189 163  1
 226 163  1
 143 164  1
 144 164  1
 164 164  1
 217 164  1
 231 164  1
 120 165  1
 126 165  2
 127 165  2
 132 165  1
 166 165  1
   2 166  1
   3 166  1
   7 166  1
  34 166  1
  49 166  2
 139 166  1
 141 166  1
 152 166  1
 153 166  1
 154 166  1
 267 166  2
 268 166  2
  10 167  1
  43 167  2
  44 167  2
 113 167  1
 114 167  1
 115 167  1
 143 167  1
 197 167  1
 244 167  1
 245 167  1
 156 168  1
 157 168  1
 170 168  1
 189 168  1
 212 168  1
 276 168  1
 277 168  1
   3 169  1
   4 169  1
  61 169  2
  62 169  2
 161 169  1
 223 169  1
 224 169  1
  43 170  2
 104 170  1
 105 170  1
 173 170  1
 217 170  1
 242 170  1
 243 170  1
 266 170  2
 267 170  2
  59 171  2
  92 171  1
 162 171  1
 165 171  1
 166 171  1
 190 171  1
   9 172  1
  10 172  1
  16 172  1
  57 172  2
 109 172  2
 205 172  1
 239 172  1
 240 172  1
 107 173  2
 194 173  1
  16 174  1
  17 174  1
  68 174  3
  48 175  2
 138 175  2
 179 175  1
  56 176  2
 272 176  1
  52 177  2
 189 177  1
 232 177  1
 182 178  1
 197 178  1
 198 178  1
 236 178  1
 271 178  1
  14 179  1
 223 179  1
 224 179  1
  33 180  2
  46 180  2
  47 180  2
 108 180  1
 118 180  2
   7 181  1
  72 181  3
 221 181  1
 269 182  1
 203 183  1
 217 183  1
 109 184  2
 214 184  1
  17 186  1
  70 186  3
 209 186  2
 163 187  1
 166 187  1
 204 187  2
 221 187  1
  11 188  1
  19 188  1
 214 188  1
 229 188  1
 265 188  1
  74 189  2
 114 189  2
  13 190  1
 169 190  1
  22 191  1
  23 191  1
  76 191  2
  77 191  2
 160 191  1
 242 191  1
 262 191  1
  14 192  1
 116 192  2
 155 192  1
 164 192  1
 168 192  1
 144 193  2
 202 193  1
 228 193  1
 242 193  1
  16 194  1
  44 194  2
  45 194  2
  79 194  2
 153 194  1
 206 194  1
 222 194  2
  24 195  1
 179 195  1
  17 196  1
  72 196  1
  42 197  2
 130 197  2
 165 197  1
 187 197  1
 260 197  1
 261 197  1
  19 198  1
 159 198  1
 237 198  2
 240 198  2
  27 199  1
  36 199  1
 200 199  1
  29 200  1
 153 200  1
 154 200  1
 207 200  1
 218 200  2
 219 200  2
 130 201  2
  70 202  1
  74 202  2
  75 202  2
 144 202  2
 182 202  1
 210 202  1
 223 202  1
 258 202  1
 259 202  1
 128 203  2
 179 203  1
 198 203  1
 199 203  1
 157 204  1
 158 204  1
 221 204  1
  37 205  2
  38 205  2
 149 205  3
  66 206  1
  67 206  1
  82 206  1
 186 206  1
 214 206  1
 215 206  1
  29 207  1
 171 207  1
 178 207  1
 196 207  1
  72 208  2
 138 208  2
 140 208  2
 188 208  1
 255 208  1
 256 208  1
  60 209  1
 112 209  2
 113 209  2
 114 209  2
 170 209  1
 209 209  1
 210 209  1
 145 210  2
 165 210  1
  34 211  1
  58 211  1
  78 211  1
 129 211  2
 161 211  1
 170 211  1
 177 211  1
 178 211  1
 253 211  1
  36 213  1
  63 213  1
  83 213  2
  90 213  1
  95 213  1
  96 213  1
 113 213  1
 149 213  2
 156 213  2
 173 213  1
  54 214  1
 161 215  1
 169 215  2
 208 215  1
  41 216  1
  51 216  1
  52 216  1
  74 216  4
 109 216  1
 176 216  1
 181 216  2
 211 216  1
 212 216  1
 213 216  1
 136 217  1
 201 217  1
  43 218  1
  83 218  2
  84 218  2
  91 218  1
  92 218  1
 157 218  1
 158 218  1
 187 218  1
 204 218  1
 248 218  1
  56 219  1
  57 219  1
 142 219  1
  46 220  1
 197 220  1
 246 220  1
 100 221  1
 112 221  1
 130 221  1
 131 221  1
 182 221  2
 215 221  1
  92 222  1
 127 222  1
 178 222  2
 244 222  1
  51 223  1
  83 223  2
 204 223  1
 208 223  1
  69 224  1
  87 224  2
 114 224  1
 119 224  1
 154 224  2
 163 224  1
 188 224  1
 227 224  1
 194 225  1
 195 225  1
 216 225  1
  77 226  1
 150 226  1
 156 226  2
 202 226  1
 232 226  1
  73 227  1
 139 227  1
 210 227  1
 135 228  1
 201 228  1
 221 228  1
  63 229  1
  81 229  1
  93 229  1
  94 229  1
  99 229  1
 101 229  1
 140 229  1
 158 229  1
 160 229  1
 165 229  1
 194 229  1
 204 229  1
 226 229  1
 136 230  1
 148 230  1
 149 230  1
 215 230  1
 235 230  1
  86 231  1
 141 231  1
  67 232  1
 187 232  1
 191 232  1
 233 232  1
  81 233  1
  82 233  1
  92 233  2
 102 233  1
 166 233  1
 167 233  1
  69 234  1
  70 234  1
 145 234  1
 157 234  1
 158 234  1
 150 235  1
 228 235  1
  86 236  1
 118 236  1
 124 236  1
 137 236  1
 162 236  1
 112 237  1
  79 239  1
  81 239  1
 138 239  1
 112 240  1
 131 240  1
 222 240  1
 117 241  1
 126 241  1
 219 242  1
  90 243  1
  91 243  1
  92 243  1
 140 243  1
 168 243  1
 136 244  1
 216 244  1
  94 245  1
 114 245  1
 154 245  1
 119 246  1
 212 246  1
 213 246  1
 134 247  1
 144 247  1
 155 247  1
 156 247  1
 112 249  1
 150 249  1
 158 249  1
 115 251  1
 117 251  1
 152 251  1
 163 251  1
 201 251  1
 203 251  1
 119 252  1
 121 252  1
 156 252  1
 168 252  1
 198 252  1
 126 253  1
 196 253  1
 130 255  1
 132 255  1
 135 256  1
 171 257  1


count = 1173