 143   1  1
 144   1  1
 178   1  1
 131   3  1
 193   3  1
 196   4  1
 199   5  1
 146   6  1
 147   6  1
 113   7  1
 204   7  1
 109   8  1
 111   8  1
 207   8  1
 105   9  1
 107   9  1
 138   9  1
 152   9  1
 102  10  1
 146  10  1
 129  11  2
 138  11  1
 148  11  1
 193  11  1
 212  11  1
 213  11  1
 214  11  1
  98  12  1
 154  12  1
 172  12  2
 201  13  1
 125  14  2
 191  14  1
 196  14  1
 206  14  1
 120  15  1
 170  15  2
 172  15  2
 150  16  1
 156  16  1
 158  16  1
 160  16  1
  79  17  1
 104  17  1
 187  17  1
 188  17  1
 189  17  1
 152  18  1
 226  18  1
  74  19  1
  98  19  1
 116  19  1
 118  19  1
 198  19  1
 203  19  1
  85  20  1
  91  20  1
 173  20  2
 188  21  1
 231  21  1
 100  22  1
 114  22  1
  68  23  1
 105  23  1
 122  23  1
 123  23  1
 161  23  1
 179  23  1
 100  24  1
 236  24  1
  76  25  1
 107  25  1
 156  25  1
 157  25  1
 166  25  2
 167  25  2
 174  25  1
 179  25  1
 208  25  2
 220  25  2
 224  25  2
  62  26  1
  81  26  1
 187  26  1
 213  26  1
 107  27  1
 179  27  1
  58  28  1
 172  28  2
 241  28  1
  56  29  1
  76  29  1
 124  30  1
 212  30  1
 158  31  1
 205  31  1
  86  32  1
  90  32  1
  95  32  1
  96  32  1
 164  32  1
 210  32  1
  48  33  1
  49  33  1
 167  33  1
 220  33  1
 146  34  1
 218  34  1
 225  34  1
  60  35  1
  65  35  1
 128  35  1
 173  35  2
  56  36  1
 177  36  2
  43  37  1
  69  37  1
  70  37  1
 130  37  1
  81  38  1
  90  38  1
  91  38  1
  95  38  1
  96  38  1
 229  38  1
  40  39  1
 168  39  1
 169  39  1
 202  39  2
 245  39  1
  72  40  1
  91  40  1
 157  40  1
 158  40  1
  38  41  1
  51  41  1
 116  41  1
 130  41  1
  91  42  1
  92  42  1
 163  42  1
 176  42  2
 220  42  1
  51  43  1
  69  43  1
  80  43  3
 111  43  1
 112  43  1
 167  43  1
 188  43  1
 225  43  1
 226  43  1
  45  44  1
  57  44  1
 157  44  1
 229  44  1
 230  44  1
 240  44  1
 244  44  1
 249  44  1
  89  45  2
  96  45  1
 101  45  1
 133  45  1
 137  45  1
 171  45  1
  84  46  1
 122  46  1
 157  46  1
 175  46  1
  45  47  1
  51  47  1
  60  47  1
 171  47  1
 202  47  2
 206  47  2
 227  47  1
  86  48  1
 141  48  1
 158  48  1
 180  48  1
 261  48  1
 132  49  1
 152  49  1
  29  50  1
 124  50  1
 125  50  1
 167  50  1
 168  50  1
 174  50  1
 175  50  1
 235  50  1
 241  50  1
  82  51  1
  83  51  1
 230  51  1
 253  51  1
 254  51  1
 128  52  1
 150  52  1
 174  52  1
 180  52  1
 241  52  1
  57  53  1
  63  53  1
  79  53  2
 201  53  1
 222  53  1
 227  53  1
  37  54  2
 142  54  1
 174  54  1
 175  54  1
 247  54  1
 107  55  3
 164  55  1
 210  55  1
 238  55  1
 267  55  1
  24  56  1
 140  56  1
 225  56  1
  80  57  2
  81  57  2
 131  57  1
 154  57  1
 155  57  1
 167  57  1
 109  58  2
 145  58  1
 211  58  1
  86  59  2
  87  59  2
 122  59  3
 156  59  1
 173  59  1
 183  59  1
 217  59  1
 223  59  1
 258  59  2
 270  59  1
  21  60  1
  30  60  2
  32  60  2
 242  60  1
 247  60  1
 260  60  2
 111  61  2
 150  61  1
 178  61  1
 238  61  1
 130  62  1
  19  63  1
  39  63  2
  40  63  2
  41  63  2
  43  63  2
  49  63  2
  50  63  2
 132  63  1
 133  63  1
 155  63  1
 163  63  1
 173  63  1
 224  63  1
 139  64  1
 167  64  1
 177  64  1
 265  64  2
 266  64  2
  27  65  2
  50  65  2
  57  65  2
  58  65  2
  59  65  2
 220  65  1
 250  65  1
 274  65  1
 107  66  2
 146  66  1
 189  66  1
 194  66  1
 241  66  1
  50  67  2
 112  67  3
 113  67  3
  84  68  2
 168  68  1
 237  68  1
 238  68  1
 239  68  1
  15  69  1
  76  69  2
  89  69  2
 187  69  1
 228  69  1
 232  69  1
 183  70  1
 275  70  1
  91  71  2
  93  71  2
  95  71  2
 136  71  1
 251  71  1
  83  72  2
 107  72  2
 141  72  1
 163  72  1
 200  72  2
 267  72  2
 268  72  2
  21  73  1
  23  73  1
  48  73  2
  49  73  2
  86  73  2
 100  73  3
 180  73  1
 160  74  1
 174  74  1
 185  74  2
 189  74  2
 255  74  1
 105  75  2
 155  75  2
 277  75  1
 278  75  1
 131  76  1
 132  76  1
 178  76  1
 195  76  2
 203  76  2
 249  76  1
  20  77  1
  21  77  1
 101  77  2
 153  77  2
 198  78  2
 199  78  2
 269  78  1
 278  78  1
 279  78  1
  15  79  1
 251  79  1
   9  80  1
  10  80  1
 260  80  1
  93  81  2
 153  81  2
 279  81  1
 280  81  1
  60  82  2
 104  82  2
 172  82  1
 198  82  2
  54  83  2
 156  83  2
 180  83  1
 266  83  1
  43  84  2
  44  84  2
 100  84  2
 111  84  2
 189  84  2
 196  84  2
 257  84  1
 258  84  1
 262  84  1
 264  84  1
 271  84  1
 182  85  1
 220  85  1
 249  85  3
 250  85  2
 251  85  1
 175  86  1
 176  86  1
 229  86  1
 255  86  1
  81  87  1
 159  87  2
 220  87  1
 244  87  2
  77  88  1
  92  88  1
 184  88  1
 185  88  1
 103  89  2
 155  89  2
 268  89  1
 117  90  1
 118  90  1
 150  90  1
 263  90  1
  96  91  1
 111  91  1
 174  91  1
 236  91  1
 252  91  2
 253  91  2
 254  91  2
 140  92  1
 141  92  1
 186  92  1
   6  93  1
   7  93  1
  98  93  1
 110  93  1
 170  93  1
 171  93  1
 172  93  1
 210  93  1
 215  93  1
 216  93  1
 271  93  1
 226  94  2
 227  94  2
 230  94  1
 231  94  1
  13  95  1
  25  95  1
 145  95  1
 146  95  1
 175  95  1
 176  95  1
 234  95  1
 240  95  1
   5  96  1
   6  96  1
  22  96  1
 163  96  1
 206  97  1
 216  97  4
 250  97  2
 252  97  2
 258  97  2
 118  98  2
 171  98  1
 184  98  1
  12  99  1
  13  99  1
 157  99  1
 158  99  1
 159  99  1
 241  99  1
 232 100  1
   3 101  1
   4 101  1
   9 101  1
  21 101  1
 181 101  1
 208 101  1
 217 101  1
 243 101  1
 148 102  1
 167 102  1
 168 102  1
 254 103  1
   2 104  1
   3 104  1
  17 104  1
  33 104  1
 174 104  1
 245 104  1
 246 104  1
  29 105  1
  49 105  1
 138 105  1
 139 105  1
 163 105  1
 172 105  1
  81 106  3
  82 106  1
 215 106  1
 216 106  1
 226 106  1
 236 106  1
  15 107  1
 135 107  1
 240 107  1
  26 108  1
  87 108  1
  97 108  1
 111 108  1
 112 108  1
 169 108  1
 215 108  1
 273 108  1
   1 109  1
 107 109  1
 155 109  1
 161 109  1
  45 110  1
  99 110  1
 100 110  1
 173 110  1
  26 111  1
 113 111  1
 114 111  1
 229 111  1
 245 111  1
 247 111  1
  12 112  1
 151 112  1
 152 112  1
 195 112  2
 243 112  1
 251 112  1
  48 113  2
  55 113  2
  88 113  1
 212 113  1
  29 114  1
  65 114  1
  95 114  1
 163 114  1
 240 114  1
 268 114  1
 124 115  2
 186 115  2
 264 115  1
   5 116  2
  98 116  1
 126 116  2
 252 116  1
 147 117  1
 148 117  1
 214 117  2
 215 117  2
 248 117  1
  93 118  1
 100 118  1
 107 118  1
 118 118  2
 152 118  1
 157 118  1
 258 118  1
 111 119  1
 186 119  2
  51 120  2
  86 120  1
  95 120  1
 141 120  1
 241 120  1
   6 121  1
  20 121  2
  37 121  1
  38 121  1
   1 122  1
  11 122  1
  43 122  2
  99 122  1
 105 122  1
 115 122  1
 141 122  1
 189 122  1
 190 122  1
 204 122  1
 205 122  1
 266 122  1
 271 122  1
 272 122  1
  24 123  1
  28 123  1
 187 123  1
  13 124  1
 140 124  1
 151 124  1
 182 124  1
 261 124  1
  34 125  1
  55 125  2
  56 125  2
  69 125  1
 119 125  1
 120 125  1
 219 125  1
 238 125  1
   2 126  1
   3 126  1
  29 126  1
  30 126  1
 109 126  1
 110 126  1
 111 126  1
 133 126  1
 215 126  1
 216 126  1
 242 126  1
 273 126  1
 274 126  1
 275 126  1
  40 127  1
  65 127  1
 169 127  3
 180 127  1
 212 127  1
  94 128  1
 230 128  2
 244 128  1
   8 129  1
   9 129  1
  38 129  1
  44 129  1
 103 129  1
 139 129  1
  69 130  1
 266 130  1
  21 131  1
  25 131  1
 125 131  1
 126 131  1
 135 131  1
 143 131  1
 186 131  1
 187 131  1
 196 131  1
 197 131  1
 235 131  1
 240 131  1
  34 132  2
  40 132  1
  62 132  1
  79 132  1
 130 132  1
 201 132  1
 232 132  1
 244 132  1
 102 133  1
 108 133  1
 145 133  1
 165 133  1
 166 133  1
 212 133  1
 221 133  1
 266 133  1
   1 134  1
  52 134  1
  68 134  1
  79 134  1
 112 134  1
 150 134  1
 188 134  1
 247 134  1
 258 134  1
 271 134  1
   6 135  1
  21 135  1
 118 135  1
 208 135  1
 254 135  1
 256 135  1
   9 136  1
  10 136  1
  11 136  1
  40 136  1
  51 136  1
 154 136  1
 155 136  1
 238 136  2
 241 136  2
 274 136  1
  26 137  1
  97 137  1
 109 137  1
 173 137  2
  14 138  1
 181 138  1
 197 138  1
 201 138  1
 249 138  1
 263 138  1
  42 139  1
  97 139  1
 161 139  1
 189 139  1
  54 140  1
  59 140  1
  63 140  1
 103 140  1
 116 140  2
 134 140  1
 187 140  1
 233 140  2
  83 141  1
 152 141  2
 185 141  1
 267 141  1
 268 141  1
  43 142  1
  44 142  1
 163 142  1
 176 142  2
  35 143  2
 138 143  1
 139 143  1
 260 143  1
   1 144  1
   8 144  2
  13 144  2
  65 144  1
  71 144  1
  75 144  1
 144 144  1
 165 144  1
 228 144  2
  51 145  1
  52 145  1
 108 145  1
 127 145  1
 249 145  1
  81 146  1
  97 146  1
 119 146  1
 146 146  1
 193 146  2
 269 146  1
   1 147  1
   2 147  1
  47 147  1
 191 147  2
 275 147  2
 157 148  2
 183 148  2
 243 148  1
 265 148  1
  11 149  1
  95 149  1
 116 149  2
 149 149  1
 150 149  1
 165 149  1
 181 149  2
 194 149  2
 195 149  2
 225 149  1
 231 149  1
 258 149  1
  13 150  1
  15 150  1
  61 150  1
  84 150  1
 274 150  2
  10 151  1
  21 151  1
  48 151  1
  71 151  1
 103 151  1
 169 151  1
 222 151  1
 257 151  1
  37 152  1
  38 152  1
  79 152  1
  86 152  1
 109 152  1
 123 152  1
 160 152  1
 214 152  1
 236 152  1
 266 152  1
  71 153  1
  95 153  1
 181 153  2
 205 153  1
 227 153  1
 245 153  1
 264 153  1
  28 154  1
  65 154  1
 165 154  1
 183 154  2
 184 154  2
 210 154  1
 218 154  1
 241 154  1
 242 154  1
 253 154  1
  24 155  1
  67 155  1
  98 155  1
 100 155  1
 101 155  1
 126 155  1
 261 155  1
  33 156  2
  73 156  1
  75 156  1
  76 156  1
  77 156  1
 138 156  1
 249 156  1
 106 157  1
 135 157  1
 136 157  1
 140 157  1
 233 157  1
 237 157  1
  13 158  1
 111 158  1
 123 158  1
 124 158  1
 161 158  1
 172 158  1
 225 158  1
 245 158  1
   4 159  1
   5 159  1
 143 159  1
 153 159  1
 183 159  2
 198 159  1
 202 159  1
 255 159  1
 261 159  1
 100 160  1
 212 160  1
 223 160  1
   5 161  1
 155 161  1
 236 161  1
 272 161  1
  19 162  1
 122 162  1
 176 162  1
 177 162  1
 183 162  2
 216 162  1
 250 162  1
   5 163  1
   6 163  1
  36 163  2
 111 163  1
 158 163  1
  39 164  2
 100 164  1
 224 164  1
 225 164  1
 230 164  1
 231 164  1
 279 164  1
 280 164  1
  13 165  2
 106 165  1
 168 165  1
   6 166  1
   7 166  1
  25 166  1
 102 166  1
 123 166  1
 146 166  1
 198 166  1
 244 166  1
 245 166  1
 170 167  1
 171 167  1
 176 167  1
 238 167  1
  34 168  1
 145 168  1
 150 168  1
 266 168  1
   7 169  1
   8 169  1
 155 169  1
 156 169  1
 257 169  1
 270 169  1
 271 169  1
 194 170  2
 276 170  1
 277 170  1
 120 171  1
 135 171  1
 136 171  1
 229 171  1
 247 171  1
 248 171  1
  22 172  1
  23 172  1
  32 172  1
  43 172  2
 128 173  1
 224 173  1
 245 173  1
  20 174  1
 234 174  1
 268 174  1
  27 175  1
 127 175  1
  16 176  1
 132 176  1
 264 176  1
 265 176  1
 127 177  1
 228 177  1
 232 177  1
 134 178  1
 221 178  1
 226 178  1
 250 178  1
  44 179  2
 256 179  1
  57 180  2
 250 180  1
  69 181  2
  77 181  2
 262 181  1
 265 181  1
 266 181  1
  12 182  1
  20 182  1
  21 182  1
 253 182  1
  90 183  2
  91 183  2
 130 183  1
 231 183  1
  46 184  1
  82 184  1
 239 184  1
 210 185  1
 256 185  1
 257 185  1
 272 185  1
  25 186  1
  29 186  1
  60 186  2
  62 186  2
 252 186  1
  77 187  1
  78 187  1
 263 187  1
  85 188  1
 232 188  1
 248 188  1
  82 189  1
 216 189  2
  36 190  1
 207 190  1
 225 190  1
  27 191  1
  46 191  1
 232 191  1
 241 191  1
 268 191  1
  36 192  1
  79 192  1
  95 192  2
  25 193  1
 105 193  2
 203 193  3
  36 194  1
  37 194  1
  97 194  2
  51 195  2
  61 195  2
  46 196  1
  90 196  2
 250 196  2
 256 196  2
 267 196  1
  41 197  1
  77 197  1
  21 198  1
  28 198  2
 216 198  1
 250 198  2
 251 198  2
  59 199  2
  67 199  1
  75 199  1
 224 199  1
  45 200  1
  36 201  1
  52 201  1
  97 201  2
  98 201  2
  40 202  1
 212 202  1
 263 202  1
  25 203  1
  65 203  1
 216 203  1
 218 203  1
  44 204  1
  50 204  1
  87 204  2
 210 204  1
 114 205  1
 197 205  2
 198 205  1
 199 205  1
 224 205  1
  58 206  2
  59 206  1
  81 206  2
  96 206  2
  97 206  2
  98 206  2
 110 206  1
 116 207  1
  29 208  1
  88 208  2
 104 208  2
 178 208  1
 208 208  1
 259 208  1
 202 209  1
  55 210  1
  60 210  1
 104 210  1
 114 210  1
 115 210  1
 219 210  1
  71 211  2
 108 211  1
 177 211  1
 185 211  1
 186 211  1
 202 211  1
  84 212  2
 112 212  1
 140 212  1
 142 212  1
  33 213  1
  75 213  2
 136 213  1
  80 214  2
 123 214  3
 142 214  1
 180 214  1
 208 214  1
 254 214  1
  76 215  2
 174 215  1
  36 216  1
  58 216  1
  59 216  1
 133 216  1
 252 216  1
 148 217  1
 161 217  1
 171 217  4
 221 217  1
  58 218  1
 179 218  1
 186 218  1
  53 219  1
  67 219  2
  99 219  1
 110 219  1
 129 219  1
  57 220  1
  58 220  1
 205 220  1
 127 221  1
 134 221  1
 142 221  1
 161 221  1
 176 221  1
 171 222  1
 189 222  1
 190 222  1
 198 222  1
  56 223  1
  57 223  1
 103 223  1
 104 223  1
 148 223  1
  46 224  1
  92 224  2
  93 224  2
 134 224  1
 185 224  1
  97 225  1
  98 225  1
 125 225  1
 126 225  1
 141 225  1
 163 225  1
  50 226  1
  64 226  2
 123 226  1
 129 226  1
 197 226  1
 198 226  1
 217 226  1
 155 227  2
 101 228  1
 113 228  1
 123 228  1
 144 228  1
 159 228  2
 179 228  1
 167 229  1
  56 230  1
 122 230  1
 123 230  1
 132 230  1
 133 230  1
 138 230  1
 204 230  1
 238 230  1
 110 231  1
 126 231  1
 173 231  1
 195 231  1
 196 231  1
 101 232  1
 128 232  1
 135 232  4
 171 232  1
 212 232  1
 236 232  1
  96 233  1
 120 233  1
 140 233  1
 146 233  1
 158 233  2
 165 233  1
  81 234  1
  85 234  1
 131 234  1
 184 234  1
 185 234  1
 112 235  1
 144 235  1
 197 235  1
 198 235  1
 232 235  1
  67 236  1
 107 236  1
 116 236  1
 117 236  1
 190 236  1
 202 236  1
 203 236  1
 207 236  1
 122 237  1
 123 237  1
 149 237  2
  98 238  1
 107 238  1
 165 238  1
 169 238  1
 208 238  1
 209 238  1
 227 238  1
  74 239  1
  76 239  1
  90 239  1
  91 239  1
  92 239  1
 198 239  1
  82 241  1
 111 241  1
 146 241  1
 149 241  1
 209 241  1
  97 242  1
 109 242  1
 131 242  1
 154 242  1
 158 242  1
 204 242  1
 220 242  1
 221 242  1
  87 243  1
 121 243  1
  90 244  1
 190 244  1
 139 245  1
 215 245  1
 147 246  1
 175 246  1
 106 247  1
 128 247  1
 152 247  1
 212 247  1
 213 247  1
 111 248  1
 133 248  1
 208 248  1
 140 249  1
 186 249  1
 150 251  1
 202 251  1
 203 251  1
 204 251  1
 160 253  1
 134 254  1
 142 256  1
 185 256  1


count = 1194