 152   1  1
 153   1  1
 172   1  1
 176   1  1
 197   4  1
 198   4  1
 199   4  1
 119   5  1
 112   6  1
 161   7  1
 163   7  1
 164   7  1
 203   7  1
 140   8  1
 147   8  1
 189   8  1
 151   9  1
 153   9  1
 183   9  1
  93  10  1
 125  10  2
 210  11  1
  88  13  1
  89  13  1
 112  13  1
 167  13  1
 169  13  1
 213  13  1
 214  13  1
 151  14  2
 152  14  2
 157  14  1
 173  14  1
 174  14  1
 184  14  1
 185  14  1
 190  14  1
 191  14  1
 113  15  1
  85  16  1
  92  16  1
 105  16  1
 160  16  1
 161  16  1
 179  16  1
  81  17  1
  82  17  1
  97  17  1
  98  17  1
 100  17  1
 171  18  1
 190  18  1
 223  18  1
  78  19  1
  79  19  1
 166  19  1
 184  19  1
  74  20  1
 111  20  1
 112  20  1
 124  20  2
 226  20  1
  83  21  1
 129  21  2
 164  21  1
 181  21  1
  69  22  1
 108  22  1
 109  22  1
 176  22  1
 177  22  1
 196  22  2
 197  22  2
 198  22  2
  66  23  1
 152  23  2
 232  23  1
 132  24  1
 115  25  1
 162  25  1
 183  25  1
  56  26  1
  72  26  1
 193  26  2
 213  26  2
 138  27  1
 173  27  1
  77  28  2
  92  28  1
 155  28  2
 210  28  2
 238  28  1
  51  29  1
  67  29  1
 111  29  1
 112  29  1
 160  29  1
 161  29  1
 175  29  1
  87  30  1
  94  30  1
 130  30  1
 131  30  1
 227  30  1
 240  30  1
  67  31  1
  68  31  1
 180  31  1
 196  31  2
 242  31  1
 136  32  1
 153  32  2
  44  33  1
 244  33  1
  90  34  1
 116  34  1
 117  34  1
 173  34  1
 198  34  2
 230  34  1
  94  35  1
 191  35  1
 192  35  1
 202  35  1
 203  35  1
 225  35  1
  84  36  1
 106  36  1
 137  36  1
 152  36  1
 111  37  2
 118  37  1
 171  37  1
 202  37  1
  52  38  1
 153  38  1
  63  39  1
  64  39  1
  68  39  1
  79  39  1
  85  39  1
  97  39  1
  99  39  1
 122  39  1
 194  39  1
 195  39  1
 198  39  1
 202  39  1
 105  40  1
 183  40  1
  87  41  1
 143  41  1
 151  41  1
 152  41  1
 192  41  1
 252  41  1
  62  42  1
 131  42  1
  80  43  1
  89  43  1
 102  43  1
 254  43  1
  40  44  1
  41  44  1
  52  44  1
  68  45  1
  69  45  1
 149  45  1
 173  45  1
 255  45  1
  37  46  1
  62  46  1
  63  46  1
  99  46  1
 100  46  1
 121  46  2
 133  46  1
 204  46  1
 205  46  1
  72  47  1
  73  47  1
 141  47  1
 149  47  1
 164  47  1
 257  47  1
 144  48  1
 219  48  2
  27  49  1
  77  49  1
  78  49  1
 149  49  1
 175  49  1
 179  49  1
 202  49  1
 217  50  2
 226  50  1
  25  51  1
  78  51  1
  32  52  1
  52  52  1
  53  52  1
  70  52  1
 158  52  1
 159  52  1
 202  52  1
 214  52  2
 224  52  1
  22  53  1
  34  53  1
  40  53  1
 122  53  2
 164  53  1
  53  54  1
 140  54  1
 147  54  1
 171  54  1
 172  54  1
  61  55  1
  62  55  1
 153  55  1
 177  55  1
 228  55  2
 256  55  1
 264  55  1
  41  56  1
  54  56  1
 174  56  1
 201  56  2
  35  57  1
  62  57  1
 121  57  1
 122  57  1
 135  57  1
 143  57  1
 167  57  1
 190  57  2
 245  57  2
  52  58  1
  62  59  1
  63  59  1
 138  59  1
 139  59  1
 178  59  1
 191  59  2
 258  59  1
 259  59  1
 146  60  1
 223  60  1
 229  60  1
 254  60  1
  15  61  1
  41  61  1
  42  61  1
 176  61  1
 233  61  1
 234  61  1
 154  62  1
 226  62  1
 268  62  1
 269  62  1
  14  63  1
  97  63  2
 124  63  1
 139  63  1
 174  63  1
  52  64  1
  63  64  1
 148  64  1
 149  64  1
 238  64  2
 128  65  1
 157  65  1
 233  65  1
  21  66  1
  42  66  2
 149  66  1
 259  66  1
  12  67  1
  26  67  2
  28  67  2
  99  67  2
 103  67  2
 227  67  1
  36  68  2
  68  68  1
 170  68  1
 259  68  1
  57  69  1
  58  69  1
 160  69  1
 239  69  2
 143  70  1
 145  70  1
 149  70  1
 165  70  1
 166  70  1
 103  71  2
 158  71  1
   8  72  1
  15  72  1
  23  72  1
  53  72  1
  54  72  1
 225  72  1
 139  73  1
 234  73  2
 244  73  1
  15  74  1
  23  74  1
 223  74  1
 239  74  2
  21  75  1
  56  75  1
  83  75  2
  12  77  1
  13  77  1
  71  77  1
  80  77  1
 135  77  1
 158  77  1
 247  77  1
 256  77  1
 225  78  1
 230  78  1
 273  78  1
 274  78  1
  30  79  2
  31  79  2
 135  79  1
  22  80  1
 180  80  1
 189  80  1
 241  80  1
 242  80  1
 248  80  3
  25  81  1
 135  81  1
 186  81  1
   3  82  1
   4  82  1
  22  82  2
 157  82  1
 158  82  1
 225  82  1
  78  83  1
  84  83  1
 131  83  1
 137  83  1
 176  83  1
 207  83  2
 209  83  2
 221  83  1
 242  83  1
  22  84  1
 145  84  1
 146  84  1
 148  84  1
 149  84  1
 186  84  1
 195  84  1
 233  84  1
 255  84  1
  45  85  2
  17  86  1
  32  86  2
 142  86  1
 213  86  2
 222  86  1
 239  86  1
  77  87  2
 131  87  1
 135  87  1
 170  87  1
 244  87  1
 257  87  1
 118  88  1
 142  88  1
 189  88  1
 222  88  1
 249  88  1
  93  89  1
 155  89  1
 156  89  1
 167  89  1
 234  89  1
  11  90  2
  13  90  2
  87  90  1
  88  90  1
 188  90  1
 198  90  3
 212  90  1
 229  90  1
 230  90  1
 252  90  1
   1  91  1
   2  91  1
  24  91  2
 104  91  1
 128  91  1
 150  91  1
 154  91  1
 217  91  1
 238  91  1
 258  91  1
 268  91  1
  97  92  1
 119  92  1
 235  92  1
  30  93  2
  31  93  2
 141  93  1
 162  93  1
 197  93  2
 244  93  1
 246  93  1
 253  93  1
  67  94  1
  74  94  1
 108  94  1
 137  94  1
 160  94  1
 231  94  1
 232  94  1
 249  94  1
 250  94  1
 260  94  1
   1  95  1
  17  95  1
 124  95  1
 215  95  1
  12  96  1
  76  96  1
  80  96  1
 116  96  1
 236  96  1
 265  96  1
 210  97  1
 211  97  1
 254  97  1
 118  98  1
 119  98  1
 120  98  1
 122  98  1
 152  98  1
 153  98  1
 154  98  1
 204  98  2
 223  98  1
 224  98  1
 230  98  1
 244  98  2
  83  99  1
  95  99  1
 176  99  1
 240  99  1
 260  99  1
   6 100  1
  16 100  2
  17 100  2
 191 100  2
 192 100  2
 215 100  1
 106 101  1
 148 101  1
 234 101  1
 255 101  1
 144 102  1
 145 102  1
 166 102  1
 167 102  1
 194 102  2
 210 102  1
 211 102  1
 229 102  1
 230 102  1
 239 102  1
 272 102  2
  98 103  1
 129 103  1
  17 104  2
 142 104  1
 164 104  1
 226 104  1
  32 105  1
 102 105  1
 114 105  1
 266 105  2
 267 105  2
   8 106  1
  17 106  2
  81 106  1
 261 106  1
 130 107  1
 131 107  1
 154 107  1
 158 107  1
 250 107  1
   6 108  1
  59 108  1
 151 108  1
 167 108  1
  48 109  1
  53 109  1
  83 109  1
 224 109  1
 225 109  1
 256 109  1
  27 110  1
 157 110  1
 219 110  1
 265 110  1
  68 111  2
  69 111  1
  79 111  1
  86 111  1
 165 111  1
  22 112  1
  36 112  1
  37 112  1
 212 112  1
 267 112  1
 268 112  1
 271 112  1
  30 113  1
  59 113  2
  72 113  1
  73 113  1
  89 113  1
 145 113  1
  37 114  1
  39 114  1
  50 114  1
  53 114  1
 129 114  1
 163 114  1
 186 114  1
 208 114  1
 229 114  1
   1 115  1
  30 115  1
  44 115  1
  62 115  1
  79 115  1
  80 115  1
 151 115  1
 224 115  1
 258 115  1
  85 116  1
 105 116  2
 109 116  1
 110 116  1
 119 116  1
 160 116  1
 217 116  1
 219 116  1
  33 117  1
 127 117  1
 132 117  1
 137 117  1
 138 117  1
  28 118  1
  98 118  1
  99 118  1
 157 118  1
 182 118  2
 223 118  1
 273 118  1
  50 119  1
  71 119  1
 115 119  1
 144 119  1
 192 119  1
 227 119  1
 271 119  1
   8 120  1
 148 120  1
 178 120  2
 203 120  1
 204 120  1
   3 121  1
  53 121  1
  78 121  1
 118 121  1
 137 121  1
 218 121  1
 229 121  1
 259 121  1
  30 122  1
  74 122  1
 152 122  1
 153 122  1
 178 122  2
 240 122  1
 242 122  1
 282 122  1
 283 122  1
  19 123  1
  25 123  1
  43 123  1
  92 123  1
 254 123  1
 278 123  1
  47 124  1
  81 124  1
 100 124  1
 142 124  1
 147 124  1
 219 124  1
 223 124  1
 225 124  1
  35 125  1
  54 125  1
  64 125  1
  95 125  1
 189 125  1
 246 125  1
 199 126  2
   6 127  1
  48 127  1
 172 127  1
 180 127  1
 206 127  1
 210 127  1
 214 127  1
 246 127  1
 255 127  1
 269 127  1
 273 127  1
  28 128  1
 225 128  1
  19 129  1
  30 129  1
  31 129  1
  32 129  1
  79 129  1
 144 129  1
 145 129  1
 178 129  1
 191 129  1
 201 129  2
  57 130  1
  63 130  1
  85 130  1
 103 130  1
 121 130  1
 132 130  1
 196 131  1
 216 131  1
 238 131  1
 244 131  1
  12 132  1
  14 132  1
  15 132  1
  90 132  1
 100 132  1
 101 132  1
 136 132  1
 214 132  1
  10 133  1
 229 133  1
 254 133  1
 272 133  1
 274 133  1
   8 134  1
 197 134  1
  33 135  1
  86 135  2
 153 135  1
 277 135  1
  97 136  1
 109 136  2
 160 136  1
 249 136  1
 280 136  1
  14 137  1
  24 137  2
  25 137  2
 124 137  1
 125 137  1
 130 137  1
 169 137  1
 207 137  2
   3 138  1
   4 138  1
  66 138  3
 108 138  2
 120 138  1
 153 138  1
 222 138  1
 260 138  1
 263 138  1
  10 139  1
 140 139  1
 142 139  1
  96 140  1
 157 140  1
 163 140  1
 214 140  2
 257 140  1
 116 141  1
 114 142  1
 145 142  1
 164 142  1
 206 142  1
 209 142  2
 257 142  1
  23 143  1
  93 143  1
 174 144  2
 175 144  2
 247 144  2
 248 144  2
 257 144  1
 264 144  1
  17 145  1
  19 145  1
  88 145  1
 147 145  1
 155 145  1
 157 145  1
 166 145  1
 221 145  1
 252 145  1
  24 146  1
 112 146  1
  53 147  1
  54 147  1
  86 147  1
 104 147  1
 151 147  1
 152 147  1
 169 148  1
 249 148  1
  34 149  1
  54 149  1
 111 149  1
 115 149  1
 138 149  1
 157 149  1
 171 149  1
 173 149  1
 215 149  1
 134 150  1
  84 151  1
  90 151  2
 129 151  1
 159 151  1
 255 151  1
 275 151  2
 118 152  1
 145 152  1
 264 152  1
  14 153  1
  15 153  1
 133 153  1
 161 153  1
 174 154  1
 138 155  1
 141 156  1
 142 156  1
 165 156  1
 178 156  1
 185 156  1
   8 157  1
  59 157  2
 128 157  1
 169 157  1
 260 157  1
 268 157  2
  91 158  1
 145 158  1
 149 158  1
 225 158  2
  13 159  1
  18 159  1
  98 159  1
 135 159  1
 136 159  1
 238 159  2
 156 160  1
 171 160  1
 176 160  1
 242 160  2
 246 160  1
 264 160  1
   9 161  1
 116 161  1
 117 161  1
 138 161  1
 255 161  1
 256 161  1
 257 161  1
  57 162  2
 248 162  1
   9 163  1
  19 163  1
  36 164  2
  37 164  2
  91 164  1
 133 164  1
 153 164  1
  12 165  1
 118 165  1
 137 165  1
 187 165  1
 197 165  2
  58 166  2
 125 166  1
 165 166  1
  54 167  2
 108 167  1
 169 167  1
 170 167  1
 249 167  1
 252 167  1
  33 168  1
 225 168  1
  14 169  1
 127 169  1
 173 169  1
 254 169  1
 248 170  1
  26 171  2
  38 171  1
 175 171  1
 197 171  1
 241 171  1
 273 171  1
 274 171  1
  31 172  2
  32 172  2
 182 172  1
 184 172  1
 189 172  1
 232 172  1
 237 172  1
 266 172  1
 267 172  1
   5 173  1
   6 173  1
  41 173  1
  42 173  1
 239 173  1
  14 174  1
 184 174  1
 256 174  1
 262 174  1
  28 175  2
  36 175  2
  37 175  2
 251 175  1
   6 176  1
   7 176  1
  16 176  1
  45 176  1
  52 177  1
 195 177  1
 235 177  2
 271 177  1
  47 178  1
 228 178  1
  25 179  1
  26 179  1
 231 179  1
 239 180  2
  18 181  1
  28 181  1
  30 181  1
  31 181  1
 273 181  1
  14 182  1
  15 182  1
  26 182  1
  49 182  1
  10 183  1
  20 184  1
  61 184  1
 227 184  1
 260 184  2
 232 185  1
 280 185  1
  54 186  1
  63 186  1
  70 186  1
  13 187  1
  74 187  1
  23 188  1
 249 188  1
 250 188  1
  15 189  1
  76 189  1
 277 189  1
 233 190  1
 243 190  1
 244 190  1
  16 191  1
  51 191  1
 238 191  1
 256 191  1
  23 192  1
  24 192  1
  39 192  1
  79 192  1
 193 192  2
  93 193  1
  48 194  1
  50 194  1
  99 194  1
 265 194  1
 267 194  1
 268 194  1
 276 194  1
  41 195  1
  42 195  1
  83 196  2
  84 196  1
  77 197  1
  88 197  1
  89 197  1
 190 197  2
 262 197  1
 274 197  1
 133 198  2
 258 198  1
  21 199  1
 190 199  2
 191 199  2
 116 200  1
 272 200  1
 193 201  2
  23 202  1
 133 202  1
 199 202  2
 200 202  2
 240 202  1
 247 202  1
  77 203  1
  50 204  1
 115 204  1
 235 204  1
 239 204  1
  91 205  2
 162 205  2
 252 205  1
  29 206  1
 105 206  1
 112 206  1
 142 206  1
 193 206  2
 194 206  2
 197 206  2
 201 206  2
 268 206  1
  82 207  1
  88 207  2
 204 207  2
 222 207  1
  43 208  1
  45 208  1
  99 208  1
 103 208  1
 197 208  2
 256 208  1
 266 208  1
 136 209  1
 143 209  1
  36 210  1
  77 210  1
  84 210  1
 119 210  1
 120 210  1
 138 210  1
 193 210  2
 210 210  1
 211 210  1
  93 211  1
 129 211  1
 148 211  1
  39 212  1
  50 212  1
 163 212  1
 190 212  2
 225 212  1
 227 212  1
 251 212  1
 263 212  1
 120 213  1
  42 214  1
  87 214  1
  96 214  1
 130 214  1
 168 214  1
 220 214  2
 221 214  1
 246 214  1
  44 215  1
  82 215  1
 134 215  1
 135 215  1
 146 215  1
 213 215  1
 214 215  1
 232 215  1
 254 215  1
  98 216  1
 142 216  1
 143 216  1
 225 216  1
 260 216  1
 100 217  1
 150 217  1
 218 217  1
 249 217  1
  49 218  1
  75 218  1
 158 218  2
 168 218  1
 220 218  1
 222 218  1
 259 218  1
 119 219  1
 120 219  1
 132 219  1
 190 219  2
 234 219  1
 252 219  1
  51 220  1
 196 220  2
 224 220  1
 225 220  1
  93 221  1
 100 221  1
 137 221  1
 144 221  1
 170 221  1
 213 221  1
 238 221  1
 239 221  1
 257 221  1
  54 222  1
  55 222  1
  70 222  1
  87 222  1
 221 222  1
 243 222  1
 115 223  1
 129 223  1
 130 223  1
 165 223  2
 215 223  1
 255 223  1
 105 224  1
 106 224  1
 227 224  1
  70 225  1
  76 225  1
 124 225  2
 141 225  1
 236 225  1
  62 226  1
  64 226  1
  79 226  1
 134 226  1
  82 227  1
 188 227  2
 229 227  1
  67 228  1
 102 228  1
 198 228  2
 199 228  2
 215 228  1
 105 229  1
 106 229  1
 114 229  1
 115 229  1
 129 229  1
 142 229  1
 249 229  1
  69 230  1
  80 230  1
  85 230  1
 171 230  1
 172 230  1
 238 230  1
 100 231  1
 143 232  1
 144 232  1
 232 232  1
 245 232  1
  98 233  1
 125 233  1
 192 233  2
 212 233  1
 213 233  1
 113 234  1
 114 234  1
  78 235  1
 133 235  1
 152 235  2
 172 235  1
 173 235  1
 186 235  1
 187 235  1
 203 235  1
 241 235  1
  83 236  1
 112 236  1
 164 236  1
 182 236  1
 183 236  1
 200 236  1
 239 236  1
  97 237  1
 104 237  1
 105 237  1
 125 237  1
 178 237  2
  89 238  1
 118 238  2
 173 238  1
 130 239  1
  93 240  1
  94 240  1
 103 240  1
 196 240  2
 234 240  1
 201 241  1
  96 242  1
 122 242  1
 177 242  2
 101 244  1
 102 244  1
 103 244  1
 128 244  1
 145 244  2
 146 244  2
 177 244  2
 229 244  1
 209 245  1
 214 245  1
 105 246  1
 106 246  1
 154 246  2
 155 246  2
 206 247  1
 225 247  1
 126 248  1
 162 248  1
 163 248  1
 178 249  1
 133 250  1
 155 250  1
 157 250  1
 173 250  1
 197 250  1
 219 250  1
 220 250  1
 215 251  1
 163 252  1
 210 253  1
 208 254  1
 204 255  1
 169 257  1


count = 1164