 144   1  1
 145   1  1
 173   1  1
 193   4  1
 194   4  1
 195   4  1
 119   6  1
 165   6  2
 197   6  1
 202   8  1
 204   8  1
 135  10  2
 128  11  1
 137  11  2
 141  11  2
 211  12  1
 212  12  1
 213  12  1
 121  13  1
 123  13  1
 167  13  2
 101  14  1
 173  14  2
 203  14  1
  93  15  1
 115  15  1
 116  15  1
 218  15  1
  90  16  1
 109  16  1
 111  16  1
 182  16  2
 183  16  2
 104  18  1
 105  18  1
 125  18  1
 126  18  1
 204  18  1
 222  18  1
  99  20  1
 168  20  2
 169  20  2
  91  21  1
 135  22  1
 166  22  2
 183  22  2
 217  22  2
 227  22  1
  86  23  1
  99  23  1
 177  23  2
 208  23  1
  62  24  1
 104  24  1
 173  24  2
 204  24  2
  60  25  1
  77  25  1
 101  25  1
 232  25  1
 124  26  2
 130  26  1
 141  26  1
 203  26  2
 235  27  1
 122  28  2
 123  28  2
 144  28  1
 158  28  2
 105  29  2
 146  29  1
 227  29  2
 238  29  1
  49  30  1
  50  30  1
  73  30  1
 100  30  1
 132  30  1
 136  30  1
 141  31  1
 148  31  1
 173  31  2
 240  31  1
  46  32  1
 136  32  1
 210  32  1
  84  33  1
  85  33  1
  95  33  1
 143  33  1
 158  33  1
 198  33  1
  78  34  1
  97  34  1
 102  34  1
 118  34  2
 123  34  2
 124  34  2
 136  34  1
 145  34  1
 146  34  1
 152  34  1
 167  34  2
 208  34  1
 244  34  1
 130  35  2
 172  35  2
 121  36  2
 246  36  1
  72  37  1
 155  37  1
 156  37  1
 204  37  1
 205  37  1
 206  37  1
  84  38  1
 161  38  1
 162  38  1
 211  38  1
  77  39  1
  88  40  1
  89  40  1
 144  40  1
 146  40  1
 198  40  1
 209  40  1
 210  40  1
  81  41  1
 102  41  1
 138  41  1
 212  41  1
 218  41  1
 224  41  1
  51  42  2
  61  42  3
 112  42  1
 133  42  2
 149  42  1
 234  42  2
  35  43  1
 101  43  1
 140  43  1
 156  43  1
 195  43  1
 196  43  1
  53  44  2
 150  44  1
  59  45  2
  60  45  2
  68  45  2
  76  45  1
  85  45  1
 160  45  1
  33  46  1
 130  46  2
 147  46  1
 231  46  2
 112  47  1
 145  47  1
 202  47  1
 203  47  1
  30  48  1
  81  48  1
 188  48  1
 189  48  1
 194  48  2
  83  49  1
  85  49  1
  98  49  2
 104  49  2
 164  49  1
 165  49  1
 169  49  1
 236  49  2
  53  50  2
  77  50  1
  89  50  1
 115  50  1
 120  50  1
 121  50  1
 140  50  1
 143  50  1
 222  50  1
 223  50  1
 246  51  2
 153  52  1
  92  53  1
  93  53  1
 190  53  1
 207  53  1
 220  53  1
 149  54  1
 225  54  2
 255  54  2
  35  55  2
 116  55  1
 117  55  1
 121  55  1
 122  55  1
 134  55  2
 137  55  1
 145  55  1
 164  55  1
 213  55  2
  22  56  1
  88  56  1
 161  56  1
 199  56  1
 266  56  1
  74  57  1
 169  57  1
 170  57  1
 203  57  1
 208  58  2
 241  58  2
 257  58  1
 169  59  1
 214  59  2
 237  59  2
  42  60  2
  43  60  2
  48  60  2
 116  60  1
 162  60  2
  35  61  2
  39  61  2
  77  61  1
  84  61  1
  86  61  1
  98  61  2
 132  61  1
 149  61  1
  45  62  2
  79  62  1
  81  62  1
 108  62  2
 156  62  1
 164  62  1
 165  62  1
 166  62  1
 235  62  2
 242  62  1
 250  62  1
  91  63  1
 200  63  1
 255  63  1
  18  64  1
 105  64  2
 112  64  2
 116  64  2
 126  64  1
 135  64  1
 146  64  1
 211  64  2
 241  64  1
  44  65  2
 160  65  1
 161  65  1
 247  65  1
  53  66  2
  93  66  1
 203  66  2
 204  66  2
 216  66  2
 272  66  1
 273  66  1
  16  67  1
  70  67  3
 164  67  1
 242  67  1
 257  67  1
 265  67  1
 266  67  1
  82  68  1
 128  68  1
 132  68  1
 197  68  1
 245  68  1
  70  69  2
 101  69  2
 195  69  1
 206  69  2
 151  70  2
 157  70  2
 210  70  2
  13  71  1
  41  71  2
  42  71  2
  53  71  2
  88  71  1
 214  71  2
 275  71  1
 276  71  1
 191  72  1
 200  72  2
 217  72  2
 105  73  2
 148  73  2
 149  73  2
 244  73  1
 245  73  1
 259  73  1
  32  74  2
  33  74  2
 217  74  3
 263  74  1
  11  75  1
  39  75  2
  74  76  2
 147  76  2
 143  77  2
 187  77  1
 190  77  1
 191  77  1
 258  77  1
  32  78  2
 101  78  2
 103  78  2
 175  78  1
 244  78  1
 196  79  1
   8  80  1
   9  80  1
  15  80  2
  16  80  2
  38  80  2
 254  80  1
  24  81  2
  25  81  2
  75  81  2
 249  81  1
  38  82  2
  65  82  2
 104  82  2
 272  82  2
 273  82  2
 280  82  1
 281  82  1
   7  83  1
   8  83  1
 174  83  1
 175  83  1
 190  83  1
  15  85  2
  34  85  2
  35  85  2
  52  85  2
  89  85  2
 145  85  2
 197  85  1
 226  85  2
  61  86  2
  63  86  2
  73  86  2
  84  86  2
  96  86  2
  98  86  2
 222  86  2
 271  86  2
 273  86  2
 275  86  2
 261  87  1
  80  88  2
  85  88  2
 178  88  1
 183  88  1
 190  89  1
 191  89  1
 220  89  1
 262  89  1
  18  90  2
  80  90  2
 112  90  2
 113  90  2
 147  90  2
 171  90  1
 210  90  1
  25  91  2
 101  91  2
 156  91  1
 161  91  1
 166  91  2
 226  91  1
 276  91  1
 277  91  1
  83  92  2
 185  92  1
 186  92  1
 187  92  1
 197  92  2
 198  92  2
 228  92  1
 126  93  2
 169  93  1
 154  94  1
 207  94  1
  17  95  2
  90  95  2
 195  95  2
 197  95  2
 231  95  2
 244  95  2
  19  96  2
 177  96  1
 178  96  1
 187  96  1
 217  96  2
   4  97  1
   5  97  1
 140  97  1
 261  97  2
 273  97  2
  77  98  2
 210  98  2
 259  98  2
  82  99  2
 200  99  1
 227  99  3
  19 100  2
 100 100  2
 137 100  1
 183 100  1
 249 100  2
 275 100  2
 276 100  2
 277 100  2
  29 101  2
 172 101  1
 177 101  1
 263 101  2
  41 102  2
 110 102  2
 249 102  2
 126 103  1
 127 103  1
  41 104  2
  42 104  2
 212 104  1
 216 104  1
  35 105  2
 179 105  1
 240 105  2
 282 105  1
 283 105  1
  72 106  1
  77 106  1
 137 106  1
 166 106  1
 204 106  1
 228 106  2
 229 106  2
 101 107  2
 105 107  2
 260 107  2
 261 107  2
  82 108  1
 131 108  1
 137 108  1
 175 108  1
   1 109  1
  37 109  2
 164 109  1
  86 110  1
 173 110  1
 212 110  1
 237 110  1
 281 110  1
 282 110  1
  17 111  2
  66 111  2
  77 111  1
  89 111  1
 232 111  1
 245 111  1
 246 111  1
 247 111  1
 253 111  1
 192 112  1
 218 112  1
 170 113  1
 215 113  1
 226 113  1
 280 113  1
 281 113  1
 155 114  1
 230 114  1
 259 114  2
  84 115  2
  92 115  1
 111 115  1
 123 115  1
 129 115  1
 199 115  1
 201 115  1
 208 115  1
 234 115  1
   1 116  1
   6 116  1
  12 116  1
  13 116  1
 108 116  1
 153 116  1
 159 116  1
  69 117  2
  83 117  2
  84 117  2
 120 117  1
 166 117  1
 218 117  1
 221 117  1
 223 117  1
 267 117  2
  11 118  1
  75 118  1
 150 118  1
 231 118  1
 278 118  1
 279 118  1
  32 119  2
 130 119  1
 159 119  1
 194 119  1
 143 120  1
 169 120  1
 209 120  1
 215 120  1
 216 120  1
  32 121  2
  51 121  1
 155 121  1
 184 121  1
 187 121  1
 189 121  1
  39 122  2
  44 122  2
  63 122  1
  70 122  2
  80 122  1
 164 122  1
 277 122  1
   2 123  1
  53 123  1
  83 123  1
  85 123  1
 124 123  1
 152 123  1
 199 123  2
 273 123  1
 274 123  1
  23 124  1
  24 124  1
   4 125  1
  35 125  1
  89 125  1
  91 125  1
 119 125  1
 123 125  1
 129 125  2
 144 125  2
 191 125  1
 219 125  1
 227 125  1
 235 125  1
 236 125  1
 272 125  1
  13 126  1
  41 126  1
  66 126  1
 106 126  1
 148 126  1
 204 126  1
 217 126  1
 221 126  1
   6 127  1
  16 127  1
  57 127  1
 186 127  1
 187 127  1
 191 127  1
 192 127  1
 195 127  1
 223 127  1
 247 127  1
 262 127  1
 265 127  1
  26 128  1
 137 128  2
 199 128  1
  45 129  1
  53 129  1
  54 129  1
 161 129  1
 162 129  1
 191 129  1
 248 129  1
 256 129  1
 257 129  1
 156 130  1
 199 130  1
 260 130  1
 267 130  1
   4 131  1
  40 131  1
  48 131  1
 129 131  2
 146 131  2
 185 131  1
 218 131  1
  16 132  2
  17 132  2
 100 132  1
 222 132  1
 223 132  1
 233 132  1
  43 133  1
  50 133  1
 150 133  1
 156 133  1
 188 133  1
 237 133  1
 246 133  1
   2 134  1
  16 134  2
  45 134  1
  88 134  1
 121 134  1
 194 134  1
 200 134  1
 274 134  1
  50 135  1
  51 135  1
 210 135  2
 229 135  1
  16 136  2
  82 136  1
 133 136  1
 220 136  1
   1 137  1
  30 137  2
  94 137  1
 151 137  1
 233 137  1
  23 138  2
  60 138  5
  62 138  1
 129 138  1
 144 138  1
 155 138  1
 192 138  1
 210 138  2
 211 138  2
  34 139  2
  87 139  1
  94 139  1
 135 139  1
 173 139  2
  54 140  1
 164 140  1
 165 140  1
 196 140  1
 198 140  1
 229 140  1
  38 141  2
 128 141  1
 150 141  1
 172 141  2
 173 141  2
 178 141  2
  62 142  1
  78 142  1
 124 142  1
 152 142  1
 154 142  1
 201 142  1
 213 142  2
 217 142  2
 139 143  2
 140 143  2
 246 143  1
 247 143  1
  49 144  2
 169 144  1
 209 144  1
  82 145  1
  90 145  1
 122 145  1
 130 145  2
 221 145  1
 135 146  3
 171 146  1
 182 146  2
 190 146  2
 227 146  2
 230 146  2
   1 147  1
  57 147  1
  80 147  1
  89 147  1
 254 147  1
 182 148  2
 191 148  2
 127 149  1
 139 149  2
 151 149  2
 152 149  2
 160 149  1
 211 149  1
 239 149  2
   1 150  1
   2 150  1
  23 150  2
  48 150  1
  76 150  1
  98 150  1
 155 150  1
 174 150  1
 243 150  1
 257 150  1
  87 151  1
 249 151  1
  92 152  1
 155 152  1
 237 152  2
 251 152  1
 252 152  1
 267 152  1
   2 153  1
   3 153  1
  52 153  1
  81 153  1
  82 153  1
 149 153  2
 165 153  1
 176 153  1
 231 153  2
  56 154  1
 145 154  2
 257 154  1
 263 154  1
  32 155  2
 217 155  1
 218 155  1
  42 156  2
 101 156  2
 102 156  2
 145 156  2
 149 156  2
 171 156  1
 208 156  1
 213 156  1
  22 157  2
  80 157  1
 116 157  2
 138 157  1
 142 157  2
 155 157  1
  75 158  1
 159 158  1
 165 158  1
 173 158  1
 208 158  1
 216 158  1
 266 158  1
 267 158  1
 137 159  1
 168 159  1
   3 160  1
   4 160  1
  42 160  3
 104 160  2
 161 160  1
 176 160  1
 208 160  1
 216 160  1
 253 160  1
 142 161  1
 182 161  1
 184 161  1
  23 162  2
 163 162  1
 227 162  2
 228 162  2
 238 162  1
  75 163  1
 120 163  2
 145 163  1
 210 163  1
 246 163  1
 136 164  1
 138 164  1
 166 164  1
 177 164  1
  17 165  1
  80 165  2
  81 165  2
 188 165  1
 225 165  2
 235 165  1
 278 165  1
 279 165  1
  22 166  1
  38 166  2
  84 166  2
 150 166  1
 168 166  1
 177 166  1
 220 166  2
 246 166  1
 266 166  1
 268 166  1
 270 166  1
 170 167  1
 225 167  2
 233 167  1
 121 168  2
 260 168  1
 265 168  1
  26 169  1
  27 169  1
  92 169  2
  97 169  2
 172 169  1
 212 169  1
  18 170  1
  19 170  1
  86 170  2
 116 170  2
 155 170  1
 254 170  1
  13 171  1
  14 171  1
 187 171  1
 216 171  1
 248 171  2
  32 172  1
 121 172  2
 162 172  1
 275 172  1
  13 173  1
 226 173  1
  25 174  1
  26 174  1
  38 174  1
 111 174  2
 222 174  1
  18 175  1
 155 175  2
 163 175  1
  22 176  1
 151 176  2
 177 176  1
 191 176  2
 262 176  1
 107 177  2
 108 177  2
 164 177  1
 194 177  2
 199 177  2
 208 177  2
 216 177  2
 217 177  2
 245 177  2
 272 177  1
 273 177  1
  32 178  1
 157 178  2
 184 178  2
 185 178  2
 236 178  2
  83 179  2
 101 179  2
 103 179  2
 168 179  1
 174 179  1
 199 179  2
 262 179  1
  26 180  1
  28 180  1
  37 180  1
 151 180  2
 157 180  2
 179 180  2
  21 181  1
  22 181  1
  99 181  2
 174 182  1
 193 182  2
 231 182  2
 233 182  2
 270 182  1
 271 182  1
  17 183  1
  19 183  1
  33 183  1
 147 183  2
 148 183  2
 164 183  1
 228 183  2
 244 183  2
 253 183  2
  26 184  3
 159 184  1
 270 184  1
 184 185  2
  37 186  1
 133 186  2
 169 186  1
 170 186  1
 192 186  2
 193 186  2
 269 186  1
 270 186  1
  24 187  1
  85 187  2
 156 187  1
 230 187  2
  42 188  1
 178 188  2
 179 188  2
 225 188  2
 232 188  2
 245 188  2
 256 188  2
  14 189  1
  21 189  1
  27 189  1
 154 189  1
 195 189  2
  36 190  1
  37 190  1
 112 190  1
 173 190  1
 219 190  2
  45 191  2
  46 191  2
 164 191  1
 229 191  2
 267 191  1
 151 192  1
 175 192  1
  87 193  2
 129 193  1
 143 193  1
 148 193  1
  44 194  2
  79 194  2
 108 194  1
  29 195  1
  68 195  2
 135 195  1
  35 196  1
  64 196  2
 126 196  1
 140 196  1
 153 196  1
 217 196  2
 218 196  2
 265 196  1
 266 196  1
  29 197  1
  45 197  2
 182 197  1
  19 198  1
  20 198  1
  27 198  1
 145 198  1
 223 198  2
 264 198  1
  31 199  1
  53 199  2
 120 199  1
 172 199  1
 173 199  1
 178 199  1
 201 199  1
  71 200  2
  72 200  2
  89 200  2
 144 200  1
 161 200  1
 218 200  2
  87 201  2
 122 201  1
 140 201  1
 178 201  1
 179 201  1
 200 201  1
 212 201  1
  22 202  1
 128 202  2
  74 203  2
  82 203  2
  83 203  2
  91 203  2
 100 203  2
 104 203  2
 243 203  2
 261 203  1
  30 204  1
  78 204  2
 184 204  1
 165 205  1
 218 205  1
 219 205  1
 118 206  1
 150 206  1
 154 206  1
 155 206  1
 174 206  1
 175 206  1
 259 206  1
  43 207  1
 136 207  1
 158 207  1
 180 207  1
 205 207  1
  26 208  1
  68 208  2
  82 208  2
  83 208  2
 115 208  1
  41 209  1
 158 209  1
 209 209  2
 211 209  2
 220 209  1
  36 210  1
 140 210  1
 141 210  1
 172 210  2
 183 210  1
 184 210  1
 256 210  1
 118 211  1
 122 211  1
 153 211  1
 186 211  1
  81 212  2
 254 212  1
  62 213  2
 143 213  1
 149 213  1
 179 213  1
  67 214  2
  78 214  2
 156 214  1
 172 214  1
 173 214  1
 208 214  2
 222 214  1
 166 215  1
 140 216  1
 141 216  1
 147 216  1
 148 216  1
 203 216  1
 160 217  2
 176 217  1
 155 218  1
 219 218  2
 220 218  2
 227 218  1
  57 219  1
 167 219  1
 199 219  1
 201 219  1
  38 220  1
  65 220  2
 141 220  1
 163 220  2
 171 220  2
 194 220  1
  88 221  1
 119 221  1
 210 221  1
 216 221  2
 116 222  1
 144 222  1
 145 222  1
 158 222  1
 226 222  2
 244 222  1
  42 223  1
  62 224  2
  63 224  2
 113 224  1
 114 224  1
 242 224  1
  66 225  2
  67 225  2
 104 225  2
 111 225  1
  45 226  1
  46 226  1
  58 226  1
  59 226  1
  99 226  2
 174 226  2
 183 226  1
 188 226  1
 129 227  1
 142 227  1
 154 227  1
 194 227  1
 204 227  1
  83 228  1
  84 228  1
 146 228  1
 150 228  1
 151 228  1
 179 228  1
  51 229  1
  52 229  1
  53 229  1
 204 229  1
 235 230  1
  82 231  1
  83 231  1
 104 231  1
 120 231  1
 225 231  2
 226 231  2
  57 232  1
 167 232  2
 233 232  1
  87 233  1
  88 233  1
 116 233  1
 117 233  1
 128 233  1
 212 233  1
  60 234  1
 148 234  1
 183 234  1
 187 234  1
 137 235  1
 145 235  1
 193 235  1
  65 236  1
  67 236  1
  81 236  1
  82 236  1
 110 236  1
 121 236  1
 166 236  2
 175 236  2
 117 237  1
 125 237  1
 227 237  1
  72 238  1
 103 238  1
 132 238  1
 181 238  1
  98 239  1
 117 239  1
 126 239  1
 141 239  5
  86 240  1
 177 240  1
 222 240  1
 223 240  1
  75 241  1
  76 241  1
 148 241  1
 218 241  1
  93 242  1
 105 242  2
 106 242  2
 119 242  3
 152 242  1
 177 242  1
 216 242  1
  83 243  1
 101 243  1
 187 244  1
 200 244  1
 212 244  1
 213 244  1
 169 245  1
  87 246  1
 142 246  1
 143 246  1
 209 246  1
 122 247  1
 173 247  1
 103 248  1
 105 249  1
 107 249  1
 203 249  1
 204 249  1
 128 250  1
 148 250  1
 149 250  1
 156 250  1
 111 251  1
 113 251  1
 161 251  1
 166 251  1
 200 251  1
 142 252  1
 172 252  1
 124 254  1
 127 255  1
 157 257  1
 179 257  1
 142 258  1


count = 1206