 147   1  1
 152   1  1
 153   1  1
 169   1  1
 139   3  1
 178   3  1
 180   3  1
 131   5  1
 184   6  1
 186   6  1
 189   7  1
 192   8  1
 140   9  1
 197  10  1
 115  11  1
 117  11  1
 200  11  1
 140  12  1
 126  13  1
 108  14  1
 131  14  2
 121  15  1
 126  15  1
 166  15  2
 142  17  1
 143  17  1
 165  17  2
 166  17  2
 212  17  1
 118  18  2
 137  18  2
  98  20  1
 130  20  2
 176  20  2
 217  20  1
 119  21  2
 120  21  2
  94  22  1
  95  22  1
 125  22  1
  90  23  1
 135  23  2
 136  23  2
  87  24  1
 127  24  1
  85  25  1
 141  25  2
 123  26  2
 127  26  1
 167  26  2
 146  27  1
 147  27  1
 152  27  2
  79  28  1
  80  28  1
 123  28  2
 127  28  1
 133  28  2
 160  28  2
 191  29  2
 192  29  2
 199  29  2
 214  29  2
 215  29  2
 216  29  2
  77  30  1
 207  30  2
  84  31  1
 140  31  2
 170  31  2
 213  31  2
 154  32  2
 173  32  2
 175  32  2
 231  32  1
 161  33  2
  85  34  1
  71  35  1
 160  35  3
 161  35  2
 203  35  2
 204  35  2
  78  36  1
 147  36  2
 157  37  2
  44  38  1
  46  38  1
 106  38  1
 238  38  1
  90  39  1
  40  40  1
  41  40  1
 118  40  1
 146  40  2
 202  40  2
 203  40  2
 240  40  1
  61  41  2
  81  41  1
 102  41  1
 120  41  1
 122  41  1
 141  42  2
 157  42  2
 191  42  2
  38  43  1
  62  43  2
  73  43  1
 126  43  1
 245  43  1
  66  44  2
 104  44  1
 139  44  2
 140  44  2
 129  45  1
 224  45  2
 247  45  1
  36  46  1
  66  46  2
  93  46  1
  94  46  1
 121  46  1
 188  46  2
  88  47  1
 113  47  1
 221  47  2
 222  47  2
 251  47  1
  32  48  1
  65  48  2
  66  48  2
 108  48  1
 109  48  1
 135  48  1
  96  49  1
 198  49  2
 202  49  2
 203  49  2
  71  50  1
 169  50  2
  89  51  1
  95  51  1
  96  51  1
 138  51  1
 139  51  1
  27  52  1
  75  52  1
 146  52  2
  81  53  1
 102  53  1
 109  53  1
 113  53  1
 148  53  2
  72  54  1
  73  54  1
 128  54  1
 129  54  1
 130  54  1
 191  54  2
  22  55  1
 151  55  2
 155  55  2
 132  56  1
  20  57  1
 142  57  1
 156  57  2
 261  57  1
 145  58  1
 190  58  1
 191  58  1
  71  59  1
 107  59  1
 139  59  1
 166  59  2
 174  59  1
 175  59  1
  17  60  1
  69  61  1
 115  61  1
 119  61  1
 110  62  1
 111  62  1
 129  62  1
 143  62  1
 144  62  1
 265  62  1
 153  63  2
 191  63  1
 177  64  1
  14  65  1
  15  65  1
 168  65  1
 169  65  1
 193  65  1
 197  65  1
  63  66  2
 175  66  1
 130  67  1
 157  67  2
 158  67  2
 199  67  1
 200  67  1
 268  67  1
  68  68  1
 135  68  1
 203  68  1
 211  68  2
 143  69  1
 158  69  2
 168  70  1
  12  71  1
  77  71  1
  78  71  1
 183  71  1
 189  71  1
 218  71  1
 222  71  1
  73  72  1
 170  72  1
 208  72  1
 269  72  1
 138  73  1
 181  73  1
 224  73  1
  10  74  1
  96  74  3
 114  74  1
 129  74  1
 241  74  1
 242  74  1
 197  75  1
 214  75  1
 216  75  1
 142  76  1
 243  76  1
 104  77  1
 173  77  1
 181  77  1
 182  77  1
 200  77  1
 204  77  1
 217  77  1
  63  78  2
 110  78  1
 186  78  1
 273  78  1
   7  79  1
   8  79  1
  94  79  1
 101  79  1
 139  80  1
 226  80  1
 169  81  1
 170  81  1
 176  81  1
 211  81  1
  68  82  2
  79  82  2
  80  82  2
  90  82  1
 113  82  2
 214  82  1
 101  83  2
 190  83  1
 204  83  1
  11  84  1
  12  84  1
  88  84  1
 222  84  1
 232  84  1
 123  85  2
 201  85  1
 276  85  1
 107  86  1
 134  86  1
 157  86  2
 161  86  1
 176  86  1
 177  86  1
 183  86  1
 188  86  1
  11  87  1
  83  87  1
  91  87  1
 103  88  1
 198  88  1
  26  89  2
  80  89  1
  97  89  1
 177  89  1
 178  89  1
 238  89  1
 271  89  2
 122  90  1
 155  90  2
 278  90  1
  17  91  1
 149  91  2
 164  91  1
 165  91  1
 169  91  1
 170  91  1
 190  91  1
 191  91  1
 230  91  1
 240  91  1
 280  92  1
  11  93  2
 188  93  1
 242  93  1
  30  94  2
  37  94  2
  79  94  1
 170  94  1
 171  94  1
 178  94  1
 179  94  1
  60  95  2
 233  95  1
 234  95  1
   1  97  1
   2  97  1
  23  97  2
  24  97  2
  66  97  2
  69  97  2
  76  97  1
  77  97  1
 120  97  1
 217  97  3
  73  98  1
 177  98  1
 238  98  1
 239  98  1
 248  98  1
 249  98  1
  19  99  2
 195  99  2
 180 100  1
 181 100  1
 255 101  2
 257 101  2
  36 103  2
 151 103  2
 152 103  2
 231 103  1
 246 103  1
  63 104  1
  64 104  1
 241 104  1
 153 105  2
  36 106  2
 172 106  1
 173 106  1
 192 106  2
  66 107  1
 153 107  2
  27 108  2
  74 108  1
 156 108  2
 157 108  2
 190 108  2
 253 108  1
   8 109  2
   9 109  2
 151 109  2
  20 110  2
  46 110  2
  76 110  1
 145 110  2
  24 111  2
  25 111  2
  48 111  2
  69 111  1
 259 111  1
  78 112  1
 144 112  2
 145 112  2
 177 112  1
  71 113  1
 166 113  1
  52 114  2
  80 114  1
  92 114  1
  95 114  1
 148 114  2
 150 114  2
 179 114  1
   1 115  1
 172 115  1
  35 116  2
 104 116  1
 106 116  1
 188 116  2
 190 116  2
  28 117  1
  51 117  2
  52 117  2
  83 117  1
 182 117  1
 202 117  1
 232 117  2
  22 118  2
  97 118  1
 152 118  2
 162 118  1
 229 118  2
  27 119  1
  32 119  1
  51 119  2
  71 119  1
  76 119  1
 158 119  1
 159 119  1
 171 119  1
 183 119  1
 198 120  1
 207 120  1
  46 121  2
  51 121  2
  78 121  1
 109 121  1
 156 121  1
 189 121  1
  54 122  2
 154 122  1
 169 122  1
 170 122  1
 187 122  1
 218 122  2
 254 122  3
  81 123  1
 279 123  1
  34 124  1
  36 124  1
 240 124  1
 241 124  1
 248 124  1
  15 125  1
  94 125  1
   1 126  1
   9 126  1
  58 126  1
  84 126  1
  90 126  1
 118 126  1
 123 126  1
 143 126  1
 186 126  1
 194 126  1
 202 126  1
 233 126  1
 250 126  1
 251 126  1
 277 126  1
 109 127  1
 110 127  1
 136 127  1
 208 127  1
 256 127  1
 257 127  1
   3 128  1
  43 128  1
  71 128  1
  72 128  1
 129 128  1
 196 128  1
 201 128  1
 275 128  1
  50 129  1
  52 129  1
  66 129  1
  68 129  1
 101 129  2
 114 129  1
 115 129  1
 155 129  1
 171 129  1
  96 130  2
 161 130  1
 273 130  1
  58 131  1
  74 131  1
 155 131  1
 203 131  1
 205 131  1
  21 132  1
  29 132  1
 267 132  2
   4 133  1
  83 133  2
 125 133  1
 155 133  1
  48 134  1
  49 134  1
  53 134  1
  54 134  1
  64 134  1
  72 134  1
 142 134  1
 143 134  1
 144 134  1
 159 134  1
 171 134  1
 261 134  2
 273 134  1
  10 135  1
  21 135  1
  37 135  1
  38 135  1
  59 135  1
 112 135  1
 119 135  1
 120 135  1
 199 135  1
 231 135  1
  26 136  1
  66 136  1
  70 136  1
  86 136  1
  88 136  1
  95 136  1
 101 136  1
 107 136  1
 146 136  1
 186 136  1
 213 136  1
 220 136  1
  81 137  1
  91 137  1
 104 137  1
 150 137  1
 183 137  1
 257 137  1
 275 137  1
 276 137  1
   1 138  1
 118 138  1
 136 138  1
 138 138  1
 139 138  1
 152 138  1
 176 138  2
 188 138  1
 192 138  1
 252 138  1
 253 138  1
 262 138  1
 205 139  1
 209 139  1
  57 140  2
 157 140  1
  50 141  2
  78 141  1
 116 141  1
 170 141  1
 267 141  1
   1 142  1
  56 142  2
  57 142  2
 107 142  1
 172 142  1
 178 142  1
 255 142  1
 270 142  1
 271 142  1
 149 143  2
 150 143  2
 209 143  1
 261 143  1
  85 144  1
  97 144  1
  98 144  1
 145 144  2
 147 144  2
 104 145  1
 207 145  1
 142 146  2
 187 146  1
  73 147  1
  82 147  1
  45 148  2
 164 148  1
 179 148  1
 278 148  1
  10 149  1
  71 149  1
 177 149  1
 271 149  2
  78 150  1
 173 151  1
 187 151  2
 260 151  2
 280 151  1
  94 152  1
 168 152  1
 189 152  2
   9 153  1
  10 153  1
  26 153  2
  67 153  1
 145 153  2
  18 154  2
  94 154  1
 189 154  2
 199 154  2
  75 155  1
 265 155  2
  84 156  1
 173 156  2
   3 157  1
   4 157  1
  12 157  2
 150 157  2
 188 157  2
 189 157  2
  18 158  2
 263 158  2
 142 159  2
 250 159  2
 251 159  2
 273 159  1
  61 160  1
  70 160  1
  79 160  1
  89 160  1
 168 160  1
 180 160  1
 181 160  1
 184 160  1
 148 161  2
  10 162  1
  70 162  1
  84 162  1
  18 163  1
 165 163  1
 172 163  2
 177 163  1
  30 164  2
  34 164  2
 248 164  2
 269 164  1
  28 166  2
  70 166  1
  75 166  1
  76 166  1
 185 166  1
  12 167  1
  64 167  1
  65 167  1
 266 167  1
  29 168  2
  34 168  2
  72 168  1
 100 168  3
 189 169  1
 247 169  1
 248 169  1
 264 169  1
  79 170  1
 100 170  2
 101 170  2
 148 170  2
 179 170  1
 191 171  1
 241 171  1
 243 171  1
 261 171  1
 277 171  1
 278 171  1
 218 172  3
 219 172  3
   6 173  1
   7 173  1
 103 173  2
 150 173  2
 167 173  1
  73 174  2
  74 174  2
  86 174  1
  95 174  2
  96 174  2
 236 174  1
 237 174  1
  78 175  2
  79 175  2
  80 175  2
 110 175  2
 111 175  2
 173 175  1
 174 175  1
 223 175  3
   7 176  1
   8 176  1
 170 176  1
 179 176  1
 257 176  2
  75 177  2
  89 177  1
  90 177  1
 111 177  2
 164 177  1
 165 177  1
 233 177  1
 274 177  1
  68 178  2
 100 179  1
 138 179  1
 187 179  1
  61 180  2
  62 180  2
 264 180  1
 101 181  1
 112 181  1
 197 181  1
 117 182  1
 131 182  1
 231 182  1
 252 182  2
 126 183  1
 242 183  2
 246 183  2
 254 183  2
 200 184  1
 124 185  1
 126 185  1
 179 185  1
 180 185  1
 224 185  1
 226 185  1
 270 185  1
  10 186  1
  11 186  1
  90 186  2
 110 186  2
 120 186  1
 148 186  1
 187 187  1
 235 187  2
 246 187  2
 247 187  2
  51 188  2
  99 188  2
 104 188  2
 105 188  2
 137 188  1
 143 188  1
 170 188  1
 180 188  1
 181 188  1
 205 188  1
 132 189  1
 213 189  1
 229 189  2
 230 189  2
 235 189  2
 267 189  1
  46 190  2
 106 190  2
 148 190  1
 173 190  1
  99 191  2
 235 191  2
  12 192  1
  13 192  1
  43 192  2
 140 192  1
 231 192  2
 207 193  1
  43 194  2
  50 194  2
  56 194  2
  93 194  1
  94 194  1
 102 194  2
 103 194  2
 140 194  1
 151 194  1
 203 194  1
 205 194  1
 213 194  1
 231 194  2
 263 194  1
  25 195  2
  86 195  2
 178 195  1
 184 195  1
  21 196  2
  35 196  2
  36 196  2
  43 196  2
 137 196  1
  15 197  1
  74 197  2
 190 197  1
 261 197  1
  85 198  2
 151 198  1
 141 199  1
  94 200  1
 101 201  1
 107 201  1
 141 201  1
 146 201  1
  19 202  1
 136 202  1
 258 202  1
  41 203  2
  55 203  2
  78 203  2
  82 203  2
 140 203  1
 141 203  1
 234 203  2
 235 203  2
 119 204  1
  49 205  2
  53 205  2
  74 205  2
 108 205  1
 143 205  1
 208 205  2
 256 205  1
  87 206  2
  88 206  2
 101 206  1
 110 206  1
 115 207  1
  37 208  2
  38 208  2
  47 208  2
  48 208  2
 136 208  1
 209 208  2
 233 208  2
  27 209  1
  85 210  2
  96 210  1
 109 210  1
 110 210  1
 120 210  1
 133 210  1
  29 211  1
  41 211  2
  68 212  2
  46 213  2
  64 213  2
  65 213  2
  74 213  2
  75 213  2
 115 213  1
 120 213  1
 128 213  1
 253 213  1
  86 214  3
  87 214  3
 183 214  1
  82 215  1
 181 215  1
  39 216  1
 178 216  1
 229 216  2
 251 216  1
 137 217  2
 138 217  2
  43 218  1
  67 218  2
 112 218  2
 125 218  2
  72 219  2
 133 219  2
 128 220  1
 182 220  1
  48 221  1
  77 221  1
  78 221  1
 109 221  2
 117 221  1
 151 222  1
 155 222  1
 222 222  2
 246 222  1
 119 223  1
 123 223  1
 124 223  1
 176 223  1
 109 225  2
  54 226  1
  72 226  2
 112 226  2
 147 226  1
 163 226  2
 243 226  1
 158 227  2
 181 227  2
  57 228  1
  58 228  1
  61 229  1
  76 229  1
 167 229  2
 168 229  2
  66 230  1
 143 230  1
 147 230  1
 178 230  1
  68 231  1
  80 232  1
  94 232  1
  98 232  1
 110 232  2
 184 232  2
  71 233  1
 141 233  1
  98 234  1
 113 234  2
 150 235  2
 188 235  2
 233 235  1
 108 236  2
 178 236  1
 183 236  2
  77 237  1
  78 237  1
 230 237  1
 141 239  2
 152 239  2
 126 240  1
 133 241  1
 124 242  1
 219 242  1
 106 243  1
 108 243  1
 137 243  2
 213 244  1
 141 245  2
 129 246  1
 208 246  1
 115 247  1
 134 248  2
 135 248  2
 121 250  1
 123 250  1
 130 252  1
 198 252  1
 196 253  1
 184 256  1
 159 257  1
 180 257  1
 182 257  1


count = 949