 141   1  1
 142   1  1
 169   1  1
 135   2  1
 177   2  1
 133   3  1
 129   4  1
 158   5  1
 188   5  1
 190   5  1
 151   6  1
 118   8  1
 140   8  2
 141   8  2
 170   8  2
 195   8  1
 196   8  1
 197   8  1
 112  10  1
 200  10  1
 133  11  2
 134  11  2
 107  12  1
 125  12  1
 160  12  2
 171  13  2
 192  15  2
  99  16  1
 100  16  1
 101  16  1
 114  16  1
 132  16  1
 136  16  1
 164  16  2
 165  16  2
 208  16  1
 123  17  1
 125  18  1
 126  18  1
 192  18  2
 212  18  1
 109  20  2
 114  20  2
 115  20  2
 130  20  1
  89  21  1
  90  21  1
 111  21  2
 164  21  2
 216  21  1
 135  22  1
 140  22  1
 170  23  2
 172  23  2
 166  24  2
 187  24  2
 127  25  2
 128  25  2
 181  25  2
 182  25  2
  93  26  1
 159  26  2
 160  26  2
  78  27  1
 223  27  1
  90  28  1
 216  29  1
  85  30  1
 141  30  1
 173  30  2
 174  30  2
 227  30  1
  92  31  2
  94  31  2
  96  31  2
 134  31  2
 135  31  2
  82  32  1
 160  32  2
 230  32  1
  72  33  1
  80  33  1
 107  33  1
 112  33  1
 150  33  2
 152  33  2
 154  33  2
 221  33  2
 223  33  2
 148  34  2
  97  35  2
  70  36  1
 102  36  1
 123  36  1
 124  36  1
 144  36  2
 145  36  2
 173  36  2
 174  36  2
  76  37  1
  77  37  1
  92  38  2
 164  38  2
 165  38  2
  99  39  1
 168  39  2
 238  39  1
 155  40  2
 156  40  2
 191  40  2
 192  40  2
  67  41  1
  79  41  1
  80  41  1
  96  41  1
 153  41  2
 221  41  2
 222  41  2
 240  41  1
  73  42  1
  74  42  1
 219  42  2
 138  43  1
 153  43  2
 185  43  2
 186  43  2
 209  43  1
 243  43  1
  63  45  1
  83  45  1
  93  45  1
 120  45  1
 166  45  2
 213  45  2
 245  45  1
  31  46  1
 101  46  1
 103  46  1
 127  46  1
 149  46  2
 190  46  2
 191  46  2
 233  46  2
  29  47  1
  61  47  1
 138  47  1
 204  47  2
 214  47  2
  77  48  1
  89  48  1
 115  48  1
 116  48  1
 133  48  1
 164  48  2
 165  48  2
 228  48  2
 111  49  1
 142  49  1
 160  49  2
  23  50  1
  24  50  1
  46  51  1
  79  51  1
  96  51  1
 134  51  1
 138  51  1
 195  51  2
  22  52  1
  85  52  1
 108  52  1
 145  52  1
 146  52  1
 184  52  2
 186  52  2
 238  52  2
  44  53  1
  53  53  2
  65  53  1
 176  53  2
 220  53  2
 222  53  2
  59  54  2
 152  54  2
 203  54  2
  19  55  1
  53  55  2
  55  55  2
  57  55  2
 140  55  1
 161  55  2
 223  55  2
  90  56  1
 100  56  1
 144  56  1
 155  56  2
 213  56  2
  36  57  1
  37  57  1
  46  57  2
  47  57  2
  67  57  1
  79  57  1
  84  57  1
 162  57  2
 164  57  2
 208  57  2
  16  58  1
  33  58  1
  98  58  1
 132  58  1
  49  59  2
  50  59  2
  70  59  1
  77  59  1
  88  59  1
  95  59  1
 215  59  2
  43  61  1
 153  61  2
 154  61  2
 172  61  1
 174  61  1
  25  62  2
 126  62  2
 182  62  1
 183  62  1
 184  62  1
  52  63  2
  53  63  2
  65  63  3
  66  63  3
  73  63  2
 123  63  2
 158  63  2
 166  63  1
 167  63  1
  21  64  2
  22  64  2
  32  64  1
  33  64  1
  46  64  1
  47  64  1
 132  64  2
 186  64  1
 188  64  1
 190  64  1
 225  64  1
 144  65  2
 146  65  2
 162  65  2
 169  65  1
 176  65  1
 177  65  1
 204  65  3
  21  66  2
  22  66  2
  78  66  1
  91  66  1
 266  66  1
 125  67  2
 127  67  2
 164  67  2
 242  67  1
  52  68  2
 137  68  2
 196  68  1
 197  68  1
 236  68  1
  13  69  1
  14  69  1
  32  69  1
  71  69  2
  72  69  2
 200  69  1
  29  70  1
  38  70  1
  40  70  1
  46  70  1
 112  70  3
 144  70  2
 145  70  2
 166  70  2
 207  70  1
 227  70  1
 228  70  1
  54  71  2
  55  71  2
 174  72  1
 183  72  1
 209  72  1
 269  72  1
 270  72  1
  26  73  1
  55  73  2
 118  73  2
 189  73  1
  36  74  2
  75  74  2
  76  74  2
 176  74  1
  20  75  1
  24  75  1
 162  75  2
 271  75  1
 272  75  1
   8  76  1
  41  76  3
  42  76  2
  80  76  2
 195  76  1
 212  76  1
 217  76  1
 244  76  1
  17  77  1
  18  77  1
  51  77  1
 227  77  1
  90  78  2
  91  78  2
 112  78  2
 116  78  2
 160  78  2
 201  78  1
  39  79  2
 129  79  2
 173  79  2
 175  79  2
 178  79  2
 224  79  1
  14  80  2
  35  80  2
  94  80  2
  72  81  2
  73  81  2
 135  81  2
 167  81  2
 203  81  1
 207  81  1
 232  81  2
  44  82  2
  79  82  2
 113  82  2
 114  82  2
 172  82  2
 242  82  1
 243  82  1
  49  83  2
 154  83  1
 170  83  2
 203  83  1
 222  83  1
 266  83  2
 268  83  2
  37  84  2
 123  84  2
 245  84  1
  22  85  2
  31  85  2
  50  85  2
  84  85  2
 128  85  2
 187  85  1
  55  86  1
  79  86  2
  80  86  2
 107  86  2
 126  86  2
 211  86  1
 220  86  1
 158  87  1
 224  87  1
 233  87  1
 278  87  1
  14  88  2
  89  88  2
 112  88  2
 118  88  2
 250  88  1
  29  89  2
  35  89  2
  40  89  1
  71  89  2
 206  89  1
 207  89  1
 235  89  1
  54  90  1
 109  90  2
 124  90  2
 280  90  1
 117  91  2
 118  91  2
 164  91  1
 258  91  1
 259  91  1
 260  91  1
 156  92  1
 157  92  1
 267  92  1
 110  93  2
 188  93  1
 193  93  1
 207  93  2
 145  94  2
 159  94  1
 198  94  2
 199  94  2
  28  95  2
  32  95  2
  95  95  2
 161  95  1
 183  95  1
 207  95  2
 236  95  1
  98  96  2
 122  96  2
 210  96  2
 270  96  1
 271  96  1
 272  96  1
  33  97  2
 119  97  2
 181  97  1
 190  97  2
 192  97  2
 205  97  2
 219  97  2
 230  97  1
 231  97  1
 232  97  1
  40  98  2
 167  98  1
 168  98  1
 175  98  1
 210  98  2
 217  98  2
 241  98  1
 196  99  1
 205  99  2
 232  99  1
 250  99  1
 101 100  2
 212 100  2
 216 100  2
 254 100  1
 163 101  1
 164 101  1
 182 101  1
 183 101  1
 198 101  1
 221 101  2
 223 101  2
  92 102  2
 240 102  1
 245 102  1
 257 102  1
 262 102  1
  80 103  2
  95 103  2
  96 103  2
  97 103  2
 182 103  1
  15 104  1
 119 104  2
 173 104  1
 216 104  2
 220 104  2
 276 104  2
  39 105  2
  48 105  2
 121 105  2
 168 105  2
 176 105  1
 210 105  2
 225 105  2
 226 105  2
 242 105  1
  83 106  2
 160 106  1
 161 106  1
 187 106  2
 201 106  1
 232 106  1
 236 106  2
  29 107  2
  30 107  2
  42 107  2
 166 107  2
 168 107  2
 204 107  1
  14 108  1
  15 108  1
  36 108  2
  72 108  2
 111 108  2
  75 109  2
 179 109  1
 276 109  2
 174 110  2
 206 110  1
 207 110  1
 213 110  2
 214 110  2
 215 110  2
   7 111  1
 145 111  2
 163 111  1
  61 112  2
 173 112  2
 191 112  2
 242 112  1
 244 112  1
 249 112  1
 165 113  1
 193 113  2
 195 113  2
 197 113  2
  81 114  2
 121 114  2
 173 114  2
 209 114  3
 223 114  2
 224 114  1
 225 114  1
 238 114  2
  45 115  1
  85 115  2
 167 115  1
 168 115  1
 185 115  1
 272 115  2
  75 116  1
 123 116  2
 201 116  2
 202 116  2
 207 116  1
 233 116  1
 234 116  1
   3 117  1
  14 117  1
  15 117  1
 144 117  2
 161 117  1
 162 117  1
 175 117  2
 244 117  1
 245 117  1
 130 118  2
 136 118  2
 190 118  1
  45 119  1
  46 119  1
 170 119  1
 229 119  1
 273 119  2
  31 120  1
  32 120  1
  33 120  1
  78 120  1
 222 120  1
 223 120  1
 233 120  1
 280 120  1
  17 121  1
  26 121  1
  74 121  2
 244 121  1
  21 122  1
  22 122  1
  37 122  1
  38 122  1
  70 122  2
  84 122  1
 218 122  1
 220 122  1
 233 122  1
  46 123  1
  80 123  1
  82 123  1
 206 123  1
  44 124  1
 113 124  1
 143 124  1
 179 124  2
 216 124  1
 277 124  1
  34 125  1
  36 125  1
 101 125  1
 163 125  1
 240 125  1
  78 126  1
  90 126  1
 109 126  1
 152 126  1
 159 126  1
 172 126  1
 185 126  1
 189 126  1
 208 126  1
 213 126  1
 214 126  1
 229 126  1
 276 126  1
   2 127  1
  25 127  1
  52 127  1
  99 127  1
 232 127  1
  16 128  1
  46 128  2
  69 128  1
  73 128  1
  86 128  1
 218 128  1
 254 128  1
 255 128  1
 274 128  1
   4 129  1
   5 129  1
  19 129  1
  42 129  1
 245 129  1
 247 129  1
  25 130  1
  33 130  1
  80 130  1
  85 130  1
 163 130  1
 167 130  1
 211 130  1
 241 130  1
 255 130  4
  19 131  1
 264 131  1
 268 131  1
 269 131  1
  29 132  1
 251 132  1
  19 133  1
  65 133  2
  66 133  1
  72 133  1
 109 133  1
 110 133  1
 172 133  1
 180 133  2
 181 133  2
 192 133  2
 215 133  1
 216 133  1
 227 133  1
 261 133  1
  34 134  1
  40 134  1
  41 134  1
  55 134  1
  99 134  1
 100 134  1
 114 134  1
 158 134  1
 207 134  1
 210 134  1
 211 134  1
 223 134  1
 225 134  1
  11 135  1
  77 135  1
  90 135  1
 117 135  1
 151 135  1
 152 135  1
 275 135  1
 276 135  1
  57 136  1
  73 136  1
 135 136  1
 187 136  1
 188 136  1
 189 136  1
 242 136  2
   9 137  1
  37 137  1
 193 137  2
 248 137  2
 254 137  1
   5 138  1
   6 138  1
  14 138  1
  15 138  1
 207 138  1
 276 138  1
 277 138  1
  17 139  1
  22 139  1
 198 139  1
 215 139  2
  65 140  1
  75 140  1
  85 140  2
  86 140  2
 160 140  1
 184 140  1
 185 140  1
 221 140  2
 240 140  1
 241 140  1
 251 140  1
   3 141  1
 258 141  1
  79 142  2
 170 142  1
 182 142  1
 191 142  1
 243 142  1
 247 143  1
 265 143  1
 107 144  1
 159 144  1
  20 145  1
  38 145  2
  39 145  2
  89 145  1
  93 145  1
 110 145  1
 178 145  1
 179 145  1
 252 145  1
 254 145  1
 266 145  1
  23 146  1
  35 146  2
  48 146  2
  49 146  2
  65 146  2
  72 146  2
  77 146  2
 114 146  2
 270 146  1
 271 146  1
 277 146  1
   1 147  1
  81 147  1
 179 147  1
 249 147  1
  33 148  2
  41 148  2
  42 148  2
 163 148  1
 164 148  1
   7 149  1
  50 149  2
  51 149  2
  59 149  2
 179 149  1
 183 149  1
 184 149  1
 248 149  1
 249 149  1
  73 150  2
 177 150  1
 203 150  2
 253 150  1
 266 150  2
 212 151  2
 232 151  2
 280 151  1
  77 152  2
  78 152  2
 144 152  2
  27 153  1
  53 153  2
  54 153  2
  55 153  2
  57 153  2
  65 153  2
  71 153  2
 175 153  1
 185 153  1
 191 153  2
 195 153  2
 238 153  2
 246 153  2
   1 154  1
 142 154  2
 204 154  2
 205 154  2
 217 154  2
 231 154  2
 274 154  2
  43 155  2
  65 155  2
 113 155  1
 167 155  1
 220 155  4
 237 155  2
   9 156  1
  31 156  2
  48 156  2
 109 156  1
 129 156  2
 142 156  2
 146 156  2
 213 156  2
  58 157  2
  59 157  2
  65 157  2
  79 157  2
 196 157  2
 216 157  2
 268 157  2
 186 158  1
 239 158  2
 262 158  2
   2 159  1
  24 159  2
  74 159  2
 198 159  2
 242 159  2
 243 159  2
 260 159  2
  27 160  2
  97 160  2
  98 160  2
 133 160  2
 247 160  2
 274 160  2
  19 161  2
  20 161  2
 257 161  2
  80 162  2
 173 162  1
 203 162  2
 223 162  2
 224 162  2
 246 162  2
  32 163  2
 160 163  1
 168 163  1
 219 163  2
   6 164  1
  22 164  2
  30 164  2
  98 164  2
 100 164  2
 109 164  1
 178 164  1
 179 164  1
 225 164  2
 263 164  2
 120 165  1
 121 165  1
 158 165  1
 231 165  2
 232 165  2
 233 165  2
 244 165  2
 245 165  2
 255 165  2
 271 165  2
 100 166  2
 198 166  2
 211 166  2
 215 166  2
  57 167  2
  79 167  2
 195 167  2
 251 167  2
 258 167  2
 259 167  2
  33 168  2
 172 168  1
  10 169  1
  36 169  2
  52 169  2
  79 169  2
 158 169  1
 164 169  1
 264 169  2
 266 169  2
 113 170  1
 115 170  1
 119 170  1
 120 170  1
 131 170  2
 150 170  2
 154 170  2
 180 170  1
  42 171  2
 144 171  2
 175 171  1
 242 171  3
  17 172  2
  55 172  2
  94 172  2
 116 172  1
 117 172  1
 270 172  1
  82 173  2
  88 173  2
  99 173  2
 147 173  2
 158 173  2
 163 173  2
 164 173  2
 202 173  1
 238 173  2
 181 174  1
 194 174  1
   9 175  1
  10 175  1
  76 175  2
 151 175  2
 152 175  2
 173 175  2
 204 175  1
 263 175  1
 265 175  1
 277 175  1
 278 175  1
  61 176  2
 100 176  2
 112 176  2
 179 176  1
 222 176  2
 258 176  1
  76 177  2
 160 177  2
 276 177  1
  14 178  2
  18 178  2
  25 178  2
  79 178  2
 256 178  1
 267 178  1
  21 179  2
 106 179  2
 176 179  1
 192 179  1
 209 179  1
 248 179  1
  52 180  2
  53 180  2
  88 180  2
 202 180  2
 218 180  1
 241 180  2
  27 181  2
  29 181  2
 249 181  1
 116 182  2
 273 182  1
   8 183  1
  49 183  2
  77 183  1
  78 183  1
  91 183  2
 176 183  1
 192 183  1
  19 184  2
  20 184  2
  21 184  2
 158 184  2
 198 184  2
 218 184  1
  66 185  2
  67 185  2
 110 185  2
 111 185  2
 190 185  1
 254 185  1
 255 185  1
  32 186  1
  33 186  1
  45 186  2
  72 186  1
  87 186  2
 258 186  1
  12 187  1
  23 187  2
  27 187  2
 260 187  1
  39 188  2
  50 188  2
  77 188  1
  82 188  1
 114 188  2
 185 188  1
 186 188  1
 210 188  1
 268 188  1
  14 189  1
  23 189  2
 171 189  1
 179 189  1
 104 190  2
 207 190  1
  31 191  1
  88 191  2
  90 191  2
 108 191  2
 121 191  2
 202 191  1
  27 192  1
  78 192  1
  95 192  2
  96 192  2
 265 192  1
  73 193  1
  84 193  1
 140 193  2
 148 193  2
 200 193  1
  22 194  1
  37 194  1
  78 194  1
  91 194  2
  57 195  2
  58 195  2
  74 195  1
 127 195  2
 171 195  1
  20 196  1
 167 196  1
 196 196  1
 218 196  2
 254 196  2
 263 196  1
  40 197  1
  63 197  2
  81 197  1
 103 197  2
 141 197  2
 224 197  2
 237 197  2
  90 198  2
  91 198  2
 173 198  1
 183 198  1
 230 198  2
 240 198  2
 246 198  2
 247 198  2
  14 199  1
  68 199  2
 152 199  2
 153 199  2
 219 199  2
  28 200  1
  72 200  1
 131 200  2
 144 200  2
  17 201  1
  31 201  1
  64 201  2
  65 201  2
 103 201  2
 219 201  2
 224 201  2
 228 201  2
  90 202  2
 163 202  2
 259 202  1
  19 203  1
  40 203  1
 123 203  2
 211 203  2
 214 204  2
 215 204  2
 242 204  2
 257 204  1
  29 205  1
  81 205  1
  98 205  1
 111 205  1
 172 205  2
 173 205  2
 222 205  2
 233 205  2
 234 205  2
 101 206  1
 102 206  1
 157 206  2
 242 206  2
  40 207  2
  44 207  1
  86 207  1
  87 207  1
 142 207  1
 204 207  2
 205 207  2
 247 207  2
  24 208  1
  93 208  1
 126 208  1
 139 208  1
 147 208  2
 157 208  2
 169 208  2
 216 208  2
 254 208  1
  35 209  1
  74 209  1
 106 209  1
  83 210  1
 102 210  1
 153 210  2
 174 210  2
 179 210  2
 236 210  2
  44 211  1
 132 211  1
  57 212  2
  58 212  2
 148 212  2
 149 212  2
 241 212  2
 242 212  2
  28 213  1
 171 213  1
 222 213  2
  71 214  1
 149 214  2
 158 214  1
 159 214  1
 165 214  1
 178 214  2
 248 214  1
  30 215  1
  88 215  1
  89 215  1
 227 215  2
 228 215  2
 240 215  2
 211 216  2
 214 216  2
 155 217  1
 181 217  1
 201 217  2
  33 218  1
  91 218  1
 113 218  1
 115 218  1
 124 218  1
 143 218  1
 189 218  1
 222 218  2
 246 218  1
  58 219  1
  66 219  1
  77 219  2
 176 219  1
 202 219  2
 231 219  2
 244 219  1
  35 220  1
  56 220  1
  79 220  2
 137 220  1
 213 220  2
 227 220  2
  88 221  1
 196 221  2
 202 221  2
 241 221  1
  51 222  1
  52 222  1
  53 222  1
  80 222  2
 150 222  2
 155 222  2
 172 222  2
 173 222  2
 189 222  2
 220 222  2
 227 222  2
  40 223  1
  85 223  1
 144 223  2
 177 223  2
 181 223  2
 174 225  2
 202 225  2
 212 225  2
 130 226  2
 134 226  2
 136 226  2
 232 226  1
 109 227  2
 189 227  2
 113 228  2
 140 228  2
 149 228  2
 180 228  2
 199 228  2
  84 229  1
 108 229  2
 173 229  2
 174 229  2
 184 229  2
 216 230  2
 217 230  2
 218 230  2
 227 230  1
  78 231  1
 102 231  2
 103 231  2
 134 231  2
 135 231  2
 136 231  2
 197 231  2
 225 231  1
 130 232  2
 197 233  2
 223 233  1
 123 234  2
 138 234  2
 197 235  2
  85 236  1
 102 237  1
 103 237  1
 134 237  2
 135 237  2
  90 239  1
 108 239  1
 149 239  2
 150 239  2
 155 240  2
 156 240  2
 163 240  2
  99 241  1
 110 241  1
 141 241  2
 102 242  1
 142 243  2
 158 244  2
 211 244  1
 149 246  2
 162 246  2
 144 247  2
 153 247  2
 205 247  1
 115 248  1
 117 248  1
 200 249  1
 165 250  2
 136 252  1
 194 252  1
 195 252  1
 196 252  1
 138 254  1
 185 255  1


count = 1251