 163   1  1
 164   1  1
 187   1  1
 122   3  1
 200   4  1
 202   4  1
 115   5  1
 113   6  1
 209   6  1
 109   7  1
 175   7  1
 143   8  1
 194   9  2
 195   9  2
 117  11  1
 131  11  1
 136  11  1
 217  11  1
 218  11  1
 197  12  2
 130  13  1
 131  13  1
 221  13  1
 222  13  1
 223  13  1
 118  14  1
 173  14  1
 174  14  1
 175  14  1
  79  15  1
 157  15  2
 181  15  1
 109  16  1
 136  16  1
 172  16  1
 201  16  2
 213  16  2
 227  16  1
  76  17  1
 120  17  1
 124  18  2
 130  18  1
 131  18  1
 140  18  1
 141  18  1
 145  18  1
 146  18  1
 168  18  1
 169  18  1
 205  18  2
 230  18  1
  72  19  1
  82  19  1
  91  19  1
 126  19  2
 180  19  1
 232  19  1
  68  20  1
 114  20  1
 146  20  1
 155  20  2
 234  21  1
  64  22  1
 118  22  1
 119  22  1
 132  22  1
 145  22  1
 146  22  1
 150  22  1
 204  22  2
 225  22  1
  77  23  1
  84  23  1
 123  23  2
 212  23  2
 237  23  1
  99  24  1
 171  24  1
  69  25  1
 113  25  1
 137  25  1
 225  25  1
 226  25  1
 105  26  1
  58  27  1
  69  27  1
  79  27  1
  80  27  1
  87  27  1
 112  27  1
 156  27  2
 157  27  2
 158  27  2
 216  27  2
 242  27  1
  65  28  1
  67  28  1
 107  28  1
 133  28  1
  72  29  1
  91  29  1
  92  29  1
 152  29  1
 226  29  1
  63  30  1
 115  30  1
 135  30  1
 143  30  1
 144  30  1
 174  30  2
 175  30  2
 176  30  2
 221  30  1
 202  31  2
  52  32  1
  59  32  1
  60  32  1
  68  32  2
  77  32  1
 141  32  1
 191  32  1
 192  32  1
 247  32  1
  95  33  1
 137  33  1
 171  33  2
 172  33  2
  50  34  1
  65  34  2
  66  34  2
  83  34  1
 226  34  2
  89  35  1
 172  35  2
 185  35  2
  61  36  1
  62  36  1
 113  36  2
 214  36  1
  56  37  1
  90  37  1
  91  37  1
 117  37  1
 132  37  2
  68  38  2
  79  38  1
  95  38  1
 109  38  1
 142  38  2
 168  38  2
  45  39  1
  84  39  1
  85  39  1
  86  39  1
 158  39  2
 163  39  2
 216  39  1
 253  39  1
  68  40  2
 112  40  1
 179  40  2
 188  40  1
  43  41  1
  58  41  1
 202  41  1
 203  41  1
  65  42  1
 193  42  1
  42  43  1
  59  43  1
  94  43  1
 138  43  2
 163  43  2
 159  44  2
 201  44  1
 202  44  1
  40  45  1
  73  45  2
  74  45  2
 199  45  1
  62  46  1
  84  46  1
  38  47  1
  48  47  1
 117  47  1
 151  47  2
  36  48  1
  54  48  1
  64  48  1
  65  48  1
  69  48  1
 137  48  2
 138  48  2
 140  48  2
 234  48  2
 258  48  1
  74  49  2
  78  49  2
  86  49  1
 147  49  2
 196  49  1
 197  49  1
 210  49  1
 239  49  2
 162  50  2
 202  50  1
  70  51  1
  71  51  1
  78  51  2
 196  51  1
 197  51  1
 260  51  1
  32  52  1
 167  52  2
 191  52  2
 244  52  2
 248  52  2
  42  53  1
  62  53  2
 100  53  1
 127  53  2
 187  53  2
 209  53  1
 214  53  2
  55  54  1
 147  54  2
 240  54  2
 252  54  2
 221  55  2
 222  55  2
  55  56  1
  86  56  1
  88  56  1
 244  56  2
 252  56  2
  29  57  1
  67  57  2
  75  57  2
  95  57  1
  96  57  1
  97  57  1
  51  58  1
  82  58  2
 124  58  2
 144  58  2
 170  58  2
 265  58  1
 101  59  1
 248  59  2
  47  60  1
  81  60  2
 117  60  2
 151  60  2
  65  61  2
  94  61  1
  95  61  1
  37  62  2
 173  62  2
 181  62  2
 218  62  2
 125  63  2
 210  63  2
 234  63  2
 268  63  1
  81  64  2
  84  64  2
  86  64  1
  99  64  1
 100  64  1
 139  64  2
 140  64  2
 163  64  2
 168  64  2
 223  64  2
 238  64  2
 243  64  2
  21  65  1
  48  66  1
  49  66  1
  92  66  1
 101  66  1
 207  66  2
 229  66  2
 231  66  2
 270  66  1
  43  67  2
  45  67  2
  53  67  1
  75  67  2
  89  67  1
 106  67  1
 250  67  2
 262  67  1
  30  68  2
  31  68  2
 113  68  1
 146  68  2
 186  68  2
  17  69  1
 223  69  3
 234  69  2
  55  70  1
 100  70  2
 109  70  1
 200  70  2
 257  70  1
 259  70  1
  47  71  2
 149  71  2
 264  71  1
  74  72  2
 169  72  2
 171  72  2
 173  72  2
 192  72  2
 250  72  1
  42  73  2
 119  73  1
 121  73  2
  15  74  1
  24  74  2
  25  74  2
 101  74  2
 159  74  2
 262  74  1
 272  74  1
  56  75  2
  68  75  2
 145  75  2
 207  75  2
 117  77  1
 118  77  1
 170  77  2
 174  77  2
  12  78  1
 167  78  2
 168  78  2
  52  79  2
  81  79  2
 107  79  2
 190  79  2
 191  79  2
 260  79  2
 267  79  1
  19  80  1
  77  80  2
 125  80  2
 126  80  2
 243  80  2
  10  81  1
  24  81  1
  26  81  1
 115  81  1
 141  81  2
 142  81  2
 159  81  2
 184  81  3
 255  81  2
  75  82  2
  81  82  2
  82  82  2
  99  82  2
 100  82  2
 121  82  1
 156  82  2
 199  82  2
 210  82  2
 225  82  2
 268  82  1
  95  83  2
 184  83  2
  46  84  1
  59  84  1
  87  84  2
 127  84  1
 194  85  2
 218  85  2
 222  85  2
 241  85  1
 250  85  1
 257  85  1
   9  86  1
  26  86  1
  48  86  1
 119  86  1
 123  86  1
 173  86  1
  28  87  1
  81  87  2
 114  87  1
 188  87  1
  46  88  1
  53  88  1
  54  88  1
  74  88  1
  75  88  1
 132  88  1
 185  88  1
 237  88  1
 278  88  1
 279  88  1
  39  89  3
  67  89  1
  68  89  1
 193  89  1
   6  90  1
  21  90  1
  41  90  2
  47  90  1
  58  90  1
 128  90  1
 175  90  1
 179  90  1
 190  90  1
 214  90  2
 215  90  2
 248  90  1
 258  90  1
 260  90  1
 150  91  1
 255  91  1
 272  91  1
  51  92  1
 183  92  1
 229  92  2
  85  93  2
 146  93  1
 147  93  1
 148  93  1
 241  93  1
 280  93  1
 281  93  1
  54  94  1
  55  94  1
  61  94  1
  76  94  2
  90  94  2
 181  94  1
 216  94  2
 234  94  2
 235  94  2
 246  94  1
  10  95  1
 241  95  1
 126  96  1
 221  96  2
 272  96  1
  17  97  1
  41  97  2
  42  97  2
  58  97  1
 130  97  1
  62  98  1
  91  98  2
 106  98  1
 117  98  1
 148  99  2
 240  99  1
 259  99  2
  33 100  1
 104 100  1
 154 100  2
   3 102  1
   4 102  1
  10 102  1
  62 102  2
 161 102  1
 162 102  1
 165 102  1
 175 102  1
 237 103  2
 262 103  2
 263 103  2
  20 104  1
  30 104  1
  84 104  2
 169 104  1
 230 104  1
 243 104  1
 244 104  1
 107 105  1
 108 105  1
 109 105  1
 128 105  2
 145 105  2
 157 105  1
 189 105  2
 190 105  2
 203 105  2
 225 105  1
 226 105  1
 270 105  1
  75 106  1
  77 106  1
  78 106  1
  99 106  1
 103 106  1
 104 106  1
 118 106  2
 194 106  2
 215 107  1
 276 107  1
   9 108  1
  73 108  1
 124 108  2
 140 108  2
 173 108  1
 174 108  1
 213 108  1
 230 108  1
  15 109  1
  31 109  1
  49 109  1
  89 109  2
 112 109  1
 113 109  1
 157 109  1
 241 110  1
 247 110  2
 256 110  2
 207 111  1
 228 111  1
 230 111  1
   1 112  1
  33 112  1
  46 112  1
 119 112  1
 201 112  2
 160 113  1
 187 113  2
 251 113  2
 255 113  2
  12 114  1
  44 114  1
 109 115  1
 122 115  1
 156 115  1
 227 115  2
 231 115  1
 232 115  1
 280 116  1
 281 116  1
  14 117  1
  23 117  2
  24 117  2
  95 117  1
  96 117  1
  97 117  1
 109 117  1
 156 117  1
 161 117  1
 162 117  1
 250 117  2
  10 118  2
  83 118  1
 107 118  1
 205 118  1
 243 118  2
  78 119  1
  87 119  1
  89 119  1
 112 119  1
 136 119  1
 230 119  2
 231 119  2
 271 119  2
  26 120  2
  32 120  2
  48 120  1
  85 120  1
 209 120  3
 213 120  1
 234 120  1
 238 120  2
   1 121  1
 104 121  1
 106 121  1
  77 123  1
  99 123  1
 137 123  1
 158 123  1
 216 123  1
 107 124  1
 118 124  1
 128 124  1
 196 124  1
 202 124  1
 242 124  2
   9 125  1
  16 125  1
  22 125  1
  45 125  1
  55 125  1
  71 125  1
 135 125  1
 274 125  1
 111 126  1
 210 126  1
 230 126  1
 237 126  1
  59 127  1
  60 127  1
 251 127  1
 258 127  1
 270 127  1
  69 128  1
 109 128  1
 110 128  1
 161 128  2
 162 128  1
 163 128  1
 172 128  1
 177 128  1
 186 128  1
 198 128  1
 211 128  1
 218 128  1
 239 128  1
  63 129  1
  93 129  1
  99 129  1
 158 129  2
 192 129  1
  13 131  1
  15 131  1
 105 131  1
 139 131  1
   7 132  1
   9 132  1
  83 132  1
 173 132  1
 190 132  1
 230 132  1
  63 133  1
  75 133  1
  90 133  1
  97 133  1
 104 133  1
 109 133  1
 122 133  2
 196 133  2
 210 133  1
 223 133  1
 228 133  1
 267 133  1
  33 134  1
 128 134  1
 138 134  1
 149 134  1
  44 135  1
  16 136  1
  25 136  1
  54 136  1
  55 136  1
  56 136  1
 154 136  1
 259 136  2
 110 137  1
 159 137  2
 201 137  1
 219 137  1
 230 137  1
 235 137  1
 236 137  1
 280 137  1
 281 137  1
   6 138  1
 114 138  2
 115 138  2
  35 139  2
 135 139  1
 273 139  1
   1 140  1
  19 140  1
  57 140  1
  98 140  1
 189 140  1
  30 141  2
  96 141  1
 120 141  2
 204 141  1
  32 142  2
  44 142  1
  45 142  1
 101 142  2
 128 142  1
  10 143  2
  38 143  2
  93 143  1
 154 143  1
 155 143  1
  17 144  1
  50 144  2
  51 144  2
  91 144  1
 113 144  1
 120 144  2
 246 144  1
  25 145  1
  58 145  1
  64 145  1
 104 145  2
 175 145  1
   1 146  1
  21 146  1
 166 146  2
 234 146  1
 270 146  1
  18 147  1
  34 147  1
  42 147  1
 156 147  1
 177 147  1
 221 147  1
 229 147  1
  55 148  2
  98 148  2
 101 148  2
 102 148  2
 108 148  1
 119 148  2
 183 148  1
 227 148  1
 240 148  2
 241 148  1
 269 148  1
  39 149  1
  49 149  2
  71 149  2
 159 149  1
  82 150  1
 146 150  1
 252 150  2
  11 151  1
 194 151  1
 208 151  1
 235 151  1
 258 151  2
  68 152  2
 141 152  1
 150 152  1
 151 152  1
 163 152  1
 164 152  1
 189 152  1
 270 152  1
  13 153  1
  21 153  1
  59 153  2
 177 153  1
 212 153  1
 213 153  1
 214 153  1
 237 153  1
  47 154  2
 107 154  1
 185 154  1
 273 154  1
   5 155  1
   6 155  1
  25 155  1
  78 155  2
 115 155  2
 217 155  1
 218 155  1
 222 155  1
 251 155  2
 126 156  2
 127 156  2
  61 157  2
 110 157  1
 111 157  1
 169 157  1
 209 157  2
 210 157  2
  30 158  1
  36 158  1
  54 158  1
  55 158  1
  65 158  2
 222 158  1
 260 158  2
  39 159  1
 244 159  2
   9 160  1
  47 160  1
  49 160  1
 235 160  1
 236 160  1
 269 160  1
 270 160  1
 271 160  1
 114 161  1
 115 161  1
 174 161  1
 183 161  2
 196 161  2
 253 161  2
 279 161  1
 280 161  1
 179 162  2
 180 162  2
 191 162  2
 216 162  2
 217 162  2
 240 162  2
 267 162  1
 136 163  1
 155 163  2
 185 163  2
 253 163  2
 132 164  1
  12 165  1
  13 165  1
 106 165  2
 139 165  1
 195 165  2
 235 165  1
 245 165  1
 220 166  1
  37 167  1
 112 167  2
 277 167  1
 278 167  1
  31 168  2
  41 168  1
  53 168  1
  64 169  2
  72 169  2
  96 169  2
 107 169  2
 109 169  2
 111 169  2
 169 169  1
 230 169  2
 231 169  2
 241 169  1
  50 170  1
 146 170  1
 256 170  1
 268 170  1
  69 171  3
 174 171  2
 130 172  2
 276 172  1
  15 173  1
 142 173  2
 222 173  1
 226 173  1
 255 173  1
 148 174  2
 217 174  1
 218 174  1
  27 175  1
  34 175  1
  48 175  1
 135 175  2
 140 175  2
 156 175  2
 187 175  2
 188 175  2
 228 175  1
 241 175  2
 248 176  2
 249 176  2
  58 177  1
 118 177  2
 183 177  2
 184 177  2
 192 177  2
 193 177  2
 273 177  1
  20 178  1
  54 178  1
 198 178  2
 205 178  2
 218 178  1
 228 178  1
 254 178  1
  44 179  1
  62 179  1
 144 179  2
 145 179  2
 209 179  2
  46 180  1
 167 180  2
 220 180  1
 183 181  2
 241 181  2
 242 181  2
  51 182  1
  65 182  1
 126 182  2
 139 182  2
 140 182  2
 234 182  2
 255 182  1
 256 182  1
 263 182  1
  67 184  1
 116 184  2
 121 184  2
  23 185  1
  52 185  1
  73 185  1
 159 185  2
 167 185  2
 225 185  1
  40 186  1
  41 186  1
 126 186  2
 197 186  2
 183 187  2
 218 187  1
 263 187  1
 269 187  1
 270 187  1
  25 188  1
  36 188  1
  46 188  1
 227 188  1
 228 188  1
 147 189  2
 176 189  2
 177 189  2
 254 189  1
  72 190  1
  73 190  1
 111 190  2
 150 190  2
 221 190  1
  51 191  2
 184 191  2
  96 192  1
 180 192  2
 196 192  2
 205 192  2
 228 192  1
 100 193  1
 164 193  2
 246 193  1
 260 193  1
 261 193  1
  94 194  1
 156 195  2
 209 195  2
 223 195  1
 231 195  1
  32 196  1
 158 196  2
  60 197  1
  88 197  2
 180 197  2
 233 197  1
 234 197  1
 244 197  1
  35 198  1
  36 198  1
 107 198  1
 247 198  1
  85 199  2
 132 199  2
 154 199  2
 155 199  2
 163 199  2
 250 199  1
 265 199  1
 266 199  1
  92 200  1
  93 200  1
 110 200  1
 178 200  2
 193 200  2
 129 201  2
 195 201  2
  71 202  2
 197 202  2
  60 203  1
  62 203  1
  64 203  1
  69 203  2
 157 203  2
 252 203  2
  80 204  1
 179 204  2
  42 205  1
 100 205  4
 102 205  2
 106 205  1
 164 205  2
 168 205  2
 169 205  2
 211 205  1
 235 205  2
  75 206  1
 209 206  1
  79 207  1
 215 207  1
  67 208  2
  91 208  1
 140 208  2
  63 209  2
 190 209  2
 102 210  1
 103 210  1
 174 210  2
 182 210  1
 183 210  1
 217 210  1
 259 210  1
  96 211  2
 150 211  2
 151 211  2
 204 211  1
 205 211  1
 221 211  1
 222 211  1
  75 212  1
 111 212  1
 112 212  1
 225 212  2
 183 213  1
 184 213  1
 237 213  2
  56 214  1
  57 214  1
  73 214  1
 105 214  1
 111 214  1
 136 214  1
 174 214  1
 178 214  1
  68 215  2
  69 215  2
  83 215  2
 133 215  1
 188 215  2
 232 215  2
  96 216  1
 103 216  1
 111 216  1
 150 216  2
 179 216  1
 223 216  2
 224 216  2
  49 217  1
  50 217  1
  63 217  2
 255 217  1
  85 218  2
  86 218  2
  94 218  1
 130 218  1
 131 218  1
 242 218  2
 122 219  2
 183 219  2
 185 219  2
 222 219  2
 223 219  2
 245 219  2
  78 220  1
  90 220  1
 108 220  1
 115 220  2
 147 220  2
 172 220  1
 126 221  1
 127 221  1
 141 221  2
 176 221  2
 178 221  2
 185 221  2
  89 222  1
 213 222  2
 252 222  1
  55 223  1
  71 223  1
  96 223  1
 133 223  2
 169 223  1
 170 223  1
 233 223  2
  77 224  1
  78 224  1
 103 224  1
 105 224  1
 107 224  1
 160 224  1
 185 224  2
 227 224  2
  57 225  1
 152 225  1
 180 225  3
  59 226  1
  71 226  1
 203 226  1
 204 226  1
 209 226  2
 210 226  2
 248 226  1
  87 227  1
 128 227  1
 147 227  1
 199 227  2
  61 228  1
 112 228  2
 246 228  1
  94 229  1
 152 229  1
 169 229  1
  64 230  1
  77 230  1
  90 230  1
  92 230  1
 125 230  1
 111 231  2
 121 231  1
 163 231  2
 197 231  2
 198 231  2
 140 232  1
 159 232  2
 160 232  2
 241 232  1
 104 233  1
 144 233  1
  87 234  1
 169 234  2
  73 235  1
 111 235  1
 161 236  2
 198 236  2
 202 236  1
 236 236  1
 124 237  1
 125 237  1
 148 237  2
 181 237  2
 182 237  2
 192 237  2
  80 238  1
  82 238  1
 119 238  1
 185 238  2
 196 238  2
 138 239  1
 166 239  2
 168 239  2
 231 239  1
 108 240  1
 114 240  1
 115 240  1
 122 240  1
 127 240  2
 143 240  1
 154 240  2
 155 240  2
 202 240  1
 203 240  1
 220 240  2
 168 241  2
 172 241  1
 229 241  1
  91 242  1
  93 242  1
 122 242  1
 123 242  1
 127 242  2
 212 242  2
 190 243  1
 203 243  1
 204 243  1
 164 244  2
 134 245  1
 152 245  2
 156 245  2
 166 245  2
 192 245  1
 209 245  1
 181 246  2
 204 246  1
 205 246  1
 135 247  1
 161 247  2
 192 247  1
 219 247  1
 222 247  1
 139 248  1
 172 248  1
 173 248  1
 182 249  2
 192 249  1
 193 249  1
 213 249  1
 188 250  1
 127 251  1
 173 251  1
 178 251  1
 209 251  1
 210 251  1
 211 251  1


count = 1202