 132   1  1
 133   1  1
 156   1  1
 123   2  1
 119   3  1
 121   3  1
 183   3  1
 186   4  1
 112   5  1
 190   6  1
 191   6  1
 105   7  1
 102   8  1
 136   8  2
 162   8  1
 163   8  1
 172   8  1
 193   8  1
 126   9  2
 159   9  1
 197   9  1
 198   9  1
  97  10  1
 179  10  1
 125  11  2
 126  11  2
 184  11  2
  92  12  1
 140  12  1
 110  13  1
 120  13  2
 129  13  1
 170  13  1
  88  14  1
  89  14  1
  90  14  1
 173  14  1
 174  14  1
 177  14  1
 134  15  1
 188  15  2
 209  15  1
  79  16  1
 115  16  1
 173  16  1
 184  16  2
 185  16  2
 193  16  2
 108  17  1
 129  17  1
 133  17  1
 134  17  1
 140  17  1
 212  17  1
 121  18  2
 122  18  2
 146  18  1
 147  18  1
  94  19  1
 127  19  1
 143  19  1
  71  20  1
  99  20  1
 193  20  2
  69  21  1
 167  21  1
 168  21  1
 108  22  1
 117  22  1
 159  22  2
 160  22  1
 188  22  2
 179  23  2
  64  24  1
  87  24  2
 124  24  1
 126  24  1
 194  24  3
 110  25  1
 119  25  1
 120  25  1
  95  26  1
 106  26  1
 167  26  1
 173  26  1
 174  26  1
  58  27  1
  60  27  1
  75  27  1
 162  27  1
 122  28  1
 132  28  1
 224  28  1
  52  30  1
  53  30  1
 101  30  1
 122  30  1
 192  30  2
 226  30  1
  68  31  1
 228  31  1
  50  32  1
 102  32  1
 106  32  1
 124  32  1
 185  32  2
 197  32  2
 128  33  1
 129  33  1
 230  33  1
 232  34  1
  46  35  1
 154  35  2
 155  35  2
 163  35  1
 192  35  1
  89  36  2
  90  36  2
 234  36  1
 186  37  2
 111  38  1
 112  38  1
 162  38  1
 195  38  1
 196  38  1
 132  39  1
 190  39  1
 205  39  1
 238  39  1
 161  40  1
  38  41  1
 107  42  1
 185  42  1
  35  43  1
  92  43  1
 132  43  1
 133  43  1
 138  43  1
 139  43  1
 157  43  2
 158  43  2
  84  44  2
  85  44  2
  94  44  1
 112  44  1
 196  44  1
 197  44  1
 225  44  1
 232  44  1
 164  45  1
 175  45  1
 176  45  1
 199  45  1
  96  46  1
  97  46  1
 143  46  1
 184  46  1
 104  47  1
 111  47  1
 147  47  1
 148  47  1
 180  48  1
 223  48  1
 224  48  1
 105  49  1
 109  49  1
 194  49  1
 195  49  1
 201  49  1
 227  49  1
 248  49  1
  39  50  1
  41  50  1
  53  50  1
  60  50  1
 129  50  1
 165  50  1
 221  50  1
 135  51  1
 160  51  2
 250  51  1
  62  52  1
 145  52  1
 167  52  1
 210  52  1
 211  52  1
  25  53  1
 160  53  2
 161  53  2
 251  53  1
  46  54  1
  50  54  1
 215  54  1
 231  54  2
  23  55  1
 244  55  2
 147  56  1
 185  56  1
 204  56  1
 208  56  1
  52  57  1
  53  57  1
  39  58  1
  40  58  1
 201  58  1
 225  58  1
  34  59  1
 179  59  1
  36  60  1
 151  60  1
 170  60  1
 227  60  1
  18  61  1
  44  61  1
  56  62  1
  57  62  1
 148  62  1
 156  62  2
 157  62  2
 201  62  2
  78  63  1
  83  63  1
 168  63  1
 169  63  1
 179  63  1
 180  63  1
 230  63  2
 239  63  2
 240  63  2
  47  64  1
  54  64  1
 112  65  3
 163  65  1
  30  66  4
  31  66  2
  35  66  1
  62  66  1
  71  66  1
  72  66  2
 134  66  1
 135  66  1
 258  66  1
  78  67  1
 207  67  1
 224  67  1
  14  68  1
  65  68  1
  84  68  1
 145  68  2
 149  68  1
 150  68  1
  38  69  1
  45  69  1
  80  69  1
 163  69  1
 232  69  1
  31  70  1
 131  70  1
 152  70  1
 154  70  1
 208  70  1
 225  70  1
 226  70  1
  12  71  1
 179  71  1
 262  71  1
 161  72  1
  33  73  1
 121  73  1
 136  73  1
 143  73  1
 148  73  1
 197  73  1
 235  73  1
  46  74  1
 156  74  1
 158  74  1
 207  74  1
 254  74  2
  30  75  1
  42  75  1
 154  75  1
 212  75  1
 264  75  1
   9  76  1
  10  76  1
  16  76  1
 127  76  1
 169  76  1
 178  76  1
 180  76  1
 182  76  1
 240  76  1
 123  77  1
 217  77  1
  16  78  1
  29  78  1
  46  78  1
  47  78  1
 119  78  1
 176  78  1
 190  78  1
 197  78  1
 222  79  1
  25  80  1
 268  80  1
   7  81  1
   8  81  1
 204  81  1
 205  81  1
 243  81  2
  18  82  1
  24  82  1
  34  82  1
  47  82  1
 163  82  1
 178  82  1
 194  82  1
 224  82  1
 270  82  1
 199  83  1
  18  84  1
  32  84  1
 262  84  1
 263  84  1
  99  85  2
 173  85  1
 175  85  1
 240  85  1
  36  86  2
  39  86  2
  52  86  1
  94  86  2
 182  86  1
 195  86  1
 196  86  1
 243  86  1
 258  86  1
  13  87  1
  20  87  1
  25  87  1
  57  87  2
 177  87  1
 224  87  1
 225  87  1
 250  87  1
 273  87  1
 274  87  1
 159  88  1
 245  88  1
  17  89  1
  44  89  1
  49  89  1
 180  89  1
 181  89  1
 189  89  2
  31  90  2
  71  90  2
  73  90  2
 130  90  2
 147  90  1
 148  90  1
 192  90  2
  23  91  1
  91  92  2
 145  92  1
 179  92  1
 180  92  1
   4  93  1
   5  93  1
  11  93  1
  27  93  1
  41  93  1
  83  93  1
 108  93  1
 120  93  2
 162  93  1
 225  93  1
  14  94  1
 157  94  1
 159  94  1
 176  94  1
 183  94  1
 193  94  1
 278  94  1
  22  95  1
  23  95  1
  33  95  1
  78  95  1
  88  95  1
 126  95  1
 149  95  1
 229  95  1
  18  96  1
  19  96  1
  65  96  1
 117  96  1
 255  96  3
  54  97  1
 165  97  1
 185  97  1
 223  97  1
 224  97  1
 259  97  1
  49  98  1
  81  98  2
 107  98  1
 108  98  1
 120  98  1
 132  98  1
 142  98  1
 154  98  1
 194  98  1
 195  98  1
 234  98  1
 235  98  1
 268  98  1
  29  99  1
 126  99  1
  75 100  1
  92 100  1
 109 100  1
 168 100  1
 172 100  1
 187 100  1
 188 100  1
 227 100  1
   1 101  1
   2 101  1
  18 101  1
  47 101  1
  67 101  1
  99 101  1
 163 101  1
 160 102  1
 267 102  1
  56 103  2
  61 103  1
 112 103  1
 120 103  1
 258 103  1
  36 104  1
  44 104  1
 114 104  1
 130 104  1
 233 104  1
 243 104  1
 261 104  1
  54 105  3
  69 105  1
 138 105  1
 144 105  1
 150 105  1
 159 105  1
 194 105  1
 207 105  2
 228 105  1
 229 105  1
 231 105  5
 255 105  2
 273 105  1
   1 106  1
  98 106  1
 177 106  2
 203 106  2
  60 107  1
  64 107  1
 124 107  1
 125 107  1
 156 107  1
  39 108  1
  70 108  1
 115 108  1
 116 108  1
 120 108  1
 189 108  1
 269 108  1
  18 109  1
  29 109  1
 104 109  1
 141 109  1
 142 109  1
 185 109  1
  46 110  1
  50 110  1
  70 110  1
 271 110  1
 273 110  1
  15 111  1
  16 111  1
  73 111  1
  74 111  1
  95 111  1
  96 111  1
 110 111  1
 147 111  1
 265 111  1
  66 112  1
  67 112  1
 132 112  1
  14 113  1
  53 113  1
  56 113  1
 183 113  1
   1 114  1
 231 114  1
  45 115  1
 136 115  1
 137 115  1
 138 115  1
 167 115  1
 206 115  2
 239 115  1
  62 116  1
  97 116  1
 104 116  1
 119 116  1
 142 116  1
 279 116  1
 280 116  1
   6 117  1
   7 117  1
  81 117  1
  91 117  1
  92 117  1
 130 117  1
  29 118  1
  44 118  1
  51 118  1
  52 118  1
 106 118  1
  75 119  1
  92 119  1
 113 119  1
 117 119  1
 134 119  1
 207 119  1
  22 120  2
  71 120  1
 100 120  1
 101 120  1
 102 120  1
 108 120  1
 150 120  1
 152 120  1
 162 120  1
 183 120  1
 243 120  1
 247 120  1
   1 121  1
  79 121  3
  97 121  1
 122 121  1
 126 121  1
 134 121  1
 277 121  1
 278 121  1
   9 122  1
  11 122  1
  93 122  1
  95 122  1
 141 122  1
 142 122  1
 146 122  1
 187 122  1
  32 123  2
  33 123  2
 110 123  1
 201 123  2
  15 124  1
  16 124  1
  17 124  1
  72 124  1
  88 124  1
 118 124  1
 130 124  1
 181 124  1
 239 124  1
 241 124  1
 254 124  1
 270 124  1
 271 124  1
   4 125  1
  68 125  1
 153 125  1
 193 125  1
 236 125  1
 266 125  1
  20 126  1
  22 126  1
  37 126  1
  84 126  1
  85 126  1
  86 126  1
 126 126  1
 130 126  1
 146 126  1
 151 126  1
 245 126  1
  52 127  1
  92 127  1
  93 127  1
 123 127  1
 124 127  1
 128 127  1
  34 128  1
  46 128  1
  60 128  1
  74 128  1
 184 128  1
 185 128  1
 196 128  1
 197 128  1
   4 129  1
  28 129  1
 129 129  1
 130 129  1
  87 130  1
  88 130  1
 136 130  1
 138 130  1
  11 131  1
  14 131  1
  19 131  1
  54 131  1
 125 131  1
 161 131  1
 239 131  1
 154 132  1
 197 132  1
 255 132  1
 264 132  1
 266 132  1
 277 132  1
  29 133  1
  34 133  1
  36 133  1
  39 133  1
  51 133  1
 160 133  1
 248 133  2
 273 133  1
 274 133  1
   1 134  1
  59 134  1
 121 134  1
  41 135  1
  42 135  1
  43 135  1
  47 135  1
  48 135  1
  72 135  2
 114 135  1
 142 135  1
 158 135  1
 224 135  1
 280 135  1
   9 136  1
  14 136  1
  55 136  1
  64 136  1
  86 136  1
 123 136  1
 124 136  1
 150 136  1
 238 136  2
  78 137  1
  79 137  1
  91 137  1
 108 137  1
 112 137  1
  17 138  1
  18 138  1
  37 138  1
  68 138  1
 182 138  1
  21 139  1
  22 139  1
  23 139  1
  76 139  1
 134 139  1
 209 139  1
 223 139  1
 283 139  1
  37 140  1
  71 140  1
 141 140  1
 217 140  1
   1 141  1
  11 141  1
  48 141  1
 130 141  1
 161 141  1
 203 141  1
 204 141  1
 125 142  1
 137 142  1
 184 142  1
  43 143  1
  56 143  1
 240 143  1
 241 143  1
 252 143  1
 260 143  1
   1 144  1
   2 144  1
 155 144  1
 156 144  1
 183 144  1
 235 144  1
 129 145  1
 130 145  1
 211 145  1
 212 145  1
 225 145  1
 227 145  1
 256 145  1
  38 146  1
  97 146  1
  98 146  1
 102 146  1
 108 146  1
 110 146  1
 183 146  1
 184 146  1
   2 147  1
   3 147  1
  42 147  1
  76 147  1
  81 147  1
 136 147  1
 139 147  1
 145 147  1
 146 147  1
  69 148  1
  70 148  1
 152 148  1
 153 148  1
 160 148  1
 197 148  1
 224 148  1
  73 149  1
 262 149  1
  34 150  1
  35 150  1
 162 150  1
 197 150  1
 209 150  1
  51 151  1
  78 151  1
  79 151  1
 129 151  1
 186 151  1
 270 151  1
  36 152  1
 110 152  1
 214 152  1
 218 152  1
 223 152  1
  40 153  1
  41 153  1
  49 153  1
  79 153  1
 158 153  1
 206 153  1
 221 154  1
 229 154  1
 231 154  1
  73 155  1
 113 155  1
 114 155  1
 137 155  1
 206 155  1
 259 155  1
 109 156  1
 145 156  1
 151 156  1
 157 156  1
 257 156  1
  72 157  1
 209 157  1
 226 157  2
 269 157  1
  19 158  1
 202 158  2
 230 158  2
 232 158  2
  64 159  1
 148 159  1
 213 159  1
 228 159  2
 281 159  1
 282 159  1
  95 160  1
 152 160  1
 153 160  1
  24 161  1
 137 161  1
 138 161  1
 142 161  1
 203 161  1
 207 161  1
 209 161  1
 216 161  1
 234 161  1
 235 161  1
 262 161  1
  11 162  2
 144 162  1
 145 162  1
 191 162  2
 115 163  1
 128 163  1
 136 163  1
 156 163  1
 157 163  1
 166 163  1
  25 164  1
  32 164  1
  33 164  1
 220 164  1
 231 164  1
  96 165  1
 109 165  1
 110 165  1
 126 165  1
 149 165  1
 161 165  1
 163 165  1
 171 165  1
 173 165  1
 227 165  1
 244 165  1
  19 166  2
  37 166  1
 201 166  1
 202 166  1
 222 166  1
 237 166  1
 107 167  1
 234 167  1
   5 168  1
   6 168  1
 101 168  1
 152 168  1
 153 168  1
 154 168  1
 176 168  1
 264 168  1
 156 169  1
 165 169  1
 183 169  1
 101 170  1
 244 170  1
 245 170  1
 278 170  1
 279 170  1
  46 171  1
 124 171  1
 125 171  1
 167 171  1
 202 171  1
 213 171  1
 214 171  1
 230 171  1
  28 172  2
 100 172  1
 135 172  2
 136 172  2
 223 172  1
 233 172  1
 251 172  1
 260 172  1
 148 173  5
 206 173  1
 238 173  1
 255 173  1
 277 173  1
 278 173  1
  45 174  1
 140 174  1
 161 174  1
 173 174  1
 200 174  2
 210 174  1
 221 174  1
 245 174  1
 249 174  1
  97 175  1
  98 175  1
 120 175  1
 131 175  2
 214 175  1
 238 175  1
 104 176  1
 180 176  1
 186 176  1
 190 176  1
 226 176  1
  10 178  1
 170 178  2
 175 178  1
 179 178  1
 256 178  1
  36 179  1
 104 179  1
 123 179  2
 134 179  1
  34 180  1
  84 180  2
 248 180  1
  96 181  1
 212 181  2
 213 181  2
 221 181  2
 120 182  2
 138 182  1
 167 182  2
 169 182  2
 199 182  2
 273 182  1
 162 183  1
  30 184  1
  84 184  2
 199 184  2
 244 184  1
 113 185  1
 196 185  2
  12 186  1
  83 186  2
 121 186  1
 141 186  1
 145 186  1
 165 186  1
 171 186  1
 172 186  1
 126 187  1
 132 187  1
 157 187  1
 186 187  2
 270 187  1
 138 188  1
 139 188  1
 147 188  1
 236 188  1
  14 189  1
  66 189  1
 134 189  1
 151 189  1
 152 189  1
 240 189  1
  28 190  1
  58 190  1
 180 190  3
 191 190  2
 195 190  2
 101 191  1
 102 191  1
 184 191  1
 200 191  2
 253 191  2
  16 192  1
  25 192  1
  26 192  1
  55 192  1
 123 193  1
 136 193  1
 164 193  1
 165 193  1
 168 193  1
 169 193  1
 260 193  2
  54 194  1
  58 194  3
  82 194  2
 107 194  1
 116 194  1
 141 194  1
 203 194  2
 189 195  1
 192 195  1
 194 195  1
 236 195  1
 266 195  1
  39 196  2
  66 196  1
  81 196  2
  82 196  2
 101 196  2
 225 196  1
 226 196  1
 244 196  1
 245 196  1
  32 197  2
 110 197  1
 111 197  1
 174 197  1
 183 197  1
  20 198  1
  34 198  2
 117 198  3
 210 198  1
 264 198  1
  50 199  1
  64 199  1
 154 199  1
 188 199  1
 216 199  1
  23 200  1
  46 200  1
  96 200  2
 147 200  1
 150 200  1
 167 200  1
 179 200  1
 220 200  1
 122 201  2
 161 201  1
 162 201  1
  44 202  1
  88 202  2
 116 202  1
 128 202  1
 130 202  1
 131 202  1
 252 202  2
  37 203  2
 104 203  2
  78 204  1
 148 204  1
 207 204  1
 209 204  1
 237 204  1
 261 204  1
 119 205  1
 203 205  1
 225 205  1
 226 205  1
 231 206  3
  41 207  1
  63 207  1
  64 207  1
  68 207  1
 123 207  1
 126 207  1
 127 207  1
 133 207  1
 142 207  1
 143 207  1
  31 208  1
  74 208  1
 103 208  1
  98 209  1
 257 209  1
 129 210  1
 154 210  1
 195 210  1
 196 210  1
 197 210  1
 216 210  1
 227 210  1
  72 211  1
 161 211  1
 191 212  1
 218 212  1
 225 212  1
 133 213  1
 139 214  2
 194 215  2
  86 216  1
 250 216  1
  41 217  1
  75 217  1
 180 217  1
 175 218  1
 220 218  1
 248 218  1
  87 219  1
 127 219  1
 133 219  2
 137 219  2
 194 219  1
 205 220  2
 206 220  2
  46 221  1
  80 221  1
  85 221  1
  91 221  1
 128 221  1
  98 222  1
  50 224  1
 219 224  1
 241 224  1
  81 225  1
  83 225  1
 150 225  2
 195 225  1
 196 225  1
 213 225  1
 193 226  1
  75 227  1
 117 227  1
 236 228  1
  57 229  1
  58 229  1
  87 229  1
  61 231  1
 146 231  1
 198 231  1
 232 231  1
 120 232  1
  66 234  1
 123 234  1
 127 234  1
 128 234  1
 228 234  1
 153 235  2
 206 235  2
  87 236  1
 178 236  1
 208 236  2
 209 236  2
 225 236  1
 142 237  2
 153 237  2
 203 237  2
  72 238  1
 177 238  1
 185 238  1
 186 238  1
  77 239  1
 120 239  1
 124 239  1
 153 239  2
 158 239  2
 173 239  1
 217 240  1
  82 241  1
 215 242  1
  88 243  1
 117 243  1
 160 243  2
 114 244  1
 146 244  1
 147 244  1
 211 244  1
 122 245  1
 100 246  1
 120 246  1
 207 247  1
 107 248  1
 153 249  2
 143 250  2
 201 250  1
 148 252  1
 197 252  1
 192 254  1
 194 254  1
 189 255  1


count = 1159