 143   1  1
 147   1  1
 148   1  1
 182   1  1
 138   2  1
 132   4  1
 197   4  1
 198   4  1
 199   4  1
 159   5  1
 165   6  1
 172   7  1
 180   7  1
 181   7  1
 120   8  1
 175   8  1
 176   8  1
 188   8  2
 205   8  1
 118   9  1
 114  10  1
 139  10  1
 159  10  1
 160  10  1
 195  10  2
 110  11  1
 112  11  1
 178  11  1
 197  11  2
 107  12  1
 173  12  1
 212  12  1
 105  13  1
 189  13  2
 156  14  1
 100  15  1
 139  15  1
 140  15  1
 219  15  1
  96  16  1
  98  16  1
 116  16  1
 154  16  1
 155  16  1
 123  17  2
 125  17  2
 162  17  1
 211  17  1
 145  18  1
 110  19  1
 111  19  1
 118  19  1
 129  19  1
 174  19  1
 175  19  1
 179  19  1
 180  19  1
 215  19  1
 226  19  1
 120  20  1
 147  20  1
 211  20  1
  69  21  1
  70  21  1
 129  21  1
 158  21  1
  83  22  1
 112  22  1
 147  22  1
 209  22  1
 218  22  2
 230  22  1
  66  23  1
 103  23  1
  97  24  1
  98  24  1
 116  24  1
 147  24  1
 148  24  1
 233  24  1
 122  25  1
 197  25  1
 235  25  1
  87  26  1
  93  26  1
 107  26  1
 137  26  2
 138  26  2
 206  26  1
 212  26  1
  61  27  1
 184  27  1
 191  27  1
 192  27  1
 227  27  1
 237  27  1
  68  28  2
  95  28  1
  96  28  1
 103  28  1
 117  28  1
  73  29  2
  78  29  2
 204  29  1
 225  29  1
 230  29  1
 232  29  1
  55  30  1
 168  30  1
 169  30  1
 209  30  1
  73  31  2
 104  31  1
 110  31  1
 111  31  1
 130  31  1
 131  31  1
 149  31  1
 179  31  1
 180  31  1
 202  31  1
 242  31  1
  90  32  2
  91  32  2
 194  32  1
 223  32  1
  68  33  2
  77  33  2
 217  33  2
 227  33  1
 244  33  1
  49  35  1
 101  35  1
 122  35  1
 127  35  1
 131  35  1
 206  35  1
  94  36  2
 113  36  1
 154  36  1
 161  36  1
 177  36  1
 197  36  1
 226  36  1
 227  36  1
 248  36  1
  47  37  1
 147  37  2
 173  37  1
 220  37  1
 250  37  1
 202  38  1
  81  39  2
 151  39  2
 157  39  1
 225  39  1
 226  39  1
 233  39  2
 238  39  2
 239  39  2
 240  39  2
  59  40  1
  71  40  2
  72  40  2
 104  40  1
 122  40  1
 123  40  1
 168  40  1
 190  40  1
 218  40  1
 252  40  1
 117  41  1
 205  41  1
 198  42  1
 199  42  1
 253  42  1
  62  43  1
  63  43  1
  98  43  2
 149  43  2
 150  43  2
 184  43  2
 185  43  1
 211  43  2
 243  43  2
  69  44  2
  70  44  2
 112  44  1
 166  44  1
 204  44  1
 255  44  1
  75  45  2
  91  45  2
  92  45  2
 106  45  1
 107  45  1
 122  45  1
 133  45  2
 220  45  1
 227  45  2
  44  46  1
  87  46  2
 120  46  1
 153  46  2
 214  46  1
 142  47  3
 143  47  3
 190  47  1
 198  47  1
 125  48  2
 126  48  2
 139  48  2
 193  48  1
  84  49  2
 159  49  1
  95  50  2
 110  50  1
 129  50  2
 165  50  1
 167  50  1
 169  50  1
 227  50  2
 260  50  1
  39  51  1
  54  51  3
  65  51  1
  66  51  1
 101  51  2
 132  51  2
 161  52  1
 251  52  2
 252  52  2
 262  53  1
  47  55  1
  56  55  1
  94  55  2
 171  55  1
  49  56  1
  90  56  2
 100  56  2
 210  56  2
 264  56  1
 131  57  2
 215  57  1
 230  57  1
 246  57  2
 247  57  2
  55  58  1
  85  58  2
  86  58  2
 114  58  2
 116  58  2
 226  58  1
 253  58  2
  71  59  1
  72  59  1
 239  59  1
 251  59  2
  61  60  1
  62  60  1
  63  60  1
  65  60  1
  80  60  2
 161  60  2
 165  60  2
 168  60  2
 169  60  2
 249  60  2
 256  60  2
 100  61  2
 233  62  1
 256  62  2
 268  62  1
 269  62  1
  31  63  1
  69  64  1
  19  65  1
  58  65  1
 196  65  2
 229  65  1
 161  66  2
 167  66  2
  72  67  1
 207  67  2
 227  67  1
 244  67  1
 248  67  1
 270  67  1
 271  67  1
  17  68  1
  67  68  1
 209  68  2
 225  68  1
 258  68  1
  74  69  1
  83  69  1
  92  70  2
 198  70  2
 222  70  1
 223  70  1
  26  71  1
  59  71  1
  87  72  1
  97  72  2
 203  72  2
 263  72  1
  33  73  1
  55  73  3
 104  73  2
 212  73  1
 218  73  1
 273  73  1
 274  73  1
  82  74  1
 108  74  2
 162  74  2
 163  74  2
 194  74  2
 196  74  2
  67  75  1
 199  75  2
 208  75  1
 209  75  1
 259  77  1
  11  78  1
  31  78  1
  37  78  1
 245  78  2
 160  79  2
 162  79  2
 218  79  2
 219  79  2
 240  79  2
  60  80  2
  70  80  1
 233  80  2
   9  81  1
 146  81  2
 163  81  2
 235  81  2
 270  81  1
 271  81  1
  55  82  1
  57  82  1
  76  82  1
 246  82  2
 266  82  1
   8  83  1
 150  83  2
 177  84  1
 222  85  2
  13  86  1
  28  86  1
  29  86  1
 146  86  1
 147  86  1
 186  86  1
 257  86  2
 272  86  1
 273  86  1
  49  87  1
  51  87  1
  53  87  1
  32  88  1
 164  88  1
 131  89  2
 156  89  1
   4  90  1
 153  90  1
 178  90  2
 232  90  2
  16  91  1
  40  91  1
  47  91  1
 149  91  1
 151  91  1
 221  91  2
 136  92  1
 166  92  1
 168  92  1
 190  92  1
 254  92  2
  11  93  1
 134  93  1
 184  93  1
 211  93  1
 270  93  2
 271  93  2
 257  94  2
  36  95  1
 129  95  1
 176  95  2
 208  95  2
   2  96  1
   3  96  1
 101  96  1
 108  96  1
 168  96  1
 182  96  1
 183  96  1
 279  96  1
 280  96  1
  23  97  1
  27  97  1
  32  97  1
  33  97  1
  34  97  1
  92  97  1
 214  97  1
 260  97  2
 263  97  2
 270  97  1
 163  98  1
 198  98  1
 224  98  2
 231  98  2
 182  99  1
 242  99  2
 246  99  2
 250  99  2
 124 100  2
 127 100  2
 176 100  1
 217 100  1
 226 100  2
 237 100  1
  17 101  1
  18 101  1
 103 101  2
 152 101  1
 188 101  1
 212 101  1
 241 101  2
  91 102  1
  92 102  1
 106 102  2
 135 102  1
 136 102  1
 194 102  1
 138 103  1
 159 103  1
 173 103  1
 219 103  1
 221 103  1
 223 103  1
 248 103  2
  95 104  1
  96 104  1
 108 104  2
 109 104  2
 192 104  1
 204 104  2
 233 104  2
 262 104  1
  74 105  2
 120 105  1
 134 105  1
 166 105  1
 171 105  1
   1 106  1
  84 106  2
 226 106  1
 255 106  2
 262 106  1
  15 107  1
  16 107  1
 110 107  2
 163 107  1
 164 107  1
 190 107  1
 213 107  1
 235 107  1
 247 107  1
 267 107  1
 268 107  1
 159 108  1
 218 108  1
 228 108  1
 249 108  1
 251 108  1
 270 108  1
  66 109  2
 237 109  1
 241 109  1
  42 110  1
  43 110  1
  99 110  1
 115 110  2
 156 110  1
 186 110  1
 187 110  1
  39 111  1
  57 111  2
  70 111  2
 147 111  1
 258 111  1
  37 112  1
  49 112  1
 107 112  1
 111 112  1
 126 112  2
 154 112  1
 218 112  2
 265 112  1
  27 113  1
 273 113  1
  55 114  2
  99 114  1
 127 114  2
 175 114  1
 198 114  1
 199 114  1
 233 114  1
 239 114  1
 249 114  1
 266 114  1
  21 115  1
  60 115  2
 215 115  2
 258 115  1
   7 116  1
 115 116  2
 251 116  1
  98 117  1
 171 117  1
 172 117  1
   9 118  1
  10 118  1
 176 118  1
 195 118  1
   1 119  1
 138 119  2
 185 119  1
 232 119  2
 235 119  2
 267 119  1
  73 120  2
 159 121  2
 161 121  1
 163 121  1
 198 121  1
 208 121  2
 209 121  2
 210 121  2
  49 122  2
  50 122  2
  65 122  2
  96 122  1
  97 122  1
 129 122  1
 182 122  1
 237 122  2
 258 122  1
 270 122  1
   9 123  1
  10 123  1
  54 123  2
  82 123  2
  83 123  2
 165 123  1
 167 123  1
 243 123  1
 250 123  1
 266 123  1
  69 124  2
  95 124  1
 113 124  1
  10 125  1
 101 125  1
 182 125  1
 183 125  1
 184 125  1
 186 125  2
 115 127  1
 119 127  1
 182 127  1
 192 127  1
 198 127  1
 222 127  1
 251 127  1
  15 128  1
  18 128  1
  92 128  1
 101 128  1
 137 128  1
 141 128  1
 219 128  1
 246 128  1
 247 128  1
 259 128  1
  76 129  3
 127 129  1
 128 129  1
 157 129  1
 172 129  2
 214 129  1
 241 129  1
 242 129  1
   8 130  1
  91 130  1
 149 130  1
 150 130  1
 165 130  2
 178 130  1
 188 130  1
  12 131  1
  13 131  1
 195 131  1
 131 132  1
 133 132  1
 134 132  1
 137 132  1
 155 132  2
 192 132  1
 200 132  1
 211 132  1
 220 132  1
 226 132  1
 265 132  1
  11 133  1
  12 133  1
  13 133  1
 124 133  1
 229 133  1
   3 134  1
   4 134  1
 140 134  1
 141 134  1
 142 134  1
 166 134  2
 267 134  1
  24 135  1
  43 135  2
 163 135  2
 190 135  1
 203 135  3
 215 135  1
  15 136  1
  17 136  1
 159 136  2
 179 136  1
 128 137  1
 131 137  1
 183 137  1
 239 137  1
 246 137  1
   1 138  1
  41 138  2
 110 138  2
 160 138  4
 193 138  1
 194 138  1
 219 138  2
 228 138  2
 272 138  1
   6 139  1
  20 139  1
  25 139  1
  36 139  2
  37 139  2
  38 139  2
 167 139  1
 183 139  1
 233 139  1
  30 140  2
  78 140  2
 179 140  1
 267 140  1
 279 140  1
 261 141  2
  42 142  2
 216 142  1
 164 143  1
 165 143  1
 218 143  1
 278 143  1
  16 144  2
  30 144  2
  65 144  1
  71 144  1
  72 144  1
 226 144  1
 229 144  1
   5 145  1
   6 145  1
 143 145  1
 191 145  2
 197 145  1
 199 145  1
  13 146  2
  14 146  2
 126 146  1
 150 146  1
 154 146  1
 167 146  2
 169 146  2
 193 146  2
 202 146  1
 203 146  1
 256 146  2
 257 146  2
 258 146  2
   6 147  1
 123 147  1
 219 147  1
  42 148  1
  43 148  1
 144 148  1
 156 148  1
 161 148  1
 223 148  1
 268 148  2
 273 148  2
   6 149  1
 120 149  1
 136 149  1
 137 149  1
 175 149  2
  29 150  2
  30 150  2
  66 150  1
 192 150  2
 134 151  1
 164 151  1
 176 151  2
 177 151  2
 204 151  1
 226 151  1
 234 151  1
  70 152  2
 147 152  1
 148 152  1
 239 152  1
   1 153  1
  62 153  1
 132 153  1
 209 153  1
   7 154  1
  37 154  1
  48 154  1
  87 154  2
  89 154  2
  91 154  2
 150 154  1
 230 154  1
  43 155  1
  60 155  1
  39 156  1
  71 156  2
 113 156  1
 130 156  1
 172 156  2
   1 157  1
  13 157  2
  84 157  2
  86 157  2
 109 157  1
 110 157  1
 135 157  2
 136 157  2
 142 157  2
 163 157  1
 164 157  1
 165 157  1
 202 157  1
  22 158  2
 146 158  2
  18 159  2
  30 159  2
  79 159  2
  97 159  1
 189 159  1
 241 159  1
  65 160  2
  66 160  2
 159 160  2
 168 160  1
 183 160  2
 198 160  1
 246 160  1
 270 160  3
  37 161  1
 252 161  1
 282 161  1
 283 161  1
 108 162  1
 115 162  1
 174 162  1
 203 162  2
 207 162  2
  22 163  1
  42 163  1
  47 163  1
  59 163  2
  72 163  2
  79 163  2
  96 163  1
 160 163  2
  11 164  1
 127 164  1
 176 164  1
 186 164  1
 192 164  2
 212 164  2
 226 164  2
 227 164  2
  68 165  2
  83 165  3
  98 165  1
 129 165  1
 131 165  1
 256 165  1
  64 166  2
  30 167  1
 104 167  1
 206 167  2
 207 167  2
 223 167  2
  38 168  1
  50 168  1
  55 168  2
  56 168  2
  71 168  2
  75 168  2
  97 168  1
 145 168  1
 184 168  2
 212 168  2
 217 168  2
 218 168  2
 219 168  2
 232 168  2
  64 170  2
 155 170  1
 172 171  1
 183 171  2
 191 171  1
  44 172  1
 101 172  1
 103 172  1
 116 172  2
 125 172  1
 130 172  1
 131 172  1
 174 172  1
 207 172  2
  14 173  2
  17 173  2
  35 173  2
  66 173  2
  67 173  2
  95 173  2
  96 173  2
 110 173  2
 219 173  2
  49 174  1
 195 174  2
 234 174  3
  26 175  2
  27 175  2
  28 175  2
 121 175  1
 142 175  1
 150 175  2
 151 175  2
 219 175  2
 232 175  2
   8 176  1
  53 176  1
  99 176  2
 195 176  2
 205 176  2
  28 177  2
 103 177  2
 105 177  2
 115 177  2
 169 177  2
 280 177  1
 281 177  1
  18 178  2
  20 178  2
  37 178  2
 134 178  2
 192 178  2
 222 178  1
 227 178  1
  10 179  1
 266 179  1
  25 180  2
  61 180  1
  66 180  1
  69 180  1
 121 180  1
 165 180  2
 215 180  2
  11 181  1
 111 181  2
 139 181  2
 181 181  2
 247 181  1
  52 182  2
 170 182  2
 171 182  2
 234 182  1
 235 182  1
 278 182  1
 279 182  1
  58 183  1
 119 183  1
 258 183  1
  28 184  2
  36 184  2
  37 184  2
  71 184  1
 171 184  2
 226 184  2
 237 184  1
 238 184  1
  60 185  1
  99 185  2
 106 185  2
 115 185  1
 195 185  2
 247 185  4
 253 185  1
 269 185  1
 277 185  1
 278 185  1
  15 186  1
  23 186  2
  42 186  2
  43 186  2
  50 186  2
 171 186  2
 177 186  2
 204 186  2
 228 186  2
  63 187  1
 121 187  1
 122 187  2
 191 187  2
  42 188  2
  94 188  2
 182 188  2
 189 188  2
  55 189  2
  56 189  2
 107 189  2
 108 189  2
 113 189  1
 115 189  1
 117 189  1
 172 189  2
  42 190  2
 229 190  2
 233 190  2
 250 190  2
  18 191  1
  72 191  1
  78 191  2
 105 191  2
 266 191  2
  59 192  1
  60 192  1
  86 192  2
 238 192  1
  69 193  1
 192 193  2
 196 193  2
 274 193  1
 232 194  2
 249 194  2
  39 195  2
  45 195  2
  50 195  1
  51 195  1
  91 195  2
 102 195  2
 187 195  2
 202 195  2
 207 195  2
 235 195  1
 236 195  1
 259 195  2
 261 195  2
  66 196  1
  83 196  2
 272 196  1
  54 197  1
  58 197  1
  95 197  2
 224 197  2
  63 198  1
  85 198  2
 254 198  2
 205 199  2
 231 199  1
 236 199  1
  98 200  2
 104 200  2
 251 200  2
  61 201  1
 238 201  1
 262 201  2
  29 202  1
  95 202  2
 230 202  1
 231 202  1
 254 202  2
 255 202  2
 256 202  2
 269 202  1
  55 203  2
 124 203  2
  31 204  1
  48 204  1
  99 204  2
 133 204  1
 199 204  2
  41 205  1
  42 205  1
  57 205  2
  87 205  2
 115 205  2
 119 205  2
 140 205  2
 244 205  1
 228 206  2
 236 206  1
 253 206  2
  45 207  1
  57 207  2
  92 207  2
  99 207  2
 127 207  2
 219 207  1
 265 207  1
  80 208  2
  81 208  2
 110 208  2
 114 208  2
 133 208  1
 246 208  1
 247 208  1
 181 209  2
 182 209  2
 239 209  1
  94 210  2
 188 210  2
 138 211  1
 223 211  1
 262 211  1
  49 212  2
  50 212  2
 117 212  2
 124 212  1
 149 212  1
 150 212  1
  66 213  1
  70 213  1
  71 213  1
 112 213  2
 127 213  1
 196 213  2
 210 213  1
 247 213  1
 182 214  1
 243 214  1
 134 215  2
 145 215  1
  91 216  2
  96 216  1
  98 216  3
 120 216  1
 109 217  2
 150 217  1
 241 217  2
 258 217  1
  61 218  1
  62 218  1
  90 218  2
 140 218  1
  48 219  1
  75 219  1
 166 219  1
 170 219  1
 171 219  1
  71 220  1
 131 220  1
 143 220  1
 147 220  1
 161 220  1
 203 220  2
 208 220  1
 228 220  1
 229 220  1
  51 221  1
  62 221  1
  77 221  1
  96 221  1
 118 221  2
 136 221  1
 153 221  2
 254 221  1
  81 222  1
 160 222  1
 161 222  1
 184 222  1
 195 222  1
  54 223  1
  94 223  1
 129 223  1
 252 223  1
  67 224  1
  68 224  1
 160 224  1
  56 225  1
  84 225  1
  94 225  1
 182 225  1
 197 225  1
 211 225  1
 225 225  1
 232 225  1
 249 225  1
  88 226  1
 127 226  1
 138 226  1
 139 226  1
  59 227  1
 234 227  1
 247 227  1
 146 228  1
 158 228  1
 160 228  1
 170 228  2
 227 228  1
 140 229  1
 189 229  2
 209 229  2
 236 229  1
 244 229  1
 156 230  1
 164 230  1
 170 230  2
 175 230  2
 229 230  1
  91 231  1
 242 231  1
  68 232  1
 232 232  1
  94 235  1
 164 235  2
 174 235  2
 178 235  2
 193 235  2
 237 235  1
  77 236  1
  79 236  1
 113 236  2
  95 237  1
 164 237  2
 174 237  2
 210 237  1
 132 238  1
 133 238  1
 162 238  2
 137 239  1
 138 239  1
 205 239  2
 232 239  1
 125 240  2
 126 240  2
 155 240  1
 174 240  2
 217 240  1
 149 241  1
 150 241  1
 166 241  1
 182 241  3
 198 241  2
 206 241  2
 157 242  1
 162 242  1
 190 242  1
 227 242  1
 103 243  1
 105 243  1
 124 243  2
 125 243  2
 210 243  1
 135 244  1
 150 244  1
 151 244  1
 178 245  2
 192 245  1
 193 245  1
 112 246  1
 114 246  1
 128 246  1
 157 246  1
 221 246  1
 166 247  1
 167 247  1
 118 248  1
 161 248  1
 217 248  1
 121 249  1
 145 249  2
 183 249  2
 214 249  1
 153 250  1
 170 250  1
 189 250  1
 212 250  1
 133 252  1
 165 252  1
 205 252  1
 156 257  1


count = 1219