 152   1  1
 153   1  1
 170   1  1
 141   2  1
 138   3  1
 176   3  1
 131   5  1
 180   5  1
 181   5  1
 123   7  1
 166   7  1
 119   9  1
 120   9  1
 121   9  1
 146   9  2
 147   9  2
 188   9  1
 189   9  1
 153  10  2
 162  10  2
 192  10  1
 114  11  1
 147  11  2
 159  11  2
 173  11  2
 174  11  2
 197  12  1
 147  13  2
 107  14  1
 109  14  1
 122  15  2
 178  16  2
 118  17  1
 152  17  2
 158  17  2
  95  18  1
 124  18  2
 126  18  2
 208  18  1
 146  19  2
  90  20  1
 190  21  2
 191  21  2
 213  21  1
 138  22  2
 157  22  2
 177  22  2
  85  23  1
  86  23  1
 117  23  1
 129  23  2
 120  24  1
 138  24  2
 153  24  2
 217  24  1
 103  26  1
 135  26  2
  80  27  1
 125  28  1
 135  28  2
 223  28  1
 127  29  1
 142  29  1
 186  29  2
 187  29  2
 137  30  1
 226  30  1
 173  31  1
  74  32  1
  75  32  1
 104  32  1
 128  32  1
 113  33  1
 114  33  1
 120  33  1
 130  33  1
  81  34  1
 114  35  1
 132  35  1
 123  36  1
 153  36  3
 154  36  2
 219  36  1
 220  36  1
  69  37  1
 134  37  1
 191  37  2
 234  37  1
  62  38  1
 155  38  2
 137  39  1
 139  39  1
 183  39  2
  74  40  1
  84  40  1
 130  40  1
 154  40  3
 155  40  2
 147  41  1
  39  42  1
 123  42  1
 215  42  1
  84  43  1
 130  43  1
 174  43  1
  36  44  1
 215  44  1
 227  44  2
 148  45  1
 149  45  1
 157  45  1
 165  45  1
 197  45  1
 202  45  1
 220  45  1
 126  46  1
 171  46  2
  89  47  1
 102  47  1
 147  47  1
  54  48  2
  77  49  1
 133  49  1
 138  49  1
 152  49  1
 153  49  1
 156  49  1
 179  49  2
 180  49  2
  77  51  1
  79  51  1
 124  51  1
  27  52  1
  40  52  2
  54  52  2
 129  52  1
 167  52  2
  70  53  1
 203  53  1
  44  54  1
  75  54  1
 138  54  1
 211  54  1
 251  54  1
 150  55  1
  75  56  1
 253  56  1
  31  57  1
 135  57  2
  41  58  1
  53  58  2
 254  58  1
  85  59  1
  89  59  1
 135  59  2
  39  60  1
  64  60  1
 125  60  1
 126  60  1
 215  60  1
 256  60  1
  72  61  1
 101  61  1
 105  61  1
 107  61  1
  84  62  1
  93  62  1
 115  62  1
 188  62  1
 192  62  1
 220  62  1
 257  62  1
  26  63  1
  28  63  1
  36  63  1
  81  63  1
 174  63  1
 175  63  1
 185  63  2
  74  64  1
 259  64  1
  14  65  1
  99  65  1
 100  65  1
 142  65  1
 152  65  1
 158  65  1
 232  65  1
  19  66  1
 128  66  1
 137  66  1
 200  66  1
 223  66  1
  56  67  2
  57  67  2
 220  67  1
 261  67  1
  38  68  1
 202  68  1
 235  68  1
 186  69  1
 214  69  1
 246  69  1
 247  69  1
  62  70  1
  85  70  1
 192  70  1
  10  71  1
  11  71  1
  89  71  1
 206  71  1
 207  71  1
 214  71  1
 256  71  1
  29  72  1
  38  72  1
  57  72  2
 104  72  1
  24  73  1
  44  73  1
 176  73  1
 266  73  1
  34  74  1
 102  74  1
 217  74  1
 261  74  1
  96  75  1
 200  75  1
  30  76  1
  94  77  1
 180  77  1
 222  77  1
 246  77  1
 252  77  1
 254  77  1
  24  78  2
  25  78  1
  45  78  1
  81  78  1
  83  79  1
  88  79  1
  89  79  1
 256  79  1
 259  79  1
  26  80  1
  56  80  1
  57  80  1
  75  80  1
  77  80  1
 193  80  1
 264  80  1
  71  81  1
 170  81  1
 171  81  1
 244  81  1
  10  82  1
  11  82  1
  29  82  1
 136  82  1
 199  82  1
 231  82  1
 171  83  1
 185  83  1
 271  83  1
 272  83  1
 134  84  1
 199  84  1
 234  84  1
  82  85  1
  83  85  1
 142  85  1
 171  85  1
 236  85  1
  10  86  1
  11  86  1
 131  86  1
 166  86  1
 167  86  1
 181  86  1
 163  87  1
 255  87  1
 256  87  1
  80  88  1
 245  88  1
 246  88  1
 179  89  1
 238  89  1
 168  90  1
 171  90  6
 261  90  2
 262  90  2
 273  90  1
 274  90  1
 160  91  1
 162  91  1
   6  92  1
  80  92  1
 125  92  1
 158  92  1
 258  92  2
 189  93  1
 226  93  2
   4  94  1
 156  94  1
 219  94  2
 241  94  1
 252  94  1
  28  95  1
 245  95  1
  85  96  1
 134  96  1
 143  96  1
 191  96  1
 195  96  1
 232  96  2
  90  97  1
 123  98  1
 221  98  2
 252  98  1
 259  98  2
  93  99  1
 228  99  2
 229  99  2
 247  99  1
 275  99  1
 276  99  1
  25 100  1
  65 100  1
  69 100  1
  99 100  1
  22 101  1
  76 101  1
  77 101  1
  79 101  1
  89 101  1
 120 101  1
 133 101  2
 189 101  2
 218 101  2
 247 101  1
 115 102  1
 129 102  2
 196 102  1
 208 102  2
 156 103  1
 157 103  1
 227 103  2
 228 103  2
 249 103  1
 258 103  1
 259 103  1
 197 104  1
 243 104  1
 244 104  1
 101 105  1
 172 105  1
 173 105  1
 191 105  2
 192 105  2
 204 105  2
 205 105  2
 234 105  2
   1 106  1
  46 106  1
  67 106  1
 185 106  2
  51 107  1
  74 107  1
  93 107  1
 106 107  1
  30 108  1
 202 108  2
  19 109  1
  26 109  1
  28 109  1
  41 109  1
 171 109  1
 180 109  2
 256 109  1
 160 110  1
 227 110  1
 229 110  1
 251 110  1
 168 111  1
 263 111  1
  37 112  1
  48 112  2
  50 112  2
  52 112  1
 105 112  1
 188 112  1
  16 113  1
  41 113  1
  80 113  1
  94 113  1
 166 113  1
 223 113  1
 236 113  1
 264 113  1
  48 114  2
  56 114  1
  73 114  1
  82 114  1
 149 114  2
 195 114  1
 255 114  1
   6 115  1
 164 115  1
 236 115  1
 260 115  1
 267 115  1
 268 115  1
  14 116  1
  35 116  2
  49 116  2
  75 116  1
 175 116  1
 231 116  1
 252 116  1
 271 116  1
 272 116  1
  11 117  1
  99 117  1
 159 117  1
 197 117  1
  97 118  1
 104 118  1
 105 118  1
 106 118  1
 252 118  1
  60 119  1
  62 119  1
  35 120  2
  64 120  1
  65 120  1
 115 120  1
 155 120  1
 174 120  1
 187 120  1
 208 120  2
  10 121  1
  21 121  2
   5 122  1
 110 122  1
 182 122  1
 189 122  1
 203 122  1
 271 122  1
  39 123  2
  47 123  2
  83 123  1
 192 123  1
   1 124  1
  43 124  2
 257 124  1
  58 125  1
  97 125  1
 155 125  1
 156 125  1
 175 125  1
   3 126  1
  29 126  2
  53 126  2
  86 126  1
 118 126  1
 147 126  1
 148 126  1
 159 126  1
 121 127  1
 192 127  1
 214 127  1
 231 127  1
 232 127  1
 275 127  1
   4 128  1
  40 128  2
 108 128  1
 112 128  1
 113 128  1
 148 128  1
 168 128  1
 181 128  1
 182 128  1
 195 128  1
 216 128  1
 224 128  1
 242 128  1
 262 128  1
 263 128  1
 269 128  1
 271 128  1
  13 129  1
  23 129  1
  24 129  1
 265 129  1
 266 129  1
  28 130  1
 147 130  1
 160 130  1
 164 130  1
 167 130  1
 168 130  1
 175 130  1
 204 130  1
 205 130  1
  46 131  1
  47 131  1
  27 132  1
  67 132  2
  89 132  1
  96 132  1
 116 132  1
 121 133  1
 156 133  1
 179 133  1
 188 133  1
 189 133  1
 197 133  1
 229 133  1
 246 133  1
 270 133  1
  11 134  1
  87 134  1
 112 134  1
 274 134  1
  44 135  1
  49 135  1
 173 135  1
 118 136  1
 179 136  1
 180 136  1
 184 136  1
 238 137  1
 239 137  1
 240 137  1
 276 137  1
  83 138  1
 114 138  1
 152 138  1
   2 139  1
  92 139  1
 158 139  1
  81 140  1
 188 140  1
   7 141  1
  88 141  1
 118 141  1
 236 141  2
 120 142  1
 163 142  1
 185 142  1
 186 142  1
 197 142  1
 198 142  1
 266 142  1
 149 144  1
 150 144  1
 157 144  2
   7 145  1
   8 145  1
  14 145  1
  77 145  1
 106 145  2
 107 145  2
 223 145  1
 233 145  2
 241 145  1
 245 145  1
 261 145  1
  52 146  1
 216 146  1
 218 146  1
  81 147  1
  82 147  1
 143 147  2
 147 147  2
 148 147  1
 155 147  2
 182 147  1
 214 147  1
 268 147  1
  23 148  1
  24 148  1
 196 148  1
 231 148  2
  32 149  1
  75 149  1
 191 149  1
 225 149  1
 226 149  1
 252 149  1
   7 150  1
   8 150  1
  37 150  1
  50 150  1
 100 150  2
 110 150  2
 111 150  2
 193 150  1
 141 151  2
 232 151  2
 258 151  1
 259 151  1
   9 152  1
  10 152  1
  11 152  1
  22 152  1
  78 152  1
 174 152  1
 202 152  1
 212 152  1
 213 152  1
  71 153  1
 180 153  1
 225 153  1
 176 154  1
 208 154  1
  26 155  2
  49 155  1
  96 155  2
 121 155  2
 199 155  1
 270 155  1
  43 157  1
  88 157  2
 108 157  2
 212 157  1
 223 157  1
 271 157  1
 272 157  1
 265 158  1
  14 159  1
  74 159  1
 118 159  2
 218 159  1
 274 159  1
   9 161  1
  68 161  1
  23 162  4
  24 162  2
  72 162  1
 199 162  1
 213 162  1
 215 162  1
 102 163  2
 120 163  2
 121 163  2
  82 164  2
 183 164  1
 191 164  1
 217 164  1
 226 164  1
 266 164  1
 273 165  1
 274 165  1
  27 166  2
  28 166  2
  38 166  2
  39 166  2
 104 166  2
 193 166  1
  76 167  2
  88 167  2
 208 167  1
 209 167  1
  13 168  1
  84 168  1
 125 168  2
 175 168  1
 176 168  1
 186 168  1
 217 168  1
 267 168  1
   5 169  1
  17 169  1
  24 169  1
  81 169  1
 112 169  2
 113 169  2
 197 169  1
 258 169  1
 259 169  1
  36 170  2
 163 170  2
 170 170  2
 271 170  1
 274 170  1
 275 170  1
  30 171  2
  31 171  2
  81 171  1
 130 171  1
 200 171  1
 221 171  1
 261 171  1
 262 171  1
 181 172  1
 192 172  1
 270 172  1
  23 173  1
  24 173  1
 188 173  1
 124 174  1
 135 174  1
 245 174  2
   8 175  1
   9 175  1
  20 175  1
 195 175  1
 196 175  1
 204 175  1
 279 175  1
 280 175  1
  33 176  1
  86 176  1
  87 176  1
 123 176  1
 137 176  1
 138 176  1
 209 176  1
 181 177  1
 192 177  1
  16 178  1
  17 178  1
  89 178  1
  93 178  1
 123 178  1
 124 178  1
 187 178  1
 249 178  2
 269 178  1
 117 179  2
 145 179  1
 146 179  1
 206 179  1
 265 179  1
  81 180  2
  82 180  2
 141 180  1
 142 180  1
 208 180  1
 236 180  2
 237 180  2
  28 181  1
  75 181  2
  95 181  1
 213 181  1
  33 182  1
 122 182  2
 123 182  1
 124 182  1
 181 182  1
 191 182  2
 262 182  1
 277 182  1
 278 182  1
  35 184  1
  79 184  1
 105 184  1
 125 184  1
 186 184  1
 219 184  2
 233 184  2
 250 184  1
 152 185  1
 153 185  1
 226 185  2
 270 185  1
 271 185  1
  17 186  1
  22 186  1
 107 186  1
 213 186  1
 214 186  1
  29 187  1
 114 187  1
 252 187  1
  39 188  1
  40 188  1
  56 188  2
  71 188  2
 120 188  1
 159 188  1
 160 188  1
 198 188  1
 230 188  2
 234 188  2
  78 190  1
  79 190  1
 140 190  1
 165 190  2
 208 190  1
 210 190  1
 275 190  1
 276 190  1
 169 191  1
 170 191  1
 200 191  1
  19 192  1
  20 192  1
  72 192  2
 112 192  1
 148 192  1
 152 192  1
 194 192  2
  12 193  1
  36 193  1
  41 193  1
  86 193  2
  87 193  2
 109 193  1
 134 193  1
 187 193  2
 208 194  2
 262 194  1
  43 195  1
 134 195  1
  22 196  1
 151 196  1
 152 196  1
 169 196  1
 170 196  1
 231 196  2
  26 197  1
  33 197  1
 139 197  1
 140 197  1
 141 197  1
 155 197  1
  15 198  1
  22 198  1
 102 199  1
 178 199  1
 146 200  1
 259 200  1
  26 201  1
 108 201  1
 181 201  1
 271 201  1
  34 202  1
  82 202  1
 169 202  1
 170 202  1
  53 203  2
  54 203  2
  89 203  2
 149 203  1
 155 203  1
 220 203  1
 172 204  1
 173 204  1
 184 204  1
 190 204  1
 222 204  1
  31 205  1
  45 205  1
 101 205  1
 145 205  1
 214 205  1
 255 205  1
 258 205  1
 268 205  1
  62 206  1
 225 206  1
  31 207  1
  78 207  1
  79 207  1
 129 207  1
 158 207  1
 163 207  1
 167 207  1
  63 208  1
  65 208  1
  83 208  1
 143 208  1
 150 208  1
  40 209  1
 127 209  1
 141 209  1
 182 209  1
 183 209  1
 191 209  1
 217 209  1
  50 210  1
  71 210  1
 106 210  2
 155 210  1
 262 210  1
  61 211  1
  76 211  1
 147 211  1
 172 211  1
 173 211  1
 191 211  1
 193 211  1
 210 211  1
 226 211  1
 227 211  1
 123 212  1
  40 213  2
  89 213  2
  49 214  1
 121 214  1
 144 214  1
 154 214  1
  74 215  1
 106 215  2
 140 215  1
 141 215  1
 233 215  1
  33 216  1
  44 216  2
 152 216  1
 235 216  1
 148 217  1
 187 217  1
  60 218  1
  71 218  1
 138 218  1
 163 218  1
  37 219  1
 106 219  2
 117 220  1
 145 220  1
 189 220  1
 251 220  1
  40 221  1
  92 221  2
 103 221  2
 104 221  2
 207 221  1
 214 221  1
 189 222  1
  43 223  1
  70 223  1
  71 223  1
 170 223  1
 105 224  2
 122 224  1
 123 224  1
 134 224  1
 141 224  1
 143 224  1
 156 224  1
 167 224  1
 204 224  1
 246 224  1
 193 225  1
 216 225  2
 217 225  2
  48 226  1
 120 226  1
 143 226  1
 162 226  1
  66 227  1
  68 227  1
  83 227  1
  84 227  1
 151 227  1
 241 228  1
  53 229  1
  81 229  1
  96 229  1
 114 229  1
 199 229  1
  60 230  1
 141 230  1
 155 230  1
 156 230  1
 195 230  1
 239 230  1
  87 231  1
 131 231  1
 132 231  1
 161 231  2
 162 231  1
  81 232  1
 165 232  1
 166 232  1
 221 232  2
 222 232  2
  66 233  1
  68 233  1
 139 233  1
 154 233  1
 155 233  1
 189 233  1
 235 233  1
  90 234  1
 149 234  1
 150 234  1
 193 234  1
 130 235  1
 232 235  1
  75 236  1
  76 236  1
  77 236  1
 114 236  1
 130 237  1
 189 237  1
 190 237  1
 136 238  1
  99 239  1
 100 239  1
 205 239  2
 227 239  1
  84 240  1
  94 240  1
 126 240  1
 191 241  1
 225 241  1
 100 242  1
 111 242  1
 171 242  1
 223 242  1
  88 243  1
  90 243  1
 167 243  1
 173 243  1
  93 244  1
 125 244  1
 159 244  1
 189 244  1
 190 244  1
 207 244  2
 221 244  1
 187 246  1
 217 247  1
 107 248  1
 183 248  1
 184 248  1
 110 249  1
 155 249  1
 162 249  1
 213 249  1
 155 251  1
 183 251  1
 181 252  1
 207 252  1
 208 252  1
 209 252  1
 196 255  1
 153 256  1
 192 256  1
 194 256  1


count = 1045