 124   1  1
 131   1  1
 132   1  1
 138   1  1
 139   1  1
 159   1  1
 122   2  1
 178   4  1
 113   5  1
 183   5  1
 137   6  2
 129   7  2
 146   7  2
 108   8  1
 109   8  1
 104   9  1
 126   9  2
 135  10  2
  99  11  1
 171  11  2
 177  12  2
 201  12  1
  94  13  1
 115  13  2
 142  13  1
 143  13  1
 180  13  2
  91  14  1
  89  15  1
 133  15  2
 207  15  1
 172  16  2
 103  17  1
 184  17  2
 185  17  2
 186  17  2
 209  17  1
 114  18  2
  76  19  1
 100  19  1
 102  19  1
 118  19  1
 132  19  2
 195  19  2
 196  19  2
 212  19  1
  73  20  1
 122  20  1
 128  20  2
 202  20  1
  70  21  1
 102  21  1
 165  21  2
 173  21  1
 175  21  1
 196  21  2
  68  22  1
  94  22  1
 217  22  1
 184  23  2
 185  23  2
  64  24  1
  85  24  1
 121  24  1
  79  25  1
 201  25  1
 202  25  1
 223  25  1
  60  26  1
  61  26  1
 170  26  1
 171  26  1
 175  26  1
 176  26  1
 183  26  2
 184  26  2
  96  27  1
 137  27  2
 157  27  1
 195  27  2
  68  28  1
  69  28  1
  54  29  1
  55  29  1
 105  29  1
 110  29  1
 144  29  1
 151  29  1
 152  29  1
 207  29  2
 208  29  2
 228  29  1
 212  30  1
 214  30  1
  65  31  1
 169  31  1
  51  32  1
  60  32  1
 177  32  1
 178  32  1
 219  32  3
 215  33  1
  49  34  1
 183  34  2
 190  34  2
 141  35  2
 142  35  2
 173  35  1
 120  36  1
 178  36  1
 194  36  2
 195  36  2
 200  36  1
 217  36  1
 222  36  1
  63  37  1
  67  37  1
 115  37  1
 186  37  3
  44  38  1
 107  38  1
 155  38  1
 147  39  2
 191  39  2
 192  39  2
 103  40  4
 149  40  2
 151  40  2
 157  40  1
 183  40  2
 222  40  1
  50  41  2
 121  41  1
 142  41  2
  40  42  1
 127  42  1
 203  42  1
 216  42  1
 217  42  1
 232  42  2
  84  43  2
  86  43  2
  95  43  1
 116  43  1
 180  43  2
 227  43  1
  44  44  1
  54  44  2
  76  44  2
  77  44  2
 105  44  1
 145  44  2
 146  44  2
 173  44  1
 174  44  1
  38  45  1
 102  45  1
 114  45  1
 130  45  2
 188  45  2
 189  45  2
 220  45  1
 244  45  1
  48  46  1
  98  46  1
 146  46  2
 150  46  2
 195  46  2
 217  46  2
 218  46  1
 236  46  2
  81  47  1
  90  47  1
 118  47  2
 200  47  2
  36  48  1
  76  48  2
 109  48  3
 110  48  3
 123  48  2
 152  48  2
  52  49  2
  64  49  1
  84  49  1
 171  49  2
  34  50  1
  45  50  1
  79  50  2
 160  50  1
 161  50  1
  86  51  1
  87  51  1
 187  51  2
 188  51  2
 211  51  2
 237  51  2
 238  51  2
  66  52  1
  94  52  1
 155  52  2
 195  52  2
 196  52  2
 230  52  2
  41  53  1
 104  53  1
 151  53  2
 201  53  2
 223  53  2
 241  53  2
 243  53  2
  31  54  1
 233  54  2
 252  54  1
  51  55  1
 161  55  1
 181  55  2
 188  55  2
 210  55  2
 213  55  2
 215  55  2
  80  56  2
 219  56  2
 129  57  2
 142  57  2
 144  57  2
 171  57  2
  28  58  1
  59  58  2
  86  58  2
  87  58  2
 152  58  2
 157  58  2
 185  58  2
 189  58  2
 208  58  2
 244  58  2
 255  58  1
 121  59  2
 122  59  2
 164  59  1
 228  59  2
  42  60  1
  48  60  1
 179  60  2
 180  60  2
 211  60  2
 122  61  2
 128  61  2
 223  61  2
 224  61  2
  25  62  1
  87  62  2
 182  62  2
 216  62  2
 242  62  2
 243  62  2
  71  63  1
 159  63  2
 164  63  2
  23  64  1
  93  64  1
 207  64  2
  38  65  1
  81  65  2
  83  65  2
 103  65  2
 145  65  2
 213  65  2
 221  65  2
 252  65  2
  65  66  1
  95  66  1
 170  66  2
 171  66  2
 176  66  2
 180  66  2
 234  66  1
 245  66  2
  39  67  1
  54  67  2
 103  67  2
 194  67  2
 224  67  1
 225  67  1
  20  68  1
  33  68  2
 235  68  1
 264  68  1
  63  69  1
  64  69  1
  34  70  2
  97  70  2
 101  70  2
 221  70  2
 256  70  1
 179  71  2
 180  71  2
 231  71  1
  41  72  1
 105  72  2
 144  72  2
 151  72  2
 174  72  2
 190  72  1
 220  72  2
 226  72  1
  17  73  1
  70  73  2
  71  73  1
  72  73  1
 170  73  2
 186  73  1
 202  73  2
  45  74  1
 109  74  2
 257  74  1
 258  74  1
 269  74  1
  90  75  1
 121  75  2
 202  75  2
 219  75  2
 244  75  1
  15  76  1
  62  76  1
 174  76  2
 175  76  2
 189  76  1
 190  76  1
 194  76  2
 198  76  2
 209  76  2
 213  76  2
 237  76  1
 238  76  1
 253  76  1
  99  77  2
 100  77  2
 118  77  2
  49  78  1
 135  78  2
 212  78  2
 258  78  1
 264  78  1
  13  79  1
  44  79  2
  45  79  2
  73  79  1
  89  79  1
 170  79  1
 182  79  1
 186  79  1
 201  79  2
 202  79  2
  64  80  1
  82  80  1
 192  80  2
 228  80  1
 237  80  1
 256  80  1
  11  81  1
  34  81  1
  38  81  1
 110  81  2
 120  81  2
 121  81  2
 139  81  2
 174  81  1
 207  81  1
 243  81  1
 272  81  1
 131  82  2
 132  82  2
 234  82  3
 239  82  1
  18  83  1
  26  83  1
  33  83  1
  34  83  1
  38  83  1
  51  83  1
  97  83  2
 121  83  2
 128  83  2
 168  83  1
 175  83  1
 177  83  1
 193  83  2
  93  84  2
 137  84  2
 179  84  1
 241  84  1
 242  84  1
  40  85  1
  52  85  1
  71  85  1
 212  85  2
 222  85  1
 223  85  1
 248  85  1
 137  86  2
 192  86  3
  15  87  1
  70  87  1
 104  87  2
 206  87  1
 220  87  1
 257  87  2
 275  87  1
 276  87  1
   9  88  1
  21  88  1
  64  88  1
  65  88  1
  97  88  2
 118  88  2
 167  88  1
  38  89  1
  43  89  2
 111  89  2
 169  89  1
 171  89  1
 177  89  2
 181  89  1
 182  89  1
 183  89  1
 206  89  1
 208  89  1
  23  90  1
  29  90  1
  54  90  1
  59  90  1
  60  90  1
 230  90  1
 242  90  1
 247  90  1
 267  90  2
  13  91  1
  14  91  1
  98  91  1
 121  91  2
 122  91  2
 158  91  1
 163  91  1
 164  91  1
 169  91  1
 173  91  1
 193  91  3
   6  92  1
  38  92  1
  64  92  1
  70  92  2
  75  92  2
 237  92  1
 238  92  1
 253  92  2
  16  93  1
  17  93  1
  41  93  1
 140  93  1
 164  93  1
 184  93  1
  48  94  1
  59  94  1
 144  94  2
 155  94  1
 175  94  1
 188  94  1
 189  94  1
 278  94  1
 151  95  1
 152  95  1
 172  95  1
 197  95  1
 213  95  1
 267  95  1
 268  95  1
 272  95  1
  12  96  1
  48  96  1
  71  96  2
  72  96  2
 132  96  1
 138  96  1
 174  96  1
 191  96  1
 207  96  1
 230  96  1
 232  96  1
 280  96  1
  16  97  1
  25  97  1
  98  97  1
  99  97  1
 123  97  2
 148  97  1
 194  97  1
 196  97  1
  48  98  1
  49  98  1
 134  98  1
 163  98  1
 185  98  2
 255  98  2
  32  99  1
  33  99  1
 116  99  2
 129  99  2
 146  99  1
 204  99  2
 213  99  1
 214  99  1
 272  99  1
 273  99  1
  57 100  1
 125 100  2
 127 100  2
 157 100  1
 162 100  1
 163 100  1
  23 101  1
  53 101  1
 155 101  1
 159 101  1
 263 101  1
  98 102  1
 233 102  1
 253 102  2
 281 102  1
 282 102  1
  19 103  1
  27 103  1
  31 103  1
  49 103  1
 113 103  2
 146 103  1
 147 103  1
 258 103  2
 269 103  1
  53 104  1
  70 104  2
  95 104  1
 131 104  1
 132 104  1
 133 104  1
 196 104  1
 249 104  2
  80 105  2
 119 105  1
 127 105  1
 191 105  2
  25 106  2
  53 106  1
 124 106  1
 184 106  2
 137 107  1
 161 107  2
 211 107  1
   2 108  1
   3 108  1
  13 108  1
  41 108  2
  42 108  2
 147 108  1
 148 108  1
 149 108  1
 199 108  1
 242 108  1
 275 108  1
 276 108  1
 113 109  1
 116 109  1
 117 109  1
 118 109  1
 132 109  1
 164 109  1
 179 109  2
 183 109  2
 232 109  1
 258 109  2
   8 110  1
  45 110  1
  50 110  1
 191 110  1
 195 110  1
  38 111  1
  55 111  1
  98 111  1
 247 111  2
 269 111  2
  15 112  2
  77 112  2
 122 112  1
 128 112  1
 138 112  1
 152 112  1
 160 112  1
 197 112  1
 198 112  1
 238 112  1
  63 113  3
  65 113  2
  85 113  2
  98 113  1
 147 113  2
 176 113  2
 270 113  2
  10 114  2
  40 114  1
 106 114  1
 187 114  1
 204 114  2
 205 114  2
 222 114  1
 236 114  1
  69 115  2
 125 115  1
 133 115  1
 217 115  1
   1 116  1
 101 116  1
 104 116  1
 105 116  1
 106 116  1
 150 116  2
  39 117  1
  55 117  1
 154 117  2
 159 117  2
 166 117  2
 167 117  2
 192 117  1
 201 117  1
 202 117  1
 216 117  1
 272 117  2
 273 117  2
 274 117  2
  25 118  2
  64 118  2
 120 118  1
 143 118  2
 172 118  2
  94 119  2
 177 119  2
 185 119  1
 224 119  2
 259 119  1
  13 120  2
  64 120  2
  77 120  2
  78 120  2
  85 120  2
  86 120  2
 138 120  2
 280 120  1
 206 121  1
 210 121  2
  58 122  2
 105 122  2
 109 122  1
 184 122  1
  24 123  2
  95 123  2
  99 123  2
 146 123  2
 257 123  1
 263 123  1
 278 123  1
   1 124  1
  10 124  2
  66 124  2
 150 124  2
  47 126  1
 105 126  2
 106 126  2
 107 126  2
 187 126  1
 215 126  1
 252 126  1
   1 127  1
   2 127  1
  37 127  1
 163 127  2
 176 127  1
 195 127  1
 197 127  1
 202 127  1
 203 127  1
 210 127  2
 220 127  1
 257 127  1
 258 127  1
  13 128  1
  40 128  1
  44 128  1
  51 128  1
  66 128  2
  95 128  2
  96 128  2
 112 128  2
 113 128  2
 272 128  1
 273 128  1
  21 129  1
 146 129  2
 150 129  2
 205 129  1
 236 129  1
  99 130  2
 100 130  2
   9 131  1
  10 131  1
 186 131  1
 255 131  1
 256 131  1
  42 132  1
  59 132  2
  69 132  1
 137 132  2
 138 132  2
 162 132  2
 224 132  1
  10 133  1
  64 133  1
  89 133  2
  90 133  2
 151 133  2
 153 133  2
 196 133  1
  32 134  1
  84 134  2
  85 134  2
 145 134  2
 205 134  1
 247 134  1
   9 135  1
  10 135  1
  30 135  1
  52 135  1
 125 135  2
 174 135  1
 186 135  1
 201 135  1
 255 135  1
 269 135  1
  62 136  1
 103 136  2
 179 136  1
 217 136  1
 241 136  1
 272 136  1
 273 136  1
  30 137  1
  74 137  2
 125 137  2
 147 138  1
  37 139  1
 109 139  1
 187 139  1
 251 139  2
 278 139  1
  24 140  1
  61 140  1
  85 140  2
 182 140  1
 213 140  1
 214 140  1
 215 140  1
 235 140  2
  89 141  2
 115 141  1
 171 141  2
 176 141  2
 199 141  1
 200 141  1
 209 141  1
 242 141  1
 257 141  1
 268 141  1
   8 142  1
  40 142  2
  44 142  2
  78 142  2
 118 142  1
 123 142  2
 223 142  1
  67 143  2
 190 143  2
 203 143  2
 204 143  2
 236 143  2
 251 143  2
 252 143  2
 155 144  1
 222 144  1
 273 144  1
  10 145  2
  19 145  1
  20 145  1
  51 145  1
  60 145  1
  94 145  2
  95 145  2
 141 145  2
 208 145  2
 261 145  1
  23 146  2
  24 146  2
  34 146  2
  37 146  2
  43 146  2
  44 146  2
  64 146  1
  65 146  1
 114 146  2
 202 146  2
 222 146  1
 247 146  2
 282 146  1
 283 146  1
  27 147  2
  91 147  2
 156 147  1
 181 147  2
 186 147  2
 187 147  2
 226 147  1
 275 147  2
 208 148  2
 265 148  2
  47 149  1
  91 149  2
 139 149  1
 150 149  1
 252 149  2
 261 149  2
  66 150  1
 124 150  1
 125 150  1
 145 150  1
 201 150  2
 206 150  2
 247 150  2
 248 150  2
  32 151  1
  42 151  1
  57 151  1
  58 151  1
  72 151  2
  78 151  1
  82 151  1
  91 151  2
 131 151  1
 232 151  2
  17 152  1
  27 152  1
 113 152  1
 129 152  1
 155 152  1
 266 152  2
 267 152  2
 272 152  2
 216 153  2
 217 153  1
 218 153  1
 257 153  2
 258 153  2
 274 153  2
  14 154  1
  38 154  1
 165 154  1
 173 154  1
 174 154  1
 187 154  2
  21 155  1
  60 155  1
 104 155  1
 117 155  1
 138 155  1
 200 155  1
 212 155  2
 254 155  2
   2 156  1
   3 156  1
  46 156  2
  47 156  2
 133 156  1
 134 156  1
 247 156  1
 104 157  1
 146 157  1
  21 158  1
  22 158  1
  57 158  2
 123 158  1
 166 158  1
 170 158  1
 222 158  1
 231 158  2
 256 158  2
 269 158  2
  11 159  2
  51 159  2
 104 159  1
 200 159  1
 201 159  1
 206 159  2
 226 159  1
 227 159  1
  71 160  2
  98 160  1
 130 160  1
 157 160  1
 161 160  1
 243 160  1
 244 160  1
 274 160  2
 282 160  1
 283 160  1
 132 161  1
  27 162  1
  29 162  1
  62 162  2
  95 162  2
 102 162  1
 106 162  1
 193 162  2
 219 162  1
 232 162  2
 258 162  2
  85 163  2
  86 163  2
  87 163  2
 144 163  1
 146 163  1
 172 163  1
 256 163  2
  12 164  1
  34 164  1
  35 164  1
  91 164  2
 162 164  1
 211 164  1
 216 164  1
 249 164  1
  30 165  1
  56 165  2
  69 165  2
 120 165  1
 241 165  1
 281 165  1
 282 165  1
   6 166  1
  91 166  2
 132 166  1
 137 166  1
 154 166  1
 162 166  1
 167 166  1
 207 166  1
 209 166  1
  78 167  2
  80 167  2
 107 167  1
 126 167  1
 128 167  1
 200 167  1
 255 167  1
   8 168  1
  32 168  1
  37 168  1
 156 168  1
 161 168  1
 162 168  1
 163 168  1
 191 168  2
 192 168  2
 205 168  1
 225 168  3
  18 169  1
 145 169  1
 189 169  2
 232 169  2
  66 170  3
 178 170  1
  16 171  1
  41 171  2
  92 171  2
 108 171  2
 109 171  2
 113 171  2
 166 171  1
  48 172  2
 102 172  3
 183 172  1
 185 172  1
 187 172  1
 230 172  2
 263 172  1
 270 172  2
  15 173  1
  56 173  2
  84 173  2
 115 173  2
 211 173  2
 141 174  2
 152 174  1
 188 174  1
 224 174  2
 100 175  2
 148 175  1
 160 175  1
 182 175  1
 265 175  1
 277 175  1
 278 175  1
  37 176  2
  45 176  2
  51 176  2
 111 176  2
 216 176  2
  60 177  2
 118 177  2
 195 177  1
  41 178  2
  72 178  2
 146 178  2
 230 178  2
 231 178  2
  12 179  1
 176 179  2
 218 179  2
  97 180  2
 113 180  2
 162 180  1
 194 180  1
 195 180  1
 246 180  1
 257 180  1
 267 180  1
  37 181  2
  38 181  2
  39 181  2
  44 181  2
  68 181  2
 220 181  2
 110 182  2
 147 182  1
 200 182  2
 232 182  2
 233 182  2
 241 182  2
  27 183  2
 215 183  2
 216 183  2
 220 183  2
  63 184  2
  70 184  2
 110 184  2
 202 184  2
  42 185  1
  75 185  1
  80 185  1
  84 185  1
  87 185  1
 142 185  2
 180 185  4
 184 185  3
 188 185  2
 192 185  2
 219 185  2
  16 186  1
  47 186  2
 146 186  1
 147 186  1
 156 186  1
 157 186  1
 207 186  2
 212 186  2
 247 186  1
 252 186  2
  37 187  1
  52 187  1
  72 187  1
 105 187  2
 106 187  2
 172 187  1
 274 187  1
  58 188  1
 177 188  1
 233 188  2
 257 188  2
  77 189  2
  85 189  2
 105 189  2
 110 189  2
 151 189  1
 185 189  2
 237 189  2
 245 189  2
  34 190  1
  36 190  1
  64 190  1
 137 190  2
 141 190  1
 142 190  1
 143 190  1
 181 190  1
 204 190  2
  20 191  1
 157 191  2
 208 191  2
 209 191  2
 215 191  2
 237 191  2
  31 192  1
  49 192  1
  59 192  1
  60 192  1
 174 192  1
 195 192  1
 196 192  1
  21 193  1
  75 193  1
  76 193  1
 123 193  2
 144 193  1
 145 193  1
 177 193  1
 179 193  1
 201 193  2
  38 194  1
  39 194  1
 120 194  2
 206 194  2
 269 194  1
  24 195  1
  45 195  1
  65 195  1
 157 195  1
 169 195  1
 187 195  2
 243 195  2
 255 195  2
 256 195  2
  59 196  1
  60 196  1
 103 196  2
 150 196  1
 162 196  1
 200 196  2
  98 197  2
  99 197  2
 100 197  2
 195 197  1
 227 197  2
 239 197  2
 257 197  2
  55 198  1
 109 198  2
 118 198  2
 128 198  2
 129 198  2
 144 198  1
 145 198  1
 181 198  1
 200 198  2
 223 198  2
 248 198  1
  46 199  2
  50 199  2
  86 199  1
 135 199  2
 166 199  1
 176 199  1
 184 199  1
 207 199  2
 251 199  1
 265 199  1
  29 200  1
  39 200  2
  75 200  1
 168 200  1
  66 201  1
  82 201  1
 103 201  2
 205 201  3
 233 201  2
  31 202  1
  43 202  2
 141 202  1
 153 202  1
 170 202  1
 171 202  1
 157 203  1
 262 203  1
  32 204  1
  60 204  1
  61 204  1
  72 204  1
 105 204  2
 110 204  2
 137 204  1
 138 204  1
 163 204  2
 183 204  1
 231 204  2
  50 205  2
  94 205  1
  98 205  1
 190 205  1
 120 206  2
 126 206  1
 148 206  1
 150 206  1
 244 206  2
 245 206  2
  92 207  1
 112 207  2
 146 207  1
 172 207  1
 196 207  1
 259 207  1
  35 208  1
  51 208  2
  76 208  1
 210 208  2
 231 208  2
 232 208  2
  61 209  1
 112 209  2
 181 209  1
  97 210  1
 145 210  1
 191 210  1
 246 210  2
 248 210  2
 102 211  1
 122 211  3
 140 211  1
 141 211  1
 171 211  1
 216 211  2
  79 212  1
 107 212  1
 220 212  2
 129 213  1
 148 213  1
 180 213  2
  40 214  1
  70 214  1
 124 214  1
 125 214  1
 162 214  1
 163 214  1
 166 214  1
 195 214  1
 210 214  1
 211 214  1
 253 214  1
  58 215  1
 100 215  1
 115 215  1
 204 215  2
  73 216  1
 131 216  1
 135 216  1
 141 216  1
 162 216  1
 188 216  1
 206 216  2
 233 216  2
 234 216  2
  90 217  1
  91 217  1
 107 217  1
 215 217  1
  68 218  1
  77 218  1
 162 218  1
 163 218  1
 199 218  1
 249 218  1
  44 219  1
  52 219  1
 105 219  1
 128 219  1
 219 219  2
  55 220  1
  57 220  1
  62 220  1
  94 220  1
  95 220  1
 122 220  1
 144 220  1
 191 220  1
 234 220  2
 246 220  1
  46 221  1
  71 221  1
  72 221  1
 128 221  1
 138 221  1
 159 221  1
 202 221  1
 174 222  1
 175 222  1
 209 222  1
 215 222  1
 244 222  1
  58 223  1
  86 223  1
 102 223  1
 115 223  1
 128 223  1
 142 223  1
 165 223  1
 242 223  1
  68 224  1
  77 224  1
  92 224  1
 174 224  1
 142 225  1
 207 225  1
 107 226  1
 108 226  1
 118 226  2
 174 226  1
 237 226  1
  53 227  1
  71 227  1
  72 227  1
  79 227  1
  83 227  1
  99 227  1
 121 227  1
 133 227  1
 151 227  1
 204 227  1
  87 228  1
 105 228  1
 145 228  2
 146 228  1
 159 228  1
 163 228  1
 171 228  1
 235 228  1
  55 229  1
  65 229  1
 127 229  1
  97 230  1
 122 230  1
 232 230  1
  58 231  1
 126 231  1
 184 231  1
 194 231  2
  90 232  1
 103 232  1
 104 232  1
 158 232  1
 230 232  1
  78 233  1
  83 233  1
  95 233  1
 118 233  2
 125 233  1
 126 233  1
 218 233  1
  62 234  1
  71 234  1
 149 234  1
 155 234  1
 100 235  1
 110 235  2
 122 235  1
 143 235  2
  64 236  1
 115 236  2
 129 236  1
 225 236  1
  86 237  1
  92 237  1
 213 237  1
  67 238  1
  99 238  1
 119 238  1
 223 238  1
  96 239  1
 128 239  1
 168 239  1
 169 239  1
 221 239  1
 124 241  1
 125 241  1
 193 241  2
 110 242  2
 115 242  2
 138 242  2
 142 242  2
 217 242  1
 166 243  1
 185 243  2
 187 243  2
  91 244  1
 122 244  1
 191 244  2
 195 244  2
 213 244  1
 128 245  2
 129 245  2
 139 245  2
 140 245  2
  93 246  1
 164 246  1
 116 247  2
 138 247  2
 170 247  2
 171 247  2
 185 247  2
 186 247  2
 122 248  1
 123 248  1
 140 248  2
 147 248  2
 167 248  2
 190 248  2
 102 249  1
 104 249  1
 160 249  1
 142 250  2
 109 251  1
 123 251  1
 127 251  2
 171 251  2
 199 251  1
 162 252  1
 197 252  1
 117 256  1
 123 257  1


count = 1441