 155   1  1
 156   1  1
 173   1  1
 140   3  1
 198   5  1
 200   5  1
 171   6  1
 152   7  1
 144   8  1
 145   8  1
 211   8  1
 179   9  1
 108  10  1
 195  10  1
 154  11  1
 215  11  1
  99  12  1
 148  12  1
 192  12  1
 187  13  1
 198  13  1
 205  13  1
 113  14  1
 121  14  1
  78  15  1
 107  15  1
 131  15  1
 150  15  1
 204  15  1
 210  15  1
 226  15  1
 115  16  1
 120  16  1
 136  16  1
 194  16  1
  76  17  1
 174  17  1
 175  17  1
 214  17  1
  92  18  1
 158  18  1
 159  18  1
 183  18  2
  72  19  1
 101  19  1
 102  19  1
 103  19  1
 137  19  1
 233  19  1
 223  20  1
 200  21  1
 236  21  1
  67  22  1
 204  22  1
 208  22  1
 228  22  1
 146  23  1
  82  24  2
  86  24  2
 122  24  1
 126  24  1
 128  24  1
 160  24  1
 220  24  1
  93  25  1
 107  25  1
 174  25  2
  89  26  1
  91  26  1
 179  26  2
 208  26  1
 220  26  1
 245  26  1
  61  27  1
 172  27  2
 225  27  1
 226  27  1
 247  27  1
  78  28  1
  87  28  1
 147  28  1
 148  28  1
 157  28  1
 158  28  1
 196  28  1
 232  28  1
 237  28  1
  85  29  1
 116  29  1
 172  29  2
 203  29  1
 249  29  1
  64  30  1
  65  30  1
 221  30  1
 223  30  1
 164  31  1
 172  31  2
 182  31  2
 194  31  1
  55  32  1
 186  32  2
 107  33  1
 108  33  1
 218  33  2
 112  34  1
 198  34  1
 207  34  2
 233  34  1
  61  35  1
  79  35  2
 117  35  1
 129  35  1
 151  35  1
 214  35  2
  47  36  1
 169  36  1
 191  36  1
 192  36  1
 155  37  1
 156  37  2
 201  37  1
 202  37  1
 257  37  1
 258  37  1
  45  38  1
 125  38  1
 132  38  3
 133  38  1
 173  38  1
 185  38  2
 186  38  2
 196  38  1
 197  38  1
  57  39  1
  70  39  1
  71  39  1
  79  39  2
  80  39  2
 123  39  1
 127  39  1
 259  40  1
 260  40  1
  42  41  1
 143  41  2
 150  41  2
 183  41  2
  71  42  1
 100  42  2
 113  42  1
 159  42  1
 239  42  2
  40  43  1
  88  43  2
 109  43  1
 110  43  1
 111  43  1
 119  43  1
 150  43  2
 200  43  1
 124  44  1
 128  44  1
 174  44  1
 248  44  2
  74  45  2
 213  45  2
 241  45  2
 255  46  1
  36  48  1
 110  48  1
 129  48  1
 208  48  2
 209  48  2
 264  48  1
 124  49  1
 170  49  1
 185  49  1
 149  50  2
 166  50  1
 167  50  1
 203  50  2
 254  50  1
  34  51  1
  45  51  1
 122  51  1
 224  51  2
 226  51  2
 228  51  2
 266  51  1
  50  52  1
 106  52  2
 112  52  1
 113  52  1
 181  52  1
 219  53  2
 220  53  2
 229  53  2
  61  54  1
 169  55  1
 170  55  1
 208  55  2
 216  55  2
 198  56  2
 199  56  2
 175  57  1
  26  58  1
  51  58  2
 120  58  1
 269  58  1
 270  58  1
  60  59  1
  61  59  1
  23  60  1
 198  60  2
 173  61  1
  22  62  1
 205  62  2
  49  63  2
  51  63  2
  72  63  1
 118  63  2
 271  63  1
 181  64  1
  20  65  1
 245  65  1
 273  65  1
 239  66  1
  27  67  2
  29  67  2
 204  67  2
 265  67  1
 111  68  2
 194  68  1
  85  69  2
  86  69  2
 188  69  1
 114  70  2
 245  70  1
 259  70  1
  16  71  1
  24  71  1
  86  71  2
 214  71  3
 215  71  1
 222  71  1
  51  72  1
 114  72  2
 238  72  1
 239  72  1
 268  72  1
 274  72  1
 275  72  1
  86  73  2
 256  74  1
 265  74  1
  14  75  1
  81  75  2
 228  75  2
 229  75  2
  22  76  1
 260  76  1
 262  76  1
 121  77  2
 233  77  1
 276  77  1
 277  77  1
  20  79  1
  39  79  2
 223  79  1
 257  79  1
  49  80  1
  92  81  2
  93  81  2
 233  81  1
 243  81  1
  34  83  2
  35  83  2
 183  83  2
 184  83  1
 185  83  1
 228  83  1
   8  84  1
   9  84  1
  40  84  2
  51  84  1
  60  86  1
  79  86  2
  83  86  2
  90  86  2
 250  86  1
 251  86  1
  49  87  1
 241  88  1
 279  88  1
 280  88  1
   5  89  1
  64  89  1
  73  89  1
 205  89  1
 215  90  1
 235  90  1
 260  90  1
  59  91  1
 265  91  1
  75  92  2
  91  92  2
 249  92  1
  57  93  1
 191  93  1
 219  93  1
 237  93  1
 269  93  1
 270  93  1
 157  94  1
 158  94  1
 187  94  1
 193  94  1
 194  94  1
   1  95  1
   2  95  1
  50  95  1
  83  95  2
 238  95  1
  13  96  1
 203  96  1
 204  96  1
 241  96  1
   9  97  1
  51  97  1
  59  97  1
  77  97  2
  84  97  2
 141  97  1
 151  97  1
 182  97  1
 244  97  1
 250  97  1
   1  98  1
 196  98  1
 204  98  1
 206  98  1
 208  98  1
 214  98  1
 236  98  2
  23  99  2
  24  99  2
  67  99  1
 170  99  1
 177  99  1
 254  99  1
  88 100  2
 196 100  1
 209 100  1
 246 100  1
 259 100  1
 261 100  1
 273 100  2
 103 101  1
 157 101  1
 175 101  1
 249 101  1
 266 101  1
 267 101  1
  61 102  1
  62 102  1
  78 102  2
 135 102  1
 137 102  1
 139 102  1
 196 102  1
 202 102  1
 223 102  1
 132 103  1
 133 103  1
 214 103  1
 241 103  2
  46 104  1
  58 104  1
 153 104  1
 167 104  1
 199 104  1
 200 104  1
 201 104  1
  91 105  2
 192 105  1
 210 105  1
 235 105  2
 268 105  2
 273 105  2
 274 105  2
  46 106  1
  66 106  1
 218 106  1
 223 106  1
  27 107  1
  40 107  1
  64 107  1
 122 107  2
 140 107  1
 197 107  1
 204 107  1
   1 108  1
  46 108  1
  47 108  1
 125 108  2
 223 108  1
 230 108  1
 231 108  1
  53 109  1
  54 109  1
  64 109  1
 163 109  1
 164 109  1
 193 109  1
  36 110  1
  37 110  1
  59 110  1
 100 110  2
 131 110  1
 143 110  1
   1 111  1
   2 111  1
 106 111  1
 119 111  2
 111 112  1
 268 112  2
 269 112  2
 205 113  1
  93 114  3
  94 114  2
 273 114  1
 276 114  1
 277 114  1
  45 115  1
  49 115  1
  57 115  1
  63 115  1
 220 115  1
 224 115  1
 106 116  2
 115 116  2
 268 116  2
  39 117  1
  40 117  1
  41 117  1
 208 117  1
   5 118  1
  36 118  1
  37 118  1
  54 118  1
 204 118  1
 173 119  1
 261 119  1
 262 119  1
 281 119  1
 282 119  1
  18 120  1
  60 120  1
 146 120  2
 198 120  1
  69 121  1
  74 121  1
 182 121  1
 225 121  1
  13 122  1
  32 122  1
  50 122  1
  56 122  1
  60 122  1
  90 122  1
  96 122  1
 176 122  1
  74 123  1
 166 123  1
 167 123  1
 195 123  1
 207 123  1
 212 123  1
 220 123  1
  14 124  1
  45 124  1
 275 124  1
  68 125  1
 100 125  1
 162 125  1
 230 125  1
 233 125  1
 256 125  1
 258 125  1
 267 125  1
 269 125  1
  22 126  1
  25 126  1
  28 126  1
  95 126  1
 114 126  1
 166 126  1
 203 126  3
 218 126  1
 242 126  1
   6 127  1
  13 127  1
  42 127  1
 119 127  1
 157 127  1
 224 127  1
  82 128  1
 148 128  1
 150 128  1
 151 128  1
 209 128  1
  47 129  1
  55 129  1
 131 129  1
 135 129  1
 136 129  1
 140 129  1
 178 129  1
 179 129  1
 182 129  1
 224 129  1
 283 129  1
  51 130  1
 233 130  1
 257 130  1
 274 130  1
  28 131  1
  41 131  1
 117 131  1
 118 131  1
 208 131  1
 213 131  1
 217 131  1
 225 131  1
 229 131  1
 230 131  1
 231 131  1
 249 131  1
 276 131  1
  79 132  1
 101 132  1
 109 132  1
 239 132  1
 241 132  1
 270 132  1
  19 133  1
 115 133  1
 189 133  1
 230 133  1
  34 134  1
  38 134  1
  65 134  1
  85 134  1
 104 134  1
 127 134  1
 264 134  1
  16 135  1
 234 135  1
 242 135  1
 246 135  1
  75 136  1
 107 136  3
 127 136  1
 194 136  1
 200 136  1
 206 136  1
 226 136  1
   1 137  1
   6 137  1
  82 137  1
  83 137  1
 120 137  1
 121 137  1
 139 137  1
 165 137  1
 166 137  1
 167 137  1
 219 137  1
 234 137  1
  88 138  1
 111 138  1
  41 139  1
  47 139  3
  79 139  1
 117 139  1
 143 139  1
 150 139  1
 169 139  1
 127 140  1
 184 140  1
 236 140  1
 244 140  1
 251 140  1
  63 141  2
 190 141  1
 197 141  1
 253 141  1
  79 142  1
 101 142  2
 142 142  1
 171 142  1
 172 142  1
 195 142  1
 232 142  1
 239 142  1
 241 142  1
 265 142  1
   8 143  1
  10 143  1
  45 143  1
  68 143  2
 114 143  1
 210 143  1
 248 143  1
  86 144  1
 175 144  1
 176 144  1
 245 144  1
 130 145  1
 111 146  2
 122 146  1
 144 146  1
 250 146  1
   1 147  1
  50 147  1
 114 147  1
 125 147  1
 151 147  1
 152 147  1
  40 148  1
  41 148  1
  65 148  2
 177 148  1
 211 148  1
 257 148  1
  30 149  1
  37 149  1
 232 149  1
 238 149  1
  24 150  1
  58 150  2
  75 150  1
 113 150  1
 155 150  1
 213 150  1
 248 150  1
  47 151  1
  84 151  1
  86 151  1
 126 151  1
 208 151  1
 232 151  1
 234 151  1
 160 152  1
 242 152  1
  88 153  1
  89 153  1
 111 153  1
 215 153  1
 218 153  1
 219 153  1
 232 153  1
 237 153  1
 104 154  1
 161 154  1
 251 154  1
 264 154  1
 274 154  1
  58 155  1
 129 155  1
 222 155  1
 257 155  1
  68 156  1
 138 156  1
 154 156  1
 164 156  1
 170 156  1
 239 156  1
 243 156  1
 268 156  1
 269 156  1
 273 156  1
 274 156  1
  17 157  1
  40 157  1
  73 157  1
  88 157  1
 116 157  1
 117 157  1
 119 157  1
 157 157  1
 196 157  1
 197 157  1
 220 157  1
 229 157  1
 230 157  1
  79 158  1
 104 158  1
 182 158  1
 183 158  1
 205 158  1
 234 158  1
  46 159  1
  13 160  1
  26 160  1
 210 160  1
 211 160  1
  54 161  1
  55 161  1
 106 161  1
 107 161  1
 113 161  1
 180 161  1
 215 161  1
 219 161  1
 223 161  1
 239 161  1
 240 161  1
 273 161  1
 170 162  1
 258 162  1
  22 163  1
 143 163  1
 187 163  1
 205 163  1
 243 163  1
 244 163  1
   7 164  1
 104 164  2
 153 164  1
 274 164  1
 195 165  1
 248 165  1
  29 166  1
  32 166  1
 104 166  2
 112 166  2
 220 166  1
 250 166  1
 252 166  1
 269 166  1
 238 167  1
 239 167  1
 254 167  1
 256 167  1
 174 168  1
 219 168  1
 273 168  1
   1 169  1
 185 169  1
 192 169  1
 200 169  1
 201 169  1
 236 169  1
 279 169  1
 280 169  1
  22 170  1
  23 170  1
  33 170  1
  47 170  1
 196 170  1
 204 170  1
 233 170  2
  29 171  1
  31 171  1
  87 171  2
 111 171  2
 225 171  1
 247 171  1
 262 171  1
 264 171  1
   3 172  1
  19 172  1
 179 172  1
 180 172  1
 186 172  1
 229 172  2
 239 172  1
 251 172  1
 267 172  1
 206 173  1
 271 174  1
  82 175  3
  83 175  2
 201 175  2
 208 175  1
 209 175  1
 213 175  1
 214 175  1
 215 175  1
  11 176  1
  22 176  1
  23 176  1
 193 176  1
  47 177  1
  99 177  2
  17 178  1
 197 178  1
 237 179  1
 257 179  1
  17 180  1
  93 180  2
 212 180  2
 240 180  1
 276 180  1
 277 180  1
 227 181  1
 243 181  1
 261 181  2
 202 182  2
 222 182  2
 231 182  1
 232 182  1
 245 182  1
 269 182  2
  92 183  2
  93 183  2
 189 183  1
 194 183  1
 227 183  1
  45 184  1
  46 184  1
 250 184  2
 229 185  1
  11 186  1
 231 186  1
 250 186  2
 205 188  2
 222 188  1
 244 188  2
  49 189  1
  68 189  1
 231 189  2
  14 190  1
 242 190  2
 227 191  1
 228 191  1
  28 192  1
 273 192  1
 274 192  1
  24 193  1
  64 193  2
  71 193  1
 229 193  1
 235 193  2
 236 193  2
 243 194  2
  79 195  1
  99 195  2
 201 195  1
 202 195  1
 251 195  2
 229 196  1
 260 197  1
 271 197  1
 272 197  1
  63 198  2
 256 198  1
  22 199  1
  80 199  1
 262 199  1
  30 200  1
  68 200  2
  69 200  1
 100 200  2
 101 200  2
 198 200  2
 200 200  2
 228 200  1
 204 202  1
 210 202  1
 211 202  1
 269 202  1
 270 202  1
 223 203  1
 230 203  1
 255 203  1
  36 204  1
  62 204  2
 117 204  1
 200 204  2
 201 204  2
  83 205  1
 206 205  1
 207 205  1
 212 205  1
 213 205  1
 251 206  2
  40 207  1
  41 207  1
 186 207  2
 188 207  2
 266 207  1
 125 208  1
 246 208  2
 160 209  2
 193 209  2
 227 209  1
 248 209  2
  75 210  1
  76 210  1
 112 210  1
 135 210  2
 136 210  2
 201 210  2
 264 210  1
  42 211  1
  82 211  1
 121 211  1
 221 211  1
  34 212  1
  44 213  1
  79 214  1
 225 214  1
  36 215  1
  48 215  1
  68 215  2
  92 215  2
  96 215  2
 111 215  1
 196 215  1
 222 215  1
 233 215  1
  84 216  2
 161 216  2
 181 216  2
 260 216  1
  49 217  1
  50 217  1
 108 217  1
 183 217  2
 200 217  1
 219 217  1
 220 217  1
 118 218  1
 157 218  2
  42 219  1
  55 219  1
  78 219  1
  89 219  2
  90 219  2
 107 219  1
 108 219  1
 148 219  2
  64 220  2
 117 220  1
 213 220  1
  45 221  1
  46 221  1
 169 221  2
  69 222  2
 234 222  1
 255 222  1
  50 223  1
 229 223  1
 230 223  1
 112 224  1
 113 224  1
 181 224  2
  78 225  1
  79 225  1
 150 225  2
 206 225  1
 110 226  1
 162 226  2
 166 226  2
 174 226  2
 238 226  1
  64 227  1
  83 227  1
 123 227  1
 134 227  1
 115 228  1
 121 228  1
 138 228  1
 174 228  2
 186 228  2
 198 228  2
 211 228  1
 250 228  1
  66 229  1
  78 229  1
 145 229  1
  98 230  2
 165 230  1
 166 230  1
 196 230  2
 228 230  1
 231 230  3
 248 230  1
  59 231  1
  69 231  1
 104 231  1
 105 231  1
 124 231  1
 125 231  1
 191 231  2
 193 231  2
 235 231  1
 236 231  1
 205 232  1
 206 232  1
 245 232  1
  84 233  1
  85 233  1
 125 233  1
 127 233  1
 170 233  1
  76 234  1
  78 234  1
  92 234  1
 113 234  1
 232 234  1
  98 235  1
 136 235  1
 141 235  1
 172 235  1
 199 235  2
 200 235  2
 203 235  4
 210 235  1
 241 235  1
  65 236  1
 103 236  1
 109 236  1
 122 236  1
 190 236  2
 191 236  2
 134 237  1
 216 237  2
  70 238  1
  84 238  1
 108 238  1
 117 238  1
 218 238  2
 234 239  1
 110 240  1
 175 240  1
 208 240  1
 213 240  1
  88 241  1
  95 241  1
 128 241  1
 139 241  1
 140 241  1
 164 241  1
  76 242  1
  99 242  1
 100 242  1
 105 242  2
 115 242  1
 157 242  1
 204 242  1
 103 243  2
 124 243  1
 148 243  1
 198 243  1
 120 244  1
 133 244  1
 137 244  1
 155 244  1
 223 244  1
 166 245  1
 163 246  1
 171 246  1
 173 246  1
 219 246  1
 220 246  1
 221 246  1
 198 247  1
 108 248  1
 131 248  1
 192 248  1
 213 248  1
 135 249  1
 161 249  1
 209 250  1
 210 250  1
 211 250  1
 175 251  1
 123 252  1
 170 252  1
 202 252  1
 126 253  1


count = 1084