 142   1  1
 143   1  1
 164   1  1
 180   2  1
 134   3  1
 182   3  1
 184   3  1
 130   5  1
 131   5  1
 169   7  1
 125   8  1
 199   8  1
 123   9  1
 120  11  1
 175  11  2
 203  11  1
 204  11  1
 161  12  1
 156  13  1
 113  15  1
 115  15  1
 211  15  1
 144  17  1
 146  17  1
 148  17  1
 214  17  1
 105  18  1
 131  18  1
 154  18  1
 155  18  1
 217  19  1
 168  20  1
  99  21  1
 100  21  1
 101  21  1
 151  21  1
 220  21  1
 123  22  2
 124  22  2
 146  22  2
 172  22  1
 149  23  1
 150  23  1
 106  24  1
 224  24  1
  82  26  1
 106  26  1
 178  26  1
 212  26  1
 214  26  1
 227  26  1
 228  26  1
 186  27  2
 187  27  2
 188  27  2
  79  28  1
  97  28  1
 103  28  1
 129  28  1
 233  29  1
 178  30  1
 111  31  1
  62  32  1
  88  32  1
 210  32  1
 101  33  1
 135  33  1
  58  34  1
  59  34  1
 111  34  1
 127  34  2
 141  34  1
 238  34  1
  83  35  1
 107  35  1
  55  36  1
  76  36  1
  91  36  1
  95  36  1
  96  36  1
  97  36  1
 189  36  1
 202  36  1
 225  36  2
 240  36  1
 195  37  1
 123  38  1
 229  38  2
  49  39  1
  50  39  1
 152  39  2
 153  39  2
  65  40  1
 143  40  1
 244  40  1
 200  41  2
 219  41  2
  45  42  1
  85  42  1
  99  42  1
 100  42  1
 105  42  1
 114  42  1
 117  42  1
 118  42  1
 130  42  1
 248  43  1
 105  44  1
 120  44  1
 124  44  1
 132  44  1
 133  44  1
 147  44  1
 148  44  1
 230  44  2
 231  44  2
  65  45  1
  80  45  1
 140  45  1
  40  46  1
 101  46  1
 105  46  1
 198  46  2
 199  46  2
 203  46  2
 219  46  2
  78  47  1
  80  47  1
  89  47  2
 118  47  1
 152  47  1
 169  47  1
 253  47  1
  51  48  2
  85  48  1
 143  48  1
 144  48  1
 232  48  2
 242  48  1
 243  48  1
 255  49  1
 123  50  1
  33  51  1
  51  51  2
 171  51  1
 201  51  2
 245  51  1
 100  52  2
 149  52  1
 166  52  1
 180  52  1
 234  52  1
  43  53  1
  49  53  2
  79  53  1
  88  53  2
 112  53  2
 168  53  1
 207  53  1
 228  53  1
  64  54  1
 245  54  1
 153  55  1
 101  56  2
  60  57  1
  76  57  2
  84  57  2
  85  57  2
 252  57  1
  25  58  1
  38  58  1
  42  58  1
  81  58  2
 216  58  1
 230  58  1
 231  58  1
  73  59  2
  74  59  2
  89  59  2
 114  59  1
 126  59  1
 135  59  1
  44  60  1
  82  60  2
 122  60  1
 220  60  1
 242  60  1
 243  60  1
 244  60  1
 265  60  1
 266  60  1
 212  61  1
 248  61  1
  60  62  1
 138  62  1
 139  62  1
 165  62  1
 179  62  1
 183  62  1
 104  63  2
 167  63  1
 168  63  1
 169  63  1
  44  64  1
 116  64  1
 117  64  1
 132  64  1
 141  64  1
 142  64  1
 176  64  1
 258  64  1
  89  65  2
 134  65  1
 170  65  1
 193  65  1
 219  65  1
 235  65  1
 246  65  1
 254  65  1
  55  66  1
  66  66  1
  67  66  1
  95  66  2
 174  66  1
 196  66  1
 137  67  1
 145  67  2
 146  67  2
 250  67  1
  41  68  1
  42  68  1
  76  68  2
  77  68  2
 244  68  1
 245  68  1
 258  68  1
  37  69  1
  64  69  1
 155  69  1
 161  69  1
 231  69  2
  13  70  1
  43  70  1
  96  70  2
 108  70  1
 115  70  1
 165  70  1
 167  70  1
 169  70  1
 261  70  1
 262  70  1
 271  70  1
 272  70  1
  50  71  1
 224  71  1
 225  71  1
  46  72  1
  54  72  1
  94  72  2
 127  72  1
 128  72  1
 146  72  1
 194  72  2
 195  72  2
 209  72  1
 228  72  1
 254  72  1
 255  72  1
  71  73  2
 231  74  1
 241  74  2
 242  74  2
 260  74  1
  10  75  1
 131  75  1
 132  75  1
 149  75  1
 258  75  1
 266  75  1
 188  76  2
 146  77  1
 218  77  1
  66  78  2
 254  78  1
 138  79  1
 233  79  1
 241  79  2
 242  79  2
 277  79  1
  36  80  1
  92  80  1
 143  80  1
 157  80  2
  72  81  2
  97  81  1
 131  81  1
 213  81  1
 215  81  1
   6  82  1
   7  82  1
 184  82  1
 190  82  1
 218  82  1
  62  83  2
  49  84  2
  56  84  2
  90  84  1
  91  84  1
 192  84  1
 230  84  1
 231  84  1
 256  84  1
 257  84  1
 100  85  1
 242  85  2
  94  86  1
 120  86  1
 156  86  2
 194  86  1
 204  86  1
 206  86  1
 223  86  1
 229  86  1
 255  86  1
  71  87  1
 113  87  1
 115  87  1
 175  87  1
 184  87  3
 238  87  2
 268  87  1
 132  88  1
 246  88  1
  60  89  1
  63  89  1
 162  89  2
 270  89  1
  42  90  1
  72  90  1
  73  90  1
 221  90  1
  36  91  1
 147  91  1
 162  91  2
 216  91  2
 234  91  2
  64  92  2
  83  92  1
 131  92  1
 143  92  1
 261  92  1
 102  93  1
 108  93  1
 109  93  1
 209  93  1
  58  94  1
  63  94  1
 106  94  1
 138  94  1
 149  94  1
 158  94  2
 231  94  2
 242  94  1
 257  94  1
 259  94  1
 274  94  1
  12  95  1
  70  95  1
 127  95  1
 186  95  1
 211  95  1
  32  96  2
 176  96  1
 222  96  1
  39  97  2
  55  97  1
  56  97  1
  84  97  2
 218  97  1
 236  97  2
 244  97  1
 251  97  1
 260  97  1
 265  97  1
 273  97  1
 274  97  1
 122  98  1
 123  98  1
  17  99  1
 101  99  1
 110  99  1
 111  99  1
 130  99  1
 151  99  2
 234  99  2
  23 100  1
  77 100  1
 114 100  1
 169 100  2
 171 100  2
 172 100  2
 178 100  1
 182 100  1
  44 101  1
 223 101  1
 224 101  1
  77 102  1
  88 102  2
 104 102  1
  64 103  1
  93 103  2
 120 103  1
 145 103  2
 208 103  1
 209 103  1
 267 103  1
 272 103  1
 138 104  2
 194 104  1
  31 105  1
  72 105  1
 189 105  1
 233 105  2
 252 105  1
 253 105  1
 257 105  1
 270 105  1
 271 105  1
 272 105  1
  43 106  1
  59 106  2
  69 106  1
 197 106  1
 229 106  2
 217 107  1
 218 107  1
 267 107  1
 268 107  1
  13 108  1
  21 108  1
  25 108  1
  45 108  1
  96 108  2
 101 108  1
 112 108  1
 204 108  2
   8 109  1
  80 109  1
 168 109  1
 199 109  1
 273 109  1
  52 110  1
  57 110  1
 104 110  1
 106 110  1
 122 110  1
 171 110  1
 230 110  1
 267 110  1
   1 111  1
  33 111  1
 141 111  2
 189 111  1
 192 111  1
 215 111  2
 271 111  1
  51 112  1
 110 112  2
 111 112  2
 112 112  2
 176 112  1
 184 112  1
 186 112  1
 259 112  1
  60 113  1
 121 113  1
 131 113  2
 132 113  2
 141 113  2
 207 113  2
 227 113  1
 252 113  1
 253 113  1
  13 114  1
  25 114  1
  71 114  1
  72 114  1
 194 114  1
 201 114  1
  87 115  1
 133 115  2
 180 115  1
 215 115  2
 250 115  1
  48 116  1
  63 116  1
  64 116  1
  32 117  1
  34 117  1
 162 117  2
 221 117  1
 256 117  1
 257 117  1
 260 117  1
 262 117  1
 268 117  1
 281 117  1
 282 117  1
  12 118  1
  41 118  1
  91 118  1
 173 118  1
 197 118  1
 227 118  1
 120 119  2
 131 119  2
 148 119  2
 184 119  1
 251 119  1
   1 120  1
  12 120  1
  55 120  1
  56 120  1
  66 120  1
  69 120  1
  70 120  1
 104 120  1
 204 120  1
 276 120  1
  60 121  1
  61 121  1
  94 121  1
 147 121  2
 187 121  1
 188 121  1
 215 121  1
 216 121  1
 217 121  1
 242 121  1
  20 122  1
  34 122  2
  35 122  2
 113 122  1
 250 122  1
 137 123  2
 142 123  2
 155 123  2
 272 123  1
  42 124  1
  93 124  1
 161 124  1
 218 124  1
  10 125  1
  28 125  1
  47 125  1
  48 125  1
  54 125  1
 117 125  1
 119 125  1
 185 125  1
 197 125  1
 227 125  1
 258 125  2
 262 125  2
 266 125  1
   4 126  1
  74 126  1
  79 126  2
  93 126  1
 106 126  1
 112 126  1
 193 126  1
 194 126  1
 204 126  1
 210 126  1
 236 126  1
 255 126  2
 179 127  1
 247 127  1
 265 127  1
  51 128  1
  52 128  1
 243 128  1
 121 129  1
 158 129  1
 239 129  1
  62 130  1
 189 130  1
 217 130  1
 219 130  1
 221 130  1
 237 130  1
 262 130  1
  68 131  1
  69 131  1
 184 131  1
 232 131  1
 244 131  1
  26 132  1
 180 132  1
 181 132  1
 199 132  1
 212 132  1
 253 132  1
 265 132  1
 266 132  1
  11 133  1
  15 133  1
  35 133  1
  59 133  1
  60 133  1
  68 133  1
 201 133  1
   3 134  1
   4 134  1
  23 134  1
  31 134  1
  47 134  1
 159 134  1
 251 134  1
  35 135  1
  68 135  1
  69 135  1
 121 135  1
 156 135  1
 186 135  1
 190 135  1
 220 135  1
 231 135  1
 238 135  1
 273 135  1
  45 136  1
  57 136  1
  79 136  2
 184 136  1
 204 136  1
   1 137  1
  10 137  1
  16 137  1
  28 137  1
  96 137  1
  97 137  1
 109 137  1
 110 137  1
 111 137  1
 226 137  1
 241 137  1
  33 138  1
  51 138  1
  82 138  2
  83 138  2
  87 138  2
 222 138  1
 228 138  1
 229 138  1
 246 138  1
 275 138  1
   1 139  1
  78 139  2
  80 139  2
  94 139  1
 192 139  1
 207 139  1
   6 140  1
   7 140  1
  53 140  1
  67 140  1
 259 140  2
 277 140  1
  40 141  1
  60 141  1
  80 141  2
  91 141  1
 156 141  1
 179 141  1
 210 141  1
 234 141  1
 237 141  1
 257 141  2
 261 141  2
 263 141  2
  57 142  1
 216 142  1
 220 142  1
 228 142  1
  32 143  1
  34 143  1
  80 143  2
 165 143  1
 180 143  1
 204 143  1
 198 144  1
 239 144  1
  10 145  1
 101 145  1
 112 145  1
 113 145  1
 156 145  1
 200 145  1
 251 145  1
 263 145  2
  15 146  1
  16 146  1
  50 146  1
  71 146  1
  91 146  1
 104 146  1
 206 146  1
 212 146  1
 220 146  1
 222 146  1
 232 146  1
  23 147  1
 110 147  1
 161 147  1
 166 147  1
 257 147  1
 265 147  2
 272 147  2
  18 148  1
  36 148  1
 186 148  1
 152 149  2
 153 149  1
 154 149  1
 175 149  1
 176 149  1
 228 149  1
 229 149  1
 230 149  1
 235 149  1
  44 150  1
  45 150  1
  46 150  1
  86 150  1
  87 150  1
 168 150  1
 169 150  1
 203 150  1
  50 151  1
 114 151  2
 119 151  2
 212 151  1
  27 152  1
  35 152  1
  81 152  1
  83 152  1
 130 152  2
 159 152  1
 237 152  1
   9 153  1
  29 153  1
  56 153  1
 103 153  2
 153 153  1
 191 153  1
 202 153  1
 211 153  1
  81 154  1
 136 154  1
 188 154  1
 250 154  1
  40 155  1
  50 155  1
 118 155  1
 123 155  1
 132 155  1
 149 155  1
 153 155  1
 164 155  1
 168 155  1
 193 155  1
 222 155  1
 224 155  1
  88 156  2
 181 156  1
 213 156  1
 214 156  1
 262 156  1
 263 156  1
  64 157  1
  13 158  2
  14 158  2
  49 158  1
  57 158  1
  84 158  2
 106 158  1
 199 158  1
 204 158  1
  26 159  1
  31 159  1
  98 160  2
 123 160  1
 192 160  1
 223 160  1
 238 160  1
 111 161  1
 144 161  2
 199 161  1
 208 161  1
 214 161  1
  39 162  1
  78 162  1
  90 162  2
  96 162  2
 125 162  1
 190 162  1
 261 162  2
  13 163  1
  14 163  1
 151 163  1
 152 163  1
 203 163  1
 208 163  1
   1 164  1
  84 164  2
  87 164  2
 102 164  1
 107 164  1
 108 164  1
 131 164  1
 186 164  1
 218 164  1
  10 165  1
  41 165  1
 200 165  1
 201 165  1
 229 165  1
 254 165  2
   7 166  1
 100 166  1
 114 166  3
 116 166  3
 133 166  1
 143 166  1
 147 166  1
 181 166  1
 188 166  1
 210 166  1
 216 166  1
 260 166  2
   1 167  1
   2 167  1
  32 167  1
 124 167  1
 139 167  1
 152 167  1
 200 167  1
 236 167  1
 267 167  1
  34 168  1
 190 168  1
  24 169  2
 109 169  1
 123 169  1
 238 169  1
   2 170  1
   3 170  1
  41 170  1
   9 171  2
  10 171  2
 137 171  1
 170 171  1
 171 171  1
 151 172  1
 158 172  1
 262 172  1
   3 173  1
   4 173  1
  43 173  1
  79 173  1
 128 173  1
 129 173  1
 197 173  1
 204 173  1
 205 173  1
 276 173  1
  85 174  1
  89 174  1
  90 174  1
 133 174  1
 166 174  3
 168 174  1
 199 174  1
 211 174  1
 259 174  1
 260 174  1
  81 175  1
 103 175  1
 104 175  1
 237 175  1
 238 175  1
 247 175  2
 248 175  2
 135 176  1
 137 176  1
 139 176  1
  12 177  2
  43 177  1
 110 177  2
 122 177  2
 123 177  2
 228 177  1
   5 178  1
 167 178  1
 192 178  1
 193 178  1
 232 178  1
 233 178  1
 272 178  1
 149 179  1
 160 179  1
 181 179  1
 186 179  1
 216 179  1
 217 179  1
 141 180  1
 142 180  1
 262 180  1
   7 181  1
  50 181  2
  88 181  1
 104 181  1
 164 181  1
 207 181  1
 212 181  1
 213 181  1
 246 181  1
 247 181  1
 270 181  1
  16 182  2
  43 182  2
 111 182  2
 114 182  2
 225 182  1
 226 182  1
 234 182  2
 250 182  1
  89 183  1
  90 183  1
 146 183  1
 147 183  1
 184 183  1
 194 183  1
  34 184  1
  36 184  1
 122 184  2
 123 184  2
 217 184  1
 223 184  1
 252 184  1
 253 184  1
 268 184  1
 181 185  1
 189 185  1
 260 185  1
  10 186  1
 149 186  1
 169 186  1
 204 186  1
 213 186  1
 219 186  1
  96 187  1
  98 187  1
 100 187  1
 180 187  1
  33 188  2
 186 188  1
 195 188  1
  28 189  2
  29 189  2
  42 189  1
  53 189  2
  54 189  2
 254 189  1
  68 190  2
 132 190  1
 162 190  1
 173 190  1
  13 191  1
 176 191  1
 177 191  1
 178 191  1
 220 191  1
 225 191  1
  70 192  2
  77 192  2
  83 192  2
 109 192  2
 154 192  1
 155 192  1
 244 192  3
 265 192  1
  53 193  2
 103 193  1
 104 193  1
 136 193  1
 147 193  1
 164 193  1
 216 193  1
 237 193  1
  42 194  1
  43 194  1
 118 194  2
 119 194  2
 189 194  2
 193 194  3
  48 195  2
  81 195  1
 136 195  1
 187 195  2
  59 196  1
  60 196  1
  66 196  1
 132 196  1
 168 196  1
 172 196  1
  18 197  1
 105 197  1
 123 197  2
 157 197  1
  57 198  1
  68 198  1
  69 198  1
 118 198  2
 178 198  2
 232 198  1
  31 199  3
  38 199  1
  39 199  1
  47 199  2
 105 199  1
 107 199  1
 184 199  2
 109 200  1
 111 200  1
 131 200  1
 147 200  1
 210 200  1
 216 200  1
 140 201  1
 155 201  1
 187 201  1
 190 201  1
 196 201  1
  79 202  1
  80 202  1
 146 202  1
  41 203  1
 119 203  1
 124 203  1
 254 203  1
  95 204  1
 103 204  1
 104 204  1
 114 204  1
 177 204  2
 203 204  1
 204 204  1
  55 205  1
 126 205  1
 220 205  1
 221 205  1
  77 206  1
  78 206  1
  85 206  2
  92 206  2
  27 207  1
 111 207  1
 112 207  1
  43 208  1
  49 208  1
  68 208  1
  69 208  1
  88 208  2
 197 208  1
 198 208  1
 249 208  1
  57 209  1
 115 209  1
 116 209  1
 121 209  1
 169 209  1
  78 210  1
  88 210  2
  96 210  1
 107 210  1
 131 210  1
 155 210  1
 156 210  1
 165 210  1
 167 210  1
 177 210  2
 223 210  1
 224 210  1
  83 211  2
  84 211  2
  90 211  2
 127 211  1
 136 211  2
 186 211  2
 197 211  1
 247 211  1
  32 212  1
  55 212  1
  78 212  1
  79 212  1
 115 212  1
 162 212  1
 172 212  1
 173 212  1
 174 212  1
 103 213  1
 108 213  1
 109 213  1
 178 213  2
 214 213  1
 215 213  1
 225 213  1
 245 213  1
  86 214  2
  96 214  1
  35 215  1
 123 215  1
 151 215  1
 153 215  1
 184 215  2
 185 215  2
 133 216  1
 137 216  1
 194 216  1
  54 217  1
  63 217  1
  64 217  1
 135 217  1
 147 217  1
 148 217  1
 159 217  1
 180 217  2
  37 218  1
  50 218  1
 216 218  1
  58 219  1
  79 219  1
 121 219  1
 180 219  2
  86 220  2
 103 220  2
 142 220  1
 240 220  1
  42 221  1
  84 221  2
 108 221  2
 114 221  2
 118 221  2
 180 221  2
 181 221  2
 193 221  1
 194 221  1
  66 222  1
  67 222  1
  77 222  1
 139 222  1
 155 222  1
 237 222  1
  44 223  1
 135 223  3
 137 223  1
 113 224  2
  47 225  1
  64 225  1
 137 225  1
 180 225  2
  70 226  1
 101 227  2
 231 227  1
  52 228  1
 152 228  1
 181 228  2
  99 229  2
 136 229  1
 145 229  1
 178 229  2
 184 229  1
 185 229  1
 199 229  2
 228 229  1
  55 230  1
  56 230  1
 125 230  2
 127 230  2
  59 231  1
  94 231  2
 186 231  1
 215 231  2
  98 232  2
 162 235  3
  85 236  2
 136 236  2
  69 237  1
  90 237  2
  98 237  2
 107 238  2
 108 238  2
 149 238  1
 185 238  1
 186 238  1
 218 238  1
  72 239  1
  73 239  1
  96 239  2
 161 239  2
 162 239  2
 149 240  1
 180 241  1
 181 241  1
 148 242  1
 149 242  1
 209 242  1
 128 243  2
 178 243  1
  85 244  1
  87 244  1
  90 245  1
 100 246  1
 201 246  1
 202 246  1
 203 246  1
 127 248  2
 107 249  1
 109 249  1
 162 249  2
 195 249  1
 149 251  1


count = 1234