 145   1  1
 146   1  1
 177   1  1
 129   3  1
 198   5  1
 199   5  1
 200   5  1
 119   6  1
 151   6  1
 169   6  2
 117   7  1
 204   8  1
 141   9  1
 208   9  1
 209   9  1
 106  10  1
 168  10  2
 103  11  1
 137  11  2
 146  11  1
 101  12  1
 120  12  1
 213  12  1
 152  13  2
 154  13  2
 159  13  2
  95  14  1
  97  14  1
 135  14  2
 175  14  2
  91  15  1
  93  15  1
 161  15  2
 148  16  1
 149  16  1
 120  17  1
 138  17  2
 139  17  1
 209  17  1
 223  17  1
 110  19  1
 124  19  1
 144  19  1
 207  19  1
 225  19  1
  76  20  1
  77  20  1
  97  20  1
 159  20  1
 200  20  1
 204  20  1
 228  21  1
  73  22  1
  92  22  1
 104  22  1
  81  23  1
 120  23  1
 122  23  1
 195  23  1
 231  23  1
 145  24  1
 147  24  1
 148  24  1
 160  24  1
 182  24  2
 215  24  2
  67  25  1
  68  25  1
  85  25  2
  97  25  1
 140  25  1
 205  25  1
 206  25  1
  92  26  1
 111  26  1
 215  26  2
 219  26  2
 223  26  2
  75  27  1
  79  27  1
 166  27  1
 194  27  1
 198  27  1
 112  28  1
 122  28  1
 236  28  1
 133  29  1
 160  29  1
 221  29  2
 222  29  2
 181  30  3
 238  30  1
  57  31  1
 202  31  1
 218  31  2
  90  32  2
 108  32  1
 117  32  2
 134  32  1
 136  32  1
 183  32  2
 240  32  1
  53  33  1
  68  33  2
  69  33  2
  98  33  1
  81  34  2
  83  34  2
 121  34  1
 126  34  1
 143  34  1
 178  34  2
 207  34  1
 242  34  1
  50  35  1
 130  35  1
 131  35  1
 175  35  2
 176  35  2
  73  36  2
  74  36  2
 153  36  1
 154  36  1
 164  36  1
 171  36  1
  47  37  1
 211  37  2
 108  38  1
 109  38  1
 123  38  1
 164  38  1
 195  38  1
 213  38  2
 214  38  2
  44  39  1
 180  39  2
  55  40  2
  63  40  2
 109  40  1
 159  40  1
 192  40  1
  57  41  2
 144  41  1
 180  41  2
 249  41  1
  39  42  1
  59  42  2
  91  42  2
  92  42  2
  96  42  2
 111  42  1
  73  43  2
 127  43  1
 128  43  1
 185  43  1
 186  43  1
 241  43  2
 243  43  2
  36  44  1
 155  44  1
 158  44  1
 159  44  1
 168  44  2
 191  45  1
 252  45  1
  33  46  1
  60  46  2
 116  46  2
 129  47  1
 211  47  2
  62  48  2
  73  48  2
 121  48  2
 162  48  2
 200  48  2
  82  49  2
 110  49  1
 117  49  2
 255  49  1
 112  50  1
 113  50  1
 173  50  1
 197  50  2
 203  50  2
  39  51  2
  47  51  2
  48  51  2
 194  51  2
  66  53  2
  81  53  2
 174  53  1
 235  53  2
 119  54  1
 120  54  1
 218  54  2
  23  55  1
  37  55  2
 260  55  1
 116  56  1
 117  56  1
 142  56  2
 207  56  2
 208  56  2
 221  56  2
 103  57  2
 190  57  2
  41  58  2
 111  58  2
 112  58  1
  29  59  2
  70  59  2
  71  59  2
  83  59  2
 139  59  2
 159  59  2
 262  59  1
  25  60  2
 164  60  2
 194  60  2
 195  60  2
 208  60  2
 209  60  2
 218  60  2
 220  60  2
 169  61  1
 216  61  2
 251  61  2
  18  62  1
 147  62  2
 256  62  2
 264  62  1
  31  63  2
  60  63  2
  69  63  2
 162  63  2
 151  64  1
 152  64  1
 222  64  2
 243  64  2
  15  65  1
  23  65  2
 209  65  2
 214  65  2
 217  65  2
 237  65  2
 266  65  1
 165  66  1
 171  66  2
 185  66  2
 225  66  2
 230  66  2
  68  67  2
 140  67  2
 146  67  2
 175  67  2
  77  68  3
 134  68  2
 199  68  2
 200  68  2
 205  68  2
 233  68  2
 268  68  1
  12  69  1
 156  69  1
 243  69  2
 245  69  2
  57  70  2
  58  70  2
  65  71  2
  66  71  2
  67  71  2
  86  71  3
 151  71  1
 152  71  1
 182  72  1
 186  72  1
 197  72  2
 223  72  2
  10  73  1
  29  73  1
 192  73  2
 199  73  2
 247  73  2
 272  73  1
  17  74  1
  21  74  1
  37  74  1
  61  74  3
 134  74  2
 160  74  1
 161  74  1
 206  74  2
 179  76  1
 191  76  2
 253  76  2
 274  76  1
 242  77  2
 204  78  2
 205  78  2
   6  79  1
  34  79  2
  48  79  2
 162  79  1
  41  80  2
 125  80  2
 127  80  2
 154  80  1
 178  80  1
 243  80  2
 244  80  2
 275  80  1
 276  80  1
  21  81  2
  27  81  2
  28  81  2
 142  81  1
  31  82  2
  53  82  2
 172  82  1
 181  82  1
 182  82  1
 204  82  2
 238  82  2
 257  82  2
 115  83  2
 140  83  1
 240  83  2
 241  83  2
   4  84  1
   5  84  1
  11  84  1
 122  84  2
 204  84  2
 258  84  2
 220  85  1
 221  85  1
 266  85  2
 277  85  1
 278  85  1
  35  86  2
 155  86  1
 156  86  1
 204  86  2
 227  86  1
 235  86  2
 111  87  2
 246  87  2
 247  87  2
 149  88  1
 165  88  1
 182  88  1
 261  88  1
 278  88  1
 279  88  1
  12  89  2
  13  89  2
  17  89  1
  89  89  2
 123  89  2
 127  89  2
 131  89  2
 137  89  2
 154  89  1
   2  90  1
   3  90  1
 161  90  1
 223  90  1
 274  90  1
  32  91  2
 230  91  1
 256  91  1
 111  92  2
 139  92  1
 159  92  1
 177  92  1
 178  92  1
   1  93  1
   2  93  1
 143  93  1
 144  93  1
 182  93  1
 262  93  1
 270  93  1
  13  94  2
  68  94  2
 107  94  2
 128  94  1
 146  94  1
 156  94  1
 240  94  2
 118  95  2
 164  95  1
 166  95  1
 169  95  1
 170  95  1
 180  95  1
 226  95  1
  21  96  2
  27  96  2
 218  96  2
 121  97  2
 133  97  1
 231  97  2
 255  97  1
 270  97  2
   1  98  1
  17  98  1
  61  98  3
 160  98  1
 178  98  1
 148  99  1
 150  99  1
 176  99  1
 228  99  3
  14 100  1
  80 100  1
  81 100  1
 144 100  1
 158 100  1
 258 100  1
 261 100  1
   8 101  2
  68 101  2
  69 101  2
  73 101  2
 108 101  2
 172 101  1
 195 101  2
 222 101  2
  31 102  3
 139 102  1
 216 102  2
 218 102  2
 250 102  2
 252 102  2
  46 103  1
  84 103  1
  89 103  1
 161 103  1
 197 103  2
 198 103  2
  93 104  1
 128 104  1
 163 104  1
 211 104  2
 212 104  2
 245 104  2
 264 104  2
  12 105  1
  13 105  1
  50 105  1
 109 105  2
 167 105  1
 269 105  2
   6 106  2
 193 106  2
  47 107  1
  67 107  1
  71 107  1
  87 107  1
  89 107  1
  99 107  1
 120 107  1
 144 107  1
 197 107  2
 238 107  2
  53 108  1
  64 108  1
 173 108  2
 176 108  2
  12 109  1
  38 109  1
  61 109  1
  93 109  1
 187 109  2
 240 109  2
 245 109  2
 269 109  2
  33 110  1
  59 110  1
  79 110  1
 136 110  1
 162 110  2
 169 110  2
 170 110  2
 220 110  1
  41 111  1
  46 111  1
 178 111  2
 179 111  2
 229 111  1
 240 111  2
 245 111  2
  20 113  1
 132 113  1
 223 113  1
  54 114  1
 198 114  2
 206 114  2
 242 114  2
  26 115  2
  37 115  1
 101 115  1
 225 115  1
 259 115  2
  44 116  1
  83 116  1
  84 116  1
 174 116  2
 178 116  2
 205 116  2
 242 116  2
 251 116  2
   1 117  1
  37 117  1
 127 117  1
  86 118  1
  87 118  1
 123 118  1
 198 118  2
  28 119  2
  36 119  1
  37 119  1
  46 119  1
  53 119  1
  92 119  2
  10 120  1
  95 120  2
 102 120  1
 179 120  2
 180 120  2
 202 120  2
   1 121  1
 121 121  1
 128 121  2
  50 122  1
 133 122  2
 148 122  1
 240 122  1
 248 122  2
 262 122  1
 273 122  1
 275 122  1
   2 123  1
   3 123  1
  21 123  1
  31 123  2
 229 123  1
 258 123  1
  16 124  1
 142 124  1
 224 124  1
 269 124  1
   5 125  1
  40 125  1
  41 125  1
  58 125  1
  62 125  1
 126 125  1
 151 125  1
 186 125  1
 266 125  1
   9 126  1
  10 126  1
  11 126  1
  25 126  1
 105 126  1
 118 126  1
 130 126  1
 139 126  1
 181 126  1
 201 126  1
 262 126  1
 122 127  1
 179 127  1
 239 127  1
  13 128  1
  19 128  1
  63 128  1
  93 128  1
 101 128  1
 175 128  1
 149 129  2
 167 129  3
 274 129  1
 275 129  1
  32 130  1
  46 130  1
 143 130  1
 137 131  1
 255 131  1
  19 132  1
  25 132  1
  27 132  1
  56 132  1
 123 132  1
 151 132  1
 180 132  1
 230 132  1
  90 133  1
  85 134  1
  98 134  1
 107 134  1
 114 134  1
 115 134  1
 144 134  1
 185 134  1
 194 134  1
  11 135  1
  46 135  1
 190 135  1
 270 135  2
  41 136  1
 208 136  2
 241 136  2
   8 137  1
   9 137  1
  16 137  1
  20 137  1
  28 137  1
  31 137  1
  66 137  1
  75 137  1
  95 137  1
 111 137  1
 125 137  1
 126 137  1
 246 137  1
 249 137  1
 251 137  1
   4 138  1
 204 138  2
 230 138  1
 231 138  1
  22 139  1
 118 139  1
 241 139  2
 242 139  2
  38 140  1
  71 140  1
  78 140  1
 177 140  2
 181 140  2
 183 140  2
 234 140  1
 274 140  2
   1 141  1
  12 141  1
  82 141  1
  90 141  1
 102 141  2
 194 141  2
 226 141  1
  26 142  1
  60 142  1
  95 142  1
 107 142  2
 123 142  1
 125 142  1
 152 142  1
 247 142  2
  88 143  1
 205 143  2
 253 143  2
  19 144  1
 131 144  1
 139 144  1
 154 144  1
 187 144  2
 249 144  2
  79 145  1
  87 145  1
  88 145  1
 199 145  2
  24 146  1
  38 146  1
  57 146  1
  94 146  2
 232 146  1
 276 146  2
 278 146  2
  10 147  1
 141 147  1
 156 147  1
 158 147  1
 169 147  1
 223 147  1
  26 148  1
 127 148  1
 147 148  1
 182 148  2
  84 149  1
 156 149  1
  60 150  1
  65 150  1
  99 150  1
 121 150  1
 189 150  2
 190 150  2
  31 151  1
  46 151  1
  56 151  1
  67 151  1
  79 151  1
 143 151  1
 230 151  1
 232 151  1
 238 151  1
 239 151  1
 274 151  2
 277 151  2
  38 152  1
  51 152  1
  74 152  2
 220 152  1
  95 153  1
 155 153  1
 246 153  1
 247 153  1
 249 153  1
 254 153  1
 225 154  1
 266 154  1
   1 155  1
  13 155  1
 158 155  1
 159 155  1
 174 155  1
 212 155  1
   5 156  1
  78 156  1
 142 156  1
 169 156  1
 230 156  1
  87 157  1
 254 157  1
 259 157  1
 263 157  1
 215 158  1
 252 158  1
 257 158  1
 273 158  1
  14 159  1
  15 159  1
  71 159  1
  72 159  1
  97 159  2
  98 159  2
 146 159  1
 154 159  1
 164 159  1
 166 159  1
 174 159  1
 234 159  1
 246 159  1
 247 159  1
  42 160  2
  86 160  1
 158 160  1
 159 160  1
 177 160  1
 180 160  1
 205 160  1
 167 161  1
 183 161  1
 208 161  1
 220 161  1
 221 161  1
 240 161  1
   6 162  1
  48 162  2
  68 162  2
  82 162  1
 253 162  2
 255 162  3
  74 163  1
 220 163  1
 246 163  2
 263 163  2
 270 163  1
  80 164  1
 125 164  2
 235 164  1
  53 165  2
 129 165  2
 147 165  2
 148 165  2
 156 165  1
 169 165  1
 184 165  1
 205 165  2
 221 165  1
  71 166  2
 115 166  2
 160 166  1
 176 166  1
 195 167  2
 221 167  1
 223 167  1
 230 167  1
 275 167  1
 132 168  2
 268 168  2
  20 169  2
 164 169  1
 178 169  1
 195 169  2
 256 169  1
   2 170  1
   3 170  1
  30 170  2
  31 170  2
 109 170  2
 114 170  2
 190 170  1
 209 170  2
 272 170  2
 273 170  2
 180 171  1
 181 171  1
 197 171  2
 213 171  2
 226 171  1
 105 172  2
 190 172  1
 200 172  2
 202 172  2
 217 172  2
 281 172  1
 282 172  1
  23 173  2
  94 173  2
 185 173  1
 186 173  1
  30 174  1
 105 174  2
 190 174  1
 191 174  1
 217 174  2
 238 174  2
 242 174  2
 119 175  2
 174 175  1
 224 175  1
 229 175  1
   4 176  1
   5 176  1
  26 176  1
  33 176  1
  64 176  2
 127 176  2
 217 176  2
 219 176  2
 250 176  1
 262 176  3
  20 177  2
 111 177  2
 215 177  2
  12 178  1
  90 178  2
 127 178  2
 279 178  1
 280 178  1
  24 179  1
 111 179  2
 140 179  2
 254 179  1
 255 179  1
 270 179  1
 271 179  1
  21 180  4
  95 180  2
 146 180  2
 147 180  2
 183 180  1
 188 180  1
 203 180  2
 212 180  2
 213 180  2
 252 180  1
   6 181  1
   7 181  1
  52 181  2
  56 181  2
 109 181  2
 255 181  1
 206 182  2
 104 183  2
 128 183  2
 232 183  2
 245 183  1
 246 183  1
 267 183  1
 277 183  1
 278 183  1
  13 184  1
  31 184  2
  98 184  2
 201 184  2
 220 184  2
 253 184  1
 269 184  1
 270 184  1
  46 185  2
 125 185  2
   8 186  1
  17 186  1
  53 186  2
  55 186  2
  91 186  2
 167 186  1
 241 186  1
 242 186  1
  21 187  1
  60 187  2
 120 187  2
 143 187  2
 160 187  1
 227 187  2
 260 187  1
 133 188  2
 168 188  1
 201 188  2
 251 188  2
 253 188  1
  21 189  1
  32 189  2
  46 189  2
 131 189  2
 158 189  1
 174 189  1
 194 189  2
 213 189  2
  40 190  2
  41 190  2
  92 190  2
 186 190  2
 187 190  2
 188 190  2
 198 190  2
 274 190  1
  11 191  1
 152 191  1
 210 191  2
  61 192  2
  62 192  2
 113 193  2
 178 193  1
 179 193  1
  13 194  1
  19 194  1
  24 194  1
  25 194  1
  39 194  2
 163 194  1
 168 194  1
 169 194  1
 191 194  2
 196 194  2
  36 195  2
 153 195  1
 159 195  1
 165 195  1
 209 195  2
 248 195  1
  15 196  1
  29 196  2
  66 196  2
  67 196  2
  85 196  2
 151 196  1
 197 196  2
 198 196  2
 270 196  1
 140 197  1
 143 197  1
 144 197  1
 243 197  1
 258 197  1
 259 197  1
  16 198  1
  25 198  1
  84 198  2
  82 200  2
  84 200  2
 173 200  1
 174 200  1
  86 201  2
  87 201  2
 135 201  1
 144 201  1
 149 201  1
 162 201  2
 178 201  1
 204 201  1
 205 201  1
 209 201  1
  20 202  1
  66 202  2
  67 202  2
 166 202  1
 167 202  1
  90 203  2
 181 203  1
 202 203  1
 213 203  1
 151 204  1
 170 204  1
 263 204  1
  62 205  2
 157 205  2
 183 205  1
 184 205  1
 153 206  1
 161 207  2
 217 207  1
 261 207  1
  64 208  2
  91 208  2
 124 208  2
 231 208  3
  28 209  1
 128 209  1
 142 209  1
 164 209  1
 200 209  1
 201 209  1
 220 209  1
 226 209  1
  50 210  2
 154 210  1
 169 210  1
 170 210  1
  30 211  1
  92 211  2
  93 211  2
 149 211  1
 227 211  1
 228 211  1
 121 212  2
  67 213  2
  86 213  1
 148 213  1
 178 213  2
 182 213  2
 257 213  1
  58 214  2
 135 214  1
 234 214  2
 235 214  2
  48 215  2
  52 215  2
 148 215  1
 162 215  1
 169 215  1
  56 216  2
 174 216  2
 175 216  2
 222 216  1
  77 217  2
 225 217  1
  38 218  1
 184 218  1
 231 218  2
 239 218  2
 253 218  1
  90 219  1
  96 219  2
 143 219  1
 144 219  1
 195 219  1
 234 219  2
 251 220  1
  45 221  1
  98 221  2
 222 221  1
 101 222  2
 102 222  2
 103 222  2
 110 222  2
 111 222  2
 153 222  1
 155 222  1
 160 222  1
 165 222  1
 166 222  1
 238 222  2
  48 223  1
  49 223  1
  64 223  2
 116 223  2
 117 223  2
 183 223  1
 189 223  1
 190 223  1
  92 224  1
  93 224  1
 143 224  1
 148 224  1
 194 224  1
 247 224  1
  52 225  1
 218 225  2
 219 225  2
  93 226  1
 158 226  1
 245 226  1
  55 227  1
 120 227  2
  93 228  1
  94 228  1
 109 228  2
 140 228  1
 141 228  1
  60 230  1
 176 230  2
 240 230  1
 125 231  2
 150 231  1
 155 231  1
 114 232  2
 120 232  2
 141 232  1
 236 232  1
  65 233  1
  66 233  1
  87 234  1
  88 234  1
 108 234  2
 222 234  1
 233 234  1
 118 235  2
 175 235  2
  71 236  1
  81 236  1
 131 236  2
 168 236  1
 125 237  2
 129 237  2
 144 237  1
 161 237  1
  74 238  1
 156 238  1
 157 238  1
 215 238  2
 228 238  1
  77 240  1
 155 240  1
 164 240  1
 177 240  1
  80 242  1
  81 242  1
 166 242  1
 221 242  1
  96 243  1
 118 243  2
 217 243  1
 218 243  1
 123 244  2
  86 245  1
  88 245  1
 113 245  2
 117 245  2
 146 245  1
 169 245  1
 171 245  1
 173 245  1
  91 246  1
 179 246  1
 147 247  1
 209 247  1
 210 247  1
 211 247  1
 123 248  2
 138 248  2
 167 248  2
 174 249  1
 146 250  1
 161 251  2
 173 251  1
 174 251  1
 154 252  1
 121 253  1
 194 253  1
 192 254  1
 145 256  1


count = 1186