 154   1  1
 155   1  1
 170   1  1
 146   2  1
 142   3  1
 144   3  1
 187   4  1
 130   7  1
 155   7  2
 156   7  2
 165   7  2
 199   7  1
 201   9  1
 160  10  2
 206  10  1
 138  11  2
 154  11  2
 115  12  1
 143  12  2
 112  13  1
 110  14  1
 212  14  1
 165  15  2
 155  16  2
 214  16  1
 104  17  1
 105  17  1
 144  17  2
 171  17  2
 146  19  2
 100  20  1
 221  20  1
  96  21  1
  97  21  1
 146  21  2
 226  22  1
 109  23  1
  91  24  1
  92  24  1
 229  24  1
  87  25  1
  82  27  1
 153  28  2
 225  28  2
 233  28  1
  80  29  1
 112  29  1
 207  29  2
  76  30  1
  77  30  1
 107  32  1
 120  32  1
 122  32  1
 179  32  1
 236  32  1
  73  33  1
 148  33  2
 176  35  1
 216  35  2
 238  35  1
  67  36  1
  81  36  1
 105  36  1
 127  36  1
 128  36  1
 145  37  2
 156  37  2
 157  37  2
 158  37  2
  87  38  1
 135  38  1
 136  38  2
 153  38  2
  89  40  1
 123  40  1
 218  41  2
  51  42  1
  52  42  1
 132  42  2
 242  42  1
 118  43  1
 176  43  1
 177  43  1
 228  43  2
 128  44  1
 203  44  2
 244  44  1
  47  45  1
  98  46  1
 108  46  1
 160  46  1
 223  46  2
 224  46  2
 246  46  1
  43  47  1
 105  47  1
 106  47  1
 137  47  1
 119  48  1
 121  48  2
 130  48  1
 163  48  1
 164  48  1
 248  48  1
  41  49  1
 157  49  1
  78  50  2
 171  50  1
 251  50  1
 101  51  1
 139  51  1
 166  51  1
  37  52  1
 118  52  1
 144  52  1
 145  52  1
 253  52  1
  60  53  2
 106  53  1
 177  53  1
 255  53  1
  35  54  1
  80  54  2
 238  54  2
  59  55  2
  75  55  2
  84  55  1
  85  55  1
  92  55  1
  94  55  1
  97  55  1
 138  55  1
 174  55  1
 257  55  1
 248  56  2
  97  57  1
 101  57  1
 102  57  1
 201  57  2
 202  57  2
 142  58  1
 143  58  1
 150  58  1
 151  58  1
 163  58  2
 168  58  1
  71  59  1
  84  59  1
  98  59  1
 261  59  1
  28  60  1
 106  61  1
 107  61  1
 253  61  2
 263  61  1
  25  62  1
  33  62  2
  73  62  1
 101  62  2
 248  62  2
 175  63  1
 176  63  1
 221  63  2
 264  63  1
  23  64  1
  87  64  1
  88  64  1
  81  66  1
  82  66  1
 155  66  2
 228  66  2
 266  66  1
  27  67  2
  74  67  1
 101  67  2
 106  67  1
 107  67  1
 177  67  1
 178  67  1
  33  68  2
  34  68  2
  97  68  2
 144  68  2
 173  68  2
  80  69  1
  81  69  1
 199  69  1
 255  69  1
 192  70  1
 214  70  2
 215  70  2
  76  71  1
 151  71  1
 261  71  2
 270  71  1
  72  72  1
  74  72  1
 103  72  2
 156  72  1
 189  72  1
 201  72  1
  99  73  2
 147  73  2
 167  73  2
 168  73  2
 171  73  2
 185  73  1
 206  73  1
  25  74  2
 116  74  2
 251  74  1
 263  74  2
 264  74  2
  12  75  1
  77  76  2
  89  76  1
 180  76  1
 193  76  1
 195  76  1
 197  76  1
 253  76  1
  94  77  1
 119  77  2
 148  77  2
 213  77  1
 215  77  1
 263  77  2
  24  78  2
  72  78  1
  87  78  1
  96  78  1
 139  78  2
 140  78  2
 156  78  1
 192  78  1
 218  78  1
 258  78  1
 100  79  1
 101  79  1
 184  79  1
 267  79  1
  10  80  1
 188  80  1
 258  80  1
 274  80  1
 275  80  1
  76  81  1
  83  81  1
 113  81  2
 117  81  2
 127  81  2
 148  81  1
 152  81  1
 222  81  1
 223  81  1
  25  82  2
 125  82  2
 139  82  2
 140  82  2
 176  82  2
 194  82  1
  13  83  1
  14  83  1
  97  83  2
 145  83  1
 166  83  2
 211  83  1
 223  83  1
 101  84  2
 254  84  1
  35  85  2
  92  85  3
 250  85  1
 252  85  1
   6  86  1
   7  86  1
  85  86  2
  87  86  2
 200  86  1
 202  86  1
 214  86  1
  17  87  1
  18  87  1
 143  87  1
 176  87  1
 249  87  1
 250  87  1
  23  88  2
  24  88  2
 116  88  2
 117  88  2
 159  88  2
 190  88  1
 218  88  1
 222  88  1
  10  89  1
  93  89  2
  89  90  2
 138  90  1
 262  90  1
   4  91  1
 257  91  1
  14  92  1
  15  92  1
  16  92  1
  86  92  2
 165  92  2
 211  92  2
 252  92  1
 268  92  1
  93  93  2
  94  93  2
 135  93  1
 157  93  2
 229  93  1
 230  93  1
 277  93  1
  35  94  2
 129  94  1
 150  94  2
 234  94  1
 175  95  1
 176  95  1
   2  96  1
   3  96  1
  82  96  2
  83  96  2
 127  96  1
 129  96  1
  21  97  1
 203  97  2
 204  97  2
 258  97  1
  17  98  1
  30  98  2
  90  98  2
 249  98  1
 282  99  1
 267 100  1
   9 101  2
  74 101  1
  79 101  1
  90 102  2
  91 102  2
 239 102  1
 261 102  2
  74 103  1
  81 103  1
  99 103  2
 243 104  1
  19 105  2
  40 105  2
  74 105  1
 256 105  1
   1 107  1
  83 107  1
  84 107  1
 196 107  2
 258 107  1
 271 107  1
 273 107  2
  78 108  1
  79 108  1
  80 108  1
 264 108  2
  33 109  2
 107 110  2
 238 110  2
 253 110  2
 260 110  1
  45 111  1
 177 111  1
 197 111  2
 272 111  1
  18 112  2
  20 112  2
  31 113  2
  87 113  1
 111 113  2
 181 113  1
 189 113  1
 274 113  1
 275 113  1
 276 113  1
 172 114  1
 193 114  1
  34 115  2
  56 115  1
  57 115  1
 202 115  1
 239 115  1
  44 116  1
  79 116  3
  90 116  1
  91 116  1
 170 116  1
 181 116  1
 182 116  1
  20 117  1
  25 117  1
  32 117  2
 166 117  1
 167 117  1
 176 117  2
 177 117  2
 204 117  1
 239 117  1
  51 118  1
  94 118  1
  96 118  1
 251 118  2
 264 118  1
 271 118  2
  27 119  1
  28 119  1
  32 119  2
  33 119  2
  63 119  1
  80 119  2
  87 119  1
 108 119  1
 114 119  1
 193 119  1
 237 120  1
   8 121  1
  14 121  1
  91 121  1
 102 121  1
 266 121  1
  68 122  1
  69 122  1
 118 122  1
  76 123  1
  78 123  1
 123 123  1
 198 123  1
 205 123  1
 250 123  2
 251 123  2
 280 123  1
 281 123  1
  82 124  1
  95 124  1
 238 124  2
 239 124  2
 268 124  1
 270 124  1
 244 125  2
   7 126  1
 116 126  1
 160 126  1
 200 126  1
 247 126  2
 248 126  2
 249 126  2
   1 127  1
  31 127  1
  46 127  1
  99 127  1
 128 127  1
 165 127  1
 166 127  1
 196 127  1
 214 127  1
  22 128  1
  68 128  1
 131 128  1
 150 128  1
  13 129  1
  14 129  1
 119 129  1
 216 129  1
 235 129  1
  22 130  1
 123 130  1
 141 130  1
 168 130  1
 232 130  1
 227 131  1
 271 131  1
 274 131  1
   3 132  1
   4 132  1
  59 132  1
 203 132  1
 210 132  1
 251 132  1
  40 133  1
  41 133  1
 258 133  1
 279 133  1
  12 134  1
  13 134  1
  45 134  1
  64 134  1
 132 134  1
 153 134  1
 160 134  1
  54 135  1
  55 135  1
 180 135  1
 186 135  1
 213 135  1
 214 135  1
 239 135  1
   3 136  1
   4 136  1
 110 136  1
 119 136  1
 121 136  1
 193 136  1
 202 136  1
 205 136  1
 281 136  1
 282 136  1
   9 137  1
  27 137  1
  56 137  1
 102 137  1
 171 137  1
 188 137  1
 262 137  1
 269 137  1
  60 138  1
 197 138  1
 198 138  1
 247 138  1
   1 139  1
  39 139  1
  47 139  1
 126 139  1
 142 139  1
 160 139  1
  34 140  1
  97 140  1
 146 140  1
 177 140  1
 178 140  1
 186 140  2
 195 140  1
 210 140  1
 224 140  2
 230 140  2
   1 141  1
   8 141  1
  29 141  1
  30 141  1
  67 141  1
 122 141  1
 123 141  1
 202 141  1
 245 141  2
  24 142  1
  54 142  1
  94 142  1
 118 142  1
 224 142  2
 176 143  1
 187 143  2
 237 143  2
  54 144  1
 104 144  1
 106 144  1
 199 144  1
 249 144  2
  44 145  1
  46 145  1
  90 145  1
 102 145  1
 115 145  1
 168 145  1
 276 145  1
  30 146  1
  31 146  1
  38 146  1
  88 146  1
 111 146  1
 189 146  1
 175 147  1
 176 147  1
 231 147  2
  27 148  1
  57 148  1
  58 148  1
  87 148  1
  94 148  1
 189 148  1
  20 149  2
  21 149  2
 137 149  2
 178 149  1
 226 149  2
  33 150  1
  85 150  1
 145 150  2
 164 150  2
 262 150  2
  22 151  1
  91 151  1
  50 152  1
 150 152  2
 151 152  2
 181 152  1
 185 152  1
   1 153  1
  10 153  2
  21 153  1
 195 153  2
 199 153  2
  57 154  1
  81 154  1
  89 154  1
  10 155  2
  20 155  1
  21 155  1
  52 155  1
  30 156  1
  87 156  1
 190 156  2
 258 156  2
  79 157  1
 208 157  2
 209 157  2
 124 158  1
 150 158  2
 196 158  2
  48 159  1
 131 159  1
 132 159  1
  36 160  1
 146 160  2
 203 160  2
 205 160  2
  76 161  1
  83 161  1
  84 161  1
 135 161  1
 137 161  1
   2 162  1
   3 162  1
 123 162  1
 140 162  1
  74 163  1
 142 163  1
 213 163  2
 239 163  1
 243 163  1
 245 163  1
 117 164  1
 128 164  1
 237 164  1
 262 164  2
  81 165  1
  82 165  1
 144 165  1
 149 166  1
 188 166  1
 236 166  1
  20 167  2
  74 167  1
 129 167  1
  68 168  2
 193 168  1
 261 168  1
  65 169  2
 152 169  1
   4 170  1
   5 170  1
  91 170  2
 233 170  1
 241 170  1
  22 171  2
 157 171  1
 174 171  2
 258 171  1
 259 171  1
 260 171  1
  36 172  2
  74 172  1
 140 172  1
 171 172  2
 183 172  1
 195 172  1
 209 172  1
 222 172  2
 231 172  1
   5 173  1
   6 173  1
  84 173  2
 136 173  1
 197 173  1
 236 173  1
 280 173  1
 142 174  1
 162 174  1
 171 174  2
 218 174  1
 228 174  1
 136 175  1
  27 176  1
 165 176  1
 201 176  1
  69 177  2
 169 177  1
 221 177  1
 223 177  1
  47 178  2
 146 178  1
 189 178  1
 191 178  1
 250 178  1
 251 178  1
 277 178  1
 278 178  1
  20 179  1
  38 179  2
 116 179  2
 117 179  2
 137 179  1
 169 179  1
 217 179  1
 230 179  1
  17 180  1
 171 180  1
 189 180  1
 206 180  1
  12 181  1
 227 181  1
 136 182  1
 150 182  1
 189 182  1
  21 183  1
  71 183  2
 117 183  2
 174 183  1
 175 183  1
 176 183  1
 218 183  1
 275 183  1
  61 184  2
 216 184  1
   9 185  1
  10 185  1
 115 185  2
  15 186  1
  68 186  2
  81 186  2
 204 186  1
 205 186  1
 245 186  1
 246 186  1
 251 186  1
 252 186  1
 273 186  1
 142 187  1
 207 187  1
 211 187  1
 222 188  1
 223 188  1
 140 189  1
 271 189  1
  11 190  1
  62 190  2
 129 190  1
 225 191  1
  66 192  2
  67 192  2
 116 192  2
 126 192  1
 225 193  1
 226 193  1
 227 193  1
 251 194  2
 122 195  2
  15 196  1
  16 196  1
 131 196  2
 138 196  2
 259 196  2
 106 197  2
 226 197  1
 266 197  1
  25 198  2
 210 198  1
 212 198  1
 214 198  1
 123 199  2
 134 199  2
 167 199  2
 168 199  2
 204 199  1
  18 200  1
 147 200  2
 149 200  2
 114 201  2
 164 201  2
 204 201  1
 219 201  1
 234 201  1
  21 202  1
 248 202  1
 157 203  1
 204 203  1
 208 203  1
 225 203  1
 236 203  1
 262 203  1
  24 204  1
  96 204  2
 252 204  1
 155 205  1
 163 205  2
 242 205  1
  26 207  1
 227 207  1
 243 207  1
  74 209  2
 151 209  1
 210 209  1
 220 209  1
  83 210  2
  84 210  2
 132 210  1
 245 210  1
 246 210  1
 247 210  1
 108 211  2
 141 211  1
 143 211  1
 210 211  1
 211 211  1
  87 212  2
 148 212  1
 198 212  1
 202 212  1
 254 212  1
  68 213  2
  69 213  3
 129 213  1
  65 214  2
 124 214  1
 196 214  1
  54 215  2
  84 216  2
  85 216  2
 152 216  2
 171 216  2
 204 216  1
  36 217  1
  54 217  2
 228 217  1
 229 217  1
  76 218  2
  85 218  2
  99 218  1
 141 218  1
 195 218  1
 196 218  1
  39 219  1
  40 219  1
  52 219  2
  53 219  2
  65 219  2
 223 219  2
 224 219  2
  43 220  1
 106 220  1
 129 220  1
 195 220  1
 247 220  1
 170 221  2
  45 222  1
 195 222  1
 196 222  1
 205 222  1
 211 222  1
 133 223  2
 166 223  2
  79 225  2
 106 225  1
 107 225  1
 133 225  2
 215 225  1
 232 225  2
  92 226  2
 121 226  1
 143 226  2
 209 227  1
  93 228  2
 138 228  2
  53 229  1
 196 229  1
 197 229  1
 211 229  1
  55 231  1
  71 231  1
 100 231  1
 126 231  1
 154 231  2
 155 231  1
  60 232  1
 104 232  1
 105 232  1
  64 234  1
  97 234  1
 217 234  1
 177 235  1
 183 235  1
 232 235  1
  76 236  1
 156 236  1
 162 236  1
 164 236  1
  69 237  1
 101 237  1
 115 237  2
 117 237  1
 228 237  1
  90 238  1
  92 238  1
  94 238  1
 205 239  2
 225 239  1
  87 240  1
 147 240  1
  74 241  1
  98 241  1
 168 241  1
 221 241  1
 222 241  1
 112 242  2
 113 242  2
 154 242  1
 172 242  1
  97 243  1
 144 243  1
 185 243  1
 186 243  1
 206 243  2
 207 243  2
 219 243  1
  79 244  1
 192 244  1
  87 245  1
 141 245  1
 151 245  1
  89 246  1
  91 246  1
 133 246  2
 178 246  1
 215 246  1
  94 247  1
 122 247  2
 127 247  1
 183 247  1
 212 248  1
  99 249  1
 138 249  1
 182 250  1
 146 251  1
 147 251  1
 206 251  1
 207 251  1
 208 251  1
 113 253  1
 196 255  1


count = 966