 135   1  1
 139   1  1
 140   1  1
 169   1  1
 174   1  1
 131   2  1
 133   2  1
 123   4  1
 187   5  1
 118   6  1
 193   8  1
 196  10  1
 197  10  1
 134  11  1
 159  11  1
 181  11  2
 139  12  1
 200  12  1
 126  13  1
 128  14  1
 129  14  1
 203  14  1
 117  15  1
 162  15  1
  86  16  1
 174  16  1
  83  17  1
 112  17  1
 208  17  1
 129  18  1
 130  18  1
  79  19  1
  80  19  1
 121  19  1
 125  19  1
 138  19  1
 162  19  1
 163  19  1
 211  19  1
  75  21  1
  76  21  1
  77  21  1
 144  21  1
 214  21  1
 104  22  1
  67  24  1
 114  24  1
 138  24  1
 199  25  1
  64  26  1
  65  26  1
  82  26  2
  93  26  2
  98  26  1
 100  26  1
 141  26  1
 154  26  1
 190  26  1
  60  27  1
 162  27  1
 163  27  1
  58  28  1
 127  28  1
 128  28  1
  72  29  1
  78  29  2
  92  29  2
  93  29  2
 107  29  1
 150  29  1
 171  29  1
 182  29  2
 183  29  2
 206  29  1
  97  30  1
  99  30  1
 101  30  1
 157  30  1
 189  31  1
  50  32  1
  51  32  1
 110  32  1
 111  32  1
 152  32  1
 153  32  1
 174  32  1
  67  33  1
 182  33  2
  77  34  2
 129  34  1
 212  34  2
 216  34  2
 217  34  2
  46  35  1
  71  35  1
  97  35  1
 116  35  1
 123  35  1
 124  35  1
 136  35  1
 192  35  1
  57  36  1
  58  36  1
  86  36  2
  90  36  2
 140  36  1
 155  36  1
  71  37  1
  99  37  1
 111  37  1
 131  37  1
 164  37  1
 165  37  1
 171  37  1
 184  37  1
 185  37  1
 200  37  1
 179  38  1
 232  38  1
  39  39  1
  50  39  1
  51  39  1
  70  39  1
 104  39  1
 106  39  1
 127  39  1
 157  39  1
 206  39  1
 135  40  1
 234  40  1
  36  41  1
  69  41  1
 133  41  1
 144  41  1
 210  41  1
 211  41  1
  53  42  1
 113  42  1
 120  42  1
 174  42  1
 183  42  1
 184  42  1
 195  42  1
 196  42  1
 237  42  1
  66  43  1
  73  43  1
 128  43  1
 209  43  1
  45  44  2
 167  44  1
  47  45  2
  49  45  2
 104  45  1
 172  45  1
 187  45  1
 189  45  1
 190  45  1
  79  46  2
  81  46  1
  83  46  1
 132  46  1
 140  46  1
 228  46  2
 231  46  2
 244  46  1
  30  47  1
 144  47  1
 158  47  1
 164  47  1
  51  48  2
  60  48  1
  74  48  1
 116  48  2
 228  48  2
 236  48  1
  28  49  1
  85  49  1
 146  49  1
 166  49  1
 112  50  1
 228  50  2
 135  51  1
 157  51  1
 188  51  1
 189  51  1
 206  51  1
 102  52  1
 115  52  1
 125  52  2
 141  52  1
  25  53  1
  60  53  2
  64  53  2
  89  53  1
  97  53  1
 118  53  1
 119  53  1
 120  53  1
 212  53  1
 231  53  2
 232  53  2
 238  53  1
 154  54  1
 176  54  1
 204  54  1
  54  55  2
  96  55  1
 191  55  1
 253  55  1
  68  56  2
  91  56  1
  92  56  1
 146  56  4
 148  56  1
 167  56  1
 174  56  1
 230  56  2
  39  57  2
  41  57  2
  94  57  1
 241  57  1
 243  57  1
 255  57  1
  35  59  2
 199  59  1
 256  59  1
  60  60  2
 157  60  1
 239  60  1
 246  60  1
 247  60  1
 248  60  1
  31  61  2
 113  61  2
 126  61  1
 172  61  1
 189  61  1
 220  61  1
 226  61  1
 159  62  1
 202  62  1
 204  62  1
 258  62  1
  64  63  2
 118  63  2
 119  63  2
 128  63  1
 185  63  1
 196  63  1
 223  64  1
 224  64  1
  33  65  2
 196  65  1
 200  65  1
 239  65  1
 260  65  1
  12  66  1
  40  66  2
 172  66  1
 173  66  1
 174  66  1
  45  67  1
  46  67  1
 115  67  2
 232  67  1
 110  68  2
 262  68  1
  20  69  1
 191  69  1
 192  69  1
 224  69  1
  26  70  1
 110  70  2
 120  70  2
 121  70  2
 158  70  1
 226  70  1
   9  71  1
  17  71  1
  43  71  1
  45  71  1
 186  71  1
 206  71  1
 237  71  1
  93  72  2
 158  72  1
 211  72  1
 243  72  1
 245  72  1
  88  73  2
 155  73  1
 171  73  1
 252  73  1
 265  73  1
  27  74  2
  28  74  1
  76  74  2
  77  74  2
  84  74  2
 181  74  1
 119  75  2
 120  75  2
 152  75  1
 189  75  1
   7  76  1
   8  76  1
  33  76  1
 157  76  1
 158  76  1
 169  76  1
 205  76  1
 207  76  1
 229  76  1
 230  76  1
 255  76  1
  19  77  2
 187  77  1
 268  77  1
 148  78  1
 160  78  1
 165  78  1
 214  78  1
 229  78  1
  68  79  2
  77  79  2
 179  79  1
 196  79  1
 249  79  1
  17  80  2
  18  80  2
  84  80  2
 171  80  1
  11  81  2
  59  81  2
  60  81  2
 140  81  1
 145  81  1
 183  81  1
 238  81  2
 271  81  1
  27  82  1
  65  82  2
 171  82  1
 192  82  1
 230  82  1
 232  82  2
  31  83  1
  32  83  1
 125  83  3
 181  83  1
 273  84  1
  56  85  2
  61  85  2
 131  85  1
 178  85  1
 258  85  1
  34  86  1
 135  86  1
 168  86  1
 185  86  1
 205  86  2
 246  86  1
 164  87  1
 187  87  1
 188  87  1
 216  87  2
 210  88  2
 166  89  1
 188  89  1
 214  89  2
 216  89  2
 260  89  1
   3  90  1
   4  90  1
  40  90  1
  47  90  2
  82  90  1
 153  90  1
 158  90  1
 193  90  1
 249  90  1
 214  91  2
 261  91  1
 276  91  1
 277  91  1
 146  92  2
 204  92  2
 241  92  1
 242  92  1
  86  93  1
 126  93  1
 136  93  2
 137  93  2
 143  93  2
   8  94  1
   9  94  1
  37  94  1
  38  94  1
  88  94  1
  98  94  1
 149  94  1
 233  94  1
 249  94  1
  30  95  1
 172  95  1
 182  95  1
 186  95  1
 219  95  2
  13  96  1
 225  96  1
  44  97  1
  50  97  1
  81  97  1
 102  97  1
 130  97  1
 264  97  1
  39  98  1
 146  98  1
 176  98  1
 178  98  1
 208  98  2
 216  98  2
 240  98  1
 241  98  1
 252  98  1
  52  99  1
 107  99  1
 116  99  1
 120  99  1
 121  99  1
 137  99  1
 138  99  1
 188  99  1
 221  99  1
  25 100  1
  38 100  1
  39 100  1
 169 100  1
 250 100  1
 266 100  1
  55 101  1
  56 101  1
 109 101  1
 116 101  1
 129 101  1
 134 101  1
 135 101  1
 211 101  2
 212 101  2
  44 102  1
 207 102  2
 209 102  2
 115 103  1
 150 103  1
 173 103  1
 188 103  1
  12 104  1
  61 104  1
  88 104  1
 207 104  2
 262 104  2
  19 105  1
  42 105  1
 268 105  2
  37 106  1
  48 106  1
  50 106  1
  65 107  1
  89 107  1
 108 107  1
 160 107  2
 272 107  2
 113 108  1
 119 108  1
 128 108  1
 133 108  1
 155 108  2
 179 108  1
 180 108  1
 243 108  4
 245 108  1
 257 108  1
  33 109  1
 172 109  1
 222 109  1
 227 109  1
  16 110  1
  51 110  2
 253 110  1
 257 110  1
 155 111  2
 167 111  1
 169 111  1
 206 111  1
 207 111  1
 217 111  1
 249 111  1
 273 111  2
  13 112  1
 120 112  1
 189 112  1
 231 112  1
 178 113  1
 198 113  1
 203 113  1
 204 113  1
  13 114  1
  21 114  1
  42 114  2
  86 114  1
  87 114  1
 105 114  1
 113 114  1
  46 115  2
  97 115  1
 193 115  1
 251 115  2
 268 115  2
 269 115  2
  29 116  1
  40 116  2
 152 116  1
 173 116  1
 277 116  1
 278 116  1
  58 117  2
 117 117  1
 206 117  1
 237 117  1
 242 117  1
  33 118  1
  71 118  2
  72 118  2
 153 118  1
 168 118  1
 170 118  1
 208 119  1
 256 119  1
  14 120  1
  39 120  2
 244 120  1
 258 120  1
 274 120  1
 159 121  1
 191 121  1
 237 121  1
   9 122  1
  26 122  1
  94 122  1
 177 122  1
 195 122  1
 226 122  2
 268 122  1
   2 123  1
  29 123  1
  97 123  1
 115 123  1
 121 123  1
 153 124  1
 166 124  1
 198 124  1
 199 124  1
  30 125  1
  45 125  1
 103 125  1
 105 125  1
 112 125  1
 240 125  1
 146 126  1
 151 126  1
 171 126  1
 202 126  1
 210 126  1
 251 126  1
 252 126  1
 261 126  1
   5 127  1
  12 127  1
  24 127  1
  64 127  1
  74 127  2
 142 127  1
 139 128  1
 166 128  1
 175 128  1
 177 128  1
 243 128  1
 261 128  1
  68 129  2
 214 129  1
 216 129  1
  41 130  1
 155 130  1
 196 130  1
 197 130  1
 203 130  1
 204 130  1
 250 130  1
 257 130  1
 261 130  1
  27 131  1
 149 131  1
 181 131  1
 182 131  1
 232 131  1
 264 131  1
 266 131  1
  60 132  1
  64 132  1
  79 132  2
 121 132  1
 122 132  1
 160 132  1
 241 132  1
 242 132  1
   5 133  1
   6 133  1
 113 133  1
 138 133  1
 236 133  1
 270 133  1
 274 133  1
  10 134  1
 190 134  1
 197 134  1
 225 134  1
  26 135  1
 166 135  1
 212 135  1
 228 135  1
   1 136  1
   2 136  1
  50 136  2
  75 136  2
  76 136  2
 169 136  1
 207 136  1
 230 136  1
 239 136  1
 278 136  1
  99 137  1
 116 137  1
 177 137  1
 248 137  1
 249 137  1
 250 137  1
 280 137  1
  11 138  1
  95 138  1
 160 138  1
 161 138  1
 190 138  1
  13 139  1
 140 139  2
 141 139  2
 180 139  1
 181 139  1
  16 140  1
  47 140  2
 205 140  1
 281 140  1
 282 140  1
  42 141  2
  92 141  1
 100 141  1
 170 141  1
   7 142  1
   8 142  1
  16 142  1
  60 142  2
  61 142  2
 122 142  2
 123 142  2
 124 142  2
 200 142  1
 201 142  1
 248 142  1
 115 143  1
 116 143  1
 171 143  1
 172 143  1
  37 144  1
  88 144  1
 198 144  1
   1 145  1
  53 145  2
 103 145  1
 114 145  1
  12 146  1
 101 146  1
 182 146  1
 193 146  1
  93 147  1
 239 147  1
  21 148  1
  26 148  4
  35 148  1
  39 148  1
  40 148  1
  78 148  1
 245 148  1
  47 149  2
  52 149  2
 163 149  1
 192 149  1
 227 149  1
  12 150  1
  22 150  1
  27 150  1
  67 150  2
 158 150  1
  97 151  1
 181 151  1
 227 151  1
  29 152  1
  34 152  1
 252 152  1
 272 152  1
  15 153  1
  91 153  1
 111 153  2
 195 153  1
  60 154  2
  61 154  2
 166 154  1
  15 155  1
 103 155  2
 169 155  1
 186 155  1
 224 155  1
 264 155  1
  88 156  1
  15 157  1
  75 157  2
  77 157  2
  79 157  2
  86 157  1
 194 157  1
 219 157  1
 253 157  1
 263 157  1
  10 158  3
  47 158  2
  49 158  2
  57 158  2
  58 158  2
 102 158  2
 103 158  2
 108 158  2
 172 158  1
 202 158  2
  63 159  2
  65 159  2
 155 159  1
 233 159  1
 235 159  1
  27 160  1
 220 160  1
 103 161  2
  51 162  2
  78 162  2
  82 162  1
 127 162  1
 145 162  1
 174 162  1
 204 162  2
 231 162  2
 243 162  1
  59 163  2
  70 163  2
 195 163  1
 196 163  1
 268 163  1
  82 164  1
 204 164  2
  10 165  1
  11 165  1
  26 165  1
  34 165  2
  64 165  2
 119 165  1
 120 165  1
 130 165  1
 215 165  2
 233 165  2
 268 165  1
  41 166  2
  82 166  1
  96 166  2
 148 166  1
 178 166  1
 217 166  2
 219 166  2
 243 166  1
 253 166  1
 264 166  1
 265 166  1
  23 167  1
  24 167  1
 132 167  1
 209 167  2
  41 168  2
  52 168  2
  74 168  2
  76 168  2
  82 168  1
  84 168  1
 124 168  1
 238 168  1
 239 168  1
 116 169  1
 155 169  1
 156 169  1
 205 169  2
 214 169  2
 223 169  2
  64 170  2
 120 170  1
 176 170  1
 230 170  2
 237 170  1
 279 170  1
 126 171  1
 169 171  1
 197 171  1
 220 171  2
 227 171  2
 268 171  1
  39 172  2
 167 172  1
 180 172  1
 181 172  1
 185 172  1
 190 172  1
 191 172  1
 192 172  1
 202 172  2
 106 173  1
 108 173  1
 127 173  1
 128 173  1
 162 173  1
 166 174  1
 195 174  1
 202 174  2
 209 174  2
 248 174  1
 276 174  1
 133 175  1
 142 175  1
 251 175  1
  36 176  2
  66 176  1
 100 176  1
 101 176  1
 186 176  1
 223 176  2
 174 177  1
 213 177  2
 215 177  2
 232 177  1
 237 177  1
  27 178  2
  28 178  2
 101 178  1
 152 178  1
 168 178  1
 253 178  1
   7 179  1
  14 179  1
 170 179  1
 179 179  1
  70 180  1
 110 180  1
 157 180  1
 159 180  1
 198 180  1
 246 180  1
 247 180  1
 257 180  1
  82 181  2
 184 181  1
 185 181  1
 187 181  1
 228 181  1
 250 181  1
 260 181  1
 173 182  1
  39 183  2
 112 183  1
 151 183  1
  19 184  2
 120 184  1
 214 184  1
 224 184  1
 246 184  1
 272 184  1
 273 184  1
  43 185  2
  77 185  2
 182 185  1
 183 185  1
 193 185  1
 264 185  1
  57 186  2
  58 186  2
  92 186  2
 122 186  1
 205 186  1
  76 187  2
 127 187  1
 129 187  1
 142 187  1
 144 187  1
 146 187  1
 195 187  1
 228 187  1
 258 187  1
 136 188  1
 178 188  1
 213 188  1
 214 188  1
 163 189  1
 164 189  1
 198 189  1
 253 189  1
  13 190  1
  87 190  2
  88 190  1
 151 190  2
 182 190  1
  30 191  2
  31 191  2
 103 191  1
 118 191  1
 253 191  1
  15 192  1
 130 192  1
 143 192  2
 236 192  1
 269 192  1
  37 193  2
  62 193  2
  76 193  2
 126 193  1
 128 193  1
  94 194  1
 113 194  1
 251 194  1
 267 194  1
  18 196  1
  47 196  1
  97 196  1
 102 196  1
 106 196  1
 107 196  1
 113 196  1
 123 196  1
  53 197  1
 117 197  1
 223 197  1
  42 198  1
  43 198  1
 134 198  1
 135 198  1
 152 198  1
 155 198  1
 156 198  1
 249 198  1
 264 198  1
 148 199  1
 162 199  1
 209 199  1
 210 199  1
 211 199  1
  21 200  1
 143 201  1
 238 201  1
 111 202  1
 130 202  1
 131 202  1
 155 202  1
 232 202  1
 261 202  1
  48 203  1
 117 203  1
 149 203  1
 135 205  1
 113 206  1
 118 206  1
 148 206  1
 225 206  2
 258 206  1
 106 207  1
 139 207  1
 153 207  1
 109 208  1
 183 208  1
 136 209  1
 137 209  1
  31 210  1
  87 210  1
  95 210  1
  96 210  1
 160 210  3
  80 211  1
  81 211  1
 105 211  1
 112 211  1
 136 211  1
 192 211  1
 195 211  1
 254 211  1
  87 212  1
 130 213  1
 134 213  1
  49 214  2
 100 214  1
 106 214  1
 175 214  1
 251 214  1
  51 215  2
 116 215  1
 118 215  1
 120 215  1
 169 215  1
 197 215  1
  56 216  2
  57 216  2
  72 216  2
  94 216  1
 177 216  1
 194 216  1
 207 216  1
 112 217  1
 113 217  1
 201 217  1
 104 218  1
 167 218  1
 210 218  1
 212 218  1
 246 218  1
  41 219  1
  50 219  2
  89 219  1
  90 219  1
 199 219  1
 109 220  2
 176 220  1
 177 220  1
 194 220  1
  54 221  2
  61 221  2
  99 222  3
 142 222  1
  46 223  1
  77 223  1
 137 223  1
 240 223  1
 203 224  1
  50 225  1
  67 225  2
  88 225  1
 163 225  1
 222 225  2
 236 225  1
 237 225  1
 107 226  5
 109 226  2
 133 226  1
 205 226  1
 206 226  1
 208 227  1
 217 227  2
 223 227  2
 233 227  1
  73 228  2
  74 228  2
 137 228  1
 138 228  1
 102 229  1
 103 229  1
  56 230  1
  88 230  1
 218 230  2
 145 231  1
 228 231  1
  65 232  1
 111 232  2
 112 232  2
 134 232  1
 162 232  1
  89 233  1
 160 233  1
  69 234  1
  70 234  1
 106 234  1
 107 234  1
 140 234  1
 196 234  2
 137 235  1
 204 235  2
 222 235  1
  72 236  1
  76 237  1
  77 237  1
 113 237  2
 137 237  1
 191 237  1
 220 237  1
 111 238  2
 142 238  1
 183 238  1
 195 238  2
 205 238  2
 139 239  1
 149 239  1
 167 239  2
 187 239  1
 216 239  1
  81 240  1
  82 240  1
 111 241  2
 138 241  1
 177 241  1
 181 241  1
 213 241  1
  85 242  1
  87 242  1
 116 242  1
 120 242  1
 121 242  1
 150 242  1
 211 243  1
 115 244  1
 116 244  1
 176 244  1
 209 244  1
 164 245  1
 165 245  1
 122 246  1
 206 246  1
 137 247  1
 118 249  1
 149 250  2
 150 250  2
 161 250  1
 162 250  1
 165 250  1
 197 250  1
 131 252  1
 193 252  1
 194 252  1
 195 252  1
 142 255  1
 183 255  1


count = 1157