 168   1  1
 169   1  1
 182   1  1
 191   2  1
 145   3  1
 194   3  1
 113   8  1
 157   8  1
 176   8  2
 182   8  1
 189   8  1
 136   9  1
 162   9  1
 173   9  2
 211   9  1
 213   9  1
 111  10  1
 141  10  1
 147  10  1
 172  12  2
 197  12  1
  92  13  1
 135  13  1
 150  13  1
 159  13  1
  90  14  1
 140  14  1
 182  14  1
 183  14  1
 188  14  1
 189  14  1
 197  14  1
 204  14  1
 205  14  1
 221  14  1
 111  15  1
 178  15  2
 106  16  1
 162  16  1
  81  17  1
 132  17  2
 153  17  1
 154  17  1
 211  17  2
 212  17  2
 225  17  1
  78  18  1
 102  19  2
 162  19  1
 136  20  2
 168  20  1
 229  20  1
  88  21  1
  89  21  1
  94  21  2
  95  21  2
 107  21  1
 154  21  1
 111  22  1
 119  22  1
  63  23  1
  64  23  1
  81  23  1
  82  23  1
  98  23  2
 114  24  2
 133  24  2
 165  24  1
 166  24  1
 170  24  1
 184  24  1
  61  25  1
  90  25  1
  59  26  1
  72  26  1
 139  26  2
 147  26  2
 175  26  2
 176  26  2
  78  27  1
  79  27  1
  88  27  1
  93  27  1
  94  27  1
 105  27  2
 106  27  2
 227  27  2
  57  28  1
  55  29  1
 120  29  1
  89  30  1
 167  30  1
 168  30  1
 240  30  1
  52  31  1
  66  31  1
  74  31  1
 113  31  2
  95  32  1
 135  32  2
 136  32  2
 140  32  2
 168  32  1
 174  32  2
 193  32  1
 189  33  1
 197  33  1
 207  33  1
  60  34  1
 100  34  2
 101  34  2
 143  34  2
 147  34  2
 179  34  1
 200  34  1
 244  34  1
  46  35  1
  74  35  1
  75  35  1
 115  35  2
 191  35  1
  83  36  1
  87  36  1
 183  36  1
 184  36  1
 211  36  2
 212  36  2
  42  37  1
  58  37  3
  60  37  1
  94  37  1
  95  37  1
 125  37  1
 126  37  1
 162  37  1
 205  37  3
 206  37  3
 207  37  2
 233  37  2
 246  37  1
  52  38  1
 157  38  1
 219  38  2
 220  38  2
  39  39  1
  65  39  1
 248  39  1
  89  40  1
 191  40  2
  47  41  1
  85  41  1
 121  41  1
 122  41  1
 155  41  1
 183  41  1
 184  41  1
 210  41  2
  37  42  1
  94  42  1
 201  42  2
 234  42  2
  86  43  1
 149  43  1
  81  44  1
 122  44  1
 123  44  1
 128  44  1
 129  44  1
 135  44  3
  87  45  1
  88  45  1
 238  45  2
  34  46  1
  72  46  1
  77  46  1
 108  46  1
 113  46  2
 148  46  1
 154  46  2
 168  46  1
 169  46  1
 184  46  1
  50  47  1
 177  47  1
 206  47  2
 207  47  2
 245  47  1
  79  48  1
 165  48  1
 166  48  1
 256  48  1
  32  49  1
  73  49  1
 153  49  2
 206  49  2
 207  49  2
  75  50  1
 105  50  2
 192  50  2
 198  50  2
  46  51  1
  56  51  1
  88  51  1
 144  51  1
 172  51  1
 205  51  2
 259  52  1
  84  53  1
  85  53  1
  86  53  1
  39  54  2
  40  54  2
  78  54  1
  80  54  1
  46  55  1
 112  55  1
 145  55  1
 164  55  1
 181  55  2
  26  56  1
  65  56  2
  70  56  1
 125  56  1
 135  56  1
 136  56  1
 191  56  3
  33  57  2
  53  57  1
  55  57  1
  77  57  1
 108  57  1
 141  57  1
  36  58  2
  43  58  2
  44  58  2
  51  58  1
 121  58  2
 129  58  1
 158  58  1
 263  58  1
 264  58  1
  83  59  2
 148  59  1
 149  59  1
  49  60  2
 133  60  1
 243  60  1
 244  60  1
  65  61  2
 115  61  2
 170  61  1
 171  61  1
 227  61  2
  29  62  1
  30  62  1
  39  62  2
  40  62  2
  69  62  2
 108  62  1
 127  62  2
  60  63  2
 111  63  1
 119  63  2
 168  63  1
  32  64  1
 227  64  2
 228  64  2
 268  64  1
  19  65  1
  52  65  2
 122  65  2
 123  65  2
 165  65  1
 239  65  1
  34  66  1
  35  66  1
  58  66  2
  63  66  2
 103  66  1
 130  66  2
 228  66  2
 118  67  2
 144  67  1
 154  67  1
 210  67  2
 211  67  2
 263  67  1
  90  68  2
  54  69  2
  68  69  2
 113  69  2
 122  69  2
 123  69  2
 137  69  1
 161  69  1
 176  69  2
  42  70  2
  43  70  2
 106  70  2
 127  70  2
 132  70  1
 166  70  2
 241  70  1
 242  70  1
 262  70  1
 269  70  1
  13  71  1
 150  71  1
  51  72  2
  72  72  2
  98  72  2
 138  72  1
 144  72  1
 158  72  1
 169  72  2
 173  72  2
 186  72  1
 271  72  1
  93  73  2
 154  73  1
  59  74  2
  79  74  2
 194  74  1
 259  74  1
 265  74  1
  42  75  2
  43  75  2
 241  75  1
 242  75  1
  80  76  2
  86  76  2
 259  76  1
 274  76  1
   9  77  1
  10  77  1
  22  77  2
 120  77  1
 192  77  1
 247  77  1
 263  77  1
 129  78  1
 130  78  1
 184  78  1
 219  78  1
 220  78  1
  41  79  2
  42  79  2
 178  79  1
 255  79  1
  31  80  2
 122  80  1
 222  80  1
  14  81  1
 229  81  1
 255  81  1
 267  81  1
 174  82  1
 249  82  1
  98  83  2
  99  83  2
 104  83  2
 170  83  1
 171  83  1
 195  84  1
 196  84  1
 260  84  1
 261  84  1
 279  84  1
  22  85  1
  41  85  2
  46  85  2
 105  85  2
 107  85  3
 167  85  1
 235  85  1
 252  85  1
  12  86  1
 120  86  1
 240  86  1
 258  86  1
 194  87  1
 195  87  1
 209  87  1
   6  88  1
   7  88  1
 114  88  1
 162  88  1
 220  88  2
 246  88  1
 247  88  1
 103  89  2
 104  89  2
 105  89  2
 264  89  2
  35  90  3
  39  90  2
  88  90  2
 116  90  1
 160  90  1
 219  90  2
 268  90  2
  65  91  2
  70  91  2
 193  91  1
 194  91  1
 208  91  1
  12  92  1
  43  92  1
  44  92  1
 281  92  1
 282  92  1
  92  93  2
 156  93  1
  34  94  1
  96  94  2
 126  94  1
  82  95  1
 102  95  2
 118  95  2
 189  95  1
 190  95  1
 268  95  2
 276  95  2
  16  96  1
  96  96  3
 216  96  2
 217  96  2
 229  96  2
  61  97  2
 153  97  1
 247  97  2
 209  98  1
 226  98  2
  68  99  2
 140  99  1
 187  99  1
 266  99  2
 267  99  2
 131 100  1
 134 100  1
 135 100  1
 138 100  1
 207 100  1
 219 100  2
 234 100  2
 277 100  2
  74 101  1
  77 101  1
  78 101  1
  79 101  1
 214 101  2
 215 101  2
 244 101  2
 271 101  2
 272 101  2
 274 101  5
 125 102  1
 185 102  1
  65 103  2
 147 103  1
 148 103  1
 230 103  3
 232 103  2
 239 103  2
 240 103  2
 248 103  2
 250 103  2
 252 103  2
 123 104  1
 256 104  2
 262 104  2
  99 105  1
 115 105  1
 276 105  2
 277 105  2
  24 106  2
 132 106  1
 153 106  1
 244 106  2
 246 106  2
 259 106  2
 265 106  2
 266 106  2
  65 107  2
  83 107  1
 134 107  1
 253 107  2
  13 108  1
  24 108  2
 146 108  2
 206 108  1
 277 108  2
   7 109  1
  65 109  2
  76 109  2
 235 109  2
  83 111  1
 176 111  1
 251 111  2
 252 111  2
 266 111  2
 268 111  2
  22 112  1
  68 112  2
 139 112  2
  11 113  1
 152 113  3
 174 113  1
 252 113  3
 135 115  2
 136 115  2
 137 115  2
 144 115  1
 200 115  2
 269 115  2
   9 116  1
  71 116  2
  72 116  2
  73 116  2
  77 116  1
 129 116  2
 271 116  2
  53 117  1
 279 117  1
 280 117  1
 171 118  1
 172 118  1
  43 119  1
  90 119  1
 138 119  2
   8 120  2
  77 120  1
  97 121  1
  99 121  1
  52 122  1
  84 122  1
  39 123  1
 107 123  1
 146 123  1
 147 123  1
 163 123  1
 164 123  1
 165 123  1
  66 124  1
  86 124  1
 159 124  1
 187 124  1
 217 124  1
 218 124  1
 245 124  3
 272 124  1
   2 125  1
   3 125  1
  35 125  1
  72 125  1
 139 125  1
  23 126  1
 141 126  1
 142 126  1
 269 126  1
   3 127  1
  12 127  1
  29 127  1
  30 127  1
  53 127  1
  64 127  1
  79 127  1
 100 127  1
 110 127  1
 182 127  1
 192 127  1
 279 127  1
 280 127  1
  16 128  1
  40 128  1
  41 128  1
  46 128  1
  58 128  1
  59 128  1
  69 128  1
  90 128  1
  91 128  1
  96 128  1
  98 128  1
 156 128  1
 174 128  2
 186 128  1
 218 128  1
 249 128  1
 250 128  1
   3 129  1
   4 129  1
  20 129  1
 191 129  1
 212 129  1
 213 129  1
 263 129  1
  46 130  1
  10 131  1
 193 131  3
 239 131  1
  20 132  1
  21 132  1
  32 132  1
 120 132  1
 150 132  1
 171 132  1
 204 132  1
 225 132  1
  52 133  1
  61 133  1
 177 133  1
 186 133  1
 187 133  1
 192 133  1
 258 133  1
 259 133  1
 265 133  1
  55 134  1
  59 134  1
 247 134  1
 268 134  1
  13 135  1
  27 135  1
  35 135  1
  40 135  1
  78 135  1
 166 135  1
  22 136  1
  96 137  1
 107 138  2
 131 138  2
 132 138  2
 136 138  2
 215 138  1
 246 138  1
 247 138  1
   1 139  1
   7 139  2
   9 139  2
  86 139  1
  90 139  1
  91 139  1
 202 139  2
 273 139  1
 274 139  1
  73 140  2
  74 140  2
 171 140  1
 197 140  1
  26 141  1
  55 141  2
 164 141  1
 220 141  1
 222 141  1
 177 142  1
  26 143  1
  27 143  1
  52 143  2
  53 143  2
  81 143  1
  82 143  1
 167 143  1
 173 143  1
 205 143  2
  10 144  1
 219 144  1
 244 144  1
 248 144  1
  91 145  1
  92 145  1
  25 146  1
  78 146  1
 105 146  2
 178 146  1
 197 146  1
 262 146  2
  15 147  1
  16 147  1
  73 147  1
   5 148  1
   6 148  1
  99 148  2
 122 148  2
 175 148  1
 176 148  1
  32 149  1
  49 149  2
  65 149  2
  93 149  2
 200 149  1
   1 150  1
 116 150  2
  13 151  1
  75 151  1
  92 151  2
 242 151  1
 248 151  1
 264 151  2
  69 152  1
  70 152  1
  81 152  1
 182 152  1
  40 153  1
 131 153  1
 250 153  1
 270 153  2
  15 154  1
  77 154  1
 176 154  1
   3 155  1
 133 155  1
 268 157  2
 274 157  2
 281 157  1
 282 157  1
  18 158  1
  26 158  1
  49 158  1
  84 158  1
 226 158  2
 250 158  1
   5 159  1
  11 159  1
  32 159  1
  33 159  1
  34 159  1
 187 159  1
 236 159  2
 129 160  1
 136 160  1
 242 160  1
 260 160  1
  36 161  1
   7 162  1
  44 162  1
  74 162  1
  85 162  1
 138 162  1
 228 162  2
 232 162  2
 254 162  1
 280 162  1
 281 162  1
 142 163  1
 213 163  1
 224 163  2
  21 164  1
  41 164  1
  70 164  1
  84 164  1
  85 164  1
 217 164  1
 261 164  1
 146 165  1
 148 165  1
 192 165  1
 279 165  1
 280 165  1
  32 166  1
  41 166  1
 151 166  1
 237 166  2
 239 166  2
 261 166  1
  68 167  1
 154 167  1
 183 167  2
 184 167  2
 209 167  1
 235 167  2
  16 168  1
  17 168  1
  24 168  1
  47 168  2
  48 168  2
  52 168  3
 194 168  1
 244 168  1
  11 169  1
  83 169  1
 177 169  1
 266 169  1
 268 169  1
  22 170  1
  74 170  1
 241 170  1
 253 170  1
 277 170  1
 278 170  1
 161 171  1
 163 171  1
 211 171  1
 236 171  1
 255 171  1
  79 172  1
 224 172  1
 234 172  1
 246 172  1
  18 173  1
  19 173  1
 222 173  1
 232 173  1
 261 173  1
  90 174  3
 177 174  1
 180 174  1
 181 174  1
 213 174  1
  47 175  2
  48 175  2
  73 175  1
 218 175  1
 275 175  1
 276 175  1
  52 176  2
  53 176  2
  56 176  2
  57 176  2
 257 176  1
 262 176  1
 193 177  1
 241 177  1
 266 177  1
  38 179  2
  55 179  1
 236 179  1
  14 180  1
  15 180  1
  22 181  2
  26 182  2
 175 182  2
 181 182  2
 230 182  1
  44 183  2
  50 183  2
 270 183  1
  54 184  1
  55 184  1
 226 185  1
 184 186  2
 248 186  1
 252 186  1
 188 187  2
  33 188  2
  40 188  2
  60 188  1
  61 188  1
 237 188  2
 238 188  1
 255 188  1
 260 188  1
  17 189  1
 167 190  1
 168 190  1
 240 190  1
 241 190  1
 247 190  1
 175 191  1
 189 191  2
  20 192  1
  45 192  2
  63 192  1
 172 192  1
  34 193  2
  58 193  1
 234 193  1
 235 193  1
 251 193  1
 265 193  1
 181 194  1
 183 194  1
 237 194  1
 239 194  1
  82 195  1
  83 195  1
 231 195  1
 232 195  1
  87 196  1
 192 196  1
 201 196  2
  53 197  1
  55 197  1
  78 197  1
 103 197  1
 104 197  1
 114 197  1
 140 197  2
 151 197  2
 153 197  2
 245 197  1
  36 198  2
  65 198  1
 136 198  2
 247 198  1
 249 198  1
  54 199  1
  55 199  1
  89 199  1
 164 199  2
 194 199  1
 195 199  1
  46 200  2
  85 200  1
  96 200  1
 148 200  2
 171 200  1
  76 201  1
 111 201  1
 160 201  2
 169 201  1
 214 201  1
 251 201  1
  50 202  2
  71 202  1
  83 202  1
  99 202  1
 133 202  2
 151 202  2
 210 202  1
 222 202  2
 138 203  2
 170 203  1
  67 205  1
 105 205  1
 168 205  1
 169 205  1
 170 205  1
 185 205  3
  50 206  1
  53 206  1
 219 206  2
  61 207  1
  62 207  1
  67 207  1
 112 207  1
 113 207  1
 150 207  2
 231 207  2
 236 207  2
  36 208  1
  55 208  1
 210 208  2
 101 209  1
 239 209  2
  38 210  1
 126 210  2
 168 210  2
  44 211  1
  72 211  1
 145 211  2
 239 211  2
 250 211  2
 203 212  1
  70 213  1
  97 213  1
 180 213  1
  54 214  1
 165 214  2
 166 214  2
  71 215  1
  77 215  1
 181 215  1
  48 216  1
  63 216  1
 106 216  1
 136 216  2
 163 216  2
 206 216  1
  85 217  1
  86 217  1
 200 217  1
 236 217  2
  50 218  1
  60 218  1
  74 218  1
 136 218  2
 161 218  2
 162 218  2
 183 218  1
 254 218  1
  68 219  1
  98 219  1
 148 219  2
 209 219  2
 102 220  1
 140 220  2
  66 221  1
 150 221  2
  85 222  1
 110 222  1
 111 222  1
 161 222  2
 162 222  2
 189 222  1
 215 222  2
 251 222  1
  66 223  1
  74 223  1
  89 223  1
 126 223  1
 180 223  2
 191 223  1
 121 224  1
 243 224  2
  65 225  1
 134 225  1
 140 225  1
 193 225  1
 240 225  2
  57 226  1
  77 226  1
  86 226  1
  99 226  1
 105 226  1
 248 226  1
  81 227  1
 115 227  1
 150 227  2
 185 227  2
  58 228  1
 103 228  1
 108 228  1
 109 228  1
 131 228  1
 143 228  1
 160 228  2
 187 228  2
  60 229  1
  81 229  1
 191 229  2
  71 230  1
  76 230  1
  86 230  1
 168 230  2
 200 231  2
 204 231  2
 113 232  1
 120 232  1
 156 232  1
 186 232  1
 187 232  1
  83 233  1
  84 233  1
  92 233  1
  78 234  1
 111 234  1
 116 234  1
 240 234  1
  70 235  1
 130 236  1
 131 236  1
 136 236  1
 146 236  1
 195 236  1
  86 238  1
 121 238  1
 143 238  1
 198 238  2
  77 239  1
  98 239  1
 107 239  1
 119 239  1
 129 239  1
 233 239  1
 177 240  2
 209 240  2
 210 240  2
  92 241  1
 113 241  1
 125 241  2
 130 241  1
 135 241  1
 154 241  1
 230 241  1
 179 242  2
  87 243  1
 113 243  1
 195 243  2
 204 243  1
 227 243  1
  89 244  1
 118 244  1
 142 244  1
 146 244  1
 152 244  1
 133 245  1
 138 245  1
 225 245  1
 208 246  1
  94 247  1
 126 247  1
 127 247  1
 176 247  2
 177 247  2
 105 248  1
 199 248  2
 204 248  1
 115 249  1
 140 249  1
 191 249  2
 170 250  2
 187 250  1
 214 250  1
 215 250  1
 216 250  1
 120 251  1
 150 251  1
 177 251  2
 207 252  1
 125 253  1
 205 253  1
 199 254  1
 159 257  1
 164 257  1
 165 257  1


count = 1116