 133   1  1
 135   1  1
 136   1  1
 155   1  1
 173   1  1
 174   1  1
 177   1  1
 185   1  1
 116   5  1
 113   6  1
 137   6  1
 111   7  1
 152   7  1
 173   7  1
 132   8  1
 162   9  1
 184   9  2
 185   9  2
 145  10  1
 154  11  1
 160  11  1
  95  12  1
 119  12  1
 146  12  1
 205  12  1
 117  13  1
 157  13  1
 158  13  1
 173  13  1
 199  13  1
 200  13  1
  93  14  1
 114  14  1
 133  14  1
 134  14  1
 147  14  1
 163  14  1
 221  14  1
 110  15  1
 111  15  1
 175  15  1
  81  16  1
 169  16  1
 198  16  1
 199  16  1
 209  16  2
 226  16  1
 101  17  1
 129  17  1
 163  18  1
 131  19  1
 135  19  1
 153  19  1
 169  19  1
 170  19  1
 178  19  1
 231  19  1
  75  20  1
 113  20  1
 114  20  1
 198  21  1
 215  21  1
 222  21  1
  71  22  1
  97  22  1
 162  22  1
 163  22  1
 206  22  1
 207  22  1
 138  23  1
 222  23  1
 236  23  1
 214  24  1
 215  24  1
 238  24  1
 134  25  1
 149  25  1
 180  25  1
 181  25  1
 199  25  2
 226  25  1
  62  26  1
 144  26  1
 206  26  1
 207  26  1
 240  26  1
  81  27  1
 192  27  2
 193  27  2
 212  27  1
  59  28  1
  60  28  1
  85  28  1
 105  28  1
 106  28  1
 136  28  1
 151  28  1
 156  28  1
  55  29  1
  78  29  1
  93  29  1
  96  29  1
  97  29  1
 244  29  1
 139  30  1
 197  30  2
 199  30  2
 201  30  2
 217  30  1
 219  30  1
  76  31  1
 106  31  1
 147  31  1
 153  31  1
 225  31  1
 226  31  1
  74  32  1
 102  32  1
 141  32  1
 142  32  1
 173  32  1
 174  32  1
 206  32  1
 109  33  1
 113  33  1
 148  33  1
 238  33  1
 249  33  1
  46  34  1
  92  34  1
 142  34  1
 230  34  1
  70  35  1
  71  35  1
  99  35  1
 148  35  1
 174  35  1
 175  35  1
 213  35  2
 101  36  1
 102  36  1
 115  36  1
 142  36  1
 231  36  1
 148  37  1
 156  37  1
 243  37  1
  86  38  1
 136  38  2
 175  38  1
 176  38  1
 156  39  1
 203  39  2
  39  40  1
  92  40  1
  93  40  1
 150  40  1
 151  40  1
  68  41  1
 104  41  1
 105  41  1
 156  41  1
 157  41  1
 241  41  1
  36  42  1
 111  42  1
 112  42  1
 119  42  1
  93  43  1
  94  43  1
  34  44  1
 182  44  1
 234  44  1
 113  45  1
 114  45  1
 239  45  1
  54  46  1
  86  46  1
 140  46  2
 143  46  2
 144  46  2
 145  46  1
 151  46  1
 152  46  1
 157  46  1
 158  46  1
 262  46  1
  63  47  1
  64  47  1
  89  48  1
 109  48  1
 127  48  2
 146  48  1
 147  48  1
 264  48  1
  50  49  1
 217  49  2
 225  49  2
 236  49  1
  28  50  1
  93  50  1
 157  50  1
  58  51  1
 152  51  1
 232  51  2
 255  51  2
 266  51  1
  26  52  1
 120  52  1
 121  52  1
 141  52  2
 143  52  2
 148  52  1
 149  52  1
 179  52  1
 187  52  1
  84  53  2
  85  53  2
 139  53  2
 156  53  1
 258  53  2
  56  54  1
 111  54  1
 134  54  2
 217  54  2
 222  54  2
  40  55  1
  49  55  1
 162  55  1
 163  55  1
 178  55  1
 211  55  2
 227  55  2
 269  55  1
 240  56  2
  84  57  2
 112  57  1
 113  57  1
 141  57  2
 143  57  2
 148  57  2
 249  57  2
 115  58  1
 138  58  2
 147  59  2
 153  59  2
 157  59  2
 247  59  2
  19  60  1
 263  60  1
 271  60  1
  53  61  1
  36  62  1
  40  62  1
 107  62  1
 113  62  1
  58  63  1
 153  63  2
  31  64  1
  45  64  1
 114  64  1
 141  64  2
  15  65  1
  29  65  1
 139  65  2
 275  65  1
  26  67  1
  61  68  1
 254  68  1
 265  68  1
 266  68  1
  13  69  1
 135  69  2
 248  69  1
 249  69  1
  64  70  1
  68  70  1
 148  71  2
 265  71  1
  11  72  1
  20  72  1
  70  72  1
 119  72  2
 144  72  2
 154  72  2
 245  72  1
 270  72  1
 111  73  2
 112  73  2
 161  73  2
 256  73  1
   9  74  1
 156  75  2
 251  75  1
 252  75  1
 265  75  1
   8  76  1
 150  76  4
 239  76  1
 243  76  1
 278  76  1
 279  76  1
  18  77  1
  19  77  1
  79  77  2
 136  77  2
 152  77  2
 263  77  1
   6  78  1
  23  78  2
  68  78  1
  25  79  2
  32  79  2
 114  79  2
 116  79  2
 132  79  2
 148  79  2
  13  80  1
  74  80  2
 152  80  2
 172  80  2
 245  80  1
  31  81  2
 237  81  1
 267  81  2
  36  82  2
 150  82  2
 151  82  2
 152  82  2
 166  82  2
 261  82  1
 252  83  1
 254  83  1
 267  83  2
 117  84  2
  13  85  1
  41  85  1
  42  85  1
  53  85  2
  54  85  2
 127  85  2
 128  85  2
 272  85  2
 273  85  2
 274  85  2
  30  86  1
  60  86  2
 281  86  1
 282  86  1
  40  88  1
 114  88  2
 133  88  2
 166  88  2
 167  88  2
 273  89  2
 274  89  2
  36  90  1
  52  91  2
 188  91  1
 165  92  2
  12  94  1
  39  94  2
 194  94  1
 187  95  1
 168  96  2
 183  96  1
 172  97  1
 177  97  1
   7  98  1
  10  98  1
  26  98  2
 195  98  1
 255  98  1
 261  98  1
   1  99  1
  20  99  2
 188  99  1
  15 100  1
 193 100  1
 176 101  1
 264 101  1
 168 102  1
 159 103  1
 160 103  1
 266 103  1
 254 104  1
   8 105  1
 147 105  1
 156 105  1
 157 105  1
 182 106  1
 187 106  1
 257 106  1
 270 106  1
  29 107  1
  33 107  1
 144 107  1
 145 107  1
  21 108  2
 110 108  1
 140 108  1
 261 108  1
 262 108  1
 122 109  1
 124 109  1
 136 109  1
 138 109  1
  27 110  1
  28 110  1
  71 110  2
  73 110  2
  16 111  2
  53 112  2
 267 112  1
 128 113  2
 170 113  1
 211 113  2
 265 113  1
  67 114  2
 221 114  2
 236 114  2
   6 115  1
  15 115  2
  88 115  2
 168 115  1
 169 115  1
 207 115  2
  24 116  1
  31 116  1
  51 116  2
  82 116  2
  83 116  2
 139 116  2
 261 116  1
 270 116  1
  44 117  2
  45 117  2
  77 117  2
  24 118  1
 200 118  2
 211 118  2
  76 119  2
  77 119  2
 145 119  2
 165 119  1
 177 119  2
 276 119  1
   1 120  1
   6 120  1
  10 120  1
  19 120  1
  20 120  1
  91 120  2
 220 120  2
 260 120  1
 261 120  1
 267 120  1
 150 121  1
 151 121  1
 274 121  1
  16 122  1
  80 122  1
 131 122  2
 180 122  2
  86 123  1
 151 123  1
 225 123  2
  37 124  2
  53 124  1
  57 124  1
 133 124  2
 191 124  2
 262 124  1
  41 125  2
  88 125  1
  89 125  1
  50 126  1
  51 126  1
  77 126  1
 137 126  2
 216 126  2
 265 126  1
   8 127  1
   9 127  1
  41 127  2
  61 127  1
 118 127  2
 119 127  2
 125 127  2
 151 127  1
 172 127  2
 173 127  2
   2 128  1
  37 128  2
 127 128  2
 135 128  2
 177 128  2
 178 128  2
 187 128  2
 267 128  1
 268 128  1
 277 128  1
  23 129  2
  62 129  1
 169 129  2
 223 129  1
 270 129  1
  82 130  1
 140 130  1
 141 130  1
 195 130  2
 196 130  2
   5 131  1
 107 131  2
 108 131  2
 124 131  2
 148 131  1
  73 132  1
  92 132  2
  94 132  2
 153 132  1
 197 132  2
 225 132  1
 226 132  1
 274 132  1
   6 133  1
  37 133  2
  39 133  2
 137 133  1
 138 133  1
 173 133  2
 205 133  2
  53 134  1
 102 134  2
 154 134  1
 244 134  1
   8 136  1
   9 136  1
  22 136  1
 271 136  1
 133 137  2
  32 138  1
  47 138  1
  79 138  1
  80 138  1
 169 138  1
 175 138  1
 176 138  1
 198 138  2
  36 139  1
  37 139  1
  93 139  1
  95 139  1
 163 139  1
 231 139  1
 245 139  1
  61 140  1
  86 140  1
 102 140  1
 161 140  1
 174 140  1
 175 140  1
 195 140  2
 217 140  2
 218 140  1
  20 141  1
  47 141  1
  69 141  1
  39 142  1
 132 142  1
 142 142  1
 198 142  1
  74 143  1
 138 143  1
 145 143  1
 154 143  1
  84 144  1
  85 144  1
 107 144  1
 123 144  1
 150 144  1
 152 144  1
 201 144  1
  69 145  1
  81 145  1
 163 145  1
 177 145  1
 209 145  1
 213 145  1
 219 145  1
 231 145  1
 232 145  1
 266 145  1
   7 146  1
  22 146  1
  51 146  1
 159 146  1
 161 146  1
  44 147  1
 134 147  1
 157 147  1
 180 147  1
   5 148  1
  28 148  1
  84 148  1
 169 148  1
 188 148  1
 238 148  1
  11 149  1
 120 149  1
 171 149  1
 198 149  2
 201 149  2
  19 150  1
 192 150  1
 194 150  1
 259 150  1
 270 150  1
  55 151  2
  89 151  1
 129 151  1
 130 151  1
 131 151  1
 231 151  1
 251 151  3
 253 151  1
 254 151  1
 186 152  1
 236 152  1
  92 153  1
  97 153  2
 131 153  1
 221 153  2
 222 153  2
 262 153  1
  10 154  1
  11 154  1
  16 154  1
 248 154  1
   5 155  1
   6 155  1
 125 155  1
 237 155  1
 252 155  1
  41 156  2
 278 156  1
  25 157  2
  96 157  1
  97 157  1
  21 158  2
  99 158  1
 101 158  1
 121 158  2
  85 159  2
 212 159  1
 213 159  1
 234 159  1
 245 159  1
 249 159  1
  99 160  1
 236 160  1
  18 161  2
 130 161  2
 239 161  1
 240 161  1
 185 162  1
 274 162  1
 275 162  1
  27 163  2
  28 163  2
 104 163  1
 181 163  1
  33 164  1
  82 164  2
  90 164  2
  92 164  2
 108 164  1
   8 165  1
  13 165  1
  16 165  1
  21 165  1
  64 165  2
 207 165  1
 224 165  1
  24 166  1
  25 166  1
  30 166  1
 211 166  1
  18 167  1
  99 167  1
 232 167  1
 267 167  1
  89 168  2
  90 168  2
 108 168  1
 132 168  2
 144 168  2
 221 168  1
  94 169  2
 103 169  1
 197 169  3
 272 169  1
 273 169  1
  25 170  1
  26 170  1
  37 170  1
 125 170  4
 126 170  2
 127 170  2
 181 170  1
 205 170  1
 235 170  1
 239 170  1
 240 170  1
 248 170  1
 257 170  1
  18 171  1
 264 171  1
  63 172  2
  64 172  2
 182 172  1
 191 172  1
 234 172  1
  96 173  2
 208 173  1
 216 173  1
 229 173  1
 246 173  1
  88 174  2
 192 174  1
  99 175  1
 100 175  1
 196 175  1
 250 175  1
  22 176  1
  23 176  1
  30 176  1
  51 176  1
  88 176  2
 187 176  1
 240 176  1
 257 176  1
 115 177  2
 121 177  2
 234 177  1
  16 178  1
  28 178  1
  62 178  1
  74 178  2
  91 178  2
 190 178  1
 191 178  1
 263 178  1
 175 179  2
 176 179  2
 241 179  1
 247 179  1
  18 180  1
 113 180  2
 134 180  2
 135 180  2
 195 180  1
 196 180  1
 225 180  1
  65 181  1
  66 181  1
  71 181  2
  28 182  1
  48 182  1
  53 182  1
  89 182  2
 186 182  2
 187 182  2
 211 182  1
  72 183  2
 129 183  3
 130 183  2
 131 183  2
  42 184  1
  64 184  1
 244 185  1
 246 185  1
 251 185  1
  23 186  1
 224 186  1
 236 186  1
  45 187  1
  64 187  1
  72 187  2
 187 187  2
 188 187  2
 255 187  1
 256 187  1
  25 188  1
 171 188  2
 218 188  1
 239 188  1
  50 189  1
 200 189  2
 244 189  1
 258 189  1
  66 190  1
  93 191  2
 130 191  2
 170 191  2
 261 191  1
  49 192  1
 224 192  1
 246 192  1
 247 192  1
 248 192  1
 170 193  2
 206 193  2
 229 193  1
 263 193  1
  42 194  2
  95 194  2
  97 194  2
  99 194  2
 145 194  1
 222 194  1
  31 195  1
 136 195  1
 229 195  1
  48 196  1
  49 196  1
  89 196  1
 178 196  2
 179 196  2
 190 196  2
 197 196  2
  33 197  1
 117 197  2
 130 197  1
 135 197  1
 151 197  1
 244 197  1
  87 198  1
 229 198  1
 230 198  1
  35 199  1
 212 199  1
 213 199  1
 236 199  1
 260 199  1
  91 200  2
 136 200  1
 249 200  1
 250 200  1
  38 201  1
  87 201  2
  98 201  2
  99 201  2
 115 201  2
 124 201  1
 166 201  2
 171 201  2
 172 201  2
 182 201  2
 193 201  2
 194 201  2
 219 201  1
 243 201  1
  81 202  1
 157 202  2
  40 203  1
  87 203  2
 266 203  1
  78 204  1
 104 204  2
 249 204  1
  43 205  1
  44 205  1
  92 205  2
 123 205  1
 124 205  1
 137 205  1
 139 205  1
 180 205  2
  85 206  2
  47 207  1
  75 207  1
  81 207  2
 118 207  2
 129 207  2
 241 207  2
 116 208  2
 185 208  1
 191 208  2
 232 208  1
 233 208  1
  50 209  1
  74 209  1
 168 209  1
 222 209  1
 246 209  2
  86 210  2
  87 210  2
 159 210  1
 229 210  1
 235 210  1
 262 210  1
 201 211  1
 205 211  1
 157 212  1
 192 212  1
 238 212  1
 239 212  1
  55 213  1
  65 213  1
  71 213  1
 127 213  1
 128 213  1
 132 213  1
 149 213  2
 150 213  2
 210 213  1
 219 213  1
 220 213  1
 245 213  2
 251 213  2
 120 214  2
 121 214  2
 138 214  1
 182 214  1
 260 214  1
  57 215  1
 172 215  1
 232 215  1
  59 216  1
  79 216  2
 258 216  1
  95 217  2
 119 217  2
 143 217  2
 144 217  2
 197 217  1
  61 218  1
 136 218  1
 161 218  1
 162 218  1
  63 219  1
  85 219  2
 134 220  1
 152 220  1
 153 220  1
  65 221  1
 158 221  1
 165 221  1
 166 221  1
 207 221  1
 225 221  1
 226 221  1
 237 221  1
 254 221  1
 202 222  1
 229 222  1
 252 223  1
 156 224  1
 235 224  1
 178 225  1
 192 225  1
  84 226  1
 127 226  1
 164 226  1
 208 226  1
  92 227  2
 161 227  1
 162 227  1
  96 229  2
 125 229  1
 167 229  1
 168 229  1
 149 230  1
 150 230  1
 123 231  1
 175 231  1
 215 231  1
  77 232  1
 140 232  2
 187 232  1
 188 232  1
 103 233  2
 209 233  1
 218 233  1
  80 234  1
  81 234  1
 220 234  1
  84 235  1
 156 235  1
 231 235  1
 232 235  1
 192 236  2
 193 236  2
 239 236  1
 147 237  1
 224 237  1
  89 238  1
 115 238  1
 186 238  1
 226 238  1
 237 238  1
 160 239  2
 235 239  1
 130 240  1
 151 240  1
 185 240  1
  95 241  1
  97 241  1
 201 241  2
 215 242  1
 149 243  1
 200 243  2
 140 244  1
 196 244  2
 207 244  2
 208 244  2
 226 244  1
 153 245  2
 154 245  2
 186 245  1
 187 245  1
 169 246  2
 172 246  2
 224 246  1
 130 247  1
 132 247  1
 145 248  1
 146 248  1
 158 248  2
 164 248  2
 204 248  2
 198 249  2
 137 250  1
 139 250  1
 218 250  1
 213 251  1
 144 252  1
 187 252  1
 208 253  1
 210 253  1
 150 254  1
 205 254  1
 152 255  1
 154 255  1
 203 255  1
 170 256  1
 193 257  1


count = 1048